-6.241369724273681641e+00 2.903631031513214111e-01 -1.422713041305541992e+00 9.517960250377655029e-02 1.615892171859741211e+00 -4.513505935668945312e+00 -1.711535215377807617e+00 2.289400100708007812e+00 4.506906986236572266e+00 -6.863767504692077637e-01 1.659707307815551758e+00 2.632720947265625000e+00 2.518810749053955078e+00 -3.715218067169189453e+00 3.706510663032531738e-01
-5.676628589630126953e+00 -1.968960642814636230e+00 -4.020945429801940918e-01 -5.749173462390899658e-02 2.214916467666625977e+00 1.587240397930145264e-01 3.080655097961425781e+00 2.483572363853454590e-01 -2.978760302066802979e-01 4.016120910644531250e+00 -1.335099935531616211e+00 -6.861098408699035645e-01 2.982991456985473633e+00 -3.477531909942626953e+00 -1.921396136283874512e+00
-6.317531466484069824e-01 1.474946141242980957e+00 4.078179001808166504e-01 -3.544217824935913086e+00 5.445274829864501953e+00 -6.751543283462524414e-01 -1.192462682723999023e+00 -6.404429674148559570e-02 1.819123506546020508e+00 2.671241998672485352e+00 -2.657590389251708984e+00 9.859059453010559082e-01 -2.959079742431640625e-01 -6.854098320007324219e+00 4.375782608985900879e-01
-7.355794429779052734e+00 4.610166549682617188e+00 1.505313277244567871e+00 4.648932814598083496e-01 4.473459720611572266e+00 -6.437050342559814453e+00 2.242104291915893555e+00 4.087334871292114258e-02 -6.030140519142150879e-01 1.332318663597106934e+00 1.091729044914245605e+00 4.768805980682373047e+00 -2.369477987289428711e+00 -2.176440954208374023e+00 3.237778902053833008e+00
-2.814425945281982422e+00 2.061847597360610962e-01 5.670948982238769531e+00 -1.670890927314758301e+00 2.537020206451416016e+00 8.966393470764160156e-01 -6.586088538169860840e-01 5.913606286048889160e-01 1.159769948571920395e-03 -1.394633650779724121e+00 4.981163978576660156e+00 4.674404621124267578e+00 1.053266525268554688e+00 -7.371850967407226562e+00 3.331960916519165039e+00
-3.313209295272827148e+00 1.023272156715393066e+00 1.245149895548820496e-01 -2.882202863693237305e+00 3.586690425872802734e+00 -1.735085844993591309e+00 -2.219216585159301758e+00 9.060010910034179688e-01 1.957054734230041504e+00 1.629428505897521973e+00 -2.054997205734252930e+00 1.656075477600097656e+00 1.825233697891235352e-01 -6.533157348632812500e+00 -2.037479430437088013e-01
-6.156072139739990234e+00 -7.124541401863098145e-01 4.449777603149414062e+00 -4.081174731254577637e-01 3.698573827743530273e+00 1.371445059776306152e+00 1.721682846546173096e-01 3.858153820037841797e+00 -1.615911245346069336e+00 2.972552776336669922e+00 7.592676877975463867e-01 -2.120439767837524414e+00 -5.524343252182006836e-01 -3.345386028289794922e+00 5.813632011413574219e+00
-1.514538168907165527e+00 2.065612554550170898e+00 1.142945170402526855e+00 -3.605870246887207031e+00 3.446141242980957031e+00 -3.869962394237518311e-01 -4.204989373683929443e-01 7.351741194725036621e-01 5.458720922470092773e-01 3.253013849258422852e+00 -2.843408346176147461e+00 8.326820731163024902e-01 1.115606427192687988e+00 -7.555305480957031250e+00 -7.183656692504882812e-01
-6.297909736633300781e+00 -4.613242670893669128e-02 1.719637274742126465e+00 2.940512299537658691e-01 3.980634689331054688e+00 -3.079287707805633545e-01 7.283535599708557129e-02 2.683404922485351562e+00 -1.237702727317810059e+00 1.987999677658081055e+00 1.827944666147232056e-01 -1.347349166870117188e+00 -1.972987890243530273e+00 -2.741824865341186523e+00 4.812680244445800781e+00
-1.048671627044677734e+01 -8.205085992813110352e-01 8.603001236915588379e-01 1.079413294792175293e+00 4.594884872436523438e+00 -3.603990793228149414e+00 -7.064638733863830566e-01 -8.676659464836120605e-01 8.117118477821350098e-01 -2.622753977775573730e-01 -9.406732916831970215e-01 2.988794326782226562e+00 -3.937923908233642578e-02 -5.985661029815673828e+00 4.799386978149414062e+00
-4.127934455871582031e+00 -4.226915836334228516e+00 -2.449999451637268066e-01 -2.546200752258300781e-01 3.609382152557373047e+00 4.131403565406799316e-01 2.351573944091796875e+00 8.065905570983886719e-01 -1.031853795051574707e+00 6.455291271209716797e+00 -3.217226266860961914e+00 -1.068637490272521973e+00 3.875704288482666016e+00 -1.368653893470764160e+00 -3.766672015190124512e-01
-3.219202995300292969e+00 6.384824514389038086e-01 -1.545708298683166504e+00 2.199373483657836914e+00 5.236104488372802734e+00 -4.977715492248535156e+00 -1.992254853248596191e+00 2.974804639816284180e+00 7.076842784881591797e+00 3.783771395683288574e-01 2.858559608459472656e+00 3.455746650695800781e+00 2.127431154251098633e+00 -4.106529712677001953e+00 1.263656020164489746e+00
-2.240069866180419922e+00 -3.655675172805786133e+00 -1.330093622207641602e+00 -1.369971394538879395e+00 5.157755374908447266e+00 5.561849474906921387e-02 4.312523841857910156e+00 5.247043967247009277e-01 -4.514501571655273438e+00 -1.990647673606872559e+00 -3.193969964981079102e+00 3.699526309967041016e+00 4.658213138580322266e+00 -2.165835380554199219e+00 3.304991483688354492e+00
-1.264983534812927246e+00 8.473399877548217773e-01 3.547824621200561523e-01 -4.198847770690917969e+00 5.880405902862548828e+00 -1.951903581619262695e+00 -1.293658375740051270e+00 -1.236374378204345703e+00 7.301811575889587402e-01 8.949783444404602051e-01 -2.893707275390625000e+00 1.458480715751647949e+00 -1.218205451965332031e+00 -7.530947208404541016e+00 1.270972132682800293e+00
-6.257178783416748047e+00 -1.154942154884338379e+00 1.105084300041198730e+00 1.242454499006271362e-01 2.063759803771972656e+00 3.479295670986175537e-01 3.192816257476806641e+00 6.986928582191467285e-01 -4.635520577430725098e-01 3.445870161056518555e+00 -2.636162281036376953e+00 -4.437233507633209229e-01 3.778465032577514648e+00 -2.843428850173950195e+00 -1.257501244544982910e+00
-4.464418888092041016e+00 -3.373703002929687500e+00 -1.029728293418884277e+00 1.295002818107604980e+00 5.324732303619384766e+00 1.531700491905212402e+00 3.502267599105834961e+00 1.624467968940734863e-01 6.975284218788146973e-02 7.107474327087402344e+00 -4.349594593048095703e+00 -1.379832744598388672e+00 4.332384109497070312e+00 -5.704002976417541504e-01 -9.391744136810302734e-01
-4.588578701019287109e+00 -2.344112873077392578e+00 7.276182174682617188e-01 -3.425471186637878418e-01 4.855864524841308594e+00 -9.986100196838378906e-01 -1.034759998321533203e+00 -1.986655712127685547e+00 6.427412509918212891e+00 -1.556619286537170410e+00 9.098480343818664551e-01 2.855694293975830078e+00 -3.100011348724365234e+00 -3.529241085052490234e+00 7.966309547424316406e+00
-6.947498798370361328e+00 -1.298285484313964844e+00 2.939447879791259766e+00 -8.997755050659179688e-01 3.271381378173828125e+00 -1.953895390033721924e-01 -1.091965913772583008e+00 3.447313785552978516e+00 -1.581169247627258301e+00 2.437802076339721680e+00 1.919374465942382812e+00 -1.661297917366027832e+00 -9.221431016921997070e-01 -2.052504539489746094e+00 5.001548290252685547e+00
-6.475749969482421875e+00 1.329257249832153320e+00 4.379774570465087891e+00 5.609639883041381836e-01 2.494338512420654297e+00 1.679937839508056641e+00 5.354842543601989746e-01 3.712836027145385742e+00 -1.142192959785461426e+00 2.213504314422607422e+00 -3.964031487703323364e-02 -1.887418866157531738e+00 -4.538314938545227051e-01 -3.143353939056396484e+00 4.460885047912597656e+00
-5.228435993194580078e+00 -2.599319458007812500e+00 -2.730054378509521484e+00 -1.631760716438293457e+00 3.227491855621337891e+00 -8.898294568061828613e-01 3.272529125213623047e+00 -6.360207200050354004e-01 -3.742966651916503906e+00 -1.029307603836059570e+00 -2.425693988800048828e+00 2.217771530151367188e+00 2.132610797882080078e+00 -4.289706707000732422e+00 1.515698313713073730e+00
-6.309013366699218750e+00 -6.966986656188964844e-01 3.908451080322265625e+00 8.837763965129852295e-02 3.809600830078125000e+00 1.565305829048156738e+00 -1.221993923187255859e+00 4.221958160400390625e+00 -2.298448801040649414e+00 1.840662360191345215e+00 1.599580049514770508e+00 -9.352707266807556152e-01 9.814608097076416016e-02 -3.127983808517456055e+00 4.182288646697998047e+00
-4.917651653289794922e+00 -2.146823644638061523e+00 2.491586804389953613e-01 9.366576671600341797e-01 2.827418327331542969e+00 2.237987220287322998e-01 2.753399372100830078e+00 1.629293918609619141e+00 -7.528010606765747070e-01 5.331360816955566406e+00 -3.994134902954101562e+00 -4.495673477649688721e-01 4.673807621002197266e+00 -1.022192478179931641e+00 -1.939986348152160645e+00
-5.255395889282226562e+00 3.796400502324104309e-02 -1.528819680213928223e+00 5.628605186939239502e-02 3.033734321594238281e+00 -5.389102935791015625e+00 -2.728829622268676758e+00 2.444432020187377930e+00 4.796685218811035156e+00 -3.993414044380187988e-01 2.867772102355957031e+00 3.066388368606567383e+00 1.353097200393676758e+00 -3.265326023101806641e+00 8.985207080841064453e-01
-6.346971035003662109e+00 3.691784441471099854e-01 3.948944091796875000e+00 3.734183907508850098e-01 3.639732837677001953e+00 2.030705928802490234e+00 3.501069843769073486e-01 4.361505985260009766e+00 -8.109847307205200195e-01 2.068441390991210938e+00 -3.229344189167022705e-01 -1.595161318778991699e+00 1.712847352027893066e-01 -3.311864852905273438e+00 5.183857440948486328e+00
-1.901783108711242676e+00 7.101517915725708008e-01 -1.041669212281703949e-02 -3.493538141250610352e+00 3.746075153350830078e+00 -5.023747682571411133e-01 -1.260521292686462402e+00 -1.103063225746154785e-01 2.179190635681152344e+00 1.341763615608215332e+00 -2.501877546310424805e+00 1.143342018127441406e+00 4.941933751106262207e-01 -5.433792114257812500e+00 9.039784669876098633e-01
-4.268137454986572266e+00 -7.942495346069335938e-01 3.839774608612060547e+00 -2.556295394897460938e+00 1.024261116981506348e+00 -1.603396832942962646e-01 -4.645193517208099365e-01 3.638231158256530762e-01 -2.029265314340591431e-01 -2.460865736007690430e+00 3.938431978225708008e+00 4.539561271667480469e+00 2.057145357131958008e+00 -5.354030609130859375e+00 3.636227846145629883e+00
-2.532319545745849609e+00 2.253942489624023438e+00 -7.978773713111877441e-01 -4.003829479217529297e+00 3.828774452209472656e+00 -1.325477480888366699e+00 -2.609139442443847656e+00 -1.546276807785034180e-01 1.521570324897766113e+00 1.591150522232055664e+00 -2.091482400894165039e+00 1.208433032035827637e+00 -1.633634567260742188e-01 -5.549797534942626953e+00 -7.041583657264709473e-01
-6.964484691619873047e+00 3.057209253311157227e+00 4.269723594188690186e-01 4.915704131126403809e-01 4.959818363189697266e+00 -5.113820075988769531e+00 3.475320041179656982e-01 -3.318185210227966309e-01 1.793539047241210938e+00 6.395129561424255371e-01 3.447494983673095703e+00 5.113707542419433594e+00 -2.104181528091430664e+00 -1.717350840568542480e+00 3.464015007019042969e+00
-4.250371456146240234e+00 -8.288489282131195068e-02 -2.084512710571289062e+00 9.238150715827941895e-01 5.234869003295898438e+00 -5.072321414947509766e+00 -2.594888448715209961e+00 2.323917388916015625e+00 6.354463100433349609e+00 7.942299246788024902e-01 3.698175668716430664e+00 3.208588600158691406e+00 1.702152848243713379e+00 -4.387105941772460938e+00 1.703464269638061523e+00
-4.993791103363037109e+00 -2.865942001342773438e+00 1.728922724723815918e-01 1.201256155967712402e+00 2.919677734375000000e+00 -5.419812798500061035e-01 3.229545831680297852e+00 1.241414546966552734e+00 9.493289887905120850e-02 5.122800827026367188e+00 -2.852874040603637695e+00 -4.610487520694732666e-01 3.420855522155761719e+00 -2.870640277862548828e+00 -1.033724069595336914e+00
-7.105583667755126953e+00 4.771425247192382812e+00 2.594218254089355469e+00 2.831562161445617676e-01 3.558081150054931641e+00 -5.175620079040527344e+00 2.080687284469604492e+00 1.442204952239990234e+00 -5.217629019170999527e-03 8.515842556953430176e-01 2.188660383224487305e+00 5.359963417053222656e+00 -7.615344524383544922e-01 -4.544504165649414062e+00 2.445415973663330078e+00
-3.127319335937500000e+00 -1.705269813537597656e+00 -3.534055709838867188e+00 9.510306119918823242e-01 5.381738185882568359e+00 -5.046623229980468750e+00 -3.003127098083496094e+00 2.464180946350097656e+00 7.729420185089111328e+00 1.926686286926269531e+00 4.224587917327880859e+00 2.530677080154418945e+00 2.337882041931152344e+00 -1.289538502693176270e+00 2.018301248550415039e+00
-6.560476779937744141e+00 -2.306653112173080444e-01 -2.464228153228759766e+00 3.075223863124847412e-01 4.105542182922363281e+00 -3.250024795532226562e+00 -1.452977061271667480e+00 9.801040291786193848e-01 4.271848201751708984e+00 2.828900218009948730e-01 3.258095026016235352e+00 3.357979297637939453e+00 1.607794761657714844e+00 -5.137993812561035156e+00 1.861460655927658081e-01
-4.188104152679443359e+00 -4.922982156276702881e-01 4.028991699218750000e+00 -1.613698482513427734e+00 2.641873359680175781e+00 -1.641462147235870361e-01 -3.833701312541961670e-01 -6.029551625251770020e-01 1.502051204442977905e-01 -1.026658773422241211e+00 7.105196475982666016e+00 5.391926288604736328e+00 1.636926054954528809e+00 -6.189463138580322266e+00 4.225856304168701172e+00
-2.535281658172607422e+00 -2.450063705444335938e+00 -1.959669947624206543e+00 -1.518451213836669922e+00 4.810779094696044922e+00 3.250360190868377686e-01 4.923588752746582031e+00 -1.357498288154602051e+00 -3.913258314132690430e+00 9.391354769468307495e-02 -2.788948774337768555e+00 1.955136537551879883e+00 2.938677787780761719e+00 -3.456666231155395508e+00 1.753253817558288574e+00
-3.015713930130004883e+00 1.688201189041137695e+00 -4.077220559120178223e-01 -2.663216114044189453e+00 5.049175739288330078e+00 -8.372200727462768555e-01 4.736648797988891602e-01 3.579257488250732422e+00 1.687497377395629883e+00 -3.525482177734375000e+00 -4.530266523361206055e-01 4.407917022705078125e+00 2.759232521057128906e+00 -3.678712844848632812e+00 4.332118988037109375e+00
-2.550330162048339844e+00 1.191353917121887207e+00 -1.263893485069274902e+00 -4.028394222259521484e+00 4.894487857818603516e+00 -3.599207401275634766e+00 -9.828073382377624512e-01 2.708731174468994141e+00 1.162195086479187012e+00 -3.552011966705322266e+00 2.012714624404907227e+00 4.588242530822753906e+00 4.575107693672180176e-01 -2.876321792602539062e+00 4.762524127960205078e+00
-3.842787265777587891e+00 -1.141558736562728882e-01 4.352085590362548828e+00 -1.925444841384887695e+00 2.627984762191772461e+00 -2.231283187866210938e-01 -8.344256281852722168e-01 -3.946473002433776855e-01 -1.433659195899963379e+00 -1.705277919769287109e+00 5.139068126678466797e+00 5.238855838775634766e+00 1.305683612823486328e+00 -6.281849861145019531e+00 2.890399694442749023e+00
-2.729063510894775391e+00 7.847524881362915039e-01 -1.658043861389160156e+00 -3.474876880645751953e+00 5.042774677276611328e+00 -1.799431204795837402e+00 -5.925754308700561523e-01 2.939968109130859375e+00 2.270056962966918945e+00 -2.974184751510620117e+00 1.379914760589599609e+00 4.851664066314697266e+00 2.744017601013183594e+00 -1.435991287231445312e+00 4.918358802795410156e+00
-4.108760356903076172e+00 -2.663501024246215820e+00 8.570321202278137207e-01 2.481260746717453003e-01 4.170097827911376953e+00 1.620985388755798340e+00 2.476430177688598633e+00 1.123776912689208984e+00 2.506913840770721436e-01 7.196350574493408203e+00 -2.499289274215698242e+00 -1.355183959007263184e+00 3.958333492279052734e+00 -2.561409950256347656e+00 -7.790283560752868652e-01
-9.314944267272949219e+00 -1.243908166885375977e+00 1.229474902153015137e+00 6.510745882987976074e-01 5.567535877227783203e+00 -4.201948165893554688e+00 -1.410023689270019531e+00 -5.338533520698547363e-01 2.402005046606063843e-01 1.560172438621520996e+00 2.909204922616481781e-03 3.265463352203369141e+00 5.098857879638671875e-01 -6.874719619750976562e+00 4.760568141937255859e+00
-3.155472517013549805e+00 5.012600421905517578e-01 6.142394542694091797e+00 -2.186777353286743164e+00 1.773421049118041992e+00 5.318961143493652344e-01 9.873798489570617676e-02 1.176966547966003418e+00 -4.384698569774627686e-01 -1.563655018806457520e+00 4.153037071228027344e+00 4.224385738372802734e+00 1.155210256576538086e+00 -7.027606010437011719e+00 4.318859577178955078e+00
-4.262320995330810547e+00 1.009962111711502075e-01 4.639688968658447266e+00 -3.095038890838623047e+00 2.503500878810882568e-01 -5.501194000244140625e-01 8.057008385658264160e-01 -1.036191582679748535e-01 -1.170217633247375488e+00 -1.329527735710144043e+00 5.904863357543945312e+00 4.079222202301025391e+00 1.868352651596069336e+00 -7.129756450653076172e+00 3.768417119979858398e+00
-3.460270881652832031e+00 -2.473232984542846680e+00 -1.358503222465515137e+00 -1.885246992111206055e+00 2.949180126190185547e+00 -7.118548154830932617e-01 4.215251445770263672e+00 3.765793442726135254e-01 -4.454520702362060547e+00 -7.897275090217590332e-01 -1.304320454597473145e+00 2.268749713897705078e+00 3.881273269653320312e+00 -4.270942687988281250e+00 1.748993039131164551e+00
-2.022213935852050781e+00 9.179245233535766602e-01 -1.200639009475708008e+00 -2.804373502731323242e+00 5.916327476501464844e+00 -1.939102292060852051e+00 -6.611725687980651855e-01 3.824404954910278320e+00 1.403361916542053223e+00 -2.559225082397460938e+00 1.741783618927001953e+00 4.831547737121582031e+00 2.395089149475097656e+00 -2.474881649017333984e+00 4.297262191772460938e+00
5.033749341964721680e-01 1.800982236862182617e+00 9.365113377571105957e-01 -3.706782817840576172e+00 6.783627986907958984e+00 1.637960374355316162e-01 -9.863135218620300293e-01 2.427205443382263184e-01 5.807351469993591309e-01 2.902966737747192383e+00 -4.451266765594482422e+00 1.695603132247924805e+00 6.181703805923461914e-01 -7.581490039825439453e+00 8.427890539169311523e-01
-3.984022617340087891e+00 -2.278029918670654297e+00 8.949308842420578003e-02 3.925067186355590820e-01 3.743842124938964844e+00 2.327893495559692383e+00 4.339745998382568359e+00 -9.479988217353820801e-01 -4.333266317844390869e-01 5.323860645294189453e+00 -4.763945579528808594e+00 -1.496593475341796875e+00 4.354554653167724609e+00 -2.031790494918823242e+00 -2.159163475036621094e+00
-5.716533184051513672e+00 -1.182322144508361816e+00 3.502963542938232422e+00 3.403605222702026367e-01 5.831395626068115234e+00 1.468472361564636230e+00 6.985278725624084473e-01 2.221453905105590820e+00 -2.033431291580200195e+00 2.927852869033813477e+00 3.111611604690551758e-01 -2.106394767761230469e+00 -1.621983289718627930e+00 -2.447719573974609375e+00 7.126962661743164062e+00
3.839891254901885986e-01 4.976126253604888916e-01 8.094584345817565918e-01 -2.903263092041015625e+00 5.018766403198242188e+00 1.552860438823699951e-01 -4.248836338520050049e-01 -4.516081213951110840e-01 9.065139889717102051e-01 2.277027368545532227e+00 -4.110029697418212891e+00 1.668550252914428711e+00 1.256696701049804688e+00 -7.772887229919433594e+00 -1.152381420135498047e+00
-5.040916919708251953e+00 -2.039477109909057617e+00 -2.517183780670166016e+00 -1.407828330993652344e+00 3.287029266357421875e+00 -3.580341637134552002e-01 3.434439420700073242e+00 -1.182208538055419922e+00 -4.635025501251220703e+00 -1.575956463813781738e+00 -4.022709846496582031e+00 2.210548400878906250e+00 3.516776084899902344e+00 -2.076857089996337891e+00 1.521013498306274414e+00
-6.307260394096374512e-01 1.279093027114868164e+00 -2.402795791625976562e+00 -4.647925853729248047e+00 6.023774623870849609e+00 -1.630468964576721191e+00 -1.114861071109771729e-01 2.733083724975585938e+00 2.092158049345016479e-01 -2.722894906997680664e+00 2.829105257987976074e-01 4.807734012603759766e+00 2.641750812530517578e+00 -2.006922960281372070e+00 4.605990886688232422e+00
-6.808174610137939453e+00 2.163419961929321289e+00 1.028961062431335449e+00 3.746346831321716309e-01 4.359430313110351562e+00 -6.400058269500732422e+00 6.754269003868103027e-01 4.555625915527343750e-01 2.441921472549438477e+00 2.114366292953491211e+00 3.619283199310302734e+00 4.472226142883300781e+00 -2.852541923522949219e+00 -2.984292984008789062e+00 3.486664056777954102e+00
-5.664014339447021484e+00 -3.727260828018188477e+00 5.907394289970397949e-01 8.930209875106811523e-01 3.561120986938476562e+00 2.399583160877227783e-01 3.021079540252685547e+00 -1.834222674369812012e-01 3.819214999675750732e-01 5.408201694488525391e+00 -1.771691322326660156e+00 -7.109765708446502686e-02 3.973011493682861328e+00 -1.766785502433776855e+00 -5.554351210594177246e-01
-3.784641265869140625e+00 -1.258722394704818726e-01 5.169826030731201172e+00 -2.980069160461425781e+00 7.139523029327392578e-01 -2.069040834903717041e-01 -3.257801234722137451e-01 5.990820527076721191e-01 1.257800310850143433e-01 -1.552284598350524902e+00 4.769024372100830078e+00 3.938362121582031250e+00 1.203162431716918945e+00 -6.863847255706787109e+00 3.878885269165039062e+00
-1.490286707878112793e+00 3.301825001835823059e-02 5.195592045783996582e-01 -3.238805770874023438e+00 6.268871307373046875e+00 -1.311114907264709473e+00 -1.062841653823852539e+00 2.000102400779724121e-01 1.661976575851440430e+00 1.479115247726440430e+00 -2.868114948272705078e+00 1.290368318557739258e+00 -7.603249549865722656e-01 -7.548925399780273438e+00 2.071593523025512695e+00
-7.062967777252197266e+00 3.551442384719848633e+00 2.039958953857421875e+00 1.442400097846984863e+00 4.154375076293945312e+00 -5.226505279541015625e+00 3.351601123809814453e+00 1.513201355934143066e+00 4.735526740550994873e-01 1.470659613609313965e+00 1.987464904785156250e+00 4.951971530914306641e+00 -1.008906602859497070e+00 -3.121891498565673828e+00 4.020792007446289062e+00
-6.663807392120361328e+00 -2.523614645004272461e+00 -7.930365204811096191e-01 1.172745078802108765e-01 3.681905508041381836e+00 -4.882604777812957764e-01 2.188990831375122070e+00 2.376062273979187012e-01 -9.004243612289428711e-01 4.814448356628417969e+00 -4.318692684173583984e+00 -4.665474593639373779e-01 3.920368194580078125e+00 -1.541028618812561035e+00 -1.591839432716369629e+00
-8.734229087829589844e+00 9.338736534118652344e-01 1.730284094810485840e+00 2.648627996444702148e+00 5.066495418548583984e+00 -3.139194250106811523e+00 -3.528054654598236084e-01 1.362579464912414551e-01 1.107454419136047363e+00 -9.892739653587341309e-01 -2.743854522705078125e+00 3.628300666809082031e+00 3.262517452239990234e-01 -5.995003700256347656e+00 3.558771848678588867e+00
-2.450403928756713867e+00 1.267396807670593262e+00 -1.798892974853515625e+00 -2.533914089202880859e+00 5.841908931732177734e+00 -2.121236324310302734e+00 -5.524064302444458008e-01 2.840197563171386719e+00 3.148233890533447266e+00 -3.808812379837036133e+00 1.658858895301818848e+00 4.978933334350585938e+00 2.511729001998901367e+00 -1.378594875335693359e+00 5.526426315307617188e+00
-6.409646987915039062e+00 5.616136789321899414e-01 2.394517183303833008e+00 -4.914255142211914062e-01 4.265234947204589844e+00 1.207710862159729004e+00 1.051413118839263916e-01 3.482862949371337891e+00 -1.622061729431152344e+00 3.689299821853637695e-01 -6.284418702125549316e-01 -7.898398041725158691e-01 1.886705160140991211e-01 -3.294927120208740234e+00 4.985061645507812500e+00
-6.366326808929443359e+00 -4.594512939453125000e+00 7.068474888801574707e-01 -1.039926290512084961e+00 2.942064762115478516e+00 -7.170341610908508301e-01 2.266525268554687500e+00 1.306026220321655273e+00 -1.491939574480056763e-01 5.312817096710205078e+00 -1.878264188766479492e+00 -5.680527091026306152e-01 3.919269561767578125e+00 -2.333440542221069336e+00 8.666371107101440430e-01
-1.826037764549255371e+00 -2.318310588598251343e-01 -5.043799430131912231e-02 -4.282928943634033203e+00 4.341005802154541016e+00 -1.794738054275512695e+00 -1.855366826057434082e+00 4.951123595237731934e-01 3.034161090850830078e+00 1.638239502906799316e+00 -1.242273807525634766e+00 5.721363052725791931e-02 -6.287739276885986328e-01 -5.678333282470703125e+00 2.510566473007202148e+00
-6.159325122833251953e+00 -7.000149488449096680e-01 -2.420166969299316406e+00 -4.000807404518127441e-01 2.829821586608886719e+00 -5.061351776123046875e+00 -2.413884162902832031e+00 7.983109354972839355e-01 5.184533119201660156e+00 -7.469262480735778809e-01 4.050981044769287109e+00 3.503545999526977539e+00 5.033195018768310547e-02 -4.457223892211914062e+00 5.567699074745178223e-01
-5.390802383422851562e+00 -1.476994872093200684e+00 -3.074456214904785156e+00 3.691840469837188721e-01 5.240740299224853516e+00 -3.755628347396850586e+00 -2.008565187454223633e+00 5.813866257667541504e-01 5.891863822937011719e+00 1.038797259330749512e+00 4.453368663787841797e+00 3.502287149429321289e+00 1.484721064567565918e+00 -4.079773902893066406e+00 1.540803551673889160e+00
-5.603845119476318359e+00 -4.581339061260223389e-01 2.195677757263183594e+00 8.166239857673645020e-01 5.667891502380371094e+00 4.028117358684539795e-01 2.506906092166900635e-01 3.319983720779418945e+00 -2.171883106231689453e+00 3.515046358108520508e+00 -5.952627062797546387e-01 -1.496883511543273926e+00 -1.529479503631591797e+00 -3.383297920227050781e+00 5.518180847167968750e+00
-2.031530380249023438e+00 -4.727407455444335938e+00 -1.378760695457458496e+00 1.508817791938781738e+00 7.385732173919677734e+00 4.134858608245849609e+00 4.506743431091308594e+00 -1.409537792205810547e+00 9.152086377143859863e-01 8.361601829528808594e+00 -4.715899944305419922e+00 -2.302515745162963867e+00 4.804993629455566406e+00 5.344523191452026367e-01 4.117762297391891479e-02
3.449652493000030518e-01 8.911570310592651367e-01 1.437387824058532715e+00 -3.113146781921386719e+00 6.747252464294433594e+00 -1.077835261821746826e-01 -1.054513573646545410e+00 -7.117122411727905273e-02 1.886285424232482910e+00 2.523932456970214844e+00 -3.973244190216064453e+00 5.419943928718566895e-01 -8.430708646774291992e-01 -7.159261703491210938e+00 2.177772998809814453e+00
-3.588109970092773438e+00 -2.067969322204589844e+00 4.620625972747802734e+00 -2.224412441253662109e+00 1.833879590034484863e+00 -8.354474306106567383e-01 -6.002016663551330566e-01 7.591784596443176270e-01 -7.707549631595611572e-02 -7.668077349662780762e-01 7.686487197875976562e+00 5.191903114318847656e+00 1.466769456863403320e+00 -5.553511619567871094e+00 5.344344615936279297e+00
-3.915666103363037109e+00 -1.927175879478454590e+00 -3.116601109504699707e-01 4.633258581161499023e-01 1.731540918350219727e+00 6.030324697494506836e-01 3.052007913589477539e+00 1.598458886146545410e+00 -3.244352936744689941e-01 5.398410797119140625e+00 -2.996356725692749023e+00 -1.883900761604309082e+00 3.891507387161254883e+00 -2.009221076965332031e+00 -1.806929826736450195e+00
-9.707144737243652344e+00 -1.088049292564392090e+00 1.940680861473083496e+00 6.803596615791320801e-01 4.013749599456787109e+00 -4.776239395141601562e+00 -9.186341166496276855e-01 -5.354374051094055176e-01 3.792828619480133057e-01 1.012734889984130859e+00 -2.236076630651950836e-03 3.285474777221679688e+00 -8.067131042480468750e-02 -6.180242538452148438e+00 4.087978363037109375e+00
-5.209242343902587891e+00 -2.643505573272705078e+00 2.249638438224792480e-01 -4.987062513828277588e-02 2.770312786102294922e+00 3.998498320579528809e-01 1.804373025894165039e+00 8.243967890739440918e-01 1.108523368835449219e+00 5.171360969543457031e+00 -1.481665372848510742e+00 -1.150666594505310059e+00 3.338325262069702148e+00 -2.260537862777709961e+00 -1.416386723518371582e+00
-4.949016094207763672e+00 5.460330247879028320e-01 3.872132062911987305e+00 1.833760619163513184e+00 5.810015678405761719e+00 2.614329814910888672e+00 -8.825939297676086426e-01 3.834687471389770508e+00 -5.472832322120666504e-01 2.536448478698730469e+00 9.548665881156921387e-01 -9.555808901786804199e-01 -7.760672569274902344e-01 -2.230964660644531250e+00 4.722884178161621094e+00
-1.733098030090332031e+00 8.721859455108642578e-01 -4.415256530046463013e-02 -3.919101715087890625e+00 5.159952640533447266e+00 -4.200882613658905029e-01 -2.083878517150878906e+00 -7.525407671928405762e-01 1.242411613464355469e+00 2.966419935226440430e+00 -3.874401092529296875e+00 9.419165253639221191e-01 3.336356878280639648e-01 -6.141821861267089844e+00 4.434745311737060547e-01
1.218121647834777832e+00 -5.409864187240600586e-01 -3.120867609977722168e-01 -2.989801883697509766e+00 6.721350669860839844e+00 -9.800190329551696777e-01 -1.589144706726074219e+00 -5.282905697822570801e-02 2.406824588775634766e+00 3.761523962020874023e+00 -3.096458673477172852e+00 1.352735161781311035e+00 -7.048783898353576660e-01 -6.711459159851074219e+00 1.283409833908081055e+00
-3.102327346801757812e+00 -4.028821468353271484e+00 5.584571957588195801e-01 1.098032474517822266e+00 5.836258411407470703e+00 4.396691024303436279e-01 2.342455685138702393e-01 -2.132977962493896484e+00 7.013165950775146484e+00 -1.074506759643554688e+00 -5.619763731956481934e-01 2.286749601364135742e+00 -3.543860673904418945e+00 -3.594398975372314453e+00 9.833716392517089844e+00
-1.755099654197692871e+00 3.115983247756958008e+00 -8.897499442100524902e-01 -4.422286033630371094e+00 5.406004428863525391e+00 -1.215093731880187988e+00 -1.623021125793457031e+00 -9.345716238021850586e-01 6.708276271820068359e-01 2.061336994171142578e+00 -3.692738294601440430e+00 1.596386551856994629e+00 -1.128518223762512207e+00 -6.693354606628417969e+00 1.831420511007308960e-01
-7.774266719818115234e+00 4.064700603485107422e+00 2.068073272705078125e+00 1.029281735420227051e+00 1.950982570648193359e+00 -6.179897308349609375e+00 2.618876993656158447e-01 7.563021779060363770e-01 2.246001958847045898e+00 1.131364822387695312e+00 9.640871286392211914e-01 3.941331863403320312e+00 -2.100092172622680664e+00 -2.711297512054443359e+00 2.177116155624389648e+00
-6.487575054168701172e+00 3.314401865005493164e+00 1.539344549179077148e+00 1.726907610893249512e+00 5.456527709960937500e+00 -5.997012138366699219e+00 1.430570125579833984e+00 3.232683539390563965e-01 7.067784667015075684e-01 2.471074581146240234e+00 2.858986139297485352e+00 4.998575687408447266e+00 -2.750957012176513672e+00 -2.832051992416381836e+00 3.387153387069702148e+00
-2.562323093414306641e+00 1.680070996284484863e+00 -1.939809918403625488e-01 -3.911267518997192383e+00 4.660406589508056641e+00 -1.331372976303100586e+00 -1.930895090103149414e+00 2.969147562980651855e-01 9.834839105606079102e-01 5.032752752304077148e-01 -2.558316230773925781e+00 1.548032283782958984e+00 3.696899414062500000e-01 -6.250727653503417969e+00 -2.870798110961914062e-01
-2.052148729562759399e-01 9.509302377700805664e-01 -1.427313208580017090e+00 -3.950209140777587891e+00 6.484179019927978516e+00 6.777678728103637695e-01 -1.913964986801147461e+00 -1.784693241119384766e+00 3.388345718383789062e+00 1.095854759216308594e+00 -4.050626277923583984e+00 1.370639443397521973e+00 2.246857881546020508e-01 -4.493565559387207031e+00 1.554856538772583008e+00
-7.518136501312255859e+00 2.325877666473388672e+00 1.037495970726013184e+00 3.180324435234069824e-01 5.285998821258544922e+00 -6.391386032104492188e+00 1.696368813514709473e+00 8.224372267723083496e-01 1.323434352874755859e+00 8.741346001625061035e-01 4.354678630828857422e+00 5.579674243927001953e+00 -1.910263180732727051e+00 -2.593662738800048828e+00 5.244417190551757812e+00
-3.694705009460449219e+00 4.621303379535675049e-01 4.502907752990722656e+00 -1.457576155662536621e+00 3.352385997772216797e+00 1.080068051815032959e-01 -7.463118433952331543e-01 2.423876337707042694e-02 -8.500007987022399902e-01 -1.614777088165283203e+00 4.941773891448974609e+00 5.204035758972167969e+00 9.280625581741333008e-01 -6.482463836669921875e+00 3.632762908935546875e+00
5.409816503524780273e-01 1.007428288459777832e+00 -1.792533874511718750e+00 -2.941852092742919922e+00 9.650836944580078125e+00 -8.737524747848510742e-01 -7.766098380088806152e-01 3.973074674606323242e+00 1.290358543395996094e+00 -3.627066135406494141e+00 -1.151332974433898926e+00 4.646406650543212891e+00 3.227906703948974609e+00 -9.143443107604980469e-01 7.157299518585205078e+00
-9.854243278503417969e+00 -1.161661982536315918e+00 1.550016045570373535e+00 2.241376399993896484e+00 7.007421016693115234e+00 -3.827088117599487305e+00 -3.759799897670745850e-01 -1.238792061805725098e+00 3.271482512354850769e-02 1.089451789855957031e+00 -2.001659393310546875e+00 3.638510227203369141e+00 -1.281136274337768555e-01 -5.727749824523925781e+00 5.452955722808837891e+00
-1.878817081451416016e+00 7.175186872482299805e-01 7.468539476394653320e-01 -2.748735189437866211e+00 3.915230035781860352e+00 -2.193088769912719727e+00 -1.844308257102966309e+00 4.541959762573242188e-01 2.375411748886108398e+00 1.742289543151855469e+00 -1.111315846443176270e+00 1.364438652992248535e+00 -9.238036870956420898e-01 -7.488242149353027344e+00 1.548331826925277710e-01
-1.370816588401794434e+00 -9.862973690032958984e-01 -7.573254704475402832e-01 -5.284618854522705078e+00 6.496954441070556641e+00 -2.183291673660278320e+00 -2.334168195724487305e+00 -7.708088755607604980e-01 7.852872014045715332e-01 2.218851566314697266e+00 -2.939450263977050781e+00 8.501965403556823730e-01 -8.325291872024536133e-01 -6.074791431427001953e+00 2.310182332992553711e+00
-3.584467411041259766e+00 -1.163040399551391602e+00 2.854315042495727539e+00 9.807422161102294922e-01 8.672295570373535156e+00 3.153064966201782227e+00 1.450265526771545410e+00 2.835671901702880859e+00 -2.101018905639648438e+00 3.054852485656738281e+00 -1.369334936141967773e+00 -1.640202879905700684e+00 -9.047763347625732422e-01 -2.587072849273681641e+00 8.735042572021484375e+00
-5.231750965118408203e+00 1.372114539146423340e+00 -1.618061661720275879e+00 5.605240166187286377e-02 3.791192770004272461e+00 -3.423490524291992188e+00 -1.615743637084960938e+00 2.049030303955078125e+00 6.079839229583740234e+00 -1.263094544410705566e-01 1.891106367111206055e+00 2.124962568283081055e+00 1.698883771896362305e+00 -4.423697948455810547e+00 1.103713512420654297e+00
-8.105035781860351562e+00 3.466100454330444336e+00 1.457450032234191895e+00 -4.878748059272766113e-01 3.640032768249511719e+00 -7.064089298248291016e+00 6.847980618476867676e-02 4.295946955680847168e-01 1.251488327980041504e+00 1.476674556732177734e+00 2.926765441894531250e+00 4.711896419525146484e+00 -2.520571947097778320e+00 -2.881697654724121094e+00 3.440785646438598633e+00
-8.879618048667907715e-01 1.386564016342163086e+00 3.280325531959533691e-01 -3.149305343627929688e+00 4.957431793212890625e+00 -2.530257225036621094e+00 -1.286490201950073242e+00 4.946539402008056641e-01 1.671532988548278809e+00 1.323533773422241211e+00 -1.578842282295227051e+00 1.342222332954406738e+00 -1.355716109275817871e+00 -7.674611091613769531e+00 2.409195750951766968e-01
-5.202290058135986328e+00 -3.180795907974243164e+00 -8.241893649101257324e-01 -4.900435805320739746e-01 3.171751022338867188e+00 6.022433042526245117e-01 3.204055786132812500e+00 -7.461217641830444336e-01 -3.715300559997558594e-01 5.970163345336914062e+00 -1.451436877250671387e+00 -7.224957942962646484e-01 4.373752593994140625e+00 -1.871813416481018066e+00 -2.392799377441406250e+00
-6.164357662200927734e+00 -7.906340062618255615e-02 2.481624126434326172e+00 -6.267078518867492676e-01 4.292481422424316406e+00 3.108659684658050537e-01 -9.200763106346130371e-01 3.556429862976074219e+00 -3.211874246597290039e+00 3.042507410049438477e+00 -3.987593054771423340e-01 -1.101187348365783691e+00 -3.014557361602783203e-01 -3.102425098419189453e+00 3.807300090789794922e+00
-4.574435234069824219e+00 1.194610714912414551e+00 -2.070167303085327148e+00 1.333977818489074707e+00 5.373539447784423828e+00 -3.510108709335327148e+00 -1.970761060714721680e+00 1.440508842468261719e+00 6.392374038696289062e+00 -4.769715666770935059e-01 3.060746192932128906e+00 3.429612398147583008e+00 1.695623755455017090e+00 -4.076520919799804688e+00 1.203618764877319336e+00
-1.300945043563842773e+00 -4.605749607086181641e+00 -3.690843105316162109e+00 -1.351454019546508789e+00 6.479761600494384766e+00 1.664045751094818115e-01 3.750010251998901367e+00 -8.435694575309753418e-01 -4.590007781982421875e+00 -6.790120601654052734e-01 -3.729970455169677734e+00 3.012797594070434570e+00 3.114345550537109375e+00 -1.021326899528503418e+00 3.088994026184082031e+00
-7.792494297027587891e+00 -1.329996436834335327e-01 2.230725049972534180e+00 -1.227113127708435059e+00 3.234968662261962891e+00 1.998657286167144775e-01 -1.133219838142395020e+00 2.940735101699829102e+00 -5.795881152153015137e-01 2.401966094970703125e+00 9.315635561943054199e-01 -1.761502981185913086e+00 -8.607462644577026367e-01 -3.335992097854614258e+00 4.021579742431640625e+00
-4.343226909637451172e+00 -2.914557695388793945e+00 -2.233955621719360352e+00 -2.875342369079589844e+00 3.486490249633789062e+00 -2.005364179611206055e+00 3.592391014099121094e+00 -1.132114529609680176e-01 -5.495810508728027344e+00 -4.458566904067993164e-01 -3.016064405441284180e+00 2.100165843963623047e+00 3.518807411193847656e+00 -2.664544582366943359e+00 2.201460361480712891e+00
-6.295796871185302734e+00 3.205377817153930664e+00 2.435488939285278320e+00 2.097301959991455078e+00 4.398892879486083984e+00 -5.623571395874023438e+00 1.436329960823059082e+00 1.315962076187133789e+00 2.104465246200561523e+00 1.210327625274658203e+00 3.749682903289794922e+00 5.313611984252929688e+00 -1.694754481315612793e+00 -3.447490692138671875e+00 3.286307573318481445e+00
-1.067910671234130859e+00 1.464416146278381348e+00 3.827862143516540527e-01 -3.197906970977783203e+00 5.076435565948486328e+00 -4.990829527378082275e-01 -8.178130984306335449e-01 3.365406990051269531e-01 1.942648291587829590e+00 2.358962535858154297e+00 -2.658775568008422852e+00 1.299457907676696777e+00 4.179647564888000488e-01 -6.966133117675781250e+00 5.788787603378295898e-01
-2.748076200485229492e+00 -8.301970958709716797e-01 5.925482273101806641e+00 -2.263345003128051758e+00 1.749374628067016602e+00 1.150769591331481934e-01 -8.776139616966247559e-01 1.373428106307983398e+00 -1.383055925369262695e+00 -6.314350962638854980e-01 5.380449295043945312e+00 4.316321372985839844e+00 1.074555397033691406e+00 -6.388916015625000000e+00 3.812298536300659180e+00
-1.605660557746887207e+00 1.533096671104431152e+00 -1.016472697257995605e+00 -1.899773001670837402e+00 6.331601142883300781e+00 -1.991033077239990234e+00 -1.545664370059967041e-01 3.369292736053466797e+00 2.095257997512817383e+00 -3.888751268386840820e+00 9.947482943534851074e-01 5.338364601135253906e+00 2.447062253952026367e+00 -2.308198213577270508e+00 4.768558025360107422e+00
