2.532073974609375000e+00 -6.232037544250488281e-01 6.199934959411621094e+00 3.302053809165954590e-01 -8.625592589378356934e-01 -9.324592590332031250e+00 -1.369599723815917969e+01 -3.972572803497314453e+00 8.605607748031616211e-01 -5.739552974700927734e+00 3.091902017593383789e+00 -5.466068744659423828e+00 4.589675903320312500e+00 -1.788268566131591797e+00 2.730055570602416992e+00
1.995638012886047363e+00 -4.109112739562988281e+00 6.352970600128173828e+00 -1.797467231750488281e+00 -1.444126605987548828e+00 -1.169267463684082031e+01 -2.688489258289337158e-01 -5.422642230987548828e+00 -5.229108810424804688e+00 -4.649736881256103516e+00 -4.707045555114746094e+00 6.521084308624267578e+00 2.985347986221313477e+00 -2.178200244903564453e+00 -1.308510780334472656e+00
-2.622470617294311523e+00 -2.138949394226074219e+00 9.083258628845214844e+00 2.835440874099731445e+00 -4.818591594696044922e+00 -9.478394985198974609e-01 -9.975806236267089844e+00 -1.014954686164855957e+00 5.521240234375000000e+00 -6.510342121124267578e+00 -5.886696338653564453e+00 -9.610684514045715332e-01 -1.227892376482486725e-02 2.126060247421264648e+00 -1.519932270050048828e+00
2.689884901046752930e+00 -4.276108264923095703e+00 6.063127040863037109e+00 9.236936569213867188e-01 -6.753733158111572266e+00 -7.950210094451904297e+00 -6.377623558044433594e+00 -2.560663461685180664e+00 6.296142578125000000e+00 -8.061311721801757812e+00 -1.059664607048034668e+00 -1.092928275465965271e-01 7.033235549926757812e+00 1.679293155670166016e+00 7.298103570938110352e-01
-4.694722592830657959e-01 4.287770271301269531e+00 6.688323020935058594e+00 -1.281355381011962891e+00 -7.095019340515136719e+00 -4.081060886383056641e+00 -7.727447748184204102e-01 -4.552984237670898438e+00 1.595246076583862305e+00 -9.526088714599609375e+00 -3.227913856506347656e+00 6.367925167083740234e+00 5.172949314117431641e+00 1.364772319793701172e+00 4.683048725128173828e+00
-1.248332738876342773e+00 -1.476880073547363281e+00 6.995467662811279297e+00 1.334802746772766113e+00 -3.847855567932128906e+00 -1.356952190399169922e+00 -1.067228507995605469e+01 -5.556787848472595215e-01 6.084812164306640625e+00 -5.769957065582275391e+00 -6.041444301605224609e+00 -5.562456250190734863e-01 4.152513742446899414e-01 1.892085790634155273e+00 -1.417691826820373535e+00
1.657031297683715820e+00 -2.226624965667724609e+00 7.468542575836181641e+00 -3.266527414321899414e+00 -4.735879421234130859e+00 -2.844267606735229492e+00 -2.457807779312133789e+00 -1.187340641021728516e+01 -3.783414840698242188e+00 -5.806069850921630859e+00 2.148775100708007812e+00 2.978961944580078125e+00 4.372735023498535156e+00 -2.323610067367553711e+00 2.700287580490112305e+00
-1.972696542739868164e+00 -1.531338214874267578e+00 7.804123401641845703e+00 1.948614120483398438e+00 -4.269902229309082031e+00 9.238720685243606567e-02 -8.926535606384277344e+00 -4.747551381587982178e-01 6.680340290069580078e+00 -5.843154430389404297e+00 -5.932133674621582031e+00 -9.271090626716613770e-01 3.734182566404342651e-02 1.926451921463012695e+00 -2.298106431961059570e+00
1.545914411544799805e+00 -1.821314215660095215e+00 6.203962326049804688e+00 -2.944278240203857422e+00 -4.198046684265136719e+00 -1.386987209320068359e+00 -3.790992736816406250e+00 -1.193489265441894531e+01 -3.024457693099975586e+00 -5.347597122192382812e+00 1.509399771690368652e+00 2.948241472244262695e+00 3.992701292037963867e+00 -3.291531085968017578e+00 2.503463983535766602e+00
1.677563667297363281e+00 -1.574446797370910645e+00 1.035380935668945312e+01 -4.721863567829132080e-01 -3.300472021102905273e+00 -4.263791084289550781e+00 -1.253003978729248047e+01 -8.791520118713378906e+00 1.729957461357116699e+00 -6.408097743988037109e+00 6.897773146629333496e-01 -2.807033777236938477e+00 4.367778778076171875e+00 -2.208773851394653320e+00 -3.841376066207885742e+00
2.748257875442504883e+00 -7.005083560943603516e+00 8.172561645507812500e+00 -3.101366043090820312e+00 -1.726060390472412109e+00 -1.163011169433593750e+01 -3.081884607672691345e-02 -4.206996917724609375e+00 -3.662813663482666016e+00 -5.230664730072021484e+00 -4.415832042694091797e+00 4.989724159240722656e+00 3.154687643051147461e+00 -2.405208349227905273e+00 -2.168286085128784180e+00
4.663293361663818359e+00 -4.121250212192535400e-01 1.015686893463134766e+01 1.620272636413574219e+00 -2.468381375074386597e-01 -1.042031002044677734e+01 -1.275836181640625000e+01 -5.836209774017333984e+00 3.800589740276336670e-01 -5.943418979644775391e+00 2.214096069335937500e+00 -5.185997486114501953e+00 4.139797687530517578e+00 -2.211067438125610352e+00 3.089222908020019531e+00
1.758623719215393066e+00 1.580960273742675781e+00 1.087292289733886719e+01 -3.662104368209838867e+00 -1.278037071228027344e+00 -7.754817485809326172e+00 -2.686038017272949219e+00 -4.323523521423339844e+00 -6.478052139282226562e+00 -8.546441078186035156e+00 3.028839826583862305e+00 1.906818002462387085e-01 -1.649546772241592407e-01 -4.212090015411376953e+00 -3.987925946712493896e-01
-2.906002759933471680e+00 -2.474050521850585938e+00 9.817220687866210938e+00 2.969251871109008789e+00 -5.064583301544189453e+00 -2.330456972122192383e+00 -1.094109821319580078e+01 -9.059778451919555664e-01 5.983494758605957031e+00 -7.909228801727294922e+00 -6.590025424957275391e+00 -6.978984922170639038e-02 3.399946689605712891e-01 3.149652957916259766e+00 -1.001228332519531250e+00
1.647812128067016602e+00 -3.772475719451904297e+00 6.192799568176269531e+00 -1.460523009300231934e+00 -2.043435573577880859e+00 -1.316296005249023438e+01 -1.604035198688507080e-01 -5.711210727691650391e+00 -4.744659900665283203e+00 -5.602939128875732422e+00 -4.218759059906005859e+00 5.628453254699707031e+00 3.421255826950073242e+00 -1.841935634613037109e+00 -2.393945932388305664e+00
3.292644023895263672e+00 -8.073321342468261719e+00 9.032959938049316406e+00 -3.793389081954956055e+00 -1.369053840637207031e+00 -1.380322074890136719e+01 8.282859325408935547e-01 -5.649227619171142578e+00 -4.387780189514160156e+00 -5.372949600219726562e+00 -4.142390727996826172e+00 6.253288745880126953e+00 3.776254892349243164e+00 -2.932882785797119141e+00 -1.800807118415832520e+00
-2.029092013835906982e-01 1.184255242347717285e+00 7.746698379516601562e+00 -4.194613993167877197e-01 -4.909358978271484375e+00 -1.203838348388671875e+00 -7.144910335540771484e+00 -4.827937126159667969e+00 3.032706737518310547e+00 -5.527771472930908203e+00 -5.426729679107666016e+00 3.909075021743774414e+00 -2.339395284652709961e+00 2.152431488037109375e+00 5.598543643951416016e+00
1.498610496520996094e+00 -2.148013114929199219e+00 6.406092166900634766e+00 -2.470849037170410156e+00 -3.795778989791870117e+00 -5.110706090927124023e-01 -4.096911907196044922e+00 -1.131266117095947266e+01 -4.060214519500732422e+00 -4.936923503875732422e+00 1.378403186798095703e+00 3.477166175842285156e+00 4.688147544860839844e+00 -2.747388839721679688e+00 2.154219150543212891e+00
1.535778999328613281e+00 -1.846421599388122559e+00 6.115200042724609375e+00 -2.609066724777221680e+00 -3.809985876083374023e+00 -3.625366687774658203e+00 -1.756905078887939453e+00 -1.171912097930908203e+01 -1.923385977745056152e+00 -4.985766887664794922e+00 2.438827514648437500e+00 2.765520334243774414e+00 5.038228034973144531e+00 -1.527735948562622070e+00 1.521117925643920898e+00
1.501469373703002930e+00 2.270365208387374878e-01 8.671060562133789062e+00 -2.237562656402587891e+00 -1.700360774993896484e+00 -5.966425418853759766e+00 -1.011211633682250977e+00 -5.567079544067382812e+00 -7.074885368347167969e+00 -7.894012928009033203e+00 3.033609867095947266e+00 6.561362147331237793e-01 -1.174869418144226074e+00 -4.251353740692138672e+00 7.273714542388916016e-01
1.648737072944641113e+00 -2.310015201568603516e+00 6.933763980865478516e+00 -2.710169792175292969e+00 -4.334061145782470703e+00 2.934331260621547699e-02 -3.436483860015869141e+00 -1.170632457733154297e+01 -2.886568784713745117e+00 -3.749222278594970703e+00 2.409239768981933594e+00 2.749531269073486328e+00 5.490042686462402344e+00 -1.773725986480712891e+00 1.950082421302795410e+00
2.222099781036376953e+00 -5.104592800140380859e+00 6.945817470550537109e+00 -2.282958507537841797e+00 -1.508597373962402344e+00 -1.376338768005371094e+01 1.015493273735046387e+00 -4.724256992340087891e+00 -4.483050346374511719e+00 -5.385008335113525391e+00 -3.581593513488769531e+00 4.862729549407958984e+00 3.510369062423706055e+00 -3.056354284286499023e+00 -3.453880071640014648e+00
2.504270076751708984e+00 -5.831387639045715332e-01 6.309944152832031250e+00 3.165644705295562744e-01 -9.489474892616271973e-01 -1.069712448120117188e+01 -1.475768470764160156e+01 -4.766630649566650391e+00 8.160210251808166504e-01 -6.936017513275146484e+00 2.517739772796630859e+00 -5.725013732910156250e+00 3.591825485229492188e+00 -1.988781690597534180e+00 2.983411312103271484e+00
1.762338638305664062e+00 -2.157172679901123047e+00 7.375103473663330078e+00 -3.454654455184936523e+00 -4.799364089965820312e+00 -4.785884857177734375e+00 -1.965297937393188477e+00 -1.169030475616455078e+01 -1.895122885704040527e+00 -5.638848304748535156e+00 2.574349164962768555e+00 2.667470216751098633e+00 4.774870395660400391e+00 -1.719899892807006836e+00 1.750699758529663086e+00
-1.764703512191772461e+00 -1.638030290603637695e+00 7.068123340606689453e+00 1.808374762535095215e+00 -3.687402963638305664e+00 -1.140658140182495117e+00 -9.269207000732421875e+00 -5.576690435409545898e-01 4.260597229003906250e+00 -5.861060619354248047e+00 -5.644988536834716797e+00 -1.378018140792846680e+00 -1.871754080057144165e-01 2.356839895248413086e+00 -1.268463969230651855e+00
-1.762498915195465088e-01 3.372909307479858398e+00 5.809399127960205078e+00 -9.677612781524658203e-01 -6.117509365081787109e+00 -4.145791530609130859e+00 -6.951974630355834961e-01 -3.069938421249389648e+00 8.921375274658203125e-01 -8.750011444091796875e+00 -2.913524866104125977e+00 6.343516826629638672e+00 4.490090370178222656e+00 1.435318112373352051e+00 5.239122390747070312e+00
-1.291701793670654297e+00 -1.446374893188476562e+00 6.812487602233886719e+00 1.293269157409667969e+00 -3.797425508499145508e+00 -1.147120594978332520e+00 -1.048092651367187500e+01 -7.615357041358947754e-01 4.925519943237304688e+00 -4.831223011016845703e+00 -5.417640209197998047e+00 -1.107948184013366699e+00 2.994217872619628906e-01 2.645398378372192383e+00 -8.681470155715942383e-01
2.282571315765380859e+00 -3.822698593139648438e+00 4.290768146514892578e+00 1.089685916900634766e+00 -5.350252151489257812e+00 -9.536217689514160156e+00 -6.810766220092773438e+00 -4.094703674316406250e+00 4.433095455169677734e+00 -9.228070259094238281e+00 -1.332025885581970215e+00 -4.387915730476379395e-01 7.041288852691650391e+00 1.899085640907287598e+00 7.908874750137329102e-01
4.571597576141357422e+00 -4.928681850433349609e-01 9.770352363586425781e+00 1.382967472076416016e+00 -4.041709303855895996e-01 -1.066580772399902344e+01 -1.465227413177490234e+01 -5.305500507354736328e+00 1.560283660888671875e+00 -6.928562641143798828e+00 2.155944585800170898e+00 -5.590077400207519531e+00 3.590678930282592773e+00 -2.413288831710815430e+00 3.579855203628540039e+00
2.186756610870361328e+00 -5.191135406494140625e+00 6.995182991027832031e+00 -2.037713289260864258e+00 -1.701735973358154297e+00 -1.284966754913330078e+01 -8.717694282531738281e-01 -5.609012603759765625e+00 -4.334474086761474609e+00 -6.182517051696777344e+00 -3.644452810287475586e+00 5.461619853973388672e+00 3.676990270614624023e+00 -3.395008325576782227e+00 -2.506065607070922852e+00
2.148281335830688477e+00 -3.291154146194458008e+00 4.742804050445556641e+00 6.888440847396850586e-01 -5.351461410522460938e+00 -7.563435554504394531e+00 -7.277431011199951172e+00 -3.656373500823974609e+00 6.711252212524414062e+00 -8.514146804809570312e+00 -6.032955646514892578e-01 -1.151166781783103943e-01 7.064141750335693359e+00 1.623815059661865234e+00 8.786059617996215820e-01
5.361254215240478516e+00 -1.199134960770606995e-01 1.132023429870605469e+01 2.408312559127807617e+00 4.779357314109802246e-01 -1.049654006958007812e+01 -1.538704776763916016e+01 -3.944164514541625977e+00 1.756564617156982422e+00 -7.312932491302490234e+00 2.227561235427856445e+00 -5.379269123077392578e+00 3.080534696578979492e+00 -2.480207920074462891e+00 3.602610111236572266e+00
3.680832147598266602e+00 -6.397771239280700684e-01 8.425436019897460938e+00 8.279292583465576172e-01 -7.266659140586853027e-01 -8.936920166015625000e+00 -1.455988025665283203e+01 -4.533201694488525391e+00 1.838612556457519531e+00 -5.826875209808349609e+00 2.606271743774414062e+00 -5.517863273620605469e+00 4.516080856323242188e+00 -2.847852945327758789e+00 3.195321321487426758e+00
-1.730726063251495361e-01 4.426035404205322266e+00 6.898883342742919922e+00 -1.056281328201293945e+00 -7.565756320953369141e+00 -3.643750190734863281e+00 -1.820229172706604004e+00 -4.047146320343017578e+00 2.060136318206787109e+00 -9.078398704528808594e+00 -3.590916156768798828e+00 6.354030132293701172e+00 5.164147377014160156e+00 8.356554508209228516e-01 5.090461254119873047e+00
1.939749836921691895e+00 8.910742402076721191e-01 1.030795383453369141e+01 -3.422389507293701172e+00 -1.306346654891967773e+00 -6.122305393218994141e+00 -1.247764945030212402e+00 -6.163430690765380859e+00 -6.571012020111083984e+00 -8.428996086120605469e+00 2.670195817947387695e+00 -3.402838408946990967e-01 -3.977952599525451660e-01 -3.538689851760864258e+00 -1.109402179718017578e+00
-2.257629394531250000e+00 5.543548464775085449e-01 5.833391666412353516e+00 1.245441317558288574e+00 -6.707633972167968750e+00 -6.413382530212402344e+00 -8.967741012573242188e+00 -5.199929237365722656e+00 -2.910936117172241211e+00 -8.616094589233398438e+00 -1.074428111314773560e-01 -1.980218648910522461e+00 2.094063282012939453e+00 2.504988670349121094e+00 5.020398616790771484e+00
-1.587012052536010742e+00 2.042945772409439087e-01 4.567647457122802734e+00 9.538710117340087891e-01 -4.937439441680908203e+00 -6.091797828674316406e+00 -9.368557929992675781e+00 -4.324539661407470703e+00 -1.383220195770263672e+00 -9.449819564819335938e+00 -3.204731345176696777e-01 -3.531736135482788086e+00 8.395227193832397461e-01 2.532788038253784180e+00 5.490235328674316406e+00
-8.954080939292907715e-02 3.539446115493774414e+00 5.976028919219970703e+00 -7.685036659240722656e-01 -6.326512336730957031e+00 -4.016602993011474609e+00 -1.575106263160705566e+00 -4.662856101989746094e+00 1.561752200126647949e+00 -1.009346961975097656e+01 -3.420905351638793945e+00 6.425375461578369141e+00 5.080417633056640625e+00 6.435597538948059082e-01 5.004505157470703125e+00
-2.822929382324218750e+00 1.062915325164794922e+00 5.329327106475830078e+00 1.790468931198120117e+00 -6.933106899261474609e+00 -6.545348167419433594e+00 -9.059514999389648438e+00 -4.814222812652587891e+00 -2.355441331863403320e+00 -9.010123252868652344e+00 2.274525612592697144e-01 -2.532087087631225586e+00 2.325526475906372070e+00 2.286488294601440430e+00 5.595701694488525391e+00
2.798623085021972656e+00 -6.766266822814941406e+00 8.309371948242187500e+00 -3.011108636856079102e+00 -1.565714120864868164e+00 -1.137370014190673828e+01 4.055430591106414795e-01 -4.889196395874023438e+00 -2.976740837097167969e+00 -4.803032398223876953e+00 -4.490623474121093750e+00 6.175240039825439453e+00 3.002979755401611328e+00 -1.586517691612243652e+00 -2.177505731582641602e+00
1.746175289154052734e+00 -1.601252555847167969e+00 1.131584358215332031e+01 -3.670949637889862061e-01 -3.335469484329223633e+00 -2.660169124603271484e+00 -1.187817859649658203e+01 -7.952575206756591797e+00 1.759747147560119629e+00 -6.264248371124267578e+00 -5.618600845336914062e-01 -3.559540271759033203e+00 4.201594352722167969e+00 -2.278703451156616211e+00 -3.151734828948974609e+00
-4.315568506717681885e-01 3.790375709533691406e+00 6.153162002563476562e+00 -1.065716028213500977e+00 -6.277153968811035156e+00 -4.878994464874267578e+00 -9.237449169158935547e-01 -5.553009510040283203e+00 1.668946981430053711e+00 -1.057673740386962891e+01 -3.197925090789794922e+00 6.855835437774658203e+00 4.730684280395507812e+00 1.180779337882995605e+00 4.331459522247314453e+00
-3.591127693653106689e-01 3.800302505493164062e+00 6.138483524322509766e+00 -9.419035911560058594e-01 -6.676619529724121094e+00 -2.575303077697753906e+00 -1.749914169311523438e+00 -3.931013584136962891e+00 1.056004643440246582e+00 -1.007442665100097656e+01 -2.574392318725585938e+00 6.839727878570556641e+00 4.400429725646972656e+00 1.655465126037597656e+00 4.270526409149169922e+00
1.505575537681579590e+00 4.058725237846374512e-01 8.088047981262207031e+00 -2.242085456848144531e+00 -1.431429862976074219e+00 -6.719977378845214844e+00 -1.824568390846252441e+00 -5.060028553009033203e+00 -6.287636280059814453e+00 -9.016712188720703125e+00 2.856269598007202148e+00 -1.161996245384216309e+00 -1.340727925300598145e+00 -4.544634342193603516e+00 -6.976526975631713867e-01
-2.803913831710815430e+00 1.102726697921752930e+00 5.478445529937744141e+00 1.559447288513183594e+00 -6.962508201599121094e+00 -5.542866230010986328e+00 -7.769647598266601562e+00 -3.957744121551513672e+00 -1.884173393249511719e+00 -8.523015022277832031e+00 6.063716486096382141e-02 -3.252481698989868164e+00 1.856497406959533691e+00 2.416488885879516602e+00 5.671464443206787109e+00
-3.564637660980224609e+00 -2.638833999633789062e+00 1.096352481842041016e+01 3.752220630645751953e+00 -5.526397705078125000e+00 -9.141248464584350586e-01 -9.555930137634277344e+00 -7.641021013259887695e-01 6.219748497009277344e+00 -6.273056507110595703e+00 -6.270715713500976562e+00 -9.529901742935180664e-01 -1.290330663323402405e-03 1.705629706382751465e+00 -1.924421191215515137e+00
2.656329631805419922e+00 -6.644589424133300781e+00 8.023750305175781250e+00 -2.934764146804809570e+00 -1.337662339210510254e+00 -1.253445529937744141e+01 8.173341751098632812e-01 -5.481622695922851562e+00 -5.065709114074707031e+00 -4.657414913177490234e+00 -4.581912994384765625e+00 6.105297088623046875e+00 3.617268323898315430e+00 -1.471760153770446777e+00 -2.716649532318115234e+00
2.634545087814331055e+00 -2.807291030883789062e+00 9.141010284423828125e+00 -5.212790012359619141e+00 -6.929585933685302734e+00 -1.483247280120849609e+00 -3.032079696655273438e+00 -1.099132442474365234e+01 -2.494776725769042969e+00 -5.461763858795166016e+00 1.518855333328247070e+00 2.930231809616088867e+00 4.772787094116210938e+00 -2.964981317520141602e+00 2.851591825485229492e+00
-3.595842838287353516e+00 -1.886820077896118164e+00 1.044546222686767578e+01 3.815539598464965820e+00 -5.023415088653564453e+00 -8.256514072418212891e-01 -9.123519897460937500e+00 -1.576038897037506104e-01 5.171965122222900391e+00 -5.785341262817382812e+00 -6.373913764953613281e+00 5.725256800651550293e-01 -1.040697172284126282e-01 2.367167711257934570e+00 -1.368911027908325195e+00
1.564648389816284180e+00 8.133735507726669312e-02 9.336569786071777344e+00 -2.370246171951293945e+00 -1.717303752899169922e+00 -5.967977046966552734e+00 -1.811943769454956055e+00 -3.755554676055908203e+00 -5.872031211853027344e+00 -8.248042106628417969e+00 3.224888086318969727e+00 1.475728489458560944e-02 -2.123017460107803345e-01 -3.602155447006225586e+00 -9.438380002975463867e-01
-3.315121650695800781e+00 1.220751166343688965e+00 6.059919357299804688e+00 2.127596139907836914e+00 -8.154744148254394531e+00 -5.524982452392578125e+00 -7.756385326385498047e+00 -4.343513965606689453e+00 -2.119990110397338867e+00 -8.320806503295898438e+00 -1.619448810815811157e-01 -3.684574842453002930e+00 3.828417062759399414e-01 2.738693237304687500e+00 5.228331089019775391e+00
2.471410036087036133e+00 -3.898276090621948242e+00 4.390743255615234375e+00 9.718585014343261719e-01 -5.903649330139160156e+00 -8.634677886962890625e+00 -8.282626152038574219e+00 -3.924411058425903320e+00 4.955907344818115234e+00 -8.635887145996093750e+00 -2.699061155319213867e+00 -4.613660275936126709e-01 6.115239143371582031e+00 1.197042226791381836e+00 -1.024720370769500732e-01
2.552762031555175781e+00 -5.897255897521972656e+00 7.775036334991455078e+00 -2.505564928054809570e+00 -1.556912183761596680e+00 -1.302944946289062500e+01 -1.888057708740234375e+00 -6.106695175170898438e+00 -3.745512247085571289e+00 -6.309742450714111328e+00 -4.182652950286865234e+00 6.039725780487060547e+00 3.579967975616455078e+00 -2.751488208770751953e+00 -2.450328111648559570e+00
-4.120758175849914551e-01 3.621750831604003906e+00 6.078750133514404297e+00 -9.538362026214599609e-01 -6.356612205505371094e+00 -3.791787385940551758e+00 -1.765801668167114258e+00 -3.974884986877441406e+00 1.626657962799072266e+00 -9.899866104125976562e+00 -3.031811952590942383e+00 7.095277309417724609e+00 5.100073337554931641e+00 1.475151538848876953e+00 4.471779823303222656e+00
-3.028761148452758789e+00 -2.476138353347778320e+00 9.805857658386230469e+00 3.063119649887084961e+00 -4.975666046142578125e+00 -2.252254247665405273e+00 -1.013710498809814453e+01 -1.534670710563659668e+00 5.089626312255859375e+00 -7.478600978851318359e+00 -6.242447853088378906e+00 -9.562324881553649902e-01 -1.339488178491592407e-01 2.340360403060913086e+00 -1.544787645339965820e+00
2.672487497329711914e+00 -4.306704998016357422e+00 4.678842067718505859e+00 1.184305667877197266e+00 -6.827464103698730469e+00 -7.922572135925292969e+00 -6.887237548828125000e+00 -3.322190284729003906e+00 5.802120208740234375e+00 -8.535732269287109375e+00 -1.318711280822753906e+00 -2.337681800127029419e-01 7.055243968963623047e+00 1.572427034378051758e+00 8.003739118576049805e-01
2.597880840301513672e+00 -5.625662803649902344e+00 8.229065895080566406e+00 -2.478460550308227539e+00 -1.984846115112304688e+00 -1.337398815155029297e+01 -1.911652386188507080e-01 -5.494226455688476562e+00 -4.016026020050048828e+00 -5.882719516754150391e+00 -4.796455860137939453e+00 4.978624820709228516e+00 4.435738563537597656e+00 -3.649030923843383789e+00 -2.479975461959838867e+00
1.431687116622924805e+00 -1.498212099075317383e+00 9.769661903381347656e+00 -4.593375623226165771e-01 -2.999760389328002930e+00 -4.518260478973388672e+00 -1.141203308105468750e+01 -8.420025825500488281e+00 1.940495252609252930e+00 -5.819509029388427734e+00 -7.454110980033874512e-01 -1.607926011085510254e+00 5.020111560821533203e+00 -2.733800649642944336e+00 -5.148897171020507812e+00
-3.288587808609008789e+00 1.269841909408569336e+00 5.937426090240478516e+00 2.066559076309204102e+00 -7.867280006408691406e+00 -7.768699169158935547e+00 -9.217697143554687500e+00 -4.884782314300537109e+00 -2.611619949340820312e+00 -9.210920333862304688e+00 1.710347384214401245e-01 -3.118258237838745117e+00 2.511117219924926758e+00 2.161619424819946289e+00 5.500237941741943359e+00
1.789082407951354980e+00 -2.130921840667724609e+00 8.191864967346191406e+00 -3.596726894378662109e+00 -5.164299488067626953e+00 -1.297605752944946289e+00 -3.585101604461669922e+00 -1.093214893341064453e+01 -1.684062600135803223e+00 -4.163882255554199219e+00 2.285366058349609375e+00 2.852406024932861328e+00 4.695966720581054688e+00 -1.591753840446472168e+00 1.606233954429626465e+00
2.449918031692504883e+00 -6.210239410400390625e+00 8.200332641601562500e+00 -2.499224662780761719e+00 -1.972318291664123535e+00 -1.311076354980468750e+01 -1.439635276794433594e+00 -4.210946559906005859e+00 -4.029341697692871094e+00 -6.294583320617675781e+00 -3.807946681976318359e+00 5.769485950469970703e+00 3.822510004043579102e+00 -3.009746313095092773e+00 -1.754065871238708496e+00
-1.603025436401367188e+00 -1.503577709197998047e+00 6.996997356414794922e+00 1.598714470863342285e+00 -3.858640432357788086e+00 -1.941859960556030273e+00 -8.909967422485351562e+00 -3.672271072864532471e-01 3.836932182312011719e+00 -6.603695392608642578e+00 -5.650333404541015625e+00 -2.063861608505249023e+00 -3.196071386337280273e-01 2.313534021377563477e+00 -4.941649138927459717e-01
2.678226709365844727e+00 -2.778761982917785645e-01 7.068733215332031250e+00 5.724970102310180664e-01 -9.287196993827819824e-01 -1.065198135375976562e+01 -1.446904277801513672e+01 -4.963276386260986328e+00 1.214333057403564453e+00 -6.688514709472656250e+00 1.960951685905456543e+00 -5.677276611328125000e+00 3.739229679107666016e+00 -2.382146120071411133e+00 2.834894418716430664e+00
5.051240444183349609e+00 -4.188254177570343018e-01 1.072497653961181641e+01 1.762972116470336914e+00 -2.639794945716857910e-01 -9.696060180664062500e+00 -1.411821556091308594e+01 -4.876880645751953125e+00 1.531681418418884277e+00 -6.770853996276855469e+00 1.482877731323242188e+00 -5.863834857940673828e+00 3.885455846786499023e+00 -2.577356100082397461e+00 2.966261863708496094e+00
2.329580307006835938e+00 -2.239230632781982422e+00 8.380305290222167969e+00 -4.572385787963867188e+00 -6.182722091674804688e+00 -9.932951331138610840e-01 -2.472009658813476562e+00 -1.234662914276123047e+01 -3.263178825378417969e+00 -5.121191978454589844e+00 1.337809801101684570e+00 3.140510797500610352e+00 4.119880676269531250e+00 -2.959303617477416992e+00 2.547067165374755859e+00
3.934941768646240234e+00 -1.035750293731689453e+01 9.941184997558593750e+00 -5.242800235748291016e+00 -6.879035234451293945e-01 -1.213936614990234375e+01 9.403288364410400391e-01 -5.670639514923095703e+00 -4.564704418182373047e+00 -4.120833396911621094e+00 -4.465230941772460938e+00 6.436256885528564453e+00 3.208230495452880859e+00 -2.424767017364501953e+00 -1.799018263816833496e+00
-3.501574993133544922e+00 -2.526767730712890625e+00 9.777432441711425781e+00 3.933035135269165039e+00 -5.156069278717041016e+00 -6.436673402786254883e-01 -9.093066215515136719e+00 -1.158825039863586426e+00 5.320498943328857422e+00 -6.349469661712646484e+00 -5.914083003997802734e+00 -7.953470349311828613e-01 8.951138705015182495e-02 2.429052829742431641e+00 -2.121551752090454102e+00
-2.042774260044097900e-01 4.469995498657226562e+00 6.533902645111083984e+00 -1.233438014984130859e+00 -7.499245166778564453e+00 -3.943856954574584961e+00 -2.298752546310424805e+00 -3.762423515319824219e+00 1.854814171791076660e+00 -1.086419486999511719e+01 -2.711097240447998047e+00 6.730972766876220703e+00 4.282484054565429688e+00 1.642812371253967285e+00 4.152850627899169922e+00
2.149317979812622070e+00 -5.097682476043701172e+00 6.728247642517089844e+00 -2.177855730056762695e+00 -1.702466011047363281e+00 -1.034720706939697266e+01 4.540044963359832764e-01 -3.930176258087158203e+00 -4.549971580505371094e+00 -2.617003440856933594e+00 -3.777911901473999023e+00 5.509600639343261719e+00 2.993138313293457031e+00 -2.699509382247924805e+00 -2.655309200286865234e+00
1.348870158195495605e+00 -1.438052892684936523e+00 9.280447959899902344e+00 -4.009725153446197510e-01 -2.855798482894897461e+00 -3.575026512145996094e+00 -1.214571380615234375e+01 -8.412068367004394531e+00 2.405748367309570312e+00 -7.070971965789794922e+00 -9.338133931159973145e-01 -2.613354444503784180e+00 5.149208545684814453e+00 -2.953431844711303711e+00 -3.937868118286132812e+00
2.171300888061523438e+00 -4.937661647796630859e+00 6.808948040008544922e+00 -2.076553821563720703e+00 -1.546597719192504883e+00 -1.105873012542724609e+01 -1.006849765777587891e+00 -4.700810909271240234e+00 -3.455332040786743164e+00 -4.548838138580322266e+00 -5.196718215942382812e+00 6.044020175933837891e+00 3.452747106552124023e+00 -1.793689131736755371e+00 -2.052515268325805664e+00
2.089253187179565430e+00 -2.215286016464233398e+00 7.070969581604003906e+00 -4.164022445678710938e+00 -5.563251972198486328e+00 -3.439906358718872070e+00 -3.171929359436035156e+00 -1.107480144500732422e+01 -3.972603976726531982e-01 -4.269142627716064453e+00 1.397106885910034180e+00 2.920776844024658203e+00 4.603169918060302734e+00 -1.965820074081420898e+00 2.409886598587036133e+00
-2.545554399490356445e+00 -2.457664251327514648e+00 9.778281211853027344e+00 2.722298860549926758e+00 -5.058426856994628906e+00 -1.137318968772888184e+00 -1.029626846313476562e+01 -5.336955934762954712e-02 5.663168430328369141e+00 -5.971209049224853516e+00 -5.364156723022460938e+00 -1.286855340003967285e+00 1.273925155401229858e-01 2.294005393981933594e+00 -1.774586796760559082e+00
-3.729948043823242188e+00 -2.331204891204833984e+00 9.984649658203125000e+00 3.930941104888916016e+00 -4.724597930908203125e+00 -7.964297533035278320e-01 -9.610102653503417969e+00 -3.539155125617980957e-01 4.935712814331054688e+00 -5.395287990570068359e+00 -5.733635425567626953e+00 -1.772359251976013184e+00 5.005331039428710938e-01 2.368682146072387695e+00 -1.059930682182312012e+00
-2.531393468379974365e-01 2.192156553268432617e+00 8.776791572570800781e+00 -7.630125284194946289e-01 -5.297904014587402344e+00 -4.537866711616516113e-01 -6.302189350128173828e+00 -4.722319602966308594e+00 2.285568714141845703e+00 -4.499264717102050781e+00 -4.734565734863281250e+00 4.941917896270751953e+00 -3.170440912246704102e+00 2.096387863159179688e+00 5.713251590728759766e+00
-1.965167045593261719e+00 -2.394667863845825195e+00 9.745984077453613281e+00 2.168398141860961914e+00 -5.099513053894042969e+00 -8.213002681732177734e-01 -9.068973541259765625e+00 -7.572841644287109375e-01 6.252178192138671875e+00 -5.337934017181396484e+00 -5.900250911712646484e+00 -1.343693852424621582e+00 -1.032254770398139954e-01 2.378618240356445312e+00 -1.433718919754028320e+00
1.702738404273986816e+00 -2.732857465744018555e+00 4.654210567474365234e+00 2.041269242763519287e-01 -3.744787931442260742e+00 -9.755681991577148438e+00 -6.637913703918457031e+00 -4.270455837249755859e+00 5.196746826171875000e+00 -7.620705127716064453e+00 -2.611683845520019531e+00 -5.290596932172775269e-02 6.221861362457275391e+00 1.652897953987121582e+00 -4.862345159053802490e-01
2.741454601287841797e+00 -4.297035694122314453e+00 4.472184658050537109e+00 1.204110026359558105e+00 -6.203011035919189453e+00 -8.017676353454589844e+00 -6.549259185791015625e+00 -3.767026424407958984e+00 6.342308998107910156e+00 -8.833276748657226562e+00 -2.381385564804077148e+00 -2.118122428655624390e-01 6.869359970092773438e+00 1.500723838806152344e+00 1.972351968288421631e-01
-1.442047357559204102e+00 -1.591408967971801758e+00 7.549645900726318359e+00 1.463250875473022461e+00 -4.005516529083251953e+00 -2.463997602462768555e+00 -1.058516502380371094e+01 -9.347404837608337402e-01 4.719193935394287109e+00 -6.662076950073242188e+00 -6.400471687316894531e+00 -6.259311437606811523e-01 -2.338649183511734009e-01 2.071020364761352539e+00 -1.010899186134338379e+00
-3.443003654479980469e+00 -1.951205730438232422e+00 1.048727130889892578e+01 3.682201147079467773e+00 -5.478844642639160156e+00 -1.899680018424987793e+00 -9.738511085510253906e+00 -2.206678688526153564e-01 2.564989566802978516e+00 -4.733537673950195312e+00 -5.331565380096435547e+00 -1.703460812568664551e+00 7.196774706244468689e-03 2.680759429931640625e+00 -1.539327263832092285e+00
2.892985105514526367e+00 -4.855379104614257812e+00 4.685173511505126953e+00 1.162305712699890137e+00 -7.190895080566406250e+00 -8.569694519042968750e+00 -6.935077190399169922e+00 -3.048766374588012695e+00 4.781577587127685547e+00 -9.451970100402832031e+00 -7.921253442764282227e-01 1.374972313642501831e-01 8.244517326354980469e+00 1.848981738090515137e+00 1.149613976478576660e+00
-7.947173714637756348e-02 3.609764814376831055e+00 6.046651363372802734e+00 -8.852505683898925781e-01 -6.305827140808105469e+00 -4.597492218017578125e+00 -1.856155276298522949e+00 -5.837473392486572266e+00 1.320564508438110352e+00 -9.844188690185546875e+00 -3.580382108688354492e+00 6.488888740539550781e+00 5.334086894989013672e+00 1.308129072189331055e+00 4.224564075469970703e+00
-4.406776428222656250e+00 1.748905181884765625e+00 8.913920402526855469e+00 2.927414178848266602e+00 -1.163640689849853516e+01 -5.884126186370849609e+00 -7.822880744934082031e+00 -5.233544826507568359e+00 -2.804951667785644531e+00 -7.846204280853271484e+00 -1.068834811449050903e-01 -3.006600618362426758e+00 1.679062843322753906e+00 2.559998035430908203e+00 6.219359874725341797e+00
1.903340578079223633e+00 -1.631148815155029297e+00 1.240456390380859375e+01 -4.061541855335235596e-01 -3.715984821319580078e+00 -3.931168317794799805e+00 -1.255140781402587891e+01 -9.187510490417480469e+00 2.126410484313964844e+00 -6.849835872650146484e+00 -3.561810851097106934e-01 -2.216687202453613281e+00 5.313135623931884766e+00 -2.985826492309570312e+00 -4.476132869720458984e+00
-1.838067770004272461e+00 -1.483095526695251465e+00 7.270626544952392578e+00 1.743809700012207031e+00 -3.773101091384887695e+00 -1.564630031585693359e+00 -1.047979640960693359e+01 -1.083297491073608398e+00 5.758194923400878906e+00 -6.355698108673095703e+00 -6.276886940002441406e+00 -1.188255622982978821e-01 3.760473728179931641e-01 2.724804878234863281e+00 -1.431538939476013184e+00
-2.725395679473876953e+00 -2.236160993576049805e+00 9.777171134948730469e+00 3.012097120285034180e+00 -5.045966148376464844e+00 -2.237434387207031250e+00 -1.062086296081542969e+01 -6.494714617729187012e-01 5.175920963287353516e+00 -7.943433284759521484e+00 -5.718343734741210938e+00 -1.916170239448547363e+00 9.419774264097213745e-02 2.205157518386840820e+00 -8.313833475112915039e-01
3.096936225891113281e+00 -2.288444995880126953e+00 1.078814983367919922e+01 -8.221320152282714844e+00 -9.345879554748535156e+00 -2.718995332717895508e+00 -3.980425357818603516e+00 -1.172131156921386719e+01 -2.416882276535034180e+00 -6.068138599395751953e+00 1.414953351020812988e+00 2.675160408020019531e+00 4.392394065856933594e+00 -2.193659543991088867e+00 2.312616348266601562e+00
3.239292860031127930e+00 -7.256771326065063477e-01 8.090743064880371094e+00 5.469607114791870117e-01 -9.982433915138244629e-01 -9.635734558105468750e+00 -1.393013477325439453e+01 -5.867008686065673828e+00 1.102754592895507812e+00 -5.884393215179443359e+00 2.855997562408447266e+00 -5.533238887786865234e+00 4.000198364257812500e+00 -1.824201822280883789e+00 2.868183135986328125e+00
2.243925333023071289e+00 -3.642477035522460938e+00 5.812426090240478516e+00 6.697361469268798828e-01 -5.974568367004394531e+00 -9.271231651306152344e+00 -7.299881458282470703e+00 -3.940073966979980469e+00 5.773592948913574219e+00 -8.179656982421875000e+00 -1.655546545982360840e+00 -4.949862658977508545e-01 5.986484050750732422e+00 1.620449900627136230e+00 7.940539121627807617e-01
-2.240539073944091797e+00 -2.123359918594360352e+00 8.301263809204101562e+00 2.296092033386230469e+00 -4.173649787902832031e+00 -2.144902229309082031e+00 -1.003760051727294922e+01 -3.257129490375518799e-01 5.560838222503662109e+00 -6.565136432647705078e+00 -6.153782844543457031e+00 -8.025763630867004395e-01 -2.088053375482559204e-01 3.008716583251953125e+00 -9.690806865692138672e-01
2.871013164520263672e+00 -5.722368717193603516e+00 7.838554382324218750e+00 -2.434468984603881836e+00 -1.435022950172424316e+00 -1.277894973754882812e+01 -3.771827518939971924e-01 -5.132022380828857422e+00 -4.833151340484619141e+00 -5.812941074371337891e+00 -4.586173057556152344e+00 5.847453594207763672e+00 3.753284454345703125e+00 -2.349571466445922852e+00 -2.899920225143432617e+00
1.572011470794677734e+00 -2.184336900711059570e+00 6.864663600921630859e+00 -3.035953283309936523e+00 -4.481437683105468750e+00 2.800291776657104492e-01 -2.429873943328857422e+00 -1.163574409484863281e+01 -4.199462413787841797e+00 -4.386590480804443359e+00 1.433026313781738281e+00 2.394570589065551758e+00 4.644601821899414062e+00 -2.617706775665283203e+00 2.785328626632690430e+00
4.409278392791748047e+00 -5.995180010795593262e-01 9.618839263916015625e+00 1.303664088249206543e+00 -4.344964623451232910e-01 -1.085587596893310547e+01 -1.507613563537597656e+01 -7.063709735870361328e+00 5.732909440994262695e-01 -7.064164638519287109e+00 2.494967460632324219e+00 -5.075334548950195312e+00 4.018121719360351562e+00 -2.258703947067260742e+00 2.873613595962524414e+00
2.023663759231567383e+00 2.110979557037353516e+00 1.255287170410156250e+01 -4.635962486267089844e+00 -1.016368985176086426e+00 -6.014633655548095703e+00 -2.203964233398437500e+00 -3.584612846374511719e+00 -6.325562953948974609e+00 -7.801641464233398438e+00 2.876894950866699219e+00 1.344573944807052612e-01 -6.510895490646362305e-01 -4.022345542907714844e+00 -6.436035633087158203e-01
1.762536525726318359e+00 -2.490056514739990234e+00 6.796542644500732422e+00 -2.310467481613159180e+00 -3.920605182647705078e+00 -1.349795818328857422e+00 -3.373267173767089844e+00 -1.022843647003173828e+01 -2.505243539810180664e+00 -4.606919765472412109e+00 1.986690282821655273e+00 3.082042217254638672e+00 4.219485282897949219e+00 -2.468667268753051758e+00 2.095226764678955078e+00
1.654604554176330566e+00 1.316849142313003540e-01 9.755422592163085938e+00 -2.570107698440551758e+00 -1.660153031349182129e+00 -5.560481548309326172e+00 -1.429840564727783203e+00 -3.970803499221801758e+00 -7.963260650634765625e+00 -8.629903793334960938e+00 3.411824941635131836e+00 -2.953461706638336182e-01 -5.668253302574157715e-01 -3.919275999069213867e+00 -9.163353443145751953e-01
2.453756332397460938e+00 -3.887477636337280273e+00 3.996589183807373047e+00 7.010537385940551758e-01 -6.818738937377929688e+00 -8.153136253356933594e+00 -6.497994422912597656e+00 -3.839588165283203125e+00 5.554255008697509766e+00 -8.154354095458984375e+00 -2.223463296890258789e+00 1.770287901163101196e-01 6.621477127075195312e+00 1.129723072052001953e+00 3.558022677898406982e-01
-2.333502531051635742e+00 -2.015944957733154297e+00 8.745998382568359375e+00 2.419081687927246094e+00 -4.578729152679443359e+00 -1.406659007072448730e+00 -1.022279262542724609e+01 -1.266100049018859863e+00 5.355621337890625000e+00 -6.380046844482421875e+00 -5.989872932434082031e+00 -1.245311141014099121e+00 -3.228605389595031738e-01 2.075957775115966797e+00 -2.101460695266723633e+00
-3.827280700206756592e-01 3.778440952301025391e+00 5.733579635620117188e+00 -9.835484027862548828e-01 -6.211300373077392578e+00 -3.727475881576538086e+00 -1.767730236053466797e+00 -4.761868000030517578e+00 2.441885232925415039e+00 -1.075860691070556641e+01 -3.206849336624145508e+00 6.526288032531738281e+00 5.015867710113525391e+00 9.260373711585998535e-01 4.301183223724365234e+00
-3.253931045532226562e+00 1.274174094200134277e+00 6.165180683135986328e+00 2.000488281250000000e+00 -8.193547248840332031e+00 -6.287394046783447266e+00 -8.865135192871093750e+00 -4.275442600250244141e+00 -1.881819486618041992e+00 -8.654464721679687500e+00 -2.973145544528961182e-01 -2.458268404006958008e+00 2.166602849960327148e+00 2.992479562759399414e+00 5.384112358093261719e+00
