3.218520060181617737e-02 2.330895066261291504e-01 1.510300785303115845e-01 3.830372542142868042e-02 8.343078494071960449e-01 2.261842638254165649e-01 -1.613741219043731689e-01 -2.853704094886779785e-01 1.901316791772842407e-01 -6.900237202644348145e-01 -8.720763772726058960e-02 -9.990489482879638672e-02 -2.462384998798370361e-01 4.528621733188629150e-01 -4.257289767265319824e-01
2.588633075356483459e-02 2.303571999073028564e-01 1.594193279743194580e-01 4.287873953580856323e-02 8.327392339706420898e-01 2.368717491626739502e-01 -1.620900034904479980e-01 -2.863767445087432861e-01 1.920493692159652710e-01 -6.868916749954223633e-01 -9.149741381406784058e-02 -9.812429547309875488e-02 -2.486404627561569214e-01 4.480229318141937256e-01 -4.188015460968017578e-01
1.965420320630073547e-02 2.300989627838134766e-01 1.655150949954986572e-01 4.337324947118759155e-02 8.360880017280578613e-01 2.452378422021865845e-01 -1.655305474996566772e-01 -2.852937877178192139e-01 1.969357579946517944e-01 -6.857466697692871094e-01 -9.240134805440902710e-02 -9.850071370601654053e-02 -2.523492872714996338e-01 4.436046481132507324e-01 -4.131193161010742188e-01
4.768458381295204163e-02 2.360787689685821533e-01 1.414010077714920044e-01 2.926329337060451508e-02 8.287321329116821289e-01 2.128902971744537354e-01 -1.616986244916915894e-01 -2.774422466754913330e-01 1.821477413177490234e-01 -6.859887838363647461e-01 -8.284576982259750366e-02 -1.000389754772186279e-01 -2.503994405269622803e-01 4.562060236930847168e-01 -4.317420125007629395e-01
3.585102036595344543e-02 2.343109250068664551e-01 1.493424177169799805e-01 3.550375252962112427e-02 8.342021107673645020e-01 2.252013385295867920e-01 -1.627711504697799683e-01 -2.833303511142730713e-01 1.889593601226806641e-01 -6.882891654968261719e-01 -8.502038568258285522e-02 -1.005191206932067871e-01 -2.497727274894714355e-01 4.527656137943267822e-01 -4.263019561767578125e-01
2.305996790528297424e-02 2.308588027954101562e-01 1.649120301008224487e-01 4.022585600614547729e-02 8.338140845298767090e-01 2.433501929044723511e-01 -1.669167578220367432e-01 -2.808971107006072998e-01 1.952152848243713379e-01 -6.828984022140502930e-01 -9.245192259550094604e-02 -9.785610437393188477e-02 -2.551363706588745117e-01 4.425247609615325928e-01 -4.122413992881774902e-01
3.307600691914558411e-02 2.325620651245117188e-01 1.558947265148162842e-01 3.701903671026229858e-02 8.309131860733032227e-01 2.322757393121719360e-01 -1.647669076919555664e-01 -2.805697917938232422e-01 1.890950202941894531e-01 -6.836406588554382324e-01 -8.919992297887802124e-02 -9.793522953987121582e-02 -2.536402940750122070e-01 4.479204118251800537e-01 -4.195041656494140625e-01
1.582612469792366028e-02 2.290036380290985107e-01 1.691941618919372559e-01 4.615086317062377930e-02 8.366333842277526855e-01 2.499880790710449219e-01 -1.656414866447448730e-01 -2.870545089244842529e-01 1.985229551792144775e-01 -6.857019066810607910e-01 -9.394540637731552124e-02 -9.796662628650665283e-02 -2.523959875106811523e-01 4.415310025215148926e-01 -4.104753434658050537e-01
3.665005043148994446e-02 2.328385114669799805e-01 1.546220183372497559e-01 3.550346940755844116e-02 8.284549117088317871e-01 2.302197664976119995e-01 -1.647218912839889526e-01 -2.785217463970184326e-01 1.866680830717086792e-01 -6.816452145576477051e-01 -8.914577215909957886e-02 -9.737172722816467285e-02 -2.551026940345764160e-01 4.479628503322601318e-01 -4.199320673942565918e-01
2.749099209904670715e-02 2.310127019882202148e-01 1.600234657526016235e-01 3.939294815063476562e-02 8.311205506324768066e-01 2.354763895273208618e-01 -1.645411550998687744e-01 -2.806670069694519043e-01 1.916637569665908813e-01 -6.843885183334350586e-01 -9.244357794523239136e-02 -9.710425138473510742e-02 -2.511937916278839111e-01 4.460186362266540527e-01 -4.164303243160247803e-01
4.071998968720436096e-02 2.341603338718414307e-01 1.505510509014129639e-01 2.876797132194042206e-02 8.275173902511596680e-01 2.228489816188812256e-01 -1.660605669021606445e-01 -2.711556255817413330e-01 1.864206343889236450e-01 -6.807312965393066406e-01 -8.698789030313491821e-02 -9.838487207889556885e-02 -2.552802562713623047e-01 4.496280848979949951e-01 -4.220557212829589844e-01
3.957292810082435608e-02 2.342912256717681885e-01 1.477659195661544800e-01 3.260176628828048706e-02 8.302747607231140137e-01 2.203873544931411743e-01 -1.628500819206237793e-01 -2.782780230045318604e-01 1.864272207021713257e-01 -6.860691308975219727e-01 -8.627314120531082153e-02 -9.913796186447143555e-02 -2.496427297592163086e-01 4.529043138027191162e-01 -4.264235496520996094e-01
2.486303821206092834e-02 2.289324104785919189e-01 1.639377623796463013e-01 4.493133723735809326e-02 8.295204043388366699e-01 2.417340725660324097e-01 -1.627300232648849487e-01 -2.853373289108276367e-01 1.909805089235305786e-01 -6.833229660987854004e-01 -9.461721032857894897e-02 -9.595024585723876953e-02 -2.512332499027252197e-01 4.445212483406066895e-01 -4.143604040145874023e-01
1.448263600468635559e-02 2.285958528518676758e-01 1.690184026956558228e-01 4.832525551319122314e-02 8.376224637031555176e-01 2.504021525382995605e-01 -1.643761098384857178e-01 -2.902288138866424561e-01 1.988004893064498901e-01 -6.876038908958435059e-01 -9.382572025060653687e-02 -9.821665287017822266e-02 -2.503138780593872070e-01 4.425523877143859863e-01 -4.116398692131042480e-01
3.483519330620765686e-02 2.332126498222351074e-01 1.533737927675247192e-01 3.351119160652160645e-02 8.306651115417480469e-01 2.275707125663757324e-01 -1.648358255624771118e-01 -2.769200801849365234e-01 1.892284005880355835e-01 -6.838269829750061035e-01 -8.822684735059738159e-02 -9.883108735084533691e-02 -2.525723874568939209e-01 4.493958950042724609e-01 -4.212965965270996094e-01
3.577494993805885315e-02 2.331325113773345947e-01 1.538981944322586060e-01 3.288436681032180786e-02 8.293023109436035156e-01 2.277801036834716797e-01 -1.652677804231643677e-01 -2.753720879554748535e-01 1.884557604789733887e-01 -6.822968125343322754e-01 -8.873822540044784546e-02 -9.828113019466400146e-02 -2.537922859191894531e-01 4.484944045543670654e-01 -4.203361868858337402e-01
4.423569515347480774e-02 2.340964674949645996e-01 1.471792459487915039e-01 3.255809098482131958e-02 8.256972432136535645e-01 2.189846783876419067e-01 -1.620950549840927124e-01 -2.772817015647888184e-01 1.820389330387115479e-01 -6.831470727920532227e-01 -8.738850802183151245e-02 -9.739272296428680420e-02 -2.515842914581298828e-01 4.523873329162597656e-01 -4.262585639953613281e-01
2.353640273213386536e-02 2.305252552032470703e-01 1.607074588537216187e-01 4.473618417978286743e-02 8.354167342185974121e-01 2.403257191181182861e-01 -1.628793478012084961e-01 -2.894276082515716553e-01 1.936662644147872925e-01 -6.881860494613647461e-01 -9.072522073984146118e-02 -9.850355982780456543e-02 -2.494522780179977417e-01 4.475394487380981445e-01 -4.181268513202667236e-01
2.001506462693214417e-02 2.292888760566711426e-01 1.622645109891891479e-01 4.867786914110183716e-02 8.364678621292114258e-01 2.429520189762115479e-01 -1.614521294832229614e-01 -2.936606407165527344e-01 1.948036104440689087e-01 -6.902945637702941895e-01 -9.161406010389328003e-02 -9.823203086853027344e-02 -2.467184364795684814e-01 4.478990435600280762e-01 -4.180304408073425293e-01
2.572885528206825256e-02 2.297183275222778320e-01 1.634984165430068970e-01 4.251667857170104980e-02 8.297691941261291504e-01 2.405687272548675537e-01 -1.640702486038208008e-01 -2.826566100120544434e-01 1.913065463304519653e-01 -6.826786994934082031e-01 -9.418026357889175415e-02 -9.618633985519409180e-02 -2.525635063648223877e-01 4.440886676311492920e-01 -4.139569997787475586e-01
2.740787342190742493e-02 2.319557964801788330e-01 1.554600447416305542e-01 4.195135086774826050e-02 8.362415432929992676e-01 2.341524958610534668e-01 -1.622838973999023438e-01 -2.888772189617156982e-01 1.925671100616455078e-01 -6.899072527885437012e-01 -8.796107023954391479e-02 -9.977552294731140137e-02 -2.480913549661636353e-01 4.509626328945159912e-01 -4.225063621997833252e-01
2.869367972016334534e-02 2.316346466541290283e-01 1.556374877691268921e-01 4.042879492044448853e-02 8.336046934127807617e-01 2.322340905666351318e-01 -1.618917584419250488e-01 -2.856664657592773438e-01 1.913858652114868164e-01 -6.881546974182128906e-01 -8.929678052663803101e-02 -9.925508499145507812e-02 -2.479028701782226562e-01 4.502775371074676514e-01 -4.219448268413543701e-01
3.821470215916633606e-02 2.338030040264129639e-01 1.493960618972778320e-01 3.361613303422927856e-02 8.300915956497192383e-01 2.224728912115097046e-01 -1.629942953586578369e-01 -2.786460518836975098e-01 1.868570446968078613e-01 -6.856016516685485840e-01 -8.717612177133560181e-02 -9.874194860458374023e-02 -2.499428987503051758e-01 4.519141912460327148e-01 -4.250321388244628906e-01
2.001071348786354065e-02 2.294401526451110840e-01 1.623234450817108154e-01 4.854752123355865479e-02 8.367977142333984375e-01 2.433596849441528320e-01 -1.616381853818893433e-01 -2.937837541103363037e-01 1.949798166751861572e-01 -6.901997327804565430e-01 -9.123469144105911255e-02 -9.845948219299316406e-02 -2.472350299358367920e-01 4.477398693561553955e-01 -4.179897308349609375e-01
1.258995011448860168e-02 2.275241613388061523e-01 1.712419241666793823e-01 5.030760914087295532e-02 8.370713591575622559e-01 2.532346844673156738e-01 -1.642494797706604004e-01 -2.910654246807098389e-01 1.992298364639282227e-01 -6.871016025543212891e-01 -9.521440416574478149e-02 -9.743934869766235352e-02 -2.502746582031250000e-01 4.415924549102783203e-01 -4.099582433700561523e-01
3.266096487641334534e-02 2.338039875030517578e-01 1.516112238168716431e-01 3.598901629447937012e-02 8.351989388465881348e-01 2.276498675346374512e-01 -1.637589335441589355e-01 -2.827423810958862305e-01 1.910641491413116455e-01 -6.884313821792602539e-01 -8.606245368719100952e-02 -1.003272235393524170e-01 -2.496415525674819946e-01 4.515522420406341553e-01 -4.241867363452911377e-01
1.907995715737342834e-02 2.301048636436462402e-01 1.660116463899612427e-01 4.348225891590118408e-02 8.363527655601501465e-01 2.457570433616638184e-01 -1.657435148954391479e-01 -2.852949500083923340e-01 1.973052918910980225e-01 -6.858009099960327148e-01 -9.250494092702865601e-02 -9.848588705062866211e-02 -2.524329721927642822e-01 4.431379735469818115e-01 -4.126664996147155762e-01
5.955632403492927551e-02 2.376890778541564941e-01 1.368505507707595825e-01 1.937354169785976410e-02 8.219672441482543945e-01 2.046038955450057983e-01 -1.651438772678375244e-01 -2.645498216152191162e-01 1.764431446790695190e-01 -6.787707805633544922e-01 -8.034383505582809448e-02 -9.871456027030944824e-02 -2.572194039821624756e-01 4.554046690464019775e-01 -4.319524765014648438e-01
4.092421010136604309e-02 2.340794503688812256e-01 1.493474394083023071e-01 3.154413402080535889e-02 8.278978466987609863e-01 2.218078523874282837e-01 -1.639224290847778320e-01 -2.754410505294799805e-01 1.852621138095855713e-01 -6.829038858413696289e-01 -8.727427572011947632e-02 -9.817214310169219971e-02 -2.525302767753601074e-01 4.508689343929290771e-01 -4.240973591804504395e-01
2.755588665604591370e-02 2.310884594917297363e-01 1.576166152954101562e-01 4.147539287805557251e-02 8.330505490303039551e-01 2.346901446580886841e-01 -1.621433198451995850e-01 -2.857949733734130859e-01 1.915738135576248169e-01 -6.872170567512512207e-01 -9.043758362531661987e-02 -9.865537285804748535e-02 -2.487374544143676758e-01 4.490481913089752197e-01 -4.202427864074707031e-01
4.658753052353858948e-02 2.362300753593444824e-01 1.404113024473190308e-01 3.019181452691555023e-02 8.304882645606994629e-01 2.121527493000030518e-01 -1.608639359474182129e-01 -2.796855866909027100e-01 1.830569952726364136e-01 -6.882287859916687012e-01 -8.209645003080368042e-02 -1.007763445377349854e-01 -2.484096586704254150e-01 4.575415849685668945e-01 -4.333460330963134766e-01
4.466596618294715881e-02 2.348253130912780762e-01 1.463655978441238403e-01 2.929631434381008148e-02 8.267676234245300293e-01 2.176300138235092163e-01 -1.637428104877471924e-01 -2.736926674842834473e-01 1.834261417388916016e-01 -6.825818419456481934e-01 -8.598753064870834351e-02 -9.829211235046386719e-02 -2.526677250862121582e-01 4.522394239902496338e-01 -4.262112379074096680e-01
4.442304745316505432e-02 2.353282272815704346e-01 1.453599184751510620e-01 2.869136445224285126e-02 8.281812071800231934e-01 2.164092957973480225e-01 -1.639033854007720947e-01 -2.738976776599884033e-01 1.841701865196228027e-01 -6.838780045509338379e-01 -8.506896346807479858e-02 -9.895426034927368164e-02 -2.519353330135345459e-01 4.530747830867767334e-01 -4.272679686546325684e-01
3.755900636315345764e-02 2.345249354839324951e-01 1.509095281362533569e-01 3.186587989330291748e-02 8.318976759910583496e-01 2.257821112871170044e-01 -1.655604839324951172e-01 -2.769491672515869141e-01 1.885407865047454834e-01 -6.841421723365783691e-01 -8.577857166528701782e-02 -9.957498311996459961e-02 -2.539491355419158936e-01 4.501816928386688232e-01 -4.230504035949707031e-01
2.638279274106025696e-02 2.297078967094421387e-01 1.625973433256149292e-01 4.281584918498992920e-02 8.297763466835021973e-01 2.399984747171401978e-01 -1.634326279163360596e-01 -2.835816144943237305e-01 1.908807158470153809e-01 -6.830151677131652832e-01 -9.370853751897811890e-02 -9.643420577049255371e-02 -2.521308660507202148e-01 4.450135529041290283e-01 -4.150369763374328613e-01
6.886053830385208130e-03 2.257993221282958984e-01 1.759144514799118042e-01 5.501767992973327637e-02 8.383392691612243652e-01 2.593693137168884277e-01 -1.639211475849151611e-01 -2.947436273097991943e-01 2.015072107315063477e-01 -6.882255673408508301e-01 -9.706962853670120239e-02 -9.670424461364746094e-02 -2.490750253200531006e-01 4.394620060920715332e-01 -4.071118235588073730e-01
2.602856233716011047e-02 2.302083373069763184e-01 1.665827333927154541e-01 4.099861532449722290e-02 8.293887376785278320e-01 2.452873438596725464e-01 -1.665209233760833740e-01 -2.798740565776824951e-01 1.917321383953094482e-01 -6.785699725151062012e-01 -9.401755779981613159e-02 -9.628982841968536377e-02 -2.584847807884216309e-01 4.405010938644409180e-01 -4.104281365871429443e-01
3.847942128777503967e-02 2.347421050071716309e-01 1.500006318092346191e-01 3.139478713274002075e-02 8.317256569862365723e-01 2.245588600635528564e-01 -1.654260754585266113e-01 -2.767498791217803955e-01 1.880704015493392944e-01 -6.842831969261169434e-01 -8.532545715570449829e-02 -9.964530169963836670e-02 -2.537408471107482910e-01 4.505667686462402344e-01 -4.237358570098876953e-01
1.596762612462043762e-02 2.283082604408264160e-01 1.709132939577102661e-01 4.787468165159225464e-02 8.347833156585693359e-01 2.519791126251220703e-01 -1.652017384767532349e-01 -2.877671122550964355e-01 1.972210854291915894e-01 -6.842235922813415527e-01 -9.536885470151901245e-02 -9.687739610671997070e-02 -2.532991766929626465e-01 4.404243826866149902e-01 -4.092104434967041016e-01
3.246072307229042053e-02 2.322909533977508545e-01 1.550392955541610718e-01 3.656969219446182251e-02 8.310025334358215332e-01 2.303055226802825928e-01 -1.636952459812164307e-01 -2.801360487937927246e-01 1.896973550319671631e-01 -6.846781373023986816e-01 -8.927478641271591187e-02 -9.859493374824523926e-02 -2.513220906257629395e-01 4.491507112979888916e-01 -4.207671880722045898e-01
3.419357910752296448e-02 2.321001589298248291e-01 1.577923744916915894e-01 3.476341813802719116e-02 8.271283507347106934e-01 2.318328619003295898e-01 -1.656447947025299072e-01 -2.750273644924163818e-01 1.879664659500122070e-01 -6.799548864364624023e-01 -9.146218746900558472e-02 -9.662646055221557617e-02 -2.554129958152770996e-01 4.454248845577239990e-01 -4.166543483734130859e-01
2.864274755120277405e-02 2.327578961849212646e-01 1.534314751625061035e-01 4.019653797149658203e-02 8.369648456573486328e-01 2.312036603689193726e-01 -1.622859537601470947e-01 -2.878066897392272949e-01 1.926208138465881348e-01 -6.907250285148620605e-01 -8.677945286035537720e-02 -1.004878580570220947e-01 -2.473043203353881836e-01 4.517817497253417969e-01 -4.240614175796508789e-01
3.235589340329170227e-02 2.337080836296081543e-01 1.514401435852050781e-01 3.680492192506790161e-02 8.354783058166503906e-01 2.276694029569625854e-01 -1.631749719381332397e-01 -2.839523851871490479e-01 1.910588741302490234e-01 -6.890934109687805176e-01 -8.610153943300247192e-02 -1.003821492195129395e-01 -2.488721907138824463e-01 4.519769251346588135e-01 -4.247072637081146240e-01
4.441941156983375549e-02 2.328079044818878174e-01 1.567920446395874023e-01 2.692148648202419281e-02 8.183079361915588379e-01 2.284287065267562866e-01 -1.693949401378631592e-01 -2.619633078575134277e-01 1.821289211511611938e-01 -6.698142886161804199e-01 -9.183996170759201050e-02 -9.378568828105926514e-02 -2.644205093383789062e-01 4.422177374362945557e-01 -4.131969213485717773e-01
3.002010658383369446e-02 2.309297919273376465e-01 1.667129099369049072e-01 3.568180650472640991e-02 8.256297111511230469e-01 2.431676238775253296e-01 -1.695709228515625000e-01 -2.711872458457946777e-01 1.901495754718780518e-01 -6.736153364181518555e-01 -9.473801404237747192e-02 -9.478731453418731689e-02 -2.629280686378479004e-01 4.379822015762329102e-01 -4.074797630310058594e-01
1.744334772229194641e-02 2.289581894874572754e-01 1.684664785861968994e-01 4.640828073024749756e-02 8.353727459907531738e-01 2.490270286798477173e-01 -1.649512350559234619e-01 -2.873337268829345703e-01 1.969924420118331909e-01 -6.851997971534729004e-01 -9.417436271905899048e-02 -9.758876264095306396e-02 -2.523547410964965820e-01 4.420775473117828369e-01 -4.112155437469482422e-01
2.348278835415840149e-02 2.302457690238952637e-01 1.585408449172973633e-01 4.523745924234390259e-02 8.355472683906555176e-01 2.369864732027053833e-01 -1.606846302747726440e-01 -2.908332943916320801e-01 1.934958100318908691e-01 -6.904796361923217773e-01 -9.049584716558456421e-02 -9.914921224117279053e-02 -2.454834580421447754e-01 4.499786794185638428e-01 -4.209681749343872070e-01
3.329351916909217834e-02 2.328310608863830566e-01 1.543436795473098755e-01 3.727937489748001099e-02 8.318225145339965820e-01 2.306359112262725830e-01 -1.639657914638519287e-01 -2.820552885532379150e-01 1.890993565320968628e-01 -6.852821707725524902e-01 -8.833830803632736206e-02 -9.849783778190612793e-02 -2.520795762538909912e-01 4.493161737918853760e-01 -4.213185310363769531e-01
7.620040327310562134e-03 2.267086505889892578e-01 1.728284507989883423e-01 5.429191142320632935e-02 8.404346704483032227e-01 2.566892504692077637e-01 -1.630263328552246094e-01 -2.966147065162658691e-01 2.019139826297760010e-01 -6.906231641769409180e-01 -9.478568285703659058e-02 -9.831488132476806641e-02 -2.474557757377624512e-01 4.420898258686065674e-01 -4.104349017143249512e-01
2.242145314812660217e-02 2.283757627010345459e-01 1.654795408248901367e-01 4.625869542360305786e-02 8.306205868721008301e-01 2.441265583038330078e-01 -1.628959178924560547e-01 -2.864459753036499023e-01 1.924476027488708496e-01 -6.838906407356262207e-01 -9.501367062330245972e-02 -9.603567421436309814e-02 -2.508708536624908447e-01 4.440080821514129639e-01 -4.133677780628204346e-01
1.926039531826972961e-02 2.282457947731018066e-01 1.716744899749755859e-01 4.672708362340927124e-02 8.310714364051818848e-01 2.522722780704498291e-01 -1.657968312501907349e-01 -2.847433686256408691e-01 1.944916248321533203e-01 -6.801545023918151855e-01 -9.641697257757186890e-02 -9.557759761810302734e-02 -2.567149698734283447e-01 4.386629164218902588e-01 -4.075306951999664307e-01
5.572243407368659973e-02 2.369400262832641602e-01 1.385910660028457642e-01 2.344641648232936859e-02 8.237916827201843262e-01 2.078658640384674072e-01 -1.633015871047973633e-01 -2.697511315345764160e-01 1.778716444969177246e-01 -6.809954643249511719e-01 -8.162950724363327026e-02 -9.910857677459716797e-02 -2.548265457153320312e-01 4.556600153446197510e-01 -4.319436252117156982e-01
3.579430654644966125e-02 2.328071296215057373e-01 1.546336859464645386e-01 3.343365341424942017e-02 8.284268975257873535e-01 2.286015748977661133e-01 -1.651322245597839355e-01 -2.754383385181427002e-01 1.879564076662063599e-01 -6.815833449363708496e-01 -8.935677260160446167e-02 -9.784768521785736084e-02 -2.541683018207550049e-01 4.479264020919799805e-01 -4.196600914001464844e-01
3.016604855656623840e-02 2.329560220241546631e-01 1.536727398633956909e-01 3.857781738042831421e-02 8.356326222419738770e-01 2.308701425790786743e-01 -1.631588935852050781e-01 -2.851765751838684082e-01 1.918473243713378906e-01 -6.888186931610107422e-01 -8.713044971227645874e-02 -1.000968962907791138e-01 -2.490894198417663574e-01 4.509222209453582764e-01 -4.231116771697998047e-01
1.535509899258613586e-02 2.290061414241790771e-01 1.680269092321395874e-01 4.710999876260757446e-02 8.376707434654235840e-01 2.489044517278671265e-01 -1.646503657102584839e-01 -2.891567945480346680e-01 1.987099349498748779e-01 -6.876344084739685059e-01 -9.338151663541793823e-02 -9.841367602348327637e-02 -2.503344416618347168e-01 4.429411888122558594e-01 -4.121358990669250488e-01
4.946236684918403625e-02 2.363540232181549072e-01 1.419562250375747681e-01 2.579131536185741425e-02 8.268820047378540039e-01 2.122151404619216919e-01 -1.641062200069427490e-01 -2.717130184173583984e-01 1.817457675933837891e-01 -6.829184293746948242e-01 -8.310505002737045288e-02 -9.923213720321655273e-02 -2.533684968948364258e-01 4.545627832412719727e-01 -4.296007752418518066e-01
3.767459467053413391e-02 2.338118553161621094e-01 1.519690901041030884e-01 3.149111568927764893e-02 8.294215798377990723e-01 2.253759950399398804e-01 -1.652284562587738037e-01 -2.747814655303955078e-01 1.877801567316055298e-01 -6.825939416885375977e-01 -8.753565698862075806e-02 -9.876719117164611816e-02 -2.538107037544250488e-01 4.495148956775665283e-01 -4.219046533107757568e-01
1.713626459240913391e-02 2.289566397666931152e-01 1.616290062665939331e-01 4.918306320905685425e-02 8.381164669990539551e-01 2.410339862108230591e-01 -1.601364910602569580e-01 -2.947251200675964355e-01 1.967132836580276489e-01 -6.934572458267211914e-01 -9.160495549440383911e-02 -9.909485280513763428e-02 -2.424251139163970947e-01 4.492375850677490234e-01 -4.194788336753845215e-01
2.661030367016792297e-02 2.310920357704162598e-01 1.645210236310958862e-01 3.853719681501388550e-02 8.307380080223083496e-01 2.421263754367828369e-01 -1.673559248447418213e-01 -2.779894471168518066e-01 1.926506757736206055e-01 -6.798979043960571289e-01 -9.290764480829238892e-02 -9.690323472023010254e-02 -2.575671374797821045e-01 4.416832029819488525e-01 -4.116300344467163086e-01
3.092141821980476379e-02 2.324630916118621826e-01 1.561954617500305176e-01 3.803776949644088745e-02 8.328646421432495117e-01 2.333082556724548340e-01 -1.645928919315338135e-01 -2.823480367660522461e-01 1.907279491424560547e-01 -6.853197216987609863e-01 -8.887728303670883179e-02 -9.853640198707580566e-02 -2.524589896202087402e-01 4.484775364398956299e-01 -4.198396801948547363e-01
3.147775307297706604e-02 2.321161925792694092e-01 1.555979996919631958e-01 3.701400756835937500e-02 8.311417698860168457e-01 2.304719090461730957e-01 -1.637596040964126587e-01 -2.801777422428131104e-01 1.901314109563827515e-01 -6.851096749305725098e-01 -8.994012326002120972e-02 -9.824302792549133301e-02 -2.506180703639984131e-01 4.488525092601776123e-01 -4.202641248703002930e-01
2.087261155247688293e-02 2.297191023826599121e-01 1.677065938711166382e-01 4.309429973363876343e-02 8.333204388618469238e-01 2.473313659429550171e-01 -1.664043068885803223e-01 -2.829017341136932373e-01 1.954837143421173096e-01 -6.822516918182373047e-01 -9.397401660680770874e-02 -9.716814756393432617e-02 -2.553865909576416016e-01 4.411659538745880127e-01 -4.104287028312683105e-01
4.786371067166328430e-02 2.357107400894165039e-01 1.435739398002624512e-01 2.664959989488124847e-02 8.264820575714111328e-01 2.139474451541900635e-01 -1.640966981649398804e-01 -2.716364264488220215e-01 1.823548823595046997e-01 -6.824017763137817383e-01 -8.421839028596878052e-02 -9.881469607353210449e-02 -2.531573772430419922e-01 4.535125494003295898e-01 -4.281466007232666016e-01
4.212782159447669983e-02 2.346911728382110596e-01 1.465249508619308472e-01 3.090416453778743744e-02 8.289386630058288574e-01 2.183827012777328491e-01 -1.631235033273696899e-01 -2.763522863388061523e-01 1.850542277097702026e-01 -6.849220395088195801e-01 -8.576454967260360718e-02 -9.895029664039611816e-02 -2.506318986415863037e-01 4.530277848243713379e-01 -4.269160032272338867e-01
3.313488140702247620e-02 2.329007387161254883e-01 1.546514481306076050e-01 3.740496188402175903e-02 8.322424292564392090e-01 2.315741777420043945e-01 -1.639831960201263428e-01 -2.824873924255371094e-01 1.893265098333358765e-01 -6.850997805595397949e-01 -8.807835727930068970e-02 -9.887212514877319336e-02 -2.527382075786590576e-01 4.492679834365844727e-01 -4.213036894798278809e-01
3.164312615990638733e-02 2.315755188465118408e-01 1.577228754758834839e-01 3.709270805120468140e-02 8.292860984802246094e-01 2.329400479793548584e-01 -1.644532829523086548e-01 -2.786257266998291016e-01 1.895151734352111816e-01 -6.825017333030700684e-01 -9.112589806318283081e-02 -9.738232195377349854e-02 -2.529048323631286621e-01 4.468649923801422119e-01 -4.178598523139953613e-01
1.806074753403663635e-02 2.292257845401763916e-01 1.682631224393844604e-01 4.473393410444259644e-02 8.350715637207031250e-01 2.482538074254989624e-01 -1.658673286437988281e-01 -2.850449085235595703e-01 1.971618235111236572e-01 -6.843956708908081055e-01 -9.404744952917098999e-02 -9.756700694561004639e-02 -2.531596422195434570e-01 4.416157007217407227e-01 -4.106214642524719238e-01
1.733844354748725891e-02 2.300350368022918701e-01 1.593783944845199585e-01 4.936191439628601074e-02 8.416215777397155762e-01 2.409082502126693726e-01 -1.602381169795989990e-01 -2.976688742637634277e-01 1.978558301925659180e-01 -6.956788897514343262e-01 -8.876725286245346069e-02 -1.006755530834197998e-01 -2.423771619796752930e-01 4.510554373264312744e-01 -4.219294786453247070e-01
2.974315360188484192e-02 2.311577498912811279e-01 1.584009230136871338e-01 3.958065062761306763e-02 8.305107355117797852e-01 2.346782982349395752e-01 -1.633996069431304932e-01 -2.819929420948028564e-01 1.901569217443466187e-01 -6.840314865112304688e-01 -9.136111289262771606e-02 -9.761847555637359619e-02 -2.515140175819396973e-01 4.472911059856414795e-01 -4.183000326156616211e-01
2.932359650731086731e-02 2.314935624599456787e-01 1.578787118196487427e-01 3.882844001054763794e-02 8.310350775718688965e-01 2.330909967422485352e-01 -1.636714637279510498e-01 -2.813594937324523926e-01 1.906519681215286255e-01 -6.850388646125793457e-01 -9.122299402952194214e-02 -9.767749905586242676e-02 -2.505224347114562988e-01 4.474450647830963135e-01 -4.185700714588165283e-01
3.324745967984199524e-02 2.327787578105926514e-01 1.533328890800476074e-01 3.581269085407257080e-02 8.316221833229064941e-01 2.280302345752716064e-01 -1.634429693222045898e-01 -2.801693081855773926e-01 1.896408498287200928e-01 -6.857814788818359375e-01 -8.842924982309341431e-02 -9.901759028434753418e-02 -2.503080368041992188e-01 4.503249824047088623e-01 -4.223063588142395020e-01
3.203367069363594055e-02 2.323250770568847656e-01 1.556149870157241821e-01 3.876748681068420410e-02 8.319570422172546387e-01 2.326968461275100708e-01 -1.635809838771820068e-01 -2.833753824234008789e-01 1.894580274820327759e-01 -6.852168440818786621e-01 -8.905854076147079468e-02 -9.837917983531951904e-02 -2.520403265953063965e-01 4.490198194980621338e-01 -4.206956028938293457e-01
1.127575710415840149e-02 2.273809015750885010e-01 1.722707003355026245e-01 5.071442574262619019e-02 8.376503586769104004e-01 2.544564306735992432e-01 -1.645482480525970459e-01 -2.912464439868927002e-01 2.000703215599060059e-01 -6.872809529304504395e-01 -9.545246511697769165e-02 -9.745898842811584473e-02 -2.503177821636199951e-01 4.408455193042755127e-01 -4.091323614120483398e-01
2.421799674630165100e-02 2.310067415237426758e-01 1.634617894887924194e-01 4.047130793333053589e-02 8.336452841758728027e-01 2.417250424623489380e-01 -1.659867167472839355e-01 -2.819508910179138184e-01 1.942793428897857666e-01 -6.835837364196777344e-01 -9.201190620660781860e-02 -9.804028272628784180e-02 -2.541463375091552734e-01 4.436837434768676758e-01 -4.138434529304504395e-01
3.301309421658515930e-02 2.320895493030548096e-01 1.529184728860855103e-01 4.086038470268249512e-02 8.311516642570495605e-01 2.282967567443847656e-01 -1.605183780193328857e-01 -2.867427170276641846e-01 1.876247972249984741e-01 -6.882017254829406738e-01 -8.941254764795303345e-02 -9.798851609230041504e-02 -2.471290826797485352e-01 4.516231715679168701e-01 -4.241364598274230957e-01
1.768716052174568176e-02 2.292041480541229248e-01 1.679626852273941040e-01 4.578781127929687500e-02 8.355606198310852051e-01 2.480920851230621338e-01 -1.651634573936462402e-01 -2.867573499679565430e-01 1.970876008272171021e-01 -6.854730248451232910e-01 -9.402335435152053833e-02 -9.762176871299743652e-02 -2.520952522754669189e-01 4.422213733196258545e-01 -4.114234447479248047e-01
3.631189838051795959e-02 2.336091101169586182e-01 1.471176296472549438e-01 3.950710594654083252e-02 8.334906697273254395e-01 2.227010279893875122e-01 -1.585462987422943115e-01 -2.893500328063964844e-01 1.869329363107681274e-01 -6.914200782775878906e-01 -8.547586947679519653e-02 -1.004310846328735352e-01 -2.448083758354187012e-01 4.559588134288787842e-01 -4.302448630332946777e-01
5.613202229142189026e-02 2.375392913818359375e-01 1.373244822025299072e-01 2.178755961358547211e-02 8.247735500335693359e-01 2.059341073036193848e-01 -1.641085594892501831e-01 -2.684122025966644287e-01 1.785095036029815674e-01 -6.817150712013244629e-01 -8.044385164976119995e-02 -9.958000481128692627e-02 -2.546396255493164062e-01 4.563267230987548828e-01 -4.327709376811981201e-01
2.192172780632972717e-02 2.303777337074279785e-01 1.663999706506729126e-01 4.131358116865158081e-02 8.335275650024414062e-01 2.451437413692474365e-01 -1.668414473533630371e-01 -2.813956439495086670e-01 1.954557150602340698e-01 -6.824952960014343262e-01 -9.329452365636825562e-02 -9.749138355255126953e-02 -2.553313970565795898e-01 4.416173994541168213e-01 -4.111233353614807129e-01
9.814698249101638794e-03 2.269183099269866943e-01 1.724845916032791138e-01 5.293445289134979248e-02 8.386052250862121582e-01 2.555725872516632080e-01 -1.634325385093688965e-01 -2.943684756755828857e-01 2.004690170288085938e-01 -6.887927651405334473e-01 -9.526716917753219604e-02 -9.772589802742004395e-02 -2.487961053848266602e-01 4.415988028049468994e-01 -4.099853336811065674e-01
4.778825119137763977e-02 2.366114258766174316e-01 1.401848942041397095e-01 2.795972488820552826e-02 8.297193646430969238e-01 2.109241783618927002e-01 -1.621036827564239502e-01 -2.765610218048095703e-01 1.828192025423049927e-01 -6.869798898696899414e-01 -8.190234750509262085e-02 -1.005594730377197266e-01 -2.497526109218597412e-01 4.569620788097381592e-01 -4.327120780944824219e-01
4.128376021981239319e-02 2.354150414466857910e-01 1.483842730522155762e-01 2.884711883962154388e-02 8.307794928550720215e-01 2.220833897590637207e-01 -1.661214828491210938e-01 -2.740212380886077881e-01 1.870034188032150269e-01 -6.831284165382385254e-01 -8.437622338533401489e-02 -9.971629083156585693e-02 -2.550512552261352539e-01 4.509103000164031982e-01 -4.244184792041778564e-01
2.418847754597663879e-02 2.294888198375701904e-01 1.702375411987304688e-01 4.119075834751129150e-02 8.281788229942321777e-01 2.490939050912857056e-01 -1.680139005184173584e-01 -2.775462865829467773e-01 1.925843209028244019e-01 -6.760160326957702637e-01 -9.580760449171066284e-02 -9.523150324821472168e-02 -2.608508169651031494e-01 4.374002218246459961e-01 -4.065162539482116699e-01
2.555854991078376770e-02 2.314709722995758057e-01 1.562007963657379150e-01 4.150226712226867676e-02 8.356143236160278320e-01 2.325293868780136108e-01 -1.619331091642379761e-01 -2.870105504989624023e-01 1.934302747249603271e-01 -6.905687451362609863e-01 -8.955793827772140503e-02 -9.940618276596069336e-02 -2.456464767456054688e-01 4.505274593830108643e-01 -4.218274354934692383e-01
1.825188472867012024e-02 2.296344041824340820e-01 1.674279123544692993e-01 4.455311596393585205e-02 8.358753323554992676e-01 2.474642992019653320e-01 -1.656587123870849609e-01 -2.857328951358795166e-01 1.973019689321517944e-01 -6.852418184280395508e-01 -9.337397664785385132e-02 -9.802833199501037598e-02 -2.527486085891723633e-01 4.422468841075897217e-01 -4.115935266017913818e-01
1.574486866593360901e-02 2.285127043724060059e-01 1.690784990787506104e-01 4.751837998628616333e-02 8.361303210258483887e-01 2.498744130134582520e-01 -1.646905541419982910e-01 -2.884244918823242188e-01 1.979005485773086548e-01 -6.861925721168518066e-01 -9.447889775037765503e-02 -9.761312603950500488e-02 -2.511631846427917480e-01 4.421519041061401367e-01 -4.110198616981506348e-01
3.791088238358497620e-02 2.336701154708862305e-01 1.522135734558105469e-01 3.376266360282897949e-02 8.296945691108703613e-01 2.274411320686340332e-01 -1.648282706737518311e-01 -2.780194282531738281e-01 1.869192570447921753e-01 -6.828382611274719238e-01 -8.741488307714462280e-02 -9.836354851722717285e-02 -2.544933557510375977e-01 4.495975673198699951e-01 -4.220116138458251953e-01
4.197758808732032776e-02 2.350363135337829590e-01 1.454680114984512329e-01 3.010399453341960907e-02 8.302375674247741699e-01 2.174035161733627319e-01 -1.633234471082687378e-01 -2.762583494186401367e-01 1.859146207571029663e-01 -6.858744025230407715e-01 -8.459948748350143433e-02 -9.976497292518615723e-02 -2.501703798770904541e-01 4.539381563663482666e-01 -4.279222488403320312e-01
5.063160136342048645e-02 2.365083694458007812e-01 1.390125453472137451e-01 2.783697657287120819e-02 8.277389407157897949e-01 2.096500098705291748e-01 -1.612191796302795410e-01 -2.764863073825836182e-01 1.806177645921707153e-01 -6.858525276184082031e-01 -8.183386176824569702e-02 -1.001618206501007080e-01 -2.502419948577880859e-01 4.574547410011291504e-01 -4.336045086383819580e-01
1.492429152131080627e-02 2.279584109783172607e-01 1.723239570856094360e-01 4.757813364267349243e-02 8.346650600433349609e-01 2.535443007946014404e-01 -1.660315692424774170e-01 -2.864032387733459473e-01 1.980699300765991211e-01 -6.832691431045532227e-01 -9.586673229932785034e-02 -9.669625759124755859e-02 -2.541693747043609619e-01 4.391835629940032959e-01 -4.075419902801513672e-01
3.270425274968147278e-02 2.326387465000152588e-01 1.535729616880416870e-01 3.663790971040725708e-02 8.319327831268310547e-01 2.286321073770523071e-01 -1.630513370037078857e-01 -2.812988460063934326e-01 1.897523552179336548e-01 -6.862091422080993652e-01 -8.850250393152236938e-02 -9.911119937896728516e-02 -2.499093115329742432e-01 4.504235088825225830e-01 -4.224512279033660889e-01
4.245370998978614807e-02 2.340900897979736328e-01 1.524982005357742310e-01 2.967765741050243378e-02 8.254711031913757324e-01 2.263222187757492065e-01 -1.670358479022979736e-01 -2.712090015411376953e-01 1.842970848083496094e-01 -6.776285171508789062e-01 -8.780256658792495728e-02 -9.697172045707702637e-02 -2.593179941177368164e-01 4.471198618412017822e-01 -4.195664525032043457e-01
3.223891928791999817e-02 2.332056164741516113e-01 1.491981595754623413e-01 3.905937075614929199e-02 8.351982831954956055e-01 2.243274301290512085e-01 -1.600828319787979126e-01 -2.875636816024780273e-01 1.901195049285888672e-01 -6.920848488807678223e-01 -8.621948212385177612e-02 -1.004804670810699463e-01 -2.440169751644134521e-01 4.546532034873962402e-01 -4.279978275299072266e-01
2.142295613884925842e-02 2.289505004882812500e-01 1.648283302783966064e-01 4.549581557512283325e-02 8.325294256210327148e-01 2.432777136564254761e-01 -1.632494777441024780e-01 -2.865691184997558594e-01 1.938371658325195312e-01 -6.854841709136962891e-01 -9.422627836465835571e-02 -9.683942794799804688e-02 -2.500569820404052734e-01 4.446442127227783203e-01 -4.140890836715698242e-01
3.825559094548225403e-02 2.340705096721649170e-01 1.519866436719894409e-01 3.240204602479934692e-02 8.298282623291015625e-01 2.267244458198547363e-01 -1.656829416751861572e-01 -2.764383256435394287e-01 1.872070729732513428e-01 -6.825582981109619141e-01 -8.700018376111984253e-02 -9.839633107185363770e-02 -2.551314234733581543e-01 4.492127895355224609e-01 -4.216942489147186279e-01
3.483488038182258606e-02 2.319000065326690674e-01 1.576802879571914673e-01 3.428646922111511230e-02 8.264335989952087402e-01 2.317074239253997803e-01 -1.660278737545013428e-01 -2.738586664199829102e-01 1.877009421586990356e-01 -6.791674494743347168e-01 -9.171866625547409058e-02 -9.624786674976348877e-02 -2.559190988540649414e-01 4.455730617046356201e-01 -4.163165390491485596e-01
4.656210914254188538e-02 2.362075746059417725e-01 1.388883888721466064e-01 3.169868141412734985e-02 8.312709927558898926e-01 2.109179496765136719e-01 -1.592213064432144165e-01 -2.827109098434448242e-01 1.828426271677017212e-01 -6.902926564216613770e-01 -8.145228773355484009e-02 -1.012395396828651428e-01 -2.461749315261840820e-01 4.592705070972442627e-01 -4.355475902557373047e-01
1.139200106263160706e-02 2.276770770549774170e-01 1.706958860158920288e-01 5.079521238803863525e-02 8.386972546577453613e-01 2.529262304306030273e-01 -1.638704985380172729e-01 -2.925965189933776855e-01 2.002338767051696777e-01 -6.888870596885681152e-01 -9.446913748979568481e-02 -9.812445193529129028e-02 -2.488420158624649048e-01 4.423057138919830322e-01 -4.109149575233459473e-01
4.091996327042579651e-02 2.350805401802062988e-01 1.486221402883529663e-01 2.950908057391643524e-02 8.305679559707641602e-01 2.224942892789840698e-01 -1.658204197883605957e-01 -2.745791375637054443e-01 1.869298815727233887e-01 -6.832068562507629395e-01 -8.468554168939590454e-02 -9.958648681640625000e-02 -2.546302378177642822e-01 4.509901106357574463e-01 -4.243236780166625977e-01
1.098390296101570129e-02 2.267897129058837891e-01 1.744326800107955933e-01 5.218445509672164917e-02 8.362881541252136230e-01 2.572589814662933350e-01 -1.645752191543579102e-01 -2.917467653751373291e-01 1.993478238582611084e-01 -6.855746507644653320e-01 -9.652128070592880249e-02 -9.662202000617980957e-02 -2.519463896751403809e-01 4.392998516559600830e-01 -4.074328541755676270e-01
