1.092908263206481934e+00 7.116116523742675781e+00 -2.397019386291503906e+00 3.854624927043914795e-01 5.980369567871093750e+00 -2.291683107614517212e-01 1.096571445465087891e+01 6.324484825134277344e+00 -3.826198816299438477e+00 -4.660876274108886719e+00 7.647377252578735352e-01 -8.622259140014648438e+00 1.857574701309204102e+00 -2.603596210479736328e+00 6.665617942810058594e+00
1.194598004221916199e-01 -6.498346477746963501e-02 -6.729720592498779297e+00 1.217624568939208984e+01 1.127906799316406250e+01 -7.451357364654541016e+00 3.831807613372802734e+00 3.635696887969970703e+00 -7.211538791656494141e+00 5.289106369018554688e+00 -5.057848930358886719e+00 -3.630919694900512695e+00 -1.157988739013671875e+01 -2.559649467468261719e+00 7.768075942993164062e+00
6.389244794845581055e-01 6.553795337677001953e+00 -2.335176467895507812e+00 6.280518174171447754e-01 5.862871646881103516e+00 1.102507829666137695e+00 9.096593856811523438e+00 5.429296016693115234e+00 -3.247468948364257812e+00 -3.717018842697143555e+00 1.153409361839294434e+00 -9.013788223266601562e+00 2.313001632690429688e+00 -1.944399118423461914e+00 7.669446468353271484e+00
7.252165079116821289e-01 6.639359951019287109e+00 -1.950678706169128418e+00 9.043722748756408691e-01 5.935088157653808594e+00 9.143710136413574219e-01 1.055898189544677734e+01 6.581971168518066406e+00 -3.374187707901000977e+00 -3.650087833404541016e+00 9.729558229446411133e-01 -9.505730628967285156e+00 1.933040380477905273e+00 -2.810328245162963867e+00 6.551180839538574219e+00
-8.009996414184570312e-01 4.482707977294921875e+00 -2.230535984039306641e+00 6.538104534149169922e+00 6.989589691162109375e+00 -2.769694805145263672e+00 4.278298854827880859e+00 3.818372726440429688e+00 -1.163975238800048828e+01 3.025304973125457764e-01 9.260167479515075684e-01 -7.829731941223144531e+00 -9.099166870117187500e+00 3.299194574356079102e+00 8.421298980712890625e+00
1.048208594322204590e+00 5.847350120544433594e+00 -2.584194660186767578e+00 5.281194686889648438e+00 4.233469963073730469e+00 -6.570065975189208984e+00 4.067055225372314453e+00 1.081676959991455078e+01 3.478347539901733398e+00 -8.157748579978942871e-01 2.436739444732666016e+00 3.254981517791748047e+00 -4.890464305877685547e+00 -3.618802309036254883e+00 5.337734699249267578e+00
1.017386674880981445e+00 8.286646842956542969e+00 -3.108673810958862305e+00 1.652290858328342438e-02 7.167859077453613281e+00 -7.926501333713531494e-02 1.140514183044433594e+01 5.066780567169189453e+00 -2.467597007751464844e+00 -3.624191761016845703e+00 1.286278605461120605e+00 -8.825649261474609375e+00 2.043794631958007812e+00 -2.156567335128784180e+00 6.735378742218017578e+00
-2.169836759567260742e+00 2.324210166931152344e+00 3.931490480899810791e-01 3.476741075515747070e+00 1.075668144226074219e+01 4.598921298980712891e+00 -3.688057065010070801e-01 7.886942863464355469e+00 -4.995686054229736328e+00 -4.875965416431427002e-01 -6.545062541961669922e+00 1.635218381881713867e+00 -3.627072811126708984e+00 -1.240931630134582520e+00 3.368205547332763672e+00
5.195433739572763443e-03 1.891308546066284180e+00 -4.230006694793701172e+00 8.137558937072753906e+00 9.152454376220703125e+00 -8.356054306030273438e+00 4.979905605316162109e+00 5.989674091339111328e+00 -8.244484901428222656e+00 5.234119415283203125e+00 -4.663888454437255859e+00 -4.337347984313964844e+00 -1.207559585571289062e+01 -2.296549320220947266e+00 8.142908096313476562e+00
2.565435767173767090e-01 1.947936177253723145e+00 -3.152089357376098633e+00 6.787498950958251953e+00 7.758866310119628906e+00 -7.769530296325683594e+00 3.926154375076293945e+00 5.764213562011718750e+00 -8.053577423095703125e+00 5.026072978973388672e+00 -4.369063377380371094e+00 -4.161823749542236328e+00 -1.180696868896484375e+01 -2.923234939575195312e+00 7.982319831848144531e+00
-2.109332323074340820e+00 1.780095577239990234e+00 4.872558414936065674e-01 3.187672615051269531e+00 1.052816677093505859e+01 5.154855251312255859e+00 7.411751151084899902e-01 1.051694488525390625e+01 -6.638291835784912109e+00 -1.808707475662231445e+00 -6.148548603057861328e+00 1.322348833084106445e+00 -4.509706974029541016e+00 -2.014586210250854492e+00 2.167065382003784180e+00
1.801832675933837891e+00 9.308279037475585938e+00 -3.349797248840332031e+00 -8.791078329086303711e-01 7.339793205261230469e+00 6.918741464614868164e-01 9.873196601867675781e+00 4.811005592346191406e+00 -3.670562744140625000e+00 -4.657741069793701172e+00 7.752051353454589844e-01 -8.949297904968261719e+00 1.919514536857604980e+00 -2.591336250305175781e+00 6.997911453247070312e+00
-3.690918445587158203e+00 5.113282203674316406e+00 -3.544079780578613281e+00 2.520337581634521484e+00 7.622475147247314453e+00 -6.930475711822509766e+00 2.865010976791381836e+00 1.890962600708007812e+00 2.263752937316894531e+00 -8.067546844482421875e+00 -3.069104909896850586e+00 -7.585538864135742188e+00 -2.364833354949951172e+00 3.843246459960937500e+00 -1.639211773872375488e+00
2.174835838377475739e-02 1.915711164474487305e+00 -4.302588939666748047e+00 8.607907295227050781e+00 9.573798179626464844e+00 -7.985866069793701172e+00 4.633559226989746094e+00 5.435671806335449219e+00 -7.637927055358886719e+00 5.138947010040283203e+00 -3.231467962265014648e+00 -5.910790443420410156e+00 -1.154893684387207031e+01 -1.579025745391845703e+00 8.544765472412109375e+00
2.510279655456542969e+00 1.179282283782958984e+01 -4.939617633819580078e+00 -2.288836479187011719e+00 9.211723327636718750e+00 5.224429443478584290e-02 1.130101680755615234e+01 6.755846023559570312e+00 -2.599468231201171875e+00 -5.329314231872558594e+00 6.260861158370971680e-01 -8.084211349487304688e+00 2.616665840148925781e+00 -2.084357261657714844e+00 7.132039546966552734e+00
-8.107641935348510742e-01 8.271515846252441406e+00 3.214594423770904541e-01 4.221836566925048828e+00 2.625208377838134766e+00 -2.626100778579711914e+00 -3.900539278984069824e-01 6.263664245605468750e+00 6.085173606872558594e+00 -5.474781513214111328e+00 4.084073543548583984e+00 -7.235741615295410156e-01 1.000436186790466309e+00 2.072035789489746094e+00 5.007119178771972656e+00
-1.235322117805480957e+00 5.299830913543701172e+00 2.002232223749160767e-01 5.738399028778076172e+00 7.942300319671630859e+00 2.639322757720947266e+00 4.484487533569335938e+00 1.510925865173339844e+01 -4.172322750091552734e+00 1.960667729377746582e+00 -6.723701953887939453e+00 -6.776841163635253906e+00 -2.769776105880737305e+00 -4.886643886566162109e+00 4.675638198852539062e+00
-1.725300669670104980e+00 4.008365154266357422e+00 -1.868835330009460449e+00 2.465442180633544922e+00 5.802428245544433594e+00 -6.629137992858886719e+00 2.812608718872070312e+00 -2.517347931861877441e-01 -1.582450866699218750e-01 -7.899202823638916016e+00 -1.896913528442382812e+00 -8.013105392456054688e+00 -2.131784439086914062e+00 4.868560314178466797e+00 -7.356892824172973633e-01
-2.742104291915893555e+00 2.147466659545898438e+00 7.969514131546020508e-01 3.818174839019775391e+00 1.192668724060058594e+01 4.528128147125244141e+00 6.237556338310241699e-01 8.080119132995605469e+00 -4.889212131500244141e+00 -6.507326960563659668e-01 -6.753570079803466797e+00 7.186265587806701660e-01 -4.030191898345947266e+00 -4.776572883129119873e-01 3.642283201217651367e+00
-2.137751102447509766e+00 4.702981472015380859e+00 -2.444663286209106445e+00 2.599247455596923828e+00 6.828543663024902344e+00 -7.776974201202392578e+00 3.227424860000610352e+00 6.504045724868774414e-01 1.030553460121154785e+00 -8.102106094360351562e+00 -1.385192036628723145e+00 -8.328565597534179688e+00 -2.537064075469970703e+00 5.470284938812255859e+00 4.413183331489562988e-01
-2.750421047210693359e+00 5.513195991516113281e+00 -1.505379915237426758e+00 6.307280540466308594e+00 2.929938554763793945e+00 -4.074871540069580078e+00 5.789255142211914062e+00 3.569770812988281250e+00 -4.195641040802001953e+00 -1.402483224868774414e+00 5.650258541107177734e+00 -4.626093864440917969e+00 -9.713750839233398438e+00 -2.424229621887207031e+00 -8.176178932189941406e-01
-2.635273456573486328e+00 3.342714786529541016e+00 -9.992836713790893555e-01 5.356385231018066406e+00 5.924161911010742188e+00 -4.555524826049804688e+00 -1.050333261489868164e+00 8.439069747924804688e+00 -7.353469371795654297e+00 -1.065613389015197754e+00 5.642595767974853516e+00 -6.650743484497070312e+00 -8.943110466003417969e+00 4.059319972991943359e+00 3.114765405654907227e+00
-1.790771365165710449e+00 3.603084564208984375e+00 -7.785545587539672852e-01 3.447883129119873047e+00 4.109698295593261719e+00 -1.726871609687805176e+00 3.501636266708374023e+00 8.526226997375488281e+00 1.603082776069641113e+00 -3.335234880447387695e+00 3.258378267288208008e+00 -6.969348907470703125e+00 -2.819845676422119141e+00 -2.689845561981201172e+00 5.063927650451660156e+00
1.053357645869255066e-01 1.760302543640136719e+00 -5.209584236145019531e+00 9.628716468811035156e+00 1.043872547149658203e+01 -6.722199916839599609e+00 2.874213933944702148e+00 5.305254459381103516e+00 -6.968078136444091797e+00 6.240635395050048828e+00 -4.202118873596191406e+00 -6.070389270782470703e+00 -1.214294242858886719e+01 -1.664933800697326660e+00 8.835615158081054688e+00
-2.114706277847290039e+00 1.092622995376586914e+00 6.188603639602661133e-01 3.257869958877563477e+00 1.096893978118896484e+01 4.421899795532226562e+00 -1.344224452972412109e+00 8.372237205505371094e+00 -6.142810344696044922e+00 -1.682222127914428711e+00 -6.951972484588623047e+00 5.298452973365783691e-01 -3.701667070388793945e+00 -8.471161127090454102e-01 3.755334615707397461e+00
-2.299513578414916992e+00 9.190729260444641113e-01 7.910196185111999512e-01 3.391863346099853516e+00 1.115512084960937500e+01 4.914299011230468750e+00 6.658892035484313965e-01 9.856797218322753906e+00 -7.457060813903808594e+00 -1.482099175453186035e+00 -6.398916721343994141e+00 7.279347777366638184e-01 -4.020609855651855469e+00 -1.328194022178649902e+00 2.907735824584960938e+00
4.740134477615356445e-01 7.645617961883544922e+00 -2.373924732208251953e+00 1.463087320327758789e+00 7.212437629699707031e+00 1.366373181343078613e+00 8.213751792907714844e+00 6.709034919738769531e+00 -4.540026187896728516e+00 -4.509145736694335938e+00 1.493586897850036621e+00 -9.317306518554687500e+00 2.851334333419799805e+00 -2.040477991104125977e+00 7.440388679504394531e+00
-1.583871006965637207e+00 1.027792930603027344e+01 1.038529157638549805e+00 5.542712211608886719e+00 2.341593265533447266e+00 -2.485138177871704102e+00 -1.858404278755187988e-01 8.006580352783203125e+00 5.632854938507080078e+00 -4.580527782440185547e+00 4.646811962127685547e+00 -1.226999521255493164e+00 9.533192515373229980e-01 2.235193490982055664e+00 4.757740497589111328e+00
7.169698476791381836e-01 6.093274593353271484e+00 -1.814431905746459961e+00 1.312232732772827148e+00 6.072193145751953125e+00 4.131984710693359375e-01 8.117877006530761719e+00 6.129504203796386719e+00 -2.225998640060424805e+00 -2.762102127075195312e+00 1.275230646133422852e+00 -9.055709838867187500e+00 1.953545212745666504e+00 -2.431180715560913086e+00 6.809192180633544922e+00
-6.601618528366088867e-01 6.241719245910644531e+00 4.519748985767364502e-01 3.672361850738525391e+00 1.935371041297912598e+00 -2.538140773773193359e+00 1.349643230438232422e+00 5.793084621429443359e+00 6.722036838531494141e+00 -3.809300899505615234e+00 4.079875946044921875e+00 -9.537899494171142578e-01 1.165022611618041992e+00 2.288842439651489258e+00 4.597564220428466797e+00
-2.272840976715087891e+00 4.584035873413085938e+00 -2.501094818115234375e+00 2.622108459472656250e+00 6.601382255554199219e+00 -6.839260578155517578e+00 3.508598566055297852e+00 2.506549596786499023e+00 1.839589357376098633e+00 -8.347867965698242188e+00 -1.781517863273620605e+00 -7.874027729034423828e+00 -2.485237121582031250e+00 4.455201625823974609e+00 -5.038435459136962891e-01
-6.563627123832702637e-01 5.969667911529541016e+00 7.762886285781860352e-01 3.610436439514160156e+00 2.000396013259887695e+00 -2.921991586685180664e+00 1.686915993690490723e+00 6.586589813232421875e+00 6.302230358123779297e+00 -3.588907957077026367e+00 3.875379323959350586e+00 -1.425677418708801270e+00 1.006169676780700684e+00 2.519099473953247070e+00 5.167973995208740234e+00
-4.306343078613281250e+00 6.849328517913818359e+00 1.048561811447143555e+00 5.357684135437011719e+00 6.668448925018310547e+00 -8.010931611061096191e-01 5.206615447998046875e+00 8.161343574523925781e+00 -4.154052257537841797e+00 2.952618360519409180e+00 5.810110569000244141e-01 -8.056327819824218750e+00 -8.872029185295104980e-01 3.435924053192138672e+00 9.254558563232421875e+00
9.460301995277404785e-01 7.066426277160644531e+00 -2.326766967773437500e+00 6.574107408523559570e-01 6.345929145812988281e+00 2.062529176473617554e-01 1.146562671661376953e+01 6.025619983673095703e+00 -3.330725669860839844e+00 -3.895833253860473633e+00 1.241384863853454590e+00 -8.686003684997558594e+00 2.109156131744384766e+00 -1.988762140274047852e+00 7.468486785888671875e+00
-3.379276752471923828e+00 5.161486148834228516e+00 -3.364690303802490234e+00 2.904983043670654297e+00 7.982698440551757812e+00 -6.421494007110595703e+00 3.260011434555053711e+00 2.010905742645263672e+00 1.954276442527770996e+00 -7.162685394287109375e+00 -1.180354475975036621e+00 -8.873489379882812500e+00 -2.158418655395507812e+00 4.891952991485595703e+00 -4.875247478485107422e-01
4.605988264083862305e-01 5.885125160217285156e+00 -1.658578991889953613e+00 1.484454274177551270e+00 5.947196960449218750e+00 1.459559559822082520e+00 9.683903694152832031e+00 6.108367919921875000e+00 -3.359137058258056641e+00 -4.929297447204589844e+00 1.293257236480712891e+00 -8.741514205932617188e+00 2.764279842376708984e+00 -2.057406902313232422e+00 7.155258178710937500e+00
-3.899905681610107422e+00 3.800720214843750000e+00 -1.006538391113281250e+00 9.520912170410156250e+00 9.335254669189453125e+00 -5.302497863769531250e+00 5.861808776855468750e+00 5.820132255554199219e+00 -1.669339418411254883e+00 -5.835999011993408203e+00 -5.260196685791015625e+00 -1.081396865844726562e+01 -6.352763175964355469e+00 7.546769827604293823e-02 5.647587776184082031e+00
-1.104985952377319336e+00 4.714501380920410156e+00 3.650084435939788818e-01 5.463816642761230469e+00 6.985351562500000000e+00 2.591797828674316406e+00 3.477180004119873047e+00 1.485353565216064453e+01 -4.001780509948730469e+00 2.134193658828735352e+00 -6.905337810516357422e+00 -7.541634559631347656e+00 -1.585405826568603516e+00 -4.583037853240966797e+00 5.927878856658935547e+00
-2.201327800750732422e+00 1.145814895629882812e+01 8.717008829116821289e-01 5.860963821411132812e+00 1.917878508567810059e+00 -3.380067110061645508e+00 1.733220338821411133e+00 6.582677841186523438e+00 6.111486911773681641e+00 -4.656796455383300781e+00 4.664883613586425781e+00 -7.550624608993530273e-01 1.100788354873657227e+00 2.628795146942138672e+00 5.488299846649169922e+00
-3.704471111297607422e+00 4.685271263122558594e+00 -3.278747558593750000e+00 2.484376668930053711e+00 7.356280326843261719e+00 -6.380683898925781250e+00 3.787343978881835938e+00 1.734798550605773926e+00 3.569755554199218750e-01 -8.438611984252929688e+00 -1.660297751426696777e+00 -8.547903060913085938e+00 -2.386279582977294922e+00 4.807652950286865234e+00 -4.088314771652221680e-01
-1.766103625297546387e+00 1.077075576782226562e+01 1.504780054092407227e+00 5.806795120239257812e+00 1.235459923744201660e+00 -2.531417608261108398e+00 1.085634469985961914e+00 6.744082927703857422e+00 6.075788974761962891e+00 -4.574066638946533203e+00 4.173736572265625000e+00 -1.725602269172668457e+00 1.519131422042846680e+00 2.724314928054809570e+00 5.350267887115478516e+00
9.687936902046203613e-01 7.528192043304443359e+00 -2.558851957321166992e+00 5.281914472579956055e-01 6.448503494262695312e+00 9.568379819393157959e-02 8.313262939453125000e+00 5.066666126251220703e+00 -3.857051610946655273e+00 -3.320310354232788086e+00 1.841231584548950195e-01 -9.546970367431640625e+00 2.595736503601074219e+00 -3.227161169052124023e+00 6.667839527130126953e+00
3.222203850746154785e-01 1.035031795501708984e+00 -4.092281818389892578e+00 8.358502388000488281e+00 8.374074935913085938e+00 -7.631773471832275391e+00 4.930123805999755859e+00 5.763946533203125000e+00 -9.757730484008789062e+00 4.725958347320556641e+00 -4.137043476104736328e+00 -5.161962032318115234e+00 -1.210906410217285156e+01 -2.595207214355468750e+00 8.356437683105468750e+00
1.216106534004211426e+00 7.662295341491699219e+00 -2.503622055053710938e+00 2.170489728450775146e-01 6.515416622161865234e+00 7.669676542282104492e-01 1.008480644226074219e+01 5.656080722808837891e+00 -3.071832180023193359e+00 -3.774223804473876953e+00 2.924165725708007812e-01 -9.086375236511230469e+00 2.090373992919921875e+00 -2.377038002014160156e+00 7.299684047698974609e+00
-4.899987220764160156e+00 3.052416086196899414e+00 1.747561216354370117e+00 5.994988441467285156e+00 8.033210754394531250e+00 -4.270635128021240234e+00 -4.873490333557128906e+00 1.125653362274169922e+01 -1.035559177398681641e+00 -6.332610130310058594e+00 -6.946429729461669922e+00 -5.099419116973876953e+00 -7.112391471862792969e+00 4.231033802032470703e+00 8.004497528076171875e+00
-1.022421598434448242e+00 4.409337520599365234e+00 1.036794185638427734e+00 5.828213691711425781e+00 6.697335720062255859e+00 3.322714090347290039e+00 3.056125402450561523e+00 1.547243785858154297e+01 -5.041010379791259766e+00 1.093956708908081055e+00 -6.583609580993652344e+00 -6.133854866027832031e+00 -2.460730552673339844e+00 -4.433280944824218750e+00 4.670086383819580078e+00
-1.575129628181457520e+00 3.274239063262939453e+00 -9.933062195777893066e-01 4.917204380035400391e+00 5.797631263732910156e+00 -4.419727802276611328e+00 6.325077056884765625e+00 8.107403755187988281e+00 -3.427025556564331055e+00 -6.784262180328369141e+00 -5.081802845001220703e+00 -1.031406211853027344e+01 -6.175225734710693359e+00 -1.236009672284126282e-01 5.571398258209228516e+00
-7.744429707527160645e-01 5.272611141204833984e+00 -2.462866544723510742e+00 7.020010948181152344e+00 8.170211791992187500e+00 -2.075848817825317383e+00 4.552316188812255859e+00 5.089561462402343750e+00 -1.215058040618896484e+01 5.048184990882873535e-01 3.478738665580749512e-01 -7.675120830535888672e+00 -8.598526954650878906e+00 3.318946599960327148e+00 8.704116821289062500e+00
-5.015748739242553711e-01 6.225029468536376953e+00 1.400720626115798950e-01 3.696749687194824219e+00 2.758405923843383789e+00 -2.360544919967651367e+00 2.021623611450195312e+00 6.065426826477050781e+00 7.045535564422607422e+00 -3.808158874511718750e+00 4.312530517578125000e+00 -1.017854213714599609e+00 1.236936688423156738e+00 2.572795152664184570e+00 4.568742275238037109e+00
-1.478477478027343750e+00 3.441900730133056641e+00 -1.069859266281127930e+00 4.418493270874023438e+00 5.979724884033203125e+00 -5.104994297027587891e+00 5.152694702148437500e+00 7.268131256103515625e+00 -1.668722867965698242e+00 -5.726604461669921875e+00 -5.409425258636474609e+00 -1.109740543365478516e+01 -6.300669193267822266e+00 1.164999678730964661e-01 6.123890876770019531e+00
1.488483309745788574e+00 9.748958587646484375e+00 -4.144252777099609375e+00 -7.288553714752197266e-01 8.602049827575683594e+00 8.835654258728027344e-01 9.599970817565917969e+00 6.231244087219238281e+00 -4.709350109100341797e+00 -4.841881275177001953e+00 1.467605948448181152e+00 -8.760358810424804688e+00 1.840800762176513672e+00 -2.401949167251586914e+00 6.562180042266845703e+00
-1.120993804931640625e+01 6.732555389404296875e+00 4.157059192657470703e+00 1.439461231231689453e+01 1.753930664062500000e+01 -4.047156333923339844e+00 -4.708152294158935547e+00 1.201166439056396484e+01 3.575569018721580505e-03 -6.514966964721679688e+00 -6.598700523376464844e+00 -6.473547935485839844e+00 -8.097043991088867188e+00 4.756648540496826172e+00 8.975734710693359375e+00
7.267911434173583984e-01 7.985902309417724609e+00 -2.553569078445434570e+00 1.099778652191162109e+00 7.383452415466308594e+00 1.192440509796142578e+00 1.009733581542968750e+01 5.703201770782470703e+00 -2.682404041290283203e+00 -3.614168643951416016e+00 6.169359683990478516e-01 -8.768079757690429688e+00 1.676808118820190430e+00 -2.584342956542968750e+00 6.230046272277832031e+00
-3.381886959075927734e+00 6.277007579803466797e+00 8.109270930290222168e-01 4.658061981201171875e+00 6.143556118011474609e+00 -1.095780491828918457e+00 5.436294555664062500e+00 7.555911064147949219e+00 -4.350585460662841797e+00 2.974133968353271484e+00 6.879267096519470215e-01 -8.222955703735351562e+00 -7.794343829154968262e-01 3.757424831390380859e+00 9.140579223632812500e+00
-1.155774474143981934e+00 5.750000953674316406e+00 -1.911990642547607422e+00 4.631752967834472656e+00 7.157997608184814453e+00 -3.817476034164428711e+00 6.265375137329101562e+00 1.468756294250488281e+01 -2.674332141876220703e+00 -3.372649475932121277e-02 7.325138092041015625e+00 1.816975474357604980e+00 -9.136367797851562500e+00 2.187787055969238281e+00 1.263879299163818359e+00
6.656035184860229492e-01 5.006795406341552734e+00 -1.920365333557128906e+00 4.216479778289794922e+00 3.560435056686401367e+00 -6.218352794647216797e+00 2.786335229873657227e+00 9.998299598693847656e+00 3.243905067443847656e+00 1.756165474653244019e-01 2.920404195785522461e+00 3.182567119598388672e+00 -4.692360877990722656e+00 -3.244975090026855469e+00 4.260661602020263672e+00
-2.797634124755859375e+00 3.905958652496337891e+00 -2.462145805358886719e+00 2.050600051879882812e+00 5.920834541320800781e+00 -7.788906574249267578e+00 5.125896930694580078e+00 3.320016264915466309e-01 4.768477678298950195e-01 -8.566825866699218750e+00 -1.721037507057189941e+00 -8.433107376098632812e+00 -2.547749042510986328e+00 4.843464374542236328e+00 -4.071374535560607910e-01
-1.084067225456237793e+00 5.386046886444091797e+00 -1.853155374526977539e+00 4.472091197967529297e+00 6.692107677459716797e+00 -5.021877765655517578e+00 4.880747795104980469e+00 1.376094055175781250e+01 -2.767533779144287109e+00 -2.622169554233551025e-01 7.815751075744628906e+00 1.561719059944152832e+00 -9.144820213317871094e+00 1.573467850685119629e+00 1.028830051422119141e+00
-1.515129208564758301e+00 9.634344100952148438e+00 1.088083744049072266e+00 5.604499816894531250e+00 2.446873426437377930e+00 -2.683782815933227539e+00 -2.358663678169250488e-01 5.762757301330566406e+00 6.040884494781494141e+00 -5.231098175048828125e+00 3.943410873413085938e+00 -7.746381163597106934e-01 1.069368362426757812e+00 2.826707839965820312e+00 4.720457077026367188e+00
3.629267811775207520e-01 -3.120819665491580963e-02 -5.016423702239990234e+00 9.439654350280761719e+00 9.119070053100585938e+00 -8.560776710510253906e+00 3.931684494018554688e+00 6.675136089324951172e+00 -7.929927349090576172e+00 4.730666160583496094e+00 -4.081896305084228516e+00 -4.985499858856201172e+00 -1.209634399414062500e+01 -2.124727725982666016e+00 8.467628479003906250e+00
-4.860838890075683594e+00 5.392821788787841797e+00 -4.611186027526855469e+00 2.393111705780029297e+00 8.537822723388671875e+00 -6.060088634490966797e+00 4.825197219848632812e+00 1.964083552360534668e+00 -7.546424865722656250e-01 -9.800712585449218750e+00 -1.743749976158142090e+00 -7.892385482788085938e+00 -2.096237421035766602e+00 4.992538452148437500e+00 -9.231618046760559082e-01
-1.185136318206787109e+00 2.137692213058471680e+00 1.039585024118423462e-01 2.648974895477294922e+00 6.965288162231445312e+00 4.133618354797363281e+00 -5.700672268867492676e-01 8.342537879943847656e+00 -6.676037311553955078e+00 4.637914001941680908e-01 -6.465906620025634766e+00 1.147317409515380859e+00 -4.973976135253906250e+00 -9.253046512603759766e-01 3.147354364395141602e+00
-2.279860973358154297e+00 2.752147197723388672e+00 3.319205939769744873e-01 3.531904220581054688e+00 5.618789672851562500e+00 -4.821465015411376953e+00 -4.924821376800537109e+00 1.044542026519775391e+01 6.219488382339477539e-01 -5.510615825653076172e+00 -6.762633323669433594e+00 -6.158353805541992188e+00 -7.362390518188476562e+00 4.329675197601318359e+00 8.909296035766601562e+00
-3.000074863433837891e+00 3.738699436187744141e+00 -2.784719944000244141e+00 2.130259275436401367e+00 6.381053924560546875e+00 -7.493791103363037109e+00 2.106260299682617188e+00 2.713757276535034180e+00 6.704854965209960938e-01 -1.001752853393554688e+01 -2.825655221939086914e+00 -7.836776733398437500e+00 -2.483047485351562500e+00 4.273678779602050781e+00 -1.240476250648498535e+00
1.155451297760009766e+00 7.632939815521240234e+00 -2.593439102172851562e+00 3.020263612270355225e-01 6.461302280426025391e+00 1.368134617805480957e+00 1.078842163085937500e+01 7.019752025604248047e+00 -3.535873413085937500e+00 -4.727715969085693359e+00 9.502540826797485352e-01 -9.193855285644531250e+00 2.524690866470336914e+00 -2.610540866851806641e+00 6.965448379516601562e+00
-1.450603365898132324e+00 2.728218793869018555e+00 -7.270311713218688965e-01 3.511054039001464844e+00 4.450902462005615234e+00 -2.617635250091552734e+00 -1.613384366035461426e+00 9.662991523742675781e+00 -6.398177623748779297e+00 -2.411364316940307617e+00 6.046806812286376953e+00 -6.065183639526367188e+00 -9.314683914184570312e+00 3.398509263992309570e+00 3.103850603103637695e+00
1.278192520141601562e+00 7.405665874481201172e+00 -3.300139427185058594e+00 6.948782444000244141e+00 3.509825229644775391e+00 -6.285459041595458984e+00 3.513546228408813477e+00 1.157754802703857422e+01 3.219486474990844727e+00 -1.313959002494812012e+00 3.455788850784301758e+00 3.835955381393432617e+00 -5.019886016845703125e+00 -2.666748046875000000e+00 4.974904537200927734e+00
-1.451640725135803223e+00 9.647490501403808594e+00 1.388182640075683594e+00 5.238602638244628906e+00 1.442149996757507324e+00 -2.663963079452514648e+00 6.284943222999572754e-01 5.320458412170410156e+00 5.760781764984130859e+00 -5.233487606048583984e+00 4.465915679931640625e+00 -1.100401043891906738e+00 1.044257640838623047e+00 2.171643018722534180e+00 4.439699649810791016e+00
-1.181601166725158691e+00 9.354704856872558594e+00 1.354638338088989258e+00 5.258876800537109375e+00 1.219042658805847168e+00 -2.652216672897338867e+00 8.143426775932312012e-01 4.505918025970458984e+00 6.327914714813232422e+00 -3.983174324035644531e+00 4.190130233764648438e+00 -1.781661868095397949e+00 1.429625868797302246e+00 2.713637828826904297e+00 5.340138435363769531e+00
-3.114378213882446289e+00 3.883868455886840820e+00 -1.058675169944763184e+00 6.253810882568359375e+00 6.882361888885498047e+00 -3.097880125045776367e+00 -5.176842808723449707e-01 7.826240062713623047e+00 -8.811394691467285156e+00 -2.095307588577270508e+00 5.807564258575439453e+00 -6.428143501281738281e+00 -9.072242736816406250e+00 3.479208469390869141e+00 3.867786169052124023e+00
-7.386135458946228027e-01 4.166807651519775391e+00 -1.279431104660034180e+00 3.364791870117187500e+00 5.482583045959472656e+00 -4.658642768859863281e+00 4.825713157653808594e+00 1.468770408630371094e+01 -3.618383884429931641e+00 -1.391796708106994629e+00 7.811548709869384766e+00 1.330922484397888184e+00 -9.025495529174804688e+00 2.127446651458740234e+00 1.184773445129394531e+00
-1.600879549980163574e+00 1.048315525054931641e+01 6.997687816619873047e-01 5.663673400878906250e+00 3.087426185607910156e+00 -5.715345144271850586e-01 1.533402919769287109e+00 3.255160808563232422e+00 6.924260616302490234e+00 -2.474487543106079102e+00 4.155163288116455078e+00 -6.357102990150451660e-01 8.827051520347595215e-01 2.167645931243896484e+00 5.134047508239746094e+00
-3.929492235183715820e+00 2.982564449310302734e+00 1.153334379196166992e+00 5.290493965148925781e+00 7.542449474334716797e+00 -3.077005147933959961e+00 -4.808560371398925781e+00 1.311352252960205078e+01 -1.396000623703002930e+00 -6.076696872711181641e+00 -6.539048194885253906e+00 -6.725613594055175781e+00 -7.765275478363037109e+00 4.158339023590087891e+00 9.171184539794921875e+00
1.250216364860534668e-01 1.490139603614807129e+00 -6.235866069793701172e+00 1.155690288543701172e+01 1.224808788299560547e+01 -8.739194869995117188e+00 4.677446842193603516e+00 6.297428131103515625e+00 -8.376523971557617188e+00 5.677237987518310547e+00 -3.507479429244995117e+00 -6.499844551086425781e+00 -1.250208091735839844e+01 -1.849760890007019043e+00 9.013181686401367188e+00
-1.555703759193420410e+00 5.367676734924316406e+00 1.177132606506347656e+00 6.874098777770996094e+00 8.053640365600585938e+00 3.159936666488647461e+00 3.791868448257446289e+00 1.504214000701904297e+01 -4.154168605804443359e+00 1.193704724311828613e+00 -6.728055477142333984e+00 -7.031044960021972656e+00 -1.672381162643432617e+00 -5.193798542022705078e+00 5.057703971862792969e+00
1.262668132781982422e+00 7.034172534942626953e+00 -2.658720970153808594e+00 -2.321844398975372314e-01 6.070107936859130859e+00 7.082835435867309570e-01 9.757770538330078125e+00 5.809400081634521484e+00 -4.088922977447509766e+00 -4.251785755157470703e+00 9.451094865798950195e-01 -9.321804046630859375e+00 1.898809909820556641e+00 -2.394996643066406250e+00 6.929449558258056641e+00
-2.639675140380859375e+00 2.486913681030273438e+00 5.846748948097229004e-01 3.800349950790405273e+00 1.143408298492431641e+01 4.615835666656494141e+00 1.054179906845092773e+00 9.992574691772460938e+00 -7.254469871520996094e+00 1.062348634004592896e-01 -6.492413043975830078e+00 3.217108547687530518e-01 -5.011372089385986328e+00 -1.891817212104797363e+00 2.751028299331665039e+00
-2.001726865768432617e+00 6.366244316101074219e+00 1.825504899024963379e+00 9.145482063293457031e+00 9.873404502868652344e+00 2.961688518524169922e+00 4.021283149719238281e+00 1.356541442871093750e+01 -3.083552360534667969e+00 1.396592020988464355e+00 -6.573416709899902344e+00 -6.633035659790039062e+00 -1.235116124153137207e+00 -5.549828529357910156e+00 5.123282432556152344e+00
1.245959639549255371e+00 7.083769798278808594e+00 -3.216177463531494141e+00 6.450755596160888672e+00 3.152317285537719727e+00 -8.260522842407226562e+00 4.065127849578857422e+00 8.732239723205566406e+00 4.566300392150878906e+00 -2.213842630386352539e+00 2.964744806289672852e+00 3.569818019866943359e+00 -4.843402385711669922e+00 -3.054371833801269531e+00 4.232555866241455078e+00
-2.781545162200927734e+00 9.322498440742492676e-01 9.294500946998596191e-01 3.686698913574218750e+00 1.238007926940917969e+01 5.495326519012451172e+00 1.272917032241821289e+00 1.099895000457763672e+01 -8.184782981872558594e+00 -2.127235412597656250e+00 -6.216884136199951172e+00 1.970679044723510742e+00 -4.884134769439697266e+00 -1.089395284652709961e+00 3.759241342544555664e+00
9.537972807884216309e-01 7.886014938354492188e+00 -2.805343151092529297e+00 2.512848675251007080e-01 6.343955039978027344e+00 2.123414129018783569e-01 9.927753448486328125e+00 5.879640579223632812e+00 -2.920806407928466797e+00 -3.511885166168212891e+00 1.786635041236877441e+00 -9.283054351806640625e+00 2.712800502777099609e+00 -1.612747430801391602e+00 8.412220954895019531e+00
-3.499200344085693359e+00 4.252884387969970703e+00 -3.021450281143188477e+00 2.188707590103149414e+00 6.681673049926757812e+00 -7.299032688140869141e+00 2.024770498275756836e+00 3.579650521278381348e-01 5.660196542739868164e-01 -7.512253284454345703e+00 -1.660402059555053711e+00 -8.666600227355957031e+00 -2.279831886291503906e+00 5.160274982452392578e+00 -6.947202682495117188e-01
-1.740915536880493164e+00 3.832362174987792969e+00 -9.462667703628540039e-01 3.574169635772705078e+00 4.458929061889648438e+00 -1.845279574394226074e+00 4.284241199493408203e+00 1.039491081237792969e+01 1.839705467224121094e+00 -3.941750049591064453e+00 3.887856721878051758e+00 -5.677760124206542969e+00 -2.881925106048583984e+00 -2.484024047851562500e+00 5.215900421142578125e+00
2.304031252861022949e-01 1.406353354454040527e+00 -3.330525159835815430e+00 6.918108940124511719e+00 7.167160034179687500e+00 -6.883087635040283203e+00 3.098439931869506836e+00 4.786705493927001953e+00 -8.502049446105957031e+00 4.987700462341308594e+00 -4.069349765777587891e+00 -3.948865890502929688e+00 -1.239627647399902344e+01 -2.151489257812500000e+00 7.906843185424804688e+00
-5.227451324462890625e+00 3.193714141845703125e+00 1.893489599227905273e+00 6.617203235626220703e+00 8.673963546752929688e+00 -2.362488746643066406e+00 -4.843858718872070312e+00 1.207631969451904297e+01 -9.372922033071517944e-02 -3.414052963256835938e+00 -6.728662014007568359e+00 -5.680188179016113281e+00 -7.834924697875976562e+00 3.678534507751464844e+00 8.791319847106933594e+00
7.255651950836181641e-01 6.492620468139648438e+00 -2.048540115356445312e+00 8.567219972610473633e-01 5.925186634063720703e+00 7.558115720748901367e-01 9.423767089843750000e+00 5.706491470336914062e+00 -3.716597795486450195e+00 -4.513237476348876953e+00 1.615449190139770508e+00 -9.362743377685546875e+00 1.873081326484680176e+00 -2.429319381713867188e+00 6.851672172546386719e+00
-2.205453872680664062e+00 7.061747074127197266e+00 1.976020336151123047e+00 1.003332614898681641e+01 1.080017948150634766e+01 2.696459293365478516e+00 2.857078552246093750e+00 1.603203773498535156e+01 -4.767851829528808594e+00 1.314093947410583496e+00 -6.811152458190917969e+00 -6.302575111389160156e+00 -2.400995254516601562e+00 -5.255360603332519531e+00 4.772691726684570312e+00
-2.407849073410034180e+00 4.101964473724365234e+00 5.612633228302001953e-01 3.230810403823852539e+00 4.027614593505859375e+00 -1.168936848640441895e+00 6.319656848907470703e+00 9.532042503356933594e+00 -4.282311916351318359e+00 4.202446460723876953e+00 1.060267761349678040e-01 -7.204748153686523438e+00 -1.298074126243591309e+00 2.732128620147705078e+00 8.559806823730468750e+00
2.517061829566955566e-01 6.554704904556274414e-01 -4.967040061950683594e+00 9.664990425109863281e+00 9.569314956665039062e+00 -6.735188484191894531e+00 3.400487184524536133e+00 4.010949134826660156e+00 -6.829067707061767578e+00 4.927503108978271484e+00 -4.395377635955810547e+00 -3.651283264160156250e+00 -1.191702079772949219e+01 -2.430770874023437500e+00 7.460033416748046875e+00
1.539096951484680176e+00 9.897952079772949219e+00 -4.031167984008789062e+00 -1.036581158638000488e+00 8.013681411743164062e+00 5.422109365463256836e-01 9.989433288574218750e+00 6.179250240325927734e+00 -3.921994924545288086e+00 -3.923829078674316406e+00 7.719863206148147583e-02 -8.883369445800781250e+00 2.032731294631958008e+00 -3.214055299758911133e+00 6.310428619384765625e+00
-1.364854931831359863e+00 4.460464477539062500e+00 1.406829833984375000e+00 6.403445243835449219e+00 6.728744506835937500e+00 2.838580369949340820e+00 2.862091541290283203e+00 1.445143508911132812e+01 -4.859106540679931641e+00 9.714511036872863770e-01 -6.747852802276611328e+00 -6.575358867645263672e+00 -2.948595285415649414e+00 -4.823163032531738281e+00 4.886342048645019531e+00
-6.288402080535888672e-01 6.742706775665283203e+00 5.067937374114990234e-01 3.746261358261108398e+00 2.098411560058593750e+00 -2.933680057525634766e+00 2.135550975799560547e+00 8.015989303588867188e+00 6.048728466033935547e+00 -4.479387760162353516e+00 3.602482080459594727e+00 -3.853807747364044189e-01 1.317143917083740234e+00 2.520367145538330078e+00 4.163020610809326172e+00
-2.435657978057861328e+00 1.181258678436279297e+00 6.959879398345947266e-01 3.397364616394042969e+00 1.241795539855957031e+01 4.640832424163818359e+00 2.760910391807556152e-01 9.353157997131347656e+00 -5.970105648040771484e+00 -1.026797175407409668e+00 -6.691559314727783203e+00 9.719287753105163574e-01 -3.810436725616455078e+00 -1.140385031700134277e+00 3.877527475357055664e+00
-2.855446338653564453e+00 5.340273380279541016e+00 -1.460814476013183594e+00 6.295737743377685547e+00 2.609773874282836914e+00 -5.657691001892089844e+00 7.464639663696289062e+00 4.711355209350585938e+00 -6.145688533782958984e+00 -6.627043485641479492e-01 4.477971553802490234e+00 -5.113345146179199219e+00 -8.719738006591796875e+00 -2.262427091598510742e+00 -1.949750632047653198e-01
1.159574866294860840e+00 7.916812896728515625e+00 -3.171609401702880859e+00 -2.092628180980682373e-01 6.984496116638183594e+00 1.153721690177917480e+00 1.190943527221679688e+01 6.411293029785156250e+00 -3.391518354415893555e+00 -5.572976589202880859e+00 1.144742488861083984e+00 -9.147239685058593750e+00 1.657824158668518066e+00 -2.749435424804687500e+00 6.565331459045410156e+00
-2.081169128417968750e+00 4.774444103240966797e+00 -1.256890058517456055e+00 5.402202606201171875e+00 2.949882030487060547e+00 -6.263596057891845703e+00 5.947474002838134766e+00 2.595260858535766602e+00 -4.227013587951660156e+00 -8.381060361862182617e-01 5.486332416534423828e+00 -4.563429832458496094e+00 -9.802132606506347656e+00 -1.812083363533020020e+00 -6.339830160140991211e-01
-2.857710123062133789e+00 3.850840568542480469e+00 -1.165767669677734375e+00 5.833412170410156250e+00 6.795987606048583984e+00 -2.482098817825317383e+00 -7.076960802078247070e-02 8.504143714904785156e+00 -6.511085510253906250e+00 -7.107955813407897949e-01 5.417150497436523438e+00 -6.558954715728759766e+00 -8.909524917602539062e+00 2.784834146499633789e+00 3.368551969528198242e+00
1.034111380577087402e+00 7.206330776214599609e+00 -3.275089740753173828e+00 6.202559947967529297e+00 3.928246021270751953e+00 -6.579561710357666016e+00 4.269654273986816406e+00 1.167283535003662109e+01 2.965760231018066406e+00 3.316744267940521240e-01 3.960866928100585938e+00 3.808847904205322266e+00 -5.584874153137207031e+00 -3.319114923477172852e+00 4.430590152740478516e+00
-1.048063635826110840e+00 4.222865581512451172e+00 5.604828000068664551e-01 5.045632362365722656e+00 6.236141204833984375e+00 2.620654344558715820e+00 2.353120803833007812e+00 1.332145214080810547e+01 -3.854322910308837891e+00 6.517497897148132324e-01 -6.228717327117919922e+00 -7.178948402404785156e+00 -7.708143591880798340e-01 -5.010197639465332031e+00 5.656025886535644531e+00
-1.723430395126342773e+00 1.183140873908996582e+00 5.553281903266906738e-01 2.854790687561035156e+00 8.958763122558593750e+00 5.066782474517822266e+00 -1.925080776214599609e+00 8.908232688903808594e+00 -4.292208194732666016e+00 -2.572076320648193359e+00 -6.356861591339111328e+00 1.360071897506713867e+00 -4.421886444091796875e+00 -1.721554875373840332e+00 2.661029338836669922e+00
