8.240889012813568115e-02 1.318501830101013184e-01 6.950278580188751221e-02 -5.990899354219436646e-02 -8.016584068536758423e-02 1.044174283742904663e-02 8.586434274911880493e-02 8.070431649684906006e-02 1.260839551687240601e-01 -2.026046067476272583e-02 -3.912335634231567383e-02 4.776521027088165283e-02 5.592149496078491211e-02 -1.829074695706367493e-02 3.418494388461112976e-02
8.186832070350646973e-02 1.421743184328079224e-01 7.642687857151031494e-02 -5.832386761903762817e-02 -7.521822303533554077e-02 3.165803384035825729e-03 9.065822511911392212e-02 7.693952322006225586e-02 1.250708252191543579e-01 -1.914162188768386841e-02 -4.243037104606628418e-02 6.122435629367828369e-02 5.606908351182937622e-02 -1.873302832245826721e-02 4.133475944399833679e-02
8.203616738319396973e-02 1.320451796054840088e-01 6.972263753414154053e-02 -6.051991134881973267e-02 -7.958482950925827026e-02 8.933082222938537598e-03 8.578584343194961548e-02 7.988433539867401123e-02 1.267420202493667603e-01 -1.986525207757949829e-02 -3.872297704219818115e-02 4.885056614875793457e-02 5.652632564306259155e-02 -1.937786117196083069e-02 3.377706930041313171e-02
8.314794301986694336e-02 1.292466223239898682e-01 6.765900552272796631e-02 -5.985776335000991821e-02 -8.190286159515380859e-02 1.305237412452697754e-02 8.398229628801345825e-02 8.230418711900711060e-02 1.258384436368942261e-01 -2.059725672006607056e-02 -3.873705863952636719e-02 4.394829273223876953e-02 5.544103682041168213e-02 -1.748383417725563049e-02 3.243155404925346375e-02
8.348253369331359863e-02 1.405881494283676147e-01 7.563075423240661621e-02 -5.727774649858474731e-02 -7.642158865928649902e-02 4.893019329756498337e-03 8.890072256326675415e-02 7.802545279264450073e-02 1.247090175747871399e-01 -1.924196630716323853e-02 -4.226289689540863037e-02 5.901892483234405518e-02 5.553376674652099609e-02 -1.783115044236183167e-02 4.025782272219657898e-02
8.333654701709747314e-02 1.334119588136672974e-01 7.081151008605957031e-02 -5.930820852518081665e-02 -7.952643930912017822e-02 9.052567183971405029e-03 8.527838438749313354e-02 8.011301606893539429e-02 1.258930563926696777e-01 -1.970896869897842407e-02 -3.984430432319641113e-02 5.009847879409790039e-02 5.599536001682281494e-02 -1.836464181542396545e-02 3.472436591982841492e-02
8.309969305992126465e-02 1.310357153415679932e-01 6.896710395812988281e-02 -5.965656787157058716e-02 -8.084947615861892700e-02 1.126554608345031738e-02 8.473823219537734985e-02 8.134109526872634888e-02 1.259047985076904297e-01 -2.026281505823135376e-02 -3.916260600090026855e-02 4.656249284744262695e-02 5.568145215511322021e-02 -1.791443303227424622e-02 3.352237865328788757e-02
7.974760234355926514e-02 1.420038938522338867e-01 7.741458714008331299e-02 -6.161529570817947388e-02 -7.171171158552169800e-02 -5.346924532204866409e-03 9.065835922956466675e-02 7.183130830526351929e-02 1.295231282711029053e-01 -1.710716634988784790e-02 -3.918039798736572266e-02 6.645897030830383301e-02 6.008406728506088257e-02 -2.518265321850776672e-02 3.803170844912528992e-02
8.111809194087982178e-02 1.443771570920944214e-01 7.815562188625335693e-02 -5.883608013391494751e-02 -7.320097833871841431e-02 -8.499030955135822296e-04 9.184261411428451538e-02 7.482202351093292236e-02 1.261072307825088501e-01 -1.839626580476760864e-02 -4.220502078533172607e-02 6.561785936355590820e-02 5.715975165367126465e-02 -2.059202268719673157e-02 4.205901548266410828e-02
8.062605559825897217e-02 1.468481719493865967e-01 7.993499934673309326e-02 -5.896259099245071411e-02 -7.152060419321060181e-02 -3.926679957658052444e-03 9.293375164270401001e-02 7.326098531484603882e-02 1.265396177768707275e-01 -1.781848818063735962e-02 -4.248660802841186523e-02 6.967885792255401611e-02 5.778472125530242920e-02 -2.166256681084632874e-02 4.318387433886528015e-02
8.062630891799926758e-02 1.391896307468414307e-01 7.520006597042083740e-02 -6.118867546319961548e-02 -7.421047985553741455e-02 -7.062708027660846710e-04 8.899142593145370483e-02 7.444427162408828735e-02 1.283945143222808838e-01 -1.795125752687454224e-02 -3.935226798057556152e-02 6.103707849979400635e-02 5.884525179862976074e-02 -2.313900366425514221e-02 3.687442466616630554e-02
8.273749053478240967e-02 1.297630518674850464e-01 6.796856224536895752e-02 -6.004012376070022583e-02 -8.153402805328369141e-02 1.263622939586639404e-02 8.460722118616104126e-02 8.197773247957229614e-02 1.258906275033950806e-01 -2.060563117265701294e-02 -3.879360854625701904e-02 4.460220038890838623e-02 5.555409193038940430e-02 -1.765717938542366028e-02 3.285552188754081726e-02
8.238430321216583252e-02 1.322709172964096069e-01 6.989161670207977295e-02 -6.015134602785110474e-02 -7.971232384443283081e-02 9.277194738388061523e-03 8.564869314432144165e-02 8.011508733034133911e-02 1.264131218194961548e-01 -1.991740614175796509e-02 -3.905181586742401123e-02 4.881232976913452148e-02 5.629500746726989746e-02 -1.894440129399299622e-02 3.401882573962211609e-02
8.193789422512054443e-02 1.414756923913955688e-01 7.614006102085113525e-02 -5.875403434038162231e-02 -7.517713308334350586e-02 2.487726043909788132e-03 8.993981033563613892e-02 7.660407572984695435e-02 1.256678700447082520e-01 -1.886124163866043091e-02 -4.189833998680114746e-02 6.097820401191711426e-02 5.654497444629669189e-02 -1.950352266430854797e-02 4.029942676424980164e-02
8.246855437755584717e-02 1.311735957860946655e-01 6.914271414279937744e-02 -6.020382791757583618e-02 -8.024701476097106934e-02 1.009222865104675293e-02 8.528310805559158325e-02 8.055926114320755005e-02 1.265224814414978027e-01 -2.008337527513504028e-02 -3.865051269531250000e-02 4.745185375213623047e-02 5.622681975364685059e-02 -1.883012428879737854e-02 3.338344022631645203e-02
8.388884365558624268e-02 1.316204369068145752e-01 6.936877965927124023e-02 -5.900505930185317993e-02 -8.111155033111572266e-02 1.192334294319152832e-02 8.419030159711837769e-02 8.178737759590148926e-02 1.252129226922988892e-01 -2.024964243173599243e-02 -3.996253013610839844e-02 4.669819772243499756e-02 5.522239208221435547e-02 -1.705152168869972229e-02 3.395546600222587585e-02
7.978749275207519531e-02 1.427075117826461792e-01 7.727731764316558838e-02 -6.140968948602676392e-02 -7.265711575746536255e-02 -2.923772204667329788e-03 9.048945456743240356e-02 7.335167378187179565e-02 1.279529184103012085e-01 -1.757661253213882446e-02 -4.076448082923889160e-02 6.522466242313385010e-02 5.887310206890106201e-02 -2.333934977650642395e-02 3.912306949496269226e-02
8.274348080158233643e-02 1.295705139636993408e-01 6.785535812377929688e-02 -6.008867174386978149e-02 -8.158505707979202271e-02 1.259317249059677124e-02 8.448607474565505981e-02 8.197354525327682495e-02 1.259763836860656738e-01 -2.058828622102737427e-02 -3.868071734905242920e-02 4.444429278373718262e-02 5.560669302940368652e-02 -1.776545122265815735e-02 3.268552944064140320e-02
8.089986443519592285e-02 1.398421674966812134e-01 7.570490241050720215e-02 -6.078032404184341431e-02 -7.392475754022598267e-02 -1.204416621476411819e-03 8.920440822839736938e-02 7.425215095281600952e-02 1.283154040575027466e-01 -1.786605268716812134e-02 -3.955182433128356934e-02 6.199724972248077393e-02 5.878940224647521973e-02 -2.306451275944709778e-02 3.736896440386772156e-02
8.317339420318603516e-02 1.294708997011184692e-01 6.782656908035278320e-02 -5.982462316751480103e-02 -8.175709843635559082e-02 1.269337534904479980e-02 8.401980251073837280e-02 8.214928954839706421e-02 1.258867681026458740e-01 -2.052602916955947876e-02 -3.877380490303039551e-02 4.431970417499542236e-02 5.549804866313934326e-02 -1.761338487267494202e-02 3.255249187350273132e-02
8.412182331085205078e-02 1.356678456068038940e-01 7.173901796340942383e-02 -5.696622282266616821e-02 -8.027808368206024170e-02 1.254475116729736328e-02 8.694402128458023071e-02 8.199609071016311646e-02 1.231677308678627014e-01 -2.077860385179519653e-02 -4.222083091735839844e-02 4.993678629398345947e-02 5.374509096145629883e-02 -1.470184791833162308e-02 3.831840679049491882e-02
8.067840337753295898e-02 1.458365917205810547e-01 7.944665849208831787e-02 -5.898461490869522095e-02 -7.166311144828796387e-02 -3.895380068570375443e-03 9.271404892206192017e-02 7.318602502346038818e-02 1.269567310810089111e-01 -1.782879978418350220e-02 -4.181630909442901611e-02 6.887789070606231689e-02 5.798746645450592041e-02 -2.200763300061225891e-02 4.240132495760917664e-02
8.260163664817810059e-02 1.377760618925094604e-01 7.317899167537689209e-02 -5.818606168031692505e-02 -7.828273624181747437e-02 8.780568838119506836e-03 8.863260596990585327e-02 7.987548410892486572e-02 1.242304667830467224e-01 -2.019656449556350708e-02 -4.200869798660278320e-02 5.386225879192352295e-02 5.491648614406585693e-02 -1.672730222344398499e-02 3.921784088015556335e-02
8.130075037479400635e-02 1.452137827873229980e-01 7.883182168006896973e-02 -5.876294523477554321e-02 -7.264166325330734253e-02 -2.165034878998994827e-03 9.179147332906723022e-02 7.424279302358627319e-02 1.263154298067092896e-01 -1.806110888719558716e-02 -4.230682551860809326e-02 6.717769801616668701e-02 5.740348994731903076e-02 -2.105424180626869202e-02 4.227967187762260437e-02
8.084885776042938232e-02 1.380983591079711914e-01 7.435345649719238281e-02 -6.108824163675308228e-02 -7.508459687232971191e-02 9.616161696612834930e-04 8.847685903310775757e-02 7.534279674291610718e-02 1.280577480792999268e-01 -1.826713234186172485e-02 -3.931702673435211182e-02 5.906470119953155518e-02 5.844744294881820679e-02 -2.245867624878883362e-02 3.640032932162284851e-02
8.089597523212432861e-02 1.397342681884765625e-01 7.556642591953277588e-02 -6.076852232217788696e-02 -7.412943243980407715e-02 -7.043336518108844757e-04 8.917722851037979126e-02 7.451071590185165405e-02 1.281269639730453491e-01 -1.798406988382339478e-02 -3.968220949172973633e-02 6.154730916023254395e-02 5.864427238702774048e-02 -2.278896048665046692e-02 3.740484640002250671e-02
8.358256518840789795e-02 1.281869858503341675e-01 6.674803793430328369e-02 -5.949262529611587524e-02 -8.303222805261611938e-02 1.521799713373184204e-02 8.332807570695877075e-02 8.359194546937942505e-02 1.251894384622573853e-01 -2.103082090616226196e-02 -3.900335729122161865e-02 4.163552820682525635e-02 5.474983155727386475e-02 -1.633716002106666565e-02 3.214503452181816101e-02
8.448503911495208740e-02 1.280751228332519531e-01 6.670741736888885498e-02 -5.885580927133560181e-02 -8.358325809240341187e-02 1.615221798419952393e-02 8.246570080518722534e-02 8.422914892435073853e-02 1.246558204293251038e-01 -2.106294780969619751e-02 -3.951546549797058105e-02 4.103620350360870361e-02 5.431517958641052246e-02 -1.552686560899019241e-02 3.213680908083915710e-02
8.274966478347778320e-02 1.323086172342300415e-01 6.987227499485015869e-02 -5.988553911447525024e-02 -8.000133186578750610e-02 9.881936013698577881e-03 8.529815822839736938e-02 8.051624894142150879e-02 1.260502785444259644e-01 -1.997489482164382935e-02 -3.940249979496002197e-02 4.847179353237152100e-02 5.600298941135406494e-02 -1.843512430787086487e-02 3.410245105624198914e-02
8.342100679874420166e-02 1.322332173585891724e-01 6.999783217906951904e-02 -5.953762680292129517e-02 -8.007279038429260254e-02 9.665533900260925293e-03 8.461634069681167603e-02 8.048816025257110596e-02 1.260950118303298950e-01 -1.977903395891189575e-02 -3.943075239658355713e-02 4.871624708175659180e-02 5.603615939617156982e-02 -1.844576373696327209e-02 3.385354205965995789e-02
8.287534117698669434e-02 1.302523016929626465e-01 6.836585700511932373e-02 -5.991209298372268677e-02 -8.125179260969161987e-02 1.201796531677246094e-02 8.462885767221450806e-02 8.168866485357284546e-02 1.259265393018722534e-01 -2.045354992151260376e-02 -3.892417252063751221e-02 4.538601636886596680e-02 5.563914775848388672e-02 -1.781973615288734436e-02 3.309394046664237976e-02
8.389104902744293213e-02 1.321989297866821289e-01 6.992934644222259521e-02 -5.898434668779373169e-02 -8.050608634948730469e-02 1.067283749580383301e-02 8.443228155374526978e-02 8.109218627214431763e-02 1.255671381950378418e-01 -1.997739821672439575e-02 -3.980903327465057373e-02 4.807882010936737061e-02 5.556669831275939941e-02 -1.763388887047767639e-02 3.411884233355522156e-02
8.056212961673736572e-02 1.403421759605407715e-01 7.601115107536315918e-02 -6.109715253114700317e-02 -7.347323745489120483e-02 -2.180718351155519485e-03 8.944068104028701782e-02 7.378021627664566040e-02 1.285687983036041260e-01 -1.767805963754653931e-02 -3.953245282173156738e-02 6.289426982402801514e-02 5.904395878314971924e-02 -2.359129860997200012e-02 3.750599548220634460e-02
8.302880823612213135e-02 1.297969222068786621e-01 6.796814501285552979e-02 -5.983770638704299927e-02 -8.171270787715911865e-02 1.290456950664520264e-02 8.429045230150222778e-02 8.220603317022323608e-02 1.256832778453826904e-01 -2.059853821992874146e-02 -3.901423513889312744e-02 4.444910585880279541e-02 5.537921190261840820e-02 -1.738746836781501770e-02 3.288067504763603210e-02
8.292461931705474854e-02 1.309908777475357056e-01 6.896044313907623291e-02 -5.975285917520523071e-02 -8.073238283395767212e-02 1.103411614894866943e-02 8.496212214231491089e-02 8.117339015007019043e-02 1.260679662227630615e-01 -2.026856690645217896e-02 -3.899163007736206055e-02 4.666703939437866211e-02 5.580468475818634033e-02 -1.812377944588661194e-02 3.353292867541313171e-02
8.279171586036682129e-02 1.297901272773742676e-01 6.804844737052917480e-02 -6.011623889207839966e-02 -8.139647543430328369e-02 1.214999705553054810e-02 8.441316336393356323e-02 8.175468444824218750e-02 1.260831058025360107e-01 -2.044204622507095337e-02 -3.867784142494201660e-02 4.494506120681762695e-02 5.571639537811279297e-02 -1.797332242131233215e-02 3.267688676714897156e-02
8.233939111232757568e-02 1.319697648286819458e-01 6.972476840019226074e-02 -6.033901125192642212e-02 -7.988309115171432495e-02 9.816408157348632812e-03 8.542338758707046509e-02 8.025269955396652222e-02 1.263408660888671875e-01 -1.996002346277236938e-02 -3.904354572296142578e-02 4.833573102951049805e-02 5.631714314222335815e-02 -1.879966631531715393e-02 3.366858884692192078e-02
8.088107407093048096e-02 1.407295614480972290e-01 7.587024569511413574e-02 -6.092626601457595825e-02 -7.431542873382568359e-02 -2.064337022602558136e-04 8.879677206277847290e-02 7.496900856494903564e-02 1.273432523012161255e-01 -1.793996244668960571e-02 -4.081386327743530273e-02 6.187370419502258301e-02 5.812798440456390381e-02 -2.213955298066139221e-02 3.806681558489799500e-02
8.347110450267791748e-02 1.317031383514404297e-01 6.947849690914154053e-02 -5.935306102037429810e-02 -8.069781959056854248e-02 1.107634603977203369e-02 8.457418531179428101e-02 8.126262575387954712e-02 1.256512850522994995e-01 -2.012784034013748169e-02 -3.959757089614868164e-02 4.731248319149017334e-02 5.558164417743682861e-02 -1.769093051552772522e-02 3.387988731265068054e-02
8.278547227382659912e-02 1.309774816036224365e-01 6.898055970668792725e-02 -5.999956279993057251e-02 -8.061418682336807251e-02 1.077610254287719727e-02 8.487505465745925903e-02 8.098231256008148193e-02 1.262146234512329102e-01 -2.017319947481155396e-02 -3.889249265193939209e-02 4.682187736034393311e-02 5.598315596580505371e-02 -1.838080957531929016e-02 3.330643102526664734e-02
8.385658264160156250e-02 1.299942135810852051e-01 6.826291978359222412e-02 -5.925191193819046021e-02 -8.185447007417678833e-02 1.305802911520004272e-02 8.364362269639968872e-02 8.236986398696899414e-02 1.254081726074218750e-01 -2.047736197710037231e-02 -3.936074674129486084e-02 4.467009007930755615e-02 5.520607531070709229e-02 -1.698869839310646057e-02 3.290821239352226257e-02
8.306173980236053467e-02 1.289854794740676880e-01 6.741541624069213867e-02 -5.987942963838577271e-02 -8.213168382644653320e-02 1.359698176383972168e-02 8.403179794549942017e-02 8.257450908422470093e-02 1.257114112377166748e-01 -2.075008302927017212e-02 -3.874953091144561768e-02 4.335470497608184814e-02 5.530659109354019165e-02 -1.724951341748237610e-02 3.240735456347465515e-02
8.101743459701538086e-02 1.474164277315139771e-01 8.040854334831237793e-02 -5.859691649675369263e-02 -7.128944247961044312e-02 -4.476868081837892532e-03 9.286663681268692017e-02 7.308026403188705444e-02 1.264955699443817139e-01 -1.768071204423904419e-02 -4.265244305133819580e-02 7.059913873672485352e-02 5.776847898960113525e-02 -2.165796235203742981e-02 4.349149391055107117e-02
8.206748962402343750e-02 1.347768455743789673e-01 7.174304127693176270e-02 -6.017691642045974731e-02 -7.803662866353988647e-02 6.331778597086668015e-03 8.674751967191696167e-02 7.850857079029083252e-02 1.267601251602172852e-01 -1.934317499399185181e-02 -3.945407271385192871e-02 5.279506742954254150e-02 5.685940384864807129e-02 -1.991780474781990051e-02 3.532166406512260437e-02
8.162841200828552246e-02 1.313850134611129761e-01 6.923764944076538086e-02 -6.084478646516799927e-02 -7.990361750125885010e-02 9.944781661033630371e-03 8.597051352262496948e-02 8.018741756677627563e-02 1.266762167215347290e-01 -2.013830095529556274e-02 -3.851556777954101562e-02 4.770465195178985596e-02 5.650596320629119873e-02 -1.914517953991889954e-02 3.342236205935478210e-02
7.993137836456298828e-02 1.438600271940231323e-01 7.826480269432067871e-02 -6.126863509416580200e-02 -7.172631472349166870e-02 -4.893579054623842239e-03 9.073970466852188110e-02 7.238250225782394409e-02 1.283627450466156006e-01 -1.715529710054397583e-02 -4.077015817165374756e-02 6.753084063529968262e-02 5.930981040000915527e-02 -2.406573668122291565e-02 3.950775787234306335e-02
8.330649137496948242e-02 1.303487867116928101e-01 6.845965981483459473e-02 -5.947602540254592896e-02 -8.154443651437759399e-02 1.294516026973724365e-02 8.442006260156631470e-02 8.211100101470947266e-02 1.254327446222305298e-01 -2.057725936174392700e-02 -3.933647274971008301e-02 4.505945742130279541e-02 5.529519170522689819e-02 -1.707061007618904114e-02 3.327799960970878601e-02
8.444716036319732666e-02 1.341471821069717407e-01 7.071244716644287109e-02 -5.695260316133499146e-02 -8.113726973533630371e-02 1.378597319126129150e-02 8.613208681344985962e-02 8.272881805896759033e-02 1.231900826096534729e-01 -2.098823338747024536e-02 -4.186740517616271973e-02 4.784983396530151367e-02 5.356338620185852051e-02 -1.440966594964265823e-02 3.741027042269706726e-02
8.290477097034454346e-02 1.335456967353820801e-01 7.097794115543365479e-02 -5.977145582437515259e-02 -7.897443324327468872e-02 7.753803860396146774e-03 8.557260781526565552e-02 7.937105000019073486e-02 1.265140026807785034e-01 -1.947779208421707153e-02 -3.939355909824371338e-02 5.101054906845092773e-02 5.652475357055664062e-02 -1.928893104195594788e-02 3.453911468386650085e-02
8.232076466083526611e-02 1.333516687154769897e-01 7.076206803321838379e-02 -6.022531539201736450e-02 -7.904257625341415405e-02 8.362710475921630859e-03 8.589575439691543579e-02 7.945767790079116821e-02 1.264314949512481689e-01 -1.964513212442398071e-02 -3.935319185256958008e-02 5.045671761035919189e-02 5.655801296234130859e-02 -1.919383183121681213e-02 3.439356014132499695e-02
8.302740752696990967e-02 1.292864829301834106e-01 6.764899194240570068e-02 -5.982849746942520142e-02 -8.189977705478668213e-02 1.318338513374328613e-02 8.426771312952041626e-02 8.234356343746185303e-02 1.257919520139694214e-01 -2.069450169801712036e-02 -3.874850273132324219e-02 4.388470947742462158e-02 5.538464337587356567e-02 -1.739186421036720276e-02 3.263432905077934265e-02
8.152057230472564697e-02 1.343754678964614868e-01 7.153175771236419678e-02 -6.091461330652236938e-02 -7.783880829811096191e-02 5.941748153418302536e-03 8.668866008520126343e-02 7.808012515306472778e-02 1.272317767143249512e-01 -1.920995861291885376e-02 -3.899532556533813477e-02 5.275015532970428467e-02 5.734153091907501221e-02 -2.059740200638771057e-02 3.462691232562065125e-02
8.305338025093078613e-02 1.301316469907760620e-01 6.829208135604858398e-02 -5.980596691370010376e-02 -8.138056099414825439e-02 1.221948862075805664e-02 8.442579954862594604e-02 8.183027803897857666e-02 1.258633434772491455e-01 -2.045784145593643188e-02 -3.895390033721923828e-02 4.519684612751007080e-02 5.556389689445495605e-02 -1.768751814961433411e-02 3.299761936068534851e-02
8.000721037387847900e-02 1.399396061897277832e-01 7.577863335609436035e-02 -6.163937598466873169e-02 -7.326454669237136841e-02 -2.592847216874361038e-03 8.969990164041519165e-02 7.337642461061477661e-02 1.290555745363235474e-01 -1.762972027063369751e-02 -3.901329636573791504e-02 6.282703578472137451e-02 5.944466590881347656e-02 -2.421690896153450012e-02 3.709102794528007507e-02
8.452232182025909424e-02 1.353246271610260010e-01 7.151733338832855225e-02 -5.817548185586929321e-02 -8.047562837600708008e-02 1.139974594116210938e-02 8.426836878061294556e-02 8.172791451215744019e-02 1.235850676894187927e-01 -1.987207680940628052e-02 -4.241010546684265137e-02 4.997748136520385742e-02 5.432645976543426514e-02 -1.581907644867897034e-02 3.647203370928764343e-02
8.339641988277435303e-02 1.322030276060104370e-01 6.987170875072479248e-02 -5.933842808008193970e-02 -8.033174276351928711e-02 1.047575473785400391e-02 8.488079160451889038e-02 8.090846240520477295e-02 1.257404088973999023e-01 -2.003199607133865356e-02 -3.964668512344360352e-02 4.813008010387420654e-02 5.571433901786804199e-02 -1.789379492402076721e-02 3.417951986193656921e-02
8.228473365306854248e-02 1.331359744071960449e-01 7.063910365104675293e-02 -6.028635054826736450e-02 -7.889897376298904419e-02 7.580741774290800095e-03 8.591566234827041626e-02 7.919555157423019409e-02 1.268516331911087036e-01 -1.954094320535659790e-02 -3.896705806255340576e-02 5.064551532268524170e-02 5.676703155040740967e-02 -1.974350586533546448e-02 3.425527736544609070e-02
8.411197364330291748e-02 1.362228840589523315e-01 7.206101715564727783e-02 -5.825135856866836548e-02 -7.994250953197479248e-02 1.071485877037048340e-02 8.507173508405685425e-02 8.131107687950134277e-02 1.235793903470039368e-01 -1.984766870737075806e-02 -4.258507490158081055e-02 5.112177133560180664e-02 5.440124869346618652e-02 -1.598142459988594055e-02 3.717852756381034851e-02
8.305087685585021973e-02 1.331777572631835938e-01 7.068903744220733643e-02 -5.966521054506301880e-02 -7.935977727174758911e-02 8.590459823608398438e-03 8.532623201608657837e-02 7.980502396821975708e-02 1.262646168470382690e-01 -1.962006837129592896e-02 -3.948451578617095947e-02 5.020195245742797852e-02 5.630125105381011963e-02 -1.886418834328651428e-02 3.437508270144462585e-02
8.112660050392150879e-02 1.453792154788970947e-01 7.884867489337921143e-02 -5.869586020708084106e-02 -7.269651442766189575e-02 -1.749754417687654495e-03 9.215211123228073120e-02 7.442289590835571289e-02 1.260798275470733643e-01 -1.822013407945632935e-02 -4.247030615806579590e-02 6.704176962375640869e-02 5.723166465759277344e-02 -2.074447646737098694e-02 4.261482879519462585e-02
8.300481736660003662e-02 1.298833936452865601e-01 6.812936067581176758e-02 -5.982206016778945923e-02 -8.147711306810379028e-02 1.240607351064682007e-02 8.444762974977493286e-02 8.190065622329711914e-02 1.258936524391174316e-01 -2.052400261163711548e-02 -3.883172571659088135e-02 4.487587511539459229e-02 5.556496232748031616e-02 -1.767205074429512024e-02 3.287769481539726257e-02
8.134439587593078613e-02 1.392404586076736450e-01 7.518739998340606689e-02 -6.048286706209182739e-02 -7.471237331628799438e-02 3.165449015796184540e-04 8.859064429998397827e-02 7.514367252588272095e-02 1.277752518653869629e-01 -1.810715347528457642e-02 -3.984774649143218994e-02 6.051041185855865479e-02 5.828467011451721191e-02 -2.222124114632606506e-02 3.718639537692070007e-02
8.207292854785919189e-02 1.294705569744110107e-01 6.779831647872924805e-02 -6.070736795663833618e-02 -8.135592192411422729e-02 1.251039654016494751e-02 8.488427847623825073e-02 8.166059851646423340e-02 1.262202262878417969e-01 -2.060637623071670532e-02 -3.839673101902008057e-02 4.447230696678161621e-02 5.591867864131927490e-02 -1.813009753823280334e-02 3.241909667849540710e-02
8.234517276287078857e-02 1.324431747198104858e-01 7.006554305553436279e-02 -6.027356535196304321e-02 -7.947631925344467163e-02 8.714720606803894043e-03 8.563251048326492310e-02 7.981087267398834229e-02 1.266089528799057007e-01 -1.977387815713882446e-02 -3.897441923618316650e-02 4.932567477226257324e-02 5.649094283580780029e-02 -1.927112415432929993e-02 3.396983072161674500e-02
8.318908512592315674e-02 1.289620399475097656e-01 6.740386784076690674e-02 -5.977968126535415649e-02 -8.219362795352935791e-02 1.368613541126251221e-02 8.393526822328567505e-02 8.264591544866561890e-02 1.256653368473052979e-01 -2.075413614511489868e-02 -3.879007697105407715e-02 4.329806566238403320e-02 5.525861680507659912e-02 -1.715994253754615784e-02 3.240657970309257507e-02
8.033718168735504150e-02 1.475716978311538696e-01 8.069185912609100342e-02 -5.900678783655166626e-02 -7.048411667346954346e-02 -6.046101916581392288e-03 9.359516948461532593e-02 7.210967689752578735e-02 1.272581517696380615e-01 -1.747355610132217407e-02 -4.200701415538787842e-02 7.172805070877075195e-02 5.840181559324264526e-02 -2.271578088402748108e-02 4.329712316393852234e-02
8.331476151943206787e-02 1.313555687665939331e-01 6.932632625102996826e-02 -5.967209488153457642e-02 -8.059888333082199097e-02 1.069243997335433960e-02 8.441204577684402466e-02 8.101597428321838379e-02 1.260067820549011230e-01 -2.000931650400161743e-02 -3.923177719116210938e-02 4.728923738002777100e-02 5.587301403284072876e-02 -1.816475763916969299e-02 3.338791057467460632e-02
8.324910700321197510e-02 1.322674155235290527e-01 6.998507678508758545e-02 -5.959761887788772583e-02 -8.006702363491058350e-02 9.813949465751647949e-03 8.485206216573715210e-02 8.051872998476028442e-02 1.260443627834320068e-01 -1.986319571733474731e-02 -3.945288062095642090e-02 4.861879348754882812e-02 5.600865185260772705e-02 -1.837581768631935120e-02 3.397734090685844421e-02
8.389085531234741211e-02 1.303730458021163940e-01 6.852962076663970947e-02 -5.903265625238418579e-02 -8.167139440774917603e-02 1.282758265733718872e-02 8.398453146219253540e-02 8.225061744451522827e-02 1.253613978624343872e-01 -2.048877626657485962e-02 -3.945110738277435303e-02 4.515717923641204834e-02 5.515596270561218262e-02 -1.693345978856086731e-02 3.332157060503959656e-02
8.174587786197662354e-02 1.428192704916000366e-01 7.717622816562652588e-02 -5.846602469682693481e-02 -7.421646267175674438e-02 8.976156823337078094e-04 9.087821096181869507e-02 7.574835419654846191e-02 1.258525103330612183e-01 -1.864809542894363403e-02 -4.193514585494995117e-02 6.325280666351318359e-02 5.676933377981185913e-02 -1.994161680340766907e-02 4.113234207034111023e-02
8.391089737415313721e-02 1.368110775947570801e-01 7.256031036376953125e-02 -5.842000991106033325e-02 -7.935747504234313965e-02 9.580239653587341309e-03 8.536980301141738892e-02 8.066952228546142578e-02 1.238934472203254700e-01 -1.961664110422134399e-02 -4.248353838920593262e-02 5.235208570957183838e-02 5.474971234798431396e-02 -1.655033603310585022e-02 3.731216117739677429e-02
8.362977206707000732e-02 1.305623203516006470e-01 6.867869198322296143e-02 -5.938724428415298462e-02 -8.135773241519927979e-02 1.209208369255065918e-02 8.401923626661300659e-02 8.184931427240371704e-02 1.256381422281265259e-01 -2.031833678483963013e-02 -3.932094573974609375e-02 4.570166766643524170e-02 5.544532835483551025e-02 -1.744471862912178040e-02 3.318638727068901062e-02
8.219486474990844727e-02 1.304542720317840576e-01 6.852650642395019531e-02 -6.056047230958938599e-02 -8.081949502229690552e-02 1.149569451808929443e-02 8.503920584917068481e-02 8.116240054368972778e-02 1.262301951646804810e-01 -2.035284787416458130e-02 -3.869666159152984619e-02 4.592701792716979980e-02 5.603633821010589600e-02 -1.835845783352851868e-02 3.291387483477592468e-02
8.142006397247314453e-02 1.445807963609695435e-01 7.841677963733673096e-02 -5.880982428789138794e-02 -7.301049679517745972e-02 -1.538873184472322464e-03 9.141538292169570923e-02 7.454755157232284546e-02 1.262808144092559814e-01 -1.814518123865127563e-02 -4.219518601894378662e-02 6.621494889259338379e-02 5.734233558177947998e-02 -2.090786769986152649e-02 4.185212776064872742e-02
8.059719204902648926e-02 1.415472328662872314e-01 7.638891041278839111e-02 -6.082094460725784302e-02 -7.390946894884109497e-02 -5.745892412960529327e-04 8.956953138113021851e-02 7.472319155931472778e-02 1.272227913141250610e-01 -1.798588782548904419e-02 -4.102627933025360107e-02 6.276349723339080811e-02 5.812623351812362671e-02 -2.207477763295173645e-02 3.875548765063285828e-02
8.332639932632446289e-02 1.298219263553619385e-01 6.807978451251983643e-02 -5.975908786058425903e-02 -8.166049420833587646e-02 1.254329085350036621e-02 8.388311415910720825e-02 8.208402246236801147e-02 1.257807463407516479e-01 -2.043027430772781372e-02 -3.900480270385742188e-02 4.473061859607696533e-02 5.547938495874404907e-02 -1.754992082715034485e-02 3.267682716250419617e-02
8.034962415695190430e-02 1.414479762315750122e-01 7.690699398517608643e-02 -6.113228946924209595e-02 -7.258168607950210571e-02 -3.720552194863557816e-03 9.005873650312423706e-02 7.286397367715835571e-02 1.288815289735794067e-01 -1.740065962076187134e-02 -3.956186771392822266e-02 6.491947174072265625e-02 5.945187062025070190e-02 -2.417658641934394836e-02 3.801752254366874695e-02
8.024635910987854004e-02 1.434678286314010620e-01 7.797051966190338135e-02 -6.101150065660476685e-02 -7.215725630521774292e-02 -4.096352029591798782e-03 9.045132249593734741e-02 7.285995036363601685e-02 1.281107366085052490e-01 -1.730302721261978149e-02 -4.085019230842590332e-02 6.670270860195159912e-02 5.903790891170501709e-02 -2.361728623509407043e-02 3.942270204424858093e-02
8.356848359107971191e-02 1.318637281656265259e-01 6.963965296745300293e-02 -5.912361294031143188e-02 -8.061574399471282959e-02 1.106122881174087524e-02 8.479749411344528198e-02 8.122421056032180786e-02 1.256051510572433472e-01 -2.016634494066238403e-02 -3.962314128875732422e-02 4.753269255161285400e-02 5.553574115037918091e-02 -1.757811382412910461e-02 3.411884233355522156e-02
8.081205189228057861e-02 1.384608745574951172e-01 7.459385693073272705e-02 -6.096170097589492798e-02 -7.490517944097518921e-02 7.271836511790752411e-04 8.878128975629806519e-02 7.522999495267868042e-02 1.280198544263839722e-01 -1.826689392328262329e-02 -3.940577805042266846e-02 5.952195823192596436e-02 5.841971188783645630e-02 -2.243744209408760071e-02 3.673661872744560242e-02
8.279229700565338135e-02 1.297893524169921875e-01 6.805598735809326172e-02 -6.010071188211441040e-02 -8.134604245424270630e-02 1.197177171707153320e-02 8.445281535387039185e-02 8.168593794107437134e-02 1.261645555496215820e-01 -2.041817456483840942e-02 -3.860644996166229248e-02 4.505769908428192139e-02 5.575423687696456909e-02 -1.807609573006629944e-02 3.269077464938163757e-02
8.237318694591522217e-02 1.316115111112594604e-01 6.940805912017822266e-02 -6.022623926401138306e-02 -8.009517192840576172e-02 9.985253214836120605e-03 8.544256538152694702e-02 8.047521859407424927e-02 1.263786852359771729e-01 -2.006701380014419556e-02 -3.889006376266479492e-02 4.782134294509887695e-02 5.619940161705017090e-02 -1.875874772667884827e-02 3.365082666277885437e-02
8.248285949230194092e-02 1.376250535249710083e-01 7.305383682250976562e-02 -5.833176523447036743e-02 -7.829769700765609741e-02 8.740127086639404297e-03 8.864312618970870972e-02 7.983934134244918823e-02 1.243341490626335144e-01 -2.019233256578445435e-02 -4.191660881042480469e-02 5.378064513206481934e-02 5.496431887149810791e-02 -1.685279980301856995e-02 3.913904353976249695e-02
8.176249265670776367e-02 1.434715539216995239e-01 7.745249569416046143e-02 -5.841187387704849243e-02 -7.419377565383911133e-02 9.827609173953533173e-04 9.103208035230636597e-02 7.588704675436019897e-02 1.255220025777816772e-01 -1.869020611047744751e-02 -4.243750870227813721e-02 6.365858018398284912e-02 5.657002329826354980e-02 -1.962514594197273254e-02 4.175139591097831726e-02
8.133919537067413330e-02 1.333706378936767578e-01 7.059890031814575195e-02 -6.081757694482803345e-02 -7.884011417627334595e-02 8.396297693252563477e-03 8.683919161558151245e-02 7.929351925849914551e-02 1.265820562839508057e-01 -1.984394341707229614e-02 -3.913412988185882568e-02 5.030208826065063477e-02 5.669739842414855957e-02 -1.943524554371833801e-02 3.459460660815238953e-02
8.328026533126831055e-02 1.302742809057235718e-01 6.826142966747283936e-02 -5.944264680147171021e-02 -8.172114938497543335e-02 1.312845945358276367e-02 8.442289382219314575e-02 8.236739784479141235e-02 1.253295540809631348e-01 -2.066362649202346802e-02 -3.941619396209716797e-02 4.470440745353698730e-02 5.511081218719482422e-02 -1.693794503808021545e-02 3.340877220034599304e-02
7.984191179275512695e-02 1.446328908205032349e-01 7.859617471694946289e-02 -6.093157082796096802e-02 -7.173182070255279541e-02 -4.439160693436861038e-03 9.135032445192337036e-02 7.269490510225296021e-02 1.278090775012969971e-01 -1.736534386873245239e-02 -4.132460057735443115e-02 6.782263517379760742e-02 5.889351665973663330e-02 -2.341115847229957581e-02 4.042864963412284851e-02
7.981570065021514893e-02 1.410515904426574707e-01 7.657365500926971436e-02 -6.147501617670059204e-02 -7.258761674165725708e-02 -3.581740427762269974e-03 9.050505608320236206e-02 7.281573861837387085e-02 1.290950328111648560e-01 -1.753408461809158325e-02 -3.921829164028167725e-02 6.443813443183898926e-02 5.957406759262084961e-02 -2.438870444893836975e-02 3.789110109210014343e-02
8.178108930587768555e-02 1.438020020723342896e-01 7.755717635154724121e-02 -5.811951309442520142e-02 -7.429811358451843262e-02 1.519143115729093552e-03 9.136990457773208618e-02 7.615308463573455811e-02 1.251383870840072632e-01 -1.886079460382461548e-02 -4.275248944759368896e-02 6.371386349201202393e-02 5.623842775821685791e-02 -1.910683885216712952e-02 4.233510419726371765e-02
8.248578011989593506e-02 1.318420171737670898e-01 6.950473785400390625e-02 -6.002632528543472290e-02 -8.019780367612838745e-02 1.036919653415679932e-02 8.550343662500381470e-02 8.070188015699386597e-02 1.260783225297927856e-01 -2.015490084886550903e-02 -3.919333219528198242e-02 4.776465892791748047e-02 5.596362799406051636e-02 -1.836538687348365784e-02 3.396136686205863953e-02
8.035840094089508057e-02 1.410177499055862427e-01 7.592138648033142090e-02 -6.096030026674270630e-02 -7.422768324613571167e-02 1.218910329043865204e-04 8.969921618700027466e-02 7.504046708345413208e-02 1.271657198667526245e-01 -1.819498091936111450e-02 -4.090428352355957031e-02 6.184227764606475830e-02 5.799672007560729980e-02 -2.189243212342262268e-02 3.865189477801322937e-02
8.247345685958862305e-02 1.342513412237167358e-01 7.147918641567230225e-02 -5.993364006280899048e-02 -7.840365916490554810e-02 6.995468866080045700e-03 8.631692081689834595e-02 7.882337272167205811e-02 1.266637444496154785e-01 -1.941574364900588989e-02 -3.939928114414215088e-02 5.211271345615386963e-02 5.674879997968673706e-02 -1.960660889744758606e-02 3.500486537814140320e-02
8.037184178829193115e-02 1.396795064210891724e-01 7.549625635147094727e-02 -6.121543794870376587e-02 -7.393679767847061157e-02 -9.569157846271991730e-04 8.948949724435806274e-02 7.425020635128021240e-02 1.283601224422454834e-01 -1.797080785036087036e-02 -3.946813941001892090e-02 6.160691380500793457e-02 5.887670814990997314e-02 -2.315156534314155579e-02 3.727484866976737976e-02
8.426001667976379395e-02 1.356488913297653198e-01 7.182694971561431885e-02 -5.693001300096511841e-02 -8.015622943639755249e-02 1.214539259672164917e-02 8.682624250650405884e-02 8.180151134729385376e-02 1.233654096722602844e-01 -2.066875249147415161e-02 -4.206737875938415527e-02 5.021800100803375244e-02 5.390657484531402588e-02 -1.493624318391084671e-02 3.816236183047294617e-02
8.262057602405548096e-02 1.315296739339828491e-01 6.937125325202941895e-02 -6.010273844003677368e-02 -8.021907508373260498e-02 1.012865453958511353e-02 8.515832573175430298e-02 8.060084283351898193e-02 1.263163536787033081e-01 -2.003962546586990356e-02 -3.895722329616546631e-02 4.771000146865844727e-02 5.613316595554351807e-02 -1.863740757107734680e-02 3.355986997485160828e-02
8.424130082130432129e-02 1.352681815624237061e-01 7.152348756790161133e-02 -5.709145218133926392e-02 -8.040507882833480835e-02 1.249629259109497070e-02 8.648440986871719360e-02 8.200980722904205322e-02 1.233321502804756165e-01 -2.067602425813674927e-02 -4.204031825065612793e-02 4.962036013603210449e-02 5.385565757751464844e-02 -1.489581633359193802e-02 3.781677410006523132e-02
8.108322322368621826e-02 1.445246189832687378e-01 7.856197655200958252e-02 -5.902061611413955688e-02 -7.251983135938644409e-02 -2.514008898288011551e-03 9.174826741218566895e-02 7.391253113746643066e-02 1.268175691366195679e-01 -1.798654347658157349e-02 -4.166214168071746826e-02 6.682382524013519287e-02 5.779469013214111328e-02 -2.162199839949607849e-02 4.151410982012748718e-02
8.358192443847656250e-02 1.320246607065200806e-01 6.972642242908477783e-02 -5.921659618616104126e-02 -8.059246093034744263e-02 1.097059622406959534e-02 8.461514860391616821e-02 8.120408654212951660e-02 1.255469024181365967e-01 -2.008876949548721313e-02 -3.977054357528686523e-02 4.767309129238128662e-02 5.553968250751495361e-02 -1.760103181004524231e-02 3.409807011485099792e-02
8.058248460292816162e-02 1.405397504568099976e-01 7.557639479637145996e-02 -6.099382787942886353e-02 -7.460676878690719604e-02 6.686593405902385712e-04 8.911641687154769897e-02 7.537444680929183960e-02 1.270596683025360107e-01 -1.820362359285354614e-02 -4.093042016029357910e-02 6.109307706356048584e-02 5.787308514118194580e-02 -2.171828970313072205e-02 3.825617954134941101e-02
8.020664751529693604e-02 1.404717564582824707e-01 7.617461681365966797e-02 -6.138912588357925415e-02 -7.315056771039962769e-02 -2.584405709058046341e-03 8.974342048168182373e-02 7.336282730102539062e-02 1.288015395402908325e-01 -1.760814338922500610e-02 -3.935575485229492188e-02 6.335069239139556885e-02 5.933739244937896729e-02 -2.393678948283195496e-02 3.743068501353263855e-02
