-3.169281482696533203e+00 4.333856582641601562e+00 1.533424109220504761e-01 -2.695963680744171143e-01 9.446030259132385254e-01 1.478712797164916992e+00 3.170031547546386719e+00 -2.484452009201049805e+00 -2.796331405639648438e+00 3.308214843273162842e-01 -1.808089017868041992e+00 -3.087521791458129883e+00 1.689617514610290527e+00 -1.884176015853881836e+00 -5.978634357452392578e-01
-4.748555719852447510e-01 3.255696535110473633e+00 1.478046774864196777e+00 1.772542953491210938e+00 7.206214070320129395e-01 4.841388702392578125e+00 3.453235864639282227e+00 -5.065583586692810059e-01 -3.412470817565917969e+00 1.247822999954223633e+00 -2.067199230194091797e+00 -2.186058521270751953e+00 5.141821384429931641e+00 -3.034754037857055664e+00 7.091808319091796875e+00
-2.707999706268310547e+00 2.523241043090820312e+00 -3.549485445022583008e+00 2.996076822280883789e+00 2.045938491821289062e+00 1.443143486976623535e+00 2.380610704421997070e+00 -1.778193235397338867e+00 -7.718360424041748047e-01 -1.586264371871948242e+00 7.636758089065551758e-01 -1.854775309562683105e+00 1.555133581161499023e+00 -2.845407128334045410e-01 9.968334436416625977e-01
-2.944570064544677734e+00 5.983665466308593750e+00 4.555581137537956238e-02 -4.433769285678863525e-01 5.297270774841308594e+00 -1.070636063814163208e-01 -3.359150588512420654e-01 -1.703278541564941406e+00 -9.226699471473693848e-01 2.539779245853424072e-01 9.188759922981262207e-01 -1.343515515327453613e-01 2.984883785247802734e+00 -3.749079108238220215e-01 2.232661247253417969e+00
-1.713047862052917480e+00 4.303211212158203125e+00 -1.632897973060607910e+00 1.090745925903320312e+00 2.634023502469062805e-02 5.726853013038635254e-01 2.752426624298095703e+00 -3.457314014434814453e+00 -2.308080911636352539e+00 -1.593149065971374512e+00 -1.095426440238952637e+00 -3.427175760269165039e+00 3.158385992050170898e+00 -2.608076810836791992e+00 -2.890976905822753906e+00
-4.035963714122772217e-01 4.358571529388427734e+00 -1.412308961153030396e-01 2.570991992950439453e+00 9.731710553169250488e-01 3.402467727661132812e+00 2.175757169723510742e+00 -4.058128833770751953e+00 -6.045995354652404785e-01 -1.015922427177429199e+00 1.336918711662292480e+00 -2.286387443542480469e+00 3.136524677276611328e+00 9.983412623405456543e-01 2.012964248657226562e+00
-2.406382083892822266e+00 3.158828258514404297e+00 5.755655094981193542e-02 2.101185172796249390e-01 2.595406770706176758e+00 -1.407056093215942383e+00 2.968408346176147461e+00 -2.460606336593627930e+00 -1.576276421546936035e+00 8.495934605598449707e-01 2.928262233734130859e+00 -3.370648622512817383e-02 -1.337343692779541016e+00 -1.909279346466064453e+00 -1.740173220634460449e+00
-1.016589164733886719e+00 3.570245981216430664e+00 -4.044579565525054932e-01 -2.993542253971099854e-01 6.170287728309631348e-01 5.016421794891357422e+00 -1.307344198226928711e+00 -1.813641935586929321e-01 -2.663185000419616699e-01 -3.032319545745849609e+00 -6.587722301483154297e-01 1.447765380144119263e-01 8.780109882354736328e-01 -5.260771512985229492e-02 2.764960289001464844e+00
-2.161962538957595825e-01 3.554065465927124023e+00 -2.709465503692626953e+00 2.479036092758178711e+00 6.580678820610046387e-01 2.749209880828857422e+00 3.569049119949340820e+00 -1.605408668518066406e+00 -1.266038298606872559e+00 -7.292969822883605957e-01 5.503069758415222168e-01 -4.206664085388183594e+00 2.972023487091064453e+00 -3.319074630737304688e+00 2.218690156936645508e+00
-9.452405571937561035e-01 4.754167556762695312e+00 -4.520383477210998535e-01 2.066824674606323242e+00 4.585967063903808594e+00 2.820090055465698242e+00 2.755531787872314453e+00 -1.722261190414428711e+00 -2.242708683013916016e+00 6.851355433464050293e-01 5.535481870174407959e-02 -1.269672751426696777e+00 6.552973985671997070e-01 7.571533322334289551e-01 1.442757248878479004e+00
-7.107936739921569824e-01 1.758538961410522461e+00 -2.092080116271972656e+00 2.553644895553588867e+00 1.630480289459228516e+00 3.174704790115356445e+00 2.457261323928833008e+00 -9.185442924499511719e-01 -2.583085894584655762e-01 -6.116160750389099121e-02 8.422042131423950195e-01 -8.577734827995300293e-01 5.693426132202148438e-01 -1.906872153282165527e+00 3.328054547309875488e-01
-4.032684803009033203e+00 4.476581573486328125e+00 -3.278605639934539795e-01 1.872074604034423828e+00 2.201456129550933838e-01 -1.693376779556274414e+00 2.624250173568725586e+00 -3.071786165237426758e+00 5.445083975791931152e-01 1.812022626399993896e-01 2.665526628494262695e+00 -1.593630194664001465e+00 -1.633484840393066406e+00 1.283350586891174316e-01 -2.161766216158866882e-02
1.962961792945861816e+00 9.875230789184570312e-01 -2.541868209838867188e+00 1.289251089096069336e+00 2.235548019409179688e+00 3.510061740875244141e+00 1.222332954406738281e+00 1.612306237220764160e+00 -1.372355341911315918e+00 2.292009592056274414e+00 3.798047065734863281e+00 -1.662943005561828613e+00 9.915206432342529297e-01 -2.121063709259033203e+00 4.287683486938476562e+00
-1.758551001548767090e+00 1.951812863349914551e+00 -2.683279514312744141e+00 3.511880397796630859e+00 -2.017091363668441772e-01 1.536366939544677734e+00 -9.025118350982666016e-01 3.729982078075408936e-01 -3.534438610076904297e+00 -1.054635524749755859e+00 3.539388418197631836e+00 -8.304848074913024902e-01 -1.170192435383796692e-01 4.295560717582702637e-01 1.742514491081237793e+00
-1.943801045417785645e+00 3.897593259811401367e+00 2.841218948364257812e+00 3.838404417037963867e+00 1.319828152656555176e+00 1.372649908065795898e+00 4.735812842845916748e-01 -1.472352504730224609e+00 -7.046961188316345215e-01 -2.029390096664428711e+00 7.737585902214050293e-01 1.008863329887390137e+00 2.598394632339477539e+00 -8.320498466491699219e-01 2.406279563903808594e+00
-1.117062792181968689e-01 1.463957071304321289e+00 4.076458513736724854e-01 8.823750019073486328e-01 -1.109815359115600586e+00 7.651075720787048340e-01 -3.747238814830780029e-01 -1.114526629447937012e+00 -3.165241956710815430e+00 3.773657381534576416e-01 2.073564767837524414e+00 -1.902519106864929199e+00 -2.049996137619018555e+00 1.147142171859741211e+00 1.899204105138778687e-01
-1.312081933021545410e+00 1.859316110610961914e+00 -4.810266196727752686e-01 -7.167518734931945801e-01 1.728099107742309570e+00 2.512341499328613281e+00 9.762340784072875977e-01 1.442050814628601074e+00 -2.042663812637329102e+00 -5.039195418357849121e-01 -7.766123116016387939e-02 -2.452740430831909180e+00 -3.187839984893798828e-01 -2.498879194259643555e+00 2.422387599945068359e+00
-1.168894171714782715e+00 5.986573100090026855e-01 2.425031512975692749e-01 3.486823320388793945e+00 2.280433177947998047e+00 2.348350286483764648e+00 2.888805866241455078e+00 -4.665737152099609375e+00 -1.218065142631530762e+00 4.800542354583740234e+00 3.142207384109497070e+00 9.254460930824279785e-01 3.503123283386230469e+00 -4.670736193656921387e-01 3.600164890289306641e+00
-5.468514561653137207e-01 3.967879056930541992e+00 -1.004247188568115234e+00 -1.194118499755859375e+00 -4.105278491973876953e+00 -8.533713221549987793e-01 4.883603453636169434e-01 -2.037098258733749390e-02 -3.131529688835144043e-01 7.874307632446289062e-01 2.687639951705932617e+00 5.279176235198974609e-01 4.847488880157470703e+00 -1.544880390167236328e+00 1.406716227531433105e+00
-3.381710946559906006e-01 -3.006180226802825928e-01 1.141231179237365723e+00 -2.898040056228637695e+00 4.829183578491210938e+00 -2.725466251373291016e+00 6.486162662506103516e+00 -4.596452236175537109e+00 -2.350934505462646484e+00 4.817205429077148438e+00 1.012455582618713379e+00 -3.728705644607543945e-01 -2.275709152221679688e+00 -8.222984671592712402e-01 1.690697520971298218e-01
1.036398172378540039e+00 2.144296884536743164e+00 -3.537301301956176758e+00 -2.069713920354843140e-01 -2.044941186904907227e+00 1.798185825347900391e+00 5.053732395172119141e-01 3.536633551120758057e-01 -2.195711135864257812e+00 -1.668888926506042480e+00 -4.001871347427368164e-01 -1.777247786521911621e-01 3.683949708938598633e-01 -3.831842899322509766e+00 2.470297068357467651e-01
6.198825240135192871e-01 2.648197889328002930e+00 9.107074737548828125e-01 -3.315763771533966064e-01 8.130286931991577148e-01 1.571082592010498047e+00 -1.908740043640136719e+00 -7.607392668724060059e-01 -4.046847224235534668e-01 1.577975451946258545e-01 6.897405982017517090e-01 -1.008833050727844238e+00 -1.576052665710449219e+00 1.483373641967773438e-01 2.158916950225830078e+00
-2.905049920082092285e-01 4.131932258605957031e+00 -1.729364156723022461e+00 1.402825713157653809e+00 4.145033836364746094e+00 2.848361492156982422e+00 1.940450817346572876e-01 -2.664033174514770508e+00 -1.545844197273254395e+00 -2.187589108943939209e-01 2.753605246543884277e-01 5.439684987068176270e-01 2.879784584045410156e+00 -1.361164093017578125e+00 1.043991565704345703e+00
-4.619565010070800781e+00 7.548710703849792480e-01 -3.522407054901123047e+00 2.696779251098632812e+00 1.889046877622604370e-01 4.177041053771972656e+00 -9.377462863922119141e-01 -1.857787609100341797e+00 -2.408026456832885742e+00 -2.911556720733642578e+00 6.918890476226806641e-01 6.840184330940246582e-01 2.564673423767089844e+00 1.941629648208618164e+00 1.032798767089843750e+00
-3.066398143768310547e+00 4.023678302764892578e+00 -3.148552417755126953e+00 6.750456094741821289e-01 1.585040569305419922e+00 7.056930661201477051e-01 1.514919757843017578e+00 -1.891220331192016602e+00 -3.123155593872070312e+00 2.167891979217529297e+00 -2.042682886123657227e+00 -2.023707389831542969e+00 -1.985004425048828125e+00 -4.487203955650329590e-01 -2.032060861587524414e+00
-6.184553503990173340e-01 2.558954477310180664e+00 -5.319572091102600098e-01 1.706156253814697266e+00 5.132279992103576660e-01 -2.520534396171569824e-01 4.341115057468414307e-01 -1.646582365036010742e+00 -1.390945911407470703e+00 -7.151176333427429199e-01 3.062040805816650391e-01 -3.020320892333984375e+00 1.254678010940551758e+00 -2.778771638870239258e+00 -1.829303354024887085e-01
-4.584272205829620361e-01 1.919986009597778320e+00 -1.368602991104125977e+00 -5.461803674697875977e-01 2.611281633377075195e+00 1.269735693931579590e+00 1.557202488183975220e-01 -1.576661944389343262e+00 -1.230147719383239746e+00 -2.845697402954101562e-01 -7.928111553192138672e-01 -1.658094882965087891e+00 -1.822400569915771484e+00 -3.337160348892211914e-01 -1.640651345252990723e+00
-2.537978887557983398e+00 2.167712926864624023e+00 -9.621701240539550781e-01 3.770210027694702148e+00 -1.672780156135559082e+00 1.295025050640106201e-01 1.108836054801940918e+00 -2.011573761701583862e-01 -6.916667819023132324e-01 -1.744129896163940430e+00 2.182704210281372070e+00 1.718212723731994629e+00 7.641162872314453125e-01 1.651534557342529297e+00 2.565838336944580078e+00
-3.031902313232421875e+00 2.043969631195068359e+00 -4.267739772796630859e+00 -1.213706493377685547e+00 9.657852053642272949e-01 -1.716899752616882324e+00 8.997290134429931641e-01 -6.421266198158264160e-01 8.015307784080505371e-01 -1.349521160125732422e+00 7.657761871814727783e-02 1.872413158416748047e+00 -1.349790096282958984e+00 -2.746267557144165039e+00 3.986004590988159180e+00
2.341712415218353271e-01 3.122185230255126953e+00 -8.788150548934936523e-01 1.030888676643371582e+00 4.761707186698913574e-01 5.630321502685546875e-01 -3.304633378982543945e+00 9.909128546714782715e-01 -4.470255374908447266e+00 -1.709057211875915527e+00 3.258351683616638184e-01 2.994993209838867188e+00 3.558368682861328125e+00 2.446460723876953125e+00 2.042213439941406250e+00
-2.302167415618896484e+00 5.548684120178222656e+00 -3.682112693786621094e+00 4.847685992717742920e-01 4.189284801483154297e+00 3.746162652969360352e-01 3.097902059555053711e+00 -3.672547578811645508e+00 4.072021227329969406e-03 9.065697789192199707e-01 4.410586833953857422e+00 -2.613755226135253906e+00 8.869020938873291016e-01 -1.982001185417175293e+00 -3.201979398727416992e-01
-1.196982026100158691e+00 3.153029680252075195e+00 -2.986032485961914062e+00 -1.979644656181335449e+00 4.782032966613769531e+00 1.678899884223937988e+00 -1.408097594976425171e-01 -1.316747426986694336e+00 -2.432744503021240234e+00 1.155489385128021240e-01 -5.994670093059539795e-02 -2.178825616836547852e+00 -2.750740051269531250e+00 -1.492486953735351562e+00 -4.796262979507446289e-01
-1.903223872184753418e+00 1.528058767318725586e+00 2.143595963716506958e-01 2.030869483947753906e+00 -7.225269079208374023e-01 3.062072992324829102e+00 2.947952032089233398e+00 -2.851628303527832031e+00 -4.570671081542968750e+00 5.509486794471740723e-01 -1.503997921943664551e+00 -3.528934478759765625e+00 2.765627861022949219e+00 -2.899021148681640625e+00 7.695869803428649902e-01
-3.400938510894775391e+00 3.502411842346191406e+00 2.033845424652099609e+00 9.820029884576797485e-02 5.358096599578857422e+00 8.416932225227355957e-01 2.832523107528686523e+00 -1.972815632820129395e+00 -5.962335467338562012e-01 1.388025581836700439e-01 7.596240043640136719e-01 -4.084042906761169434e-01 7.489302158355712891e-01 -1.104643106460571289e+00 7.309377193450927734e-01
-5.264381170272827148e-01 5.481066703796386719e+00 -2.763355255126953125e+00 -1.711121201515197754e+00 5.432882785797119141e+00 3.365105390548706055e+00 2.565558254718780518e-01 -3.291273117065429688e+00 1.198045611381530762e+00 7.922932505607604980e-02 1.991058468818664551e+00 -4.980158209800720215e-01 -2.536381244659423828e+00 -4.231178283691406250e+00 -3.206351995468139648e-01
-4.238438606262207031e+00 1.235646247863769531e+00 -1.498287081718444824e+00 1.410047769546508789e+00 7.948125600814819336e-01 1.632518649101257324e+00 1.240514397621154785e+00 -2.617755174636840820e+00 -4.566882133483886719e+00 2.590046823024749756e-01 3.690428733825683594e-01 -1.195668935775756836e+00 1.343954086303710938e+00 7.903059124946594238e-01 -4.819508790969848633e-01
-8.205733895301818848e-01 1.527264356613159180e+00 1.408523321151733398e+00 9.771305322647094727e-01 2.186434119939804077e-01 3.516375541687011719e+00 2.830463647842407227e+00 -9.618558883666992188e-01 -2.201475620269775391e+00 -2.913632988929748535e-02 1.341700911521911621e+00 -2.738155841827392578e+00 -3.134859725832939148e-02 -3.384269475936889648e+00 1.065107703208923340e+00
-8.835906386375427246e-01 1.369603276252746582e+00 -1.085373088717460632e-01 1.217558026313781738e+00 1.333954781293869019e-01 4.015794396400451660e-01 1.031720638275146484e+00 1.234776854515075684e+00 -1.426005244255065918e+00 -1.867617249488830566e+00 2.428505659103393555e+00 1.210707783699035645e+00 3.709693908691406250e+00 -2.087503671646118164e+00 2.288151502609252930e+00
-1.890153050422668457e+00 1.981373667716979980e+00 -1.998235940933227539e+00 2.572215497493743896e-01 -9.726011157035827637e-01 1.288622617721557617e+00 1.468863010406494141e+00 -2.071251392364501953e+00 -2.136591434478759766e+00 -1.156568408012390137e+00 6.206022500991821289e-01 -1.212550997734069824e+00 2.443811893463134766e+00 -8.023663163185119629e-01 -1.663577675819396973e+00
-4.289495468139648438e+00 3.099225044250488281e+00 7.442952394485473633e-01 -2.103797197341918945e+00 3.257348060607910156e+00 4.378139019012451172e+00 4.647609233856201172e+00 -9.264809489250183105e-01 -2.844957709312438965e-01 -1.452646374702453613e+00 2.049412965774536133e+00 -3.623918771743774414e+00 1.914353847503662109e+00 -3.694624185562133789e+00 -1.071699932217597961e-01
-2.268922090530395508e+00 8.992540836334228516e-02 -7.916467636823654175e-02 -2.034543514251708984e+00 1.103478193283081055e+00 -3.724179863929748535e-01 8.269929289817810059e-01 -1.607009410858154297e+00 -2.802413940429687500e+00 -7.445560693740844727e-01 -8.210129141807556152e-01 6.484625935554504395e-01 -1.218332290649414062e+00 -9.131640791893005371e-01 2.047662734985351562e+00
-4.655392840504646301e-02 1.255069017410278320e+00 -1.122787594795227051e+00 1.525819778442382812e+00 3.971799612045288086e-01 1.865547597408294678e-01 -1.805404186248779297e+00 -1.199986219406127930e+00 -3.776587486267089844e+00 -2.592760026454925537e-01 1.720075249671936035e+00 1.162076473236083984e+00 8.803989291191101074e-01 1.355445384979248047e+00 -5.004200339317321777e-01
2.565983831882476807e-01 3.244591951370239258e+00 6.404635906219482422e-01 1.216495990753173828e+00 1.923999905586242676e+00 3.170866966247558594e+00 -1.706737637519836426e+00 8.784013986587524414e-01 -2.387561559677124023e+00 -1.558969497680664062e+00 1.226331830024719238e+00 2.959818840026855469e-01 1.216031074523925781e+00 -5.203979611396789551e-01 5.641083791851997375e-02
-1.214501380920410156e+00 3.341115951538085938e+00 -7.041277736425399780e-02 2.342071771621704102e+00 -5.175023674964904785e-01 3.082693338394165039e+00 -7.570176124572753906e-01 7.798144221305847168e-01 -1.871320247650146484e+00 5.821672081947326660e-02 -5.821686983108520508e-01 -2.168484687805175781e+00 1.036285161972045898e+00 -1.583921670913696289e+00 7.822731733322143555e-01
1.483784765005111694e-01 1.708148956298828125e+00 -1.848391413688659668e+00 3.602348327636718750e+00 -6.079120039939880371e-01 2.344994068145751953e+00 -1.749257564544677734e+00 -8.152197003364562988e-01 -2.234364748001098633e+00 -1.051468968391418457e+00 1.547871232032775879e+00 -1.376039385795593262e+00 1.293102622032165527e+00 -2.898139357566833496e-01 3.251216411590576172e+00
-3.038804292678833008e+00 4.692677974700927734e+00 6.313062906265258789e-01 2.691572010517120361e-01 1.132305979728698730e+00 1.291949748992919922e-01 -5.757961794734001160e-02 -1.694359064102172852e+00 1.077244400978088379e+00 -8.493337035179138184e-01 -9.657711982727050781e-01 -4.749123454093933105e-01 1.775447130203247070e+00 -1.889176130294799805e+00 8.499380350112915039e-01
-1.238050580024719238e+00 6.717813014984130859e+00 -9.043940901756286621e-01 -3.349565565586090088e-01 -8.847534060478210449e-01 3.986931562423706055e+00 3.535610675811767578e+00 -3.523274511098861694e-02 1.296378254890441895e+00 -1.093699574470520020e+00 9.404308795928955078e-01 -2.755444765090942383e+00 1.017652750015258789e+00 -4.890372276306152344e+00 -8.789817094802856445e-01
-1.221881747245788574e+00 3.374012470245361328e+00 2.157867431640625000e+00 1.885900944471359253e-01 1.379031777381896973e+00 -2.214075803756713867e+00 2.910323143005371094e+00 -2.223663091659545898e+00 -1.078158542513847351e-01 1.729415893554687500e+00 9.315279722213745117e-01 -6.181057095527648926e-01 -4.738039970397949219e-01 -2.084952116012573242e+00 2.927979469299316406e+00
-2.308722019195556641e+00 1.792766809463500977e+00 -2.151106745004653931e-01 -2.430353909730911255e-01 3.725603520870208740e-01 8.061906695365905762e-01 4.279530942440032959e-01 -1.358289122581481934e+00 -1.396385550498962402e+00 1.955811500549316406e+00 7.470695972442626953e-01 1.914954185485839844e-02 1.477411836385726929e-01 2.363404035568237305e+00 1.528900980949401855e+00
-2.716757774353027344e+00 3.954928219318389893e-01 -9.237707853317260742e-01 -2.830392837524414062e+00 1.645409315824508667e-01 5.799379944801330566e-01 1.848718404769897461e+00 3.170677721500396729e-01 -1.129796624183654785e+00 -2.603534758090972900e-01 1.473598837852478027e+00 -6.995589137077331543e-01 -8.234014511108398438e-01 -1.700371146202087402e+00 -3.538696765899658203e-01
-1.005920767784118652e+00 1.170954585075378418e+00 -9.028917551040649414e-01 2.609915733337402344e+00 -7.638174891471862793e-01 2.859685420989990234e+00 6.039633750915527344e-01 -4.968521296977996826e-01 -1.645048499107360840e+00 6.427999138832092285e-01 1.095069766044616699e+00 -1.871819972991943359e+00 1.910761833190917969e+00 3.944872878491878510e-03 2.975334882736206055e+00
-3.056243658065795898e+00 3.024507284164428711e+00 -1.946560382843017578e+00 1.404528617858886719e+00 2.788209915161132812e+00 2.819206476211547852e+00 8.992956280708312988e-01 1.761970967054367065e-01 1.287317395210266113e+00 9.683594107627868652e-01 5.575057864189147949e-01 1.058490514755249023e+00 1.168390035629272461e+00 -1.281243324279785156e+00 2.499969482421875000e+00
3.642961263656616211e+00 3.219871044158935547e+00 -8.152340650558471680e-01 -5.269668698310852051e-01 7.473043918609619141e+00 6.645787358283996582e-01 3.936908721923828125e+00 -5.867244243621826172e+00 -1.002807736396789551e+00 3.609309196472167969e+00 1.183997035026550293e+00 -2.506226778030395508e+00 2.917755603790283203e+00 -5.457682132720947266e+00 1.700187802314758301e+00
4.789957106113433838e-01 2.412847757339477539e+00 -1.223310455679893494e-01 1.706708520650863647e-01 -2.090732336044311523e+00 7.392113208770751953e-01 2.108040094375610352e+00 -1.777496337890625000e+00 -4.545985698699951172e+00 8.703093528747558594e-01 2.423355817794799805e+00 -3.414540290832519531e+00 2.129544019699096680e+00 9.565307497978210449e-01 4.747551441192626953e+00
-3.863881349563598633e+00 3.033534049987792969e+00 2.312802553176879883e+00 3.356415271759033203e+00 -7.575908303260803223e-01 7.260397076606750488e-01 1.904593706130981445e+00 -1.246823430061340332e+00 6.410635262727737427e-02 5.482019782066345215e-01 1.372510313987731934e+00 8.471606373786926270e-01 -3.188017606735229492e+00 -1.676727294921875000e+00 3.042381763458251953e+00
-2.401056766510009766e+00 2.065598249435424805e+00 -2.920393466949462891e+00 1.268956184387207031e+00 3.126366853713989258e+00 7.052795886993408203e+00 -1.194892451167106628e-02 7.600507140159606934e-01 -2.464421033859252930e+00 -9.527967572212219238e-01 1.618124008178710938e+00 -2.041236162185668945e-01 2.066078931093215942e-01 -1.604346752166748047e+00 1.713865041732788086e+00
-1.674534440040588379e+00 2.414890527725219727e+00 4.081419408321380615e-01 2.312548875808715820e+00 3.975588679313659668e-01 2.368427515029907227e+00 1.526541233062744141e+00 -6.647875308990478516e-01 -1.635973095893859863e+00 -9.980212450027465820e-01 9.981560111045837402e-01 2.026837587356567383e+00 4.867253780364990234e+00 1.346638202667236328e+00 2.716909646987915039e-01
-2.071400165557861328e+00 2.204835653305053711e+00 -3.958483412861824036e-02 3.189685106277465820e+00 1.823762178421020508e+00 -4.561088085174560547e-01 1.274382114410400391e+00 -2.020139694213867188e+00 -2.000108480453491211e+00 5.070153236389160156e+00 -5.963886976242065430e-01 1.004970788955688477e+00 1.396073341369628906e+00 7.883110046386718750e-01 5.185553550720214844e+00
-2.225054264068603516e+00 1.989425659179687500e+00 -1.434908986091613770e+00 -1.307979106903076172e+00 4.587996482849121094e+00 1.318884491920471191e-01 9.677369594573974609e-01 -2.857352197170257568e-01 -9.448422789573669434e-01 1.047729730606079102e+00 -2.835556745529174805e+00 -3.053798675537109375e+00 -1.856471039354801178e-02 6.358354687690734863e-01 -4.018773436546325684e-01
-3.049345970153808594e+00 1.375911831855773926e-01 -3.353541195392608643e-01 1.379704326391220093e-01 1.523276805877685547e+00 3.833105325698852539e+00 3.615927696228027344e+00 -2.571117579936981201e-01 1.633544683456420898e+00 1.120671629905700684e+00 1.667072415351867676e+00 -1.541671276092529297e+00 7.772818207740783691e-01 1.107218146324157715e+00 5.753005981445312500e+00
-2.100756883621215820e+00 3.605311214923858643e-01 1.793503284454345703e+00 2.995124459266662598e-01 -3.222306370735168457e-01 6.942625641822814941e-01 -3.051869571208953857e-01 -2.514490783214569092e-01 -1.128623485565185547e+00 5.183637142181396484e-02 -4.546288847923278809e-01 9.398478865623474121e-01 1.696485042572021484e+00 -2.498272061347961426e-01 2.291934967041015625e+00
-3.049362599849700928e-01 2.238878488540649414e+00 5.863500759005546570e-02 1.118280291557312012e+00 -7.272252440452575684e-01 1.799247741699218750e+00 -8.946046233177185059e-01 5.197110772132873535e-01 -2.295141220092773438e+00 -1.391652226448059082e+00 2.100374937057495117e+00 -6.552309393882751465e-01 3.716511249542236328e+00 -1.037309050559997559e+00 1.568137764930725098e+00
-2.291567802429199219e+00 4.024968624114990234e+00 7.790836095809936523e-01 3.062454462051391602e+00 2.274489164352416992e+00 1.656770408153533936e-01 3.402730464935302734e+00 -2.424585968255996704e-01 1.452768445014953613e+00 -1.721839904785156250e+00 2.301440000534057617e+00 -1.325599074363708496e+00 2.136496543884277344e+00 1.412813663482666016e+00 4.060675621032714844e+00
-1.522366404533386230e+00 4.442720413208007812e+00 2.100989073514938354e-01 -7.074728608131408691e-01 2.798366308212280273e+00 -4.131075143814086914e-01 5.842232108116149902e-01 3.067480921745300293e-01 -3.254757523536682129e-01 3.731888234615325928e-01 -1.067244261503219604e-01 -7.657143473625183105e-01 -1.847455739974975586e+00 -1.703285098075866699e+00 2.662992000579833984e+00
-1.158569455146789551e+00 2.305767774581909180e+00 5.547664165496826172e-01 7.865596413612365723e-01 2.108116626739501953e+00 3.333129882812500000e+00 3.628291189670562744e-01 -1.203295812010765076e-01 -4.678390979766845703e+00 1.129582524299621582e+00 -1.069419741630554199e+00 -1.600272536277770996e+00 -1.114452242851257324e+00 1.462087035179138184e-01 1.805260539054870605e+00
2.111910820007324219e+00 -1.659737825393676758e+00 -2.169627189636230469e+00 3.678355455398559570e+00 -2.498538970947265625e+00 4.242631435394287109e+00 3.416717767715454102e+00 -3.274162530899047852e+00 -4.228947162628173828e+00 9.951651096343994141e-01 8.324216008186340332e-01 -1.490025281906127930e+00 4.126895427703857422e+00 -1.346913695335388184e+00 5.234532356262207031e-01
-2.401641160249710083e-01 1.020379900932312012e+00 -1.632806301116943359e+00 2.282104730606079102e+00 1.514572858810424805e+00 2.336455345153808594e+00 -1.038637042045593262e+00 1.364689469337463379e+00 -8.663963675498962402e-01 1.355714440345764160e+00 -1.668216288089752197e-02 1.259120106697082520e-01 8.352493047714233398e-01 3.390535593032836914e+00 3.573259115219116211e+00
2.574031114578247070e+00 2.305571317672729492e+00 -2.235522031784057617e+00 7.583558559417724609e-01 2.312226772308349609e+00 1.973617076873779297e+00 -1.169559001922607422e+00 2.990464210510253906e+00 -2.488043785095214844e+00 8.191759116016328335e-04 -6.918064951896667480e-01 -2.947540760040283203e+00 1.074933171272277832e+00 -7.452778816223144531e-01 1.891875386238098145e+00
4.294473230838775635e-01 2.151077508926391602e+00 -5.224606513977050781e+00 -6.349517107009887695e-01 1.112535715103149414e+00 6.941541194915771484e+00 8.687978982925415039e-01 1.595430850982666016e+00 -2.312029838562011719e+00 -3.071197986602783203e+00 -6.251229763031005859e+00 -2.497122764587402344e+00 9.182283878326416016e-01 -2.705388069152832031e+00 1.523794770240783691e+00
-1.785805344581604004e+00 3.055769205093383789e+00 -1.535426974296569824e+00 -4.410011470317840576e-01 1.154803276062011719e+00 1.726596355438232422e+00 -7.543675899505615234e-01 -2.857691049575805664e+00 -1.243523359298706055e+00 -9.007127881050109863e-01 -2.016680985689163208e-01 -6.379805207252502441e-01 -7.306845188140869141e-01 -2.270406007766723633e+00 -6.166304349899291992e-01
1.407797187566757202e-01 1.051048278808593750e+00 7.710659503936767578e-01 1.477987170219421387e+00 3.579258441925048828e+00 8.319073915481567383e-01 3.592749834060668945e-01 1.181923389434814453e+00 4.519307240843772888e-02 3.886001110076904297e+00 3.030679225921630859e-01 -2.437315464019775391e+00 1.390817642211914062e+00 1.143265366554260254e-01 2.658384561538696289e+00
5.833832547068595886e-02 -1.267641484737396240e-01 -6.709808111190795898e-01 3.309263706207275391e+00 -7.606318593025207520e-01 1.289083361625671387e-01 -1.213514566421508789e+00 9.302834421396255493e-02 -1.514680981636047363e+00 1.678322315216064453e+00 1.774945616722106934e+00 3.601025581359863281e+00 2.989569902420043945e-01 1.282008409500122070e+00 1.590011477470397949e+00
-3.515465021133422852e+00 2.593675374984741211e+00 -3.845122814178466797e+00 6.289882659912109375e+00 1.833116769790649414e+00 1.854946017265319824e+00 1.521159172058105469e+00 -2.721126973628997803e-01 -7.328667044639587402e-01 -3.974250316619873047e+00 2.758597135543823242e+00 -9.028702974319458008e-02 1.806473016738891602e+00 4.572344422340393066e-01 3.685289621353149414e-01
-2.230146646499633789e+00 1.281790018081665039e+00 -2.498217582702636719e+00 3.961367368698120117e+00 -5.565537810325622559e-01 4.601954817771911621e-01 4.218897342681884766e+00 -5.504607200622558594e+00 -2.738444328308105469e+00 1.883602619171142578e+00 1.462687969207763672e+00 4.577022790908813477e-02 3.398490905761718750e+00 -4.958853244781494141e+00 5.059693336486816406e+00
2.975651323795318604e-01 2.414582252502441406e+00 -1.394838929176330566e+00 -1.320226430892944336e+00 -6.952894330024719238e-01 3.794882059097290039e+00 9.448492527008056641e-01 4.155849814414978027e-01 -2.484698057174682617e+00 -9.366821050643920898e-01 -4.680871069431304932e-01 -2.807432413101196289e+00 2.171811819076538086e+00 -2.233263254165649414e+00 1.631798863410949707e+00
-3.180458024144172668e-02 4.794383525848388672e+00 7.698390632867813110e-02 -1.310193777084350586e+00 8.730064034461975098e-01 -1.367265939712524414e+00 2.878499269485473633e+00 -3.161779642105102539e+00 -1.140473842620849609e+00 8.629364967346191406e-01 -8.424489498138427734e-01 -3.813019990921020508e+00 -8.314302563667297363e-01 -1.834006905555725098e+00 -7.014836072921752930e-01
-7.222117185592651367e-01 7.656231522560119629e-01 -2.950561523437500000e+00 8.320021629333496094e-01 2.000252008438110352e+00 4.208953857421875000e+00 -2.340898364782333374e-01 -7.881315350532531738e-01 -8.834867924451828003e-02 -2.682775020599365234e+00 -1.728313118219375610e-01 -1.499047875404357910e+00 1.416985839605331421e-01 -6.793199181556701660e-01 -9.353531599044799805e-01
-2.892713546752929688e+00 3.261223316192626953e+00 -1.026389122009277344e+00 -1.147559165954589844e+00 5.802381634712219238e-01 2.410885334014892578e+00 1.402222633361816406e+00 -2.465296506881713867e+00 -1.878161787986755371e+00 -2.239032506942749023e+00 2.079440832138061523e+00 9.616875648498535156e-02 1.799131393432617188e+00 1.116148710250854492e+00 7.496432065963745117e-01
8.015952706336975098e-01 -2.511899769306182861e-01 2.040821790695190430e+00 -8.311796188354492188e-01 2.601989030838012695e+00 1.399684548377990723e+00 -1.845854282379150391e+00 -1.453780174255371094e+00 -2.449978828430175781e+00 2.238286495208740234e+00 2.115726232528686523e+00 2.211638927459716797e+00 1.617165327072143555e+00 1.395999073982238770e+00 3.472588777542114258e+00
-1.500798344612121582e+00 7.958686947822570801e-01 -5.814645767211914062e+00 -4.200407028198242188e+00 3.004740715026855469e+00 -1.509982943534851074e-01 7.662012577056884766e-01 -1.550879597663879395e+00 1.891882345080375671e-02 -1.312075972557067871e+00 6.293436884880065918e-01 -1.213667869567871094e+00 -1.305147647857666016e+00 -1.851530075073242188e+00 3.209751844406127930e-01
-2.798725843429565430e+00 3.802651643753051758e+00 -1.961136698722839355e+00 3.105812788009643555e+00 1.184766739606857300e-01 4.710855484008789062e+00 3.855876624584197998e-01 -9.374978393316268921e-02 -2.231796741485595703e+00 -1.185547828674316406e+00 5.788258314132690430e-01 2.361111044883728027e-01 3.569818496704101562e+00 -1.046001553535461426e+00 3.330334424972534180e-01
3.088848292827606201e-01 -1.075718283653259277e+00 3.043949306011199951e-01 7.007816433906555176e-01 1.398416757583618164e+00 3.870152831077575684e-01 -1.020749807357788086e+00 -2.418860197067260742e+00 -2.861423015594482422e+00 6.623147726058959961e-01 -6.889964342117309570e-01 -8.220284581184387207e-01 -4.557904005050659180e-01 -1.730051517486572266e+00 5.522693991661071777e-01
2.816821336746215820e-01 1.907382726669311523e+00 -1.603407144546508789e+00 -3.081630468368530273e+00 8.191345930099487305e-01 2.753251075744628906e+00 -3.021892786026000977e+00 -1.922679096460342407e-01 -1.506426811218261719e+00 1.033591926097869873e-01 1.454979419708251953e+00 -2.631975650787353516e+00 -2.470870971679687500e+00 -3.270320177078247070e+00 -2.012883186340332031e+00
-1.416460514068603516e+00 5.186570286750793457e-01 -6.424969434738159180e-01 2.244847059249877930e+00 3.789117813110351562e+00 2.694334745407104492e+00 6.354382038116455078e-01 -1.637099504470825195e+00 -1.845489263534545898e+00 3.317653179168701172e+00 -2.426624536514282227e+00 -4.174919605255126953e+00 3.263802051544189453e+00 -6.984876990318298340e-01 1.195526242256164551e+00
-2.337555885314941406e+00 2.119540691375732422e+00 -8.040693998336791992e-01 3.111308813095092773e+00 1.610583543777465820e+00 2.353860855102539062e+00 2.314582109451293945e+00 -3.542321443557739258e+00 -2.549452304840087891e+00 2.287601530551910400e-01 1.908140420913696289e+00 4.509863853454589844e-01 1.072661399841308594e+00 2.711591958999633789e+00 3.974698781967163086e+00
-4.407969474792480469e+00 1.323426127433776855e+00 -1.996748596429824829e-01 -3.613049983978271484e+00 5.020712852478027344e+00 -2.188898801803588867e+00 4.692582130432128906e+00 -5.714982509613037109e+00 -6.620487570762634277e-01 3.942887783050537109e+00 -8.690988421440124512e-01 1.971173882484436035e-01 5.148215293884277344e-01 -7.709522247314453125e+00 4.574428796768188477e-01
5.942648053169250488e-01 9.516802430152893066e-02 -2.277321577072143555e+00 1.101361989974975586e+00 -1.349024415016174316e+00 6.592185497283935547e+00 2.566364765167236328e+00 -2.433450967073440552e-01 -2.163266181945800781e+00 -1.500209689140319824e+00 -2.103765487670898438e+00 -3.243820190429687500e+00 4.404566287994384766e+00 -2.056459665298461914e+00 3.349419593811035156e+00
7.913970351219177246e-01 1.879004716873168945e+00 -5.657377243041992188e+00 1.849307537078857422e+00 1.521317481994628906e+00 1.349764227867126465e+00 2.104143857955932617e+00 -2.373772859573364258e+00 -3.214802742004394531e+00 2.360487461090087891e+00 5.452095985412597656e+00 -1.702922821044921875e+00 -1.069781184196472168e+00 -4.631965160369873047e+00 1.720353245735168457e+00
1.010029196739196777e+00 3.147466182708740234e+00 -5.196407437324523926e-01 3.665494918823242188e+00 3.531198263168334961e+00 1.192946910858154297e+00 4.068167507648468018e-01 1.314813643693923950e-01 -2.541401624679565430e+00 1.933837175369262695e+00 2.048610895872116089e-01 -2.955714464187622070e+00 1.136477947235107422e+00 4.041590094566345215e-01 4.433691501617431641e+00
-3.096552371978759766e+00 4.886065006256103516e+00 -1.169365286827087402e+00 1.291210889816284180e+00 3.786110162734985352e+00 9.685477614402770996e-02 2.228711366653442383e+00 -3.199984788894653320e+00 -2.088292360305786133e+00 1.562976002693176270e+00 2.208203792572021484e+00 4.604434967041015625e-02 4.334244251251220703e+00 -5.453068614006042480e-01 1.696788787841796875e+00
-2.241533041000366211e+00 3.497281312942504883e+00 -1.353846192359924316e+00 3.325765371322631836e+00 -1.963756084442138672e+00 3.405223608016967773e+00 2.085891485214233398e+00 -1.180536985397338867e+00 -4.218550682067871094e+00 -1.897338926792144775e-01 2.818742036819458008e+00 -3.826814651489257812e+00 3.222601413726806641e+00 -2.579042673110961914e+00 2.169944047927856445e+00
-2.891169548034667969e+00 3.105829954147338867e+00 -7.153130769729614258e-01 -6.500593423843383789e-01 2.887859582901000977e+00 -2.032801806926727295e-01 -6.543424725532531738e-01 7.090252041816711426e-01 6.660039424896240234e-01 4.834175109863281250e-02 -1.823307424783706665e-01 -7.274345755577087402e-01 7.355648279190063477e-01 -5.470476746559143066e-01 8.058553934097290039e-01
-1.445558309555053711e+00 3.803112268447875977e+00 -1.886585235595703125e+00 1.246858119964599609e+00 2.970270872116088867e+00 -7.681084275245666504e-01 1.896645501255989075e-02 6.824423670768737793e-01 -8.867180943489074707e-01 -1.812177896499633789e+00 -3.864994049072265625e-01 -2.300062656402587891e+00 6.312568783760070801e-01 -2.937263727188110352e+00 1.712540745735168457e+00
-2.946268796920776367e+00 2.820632457733154297e+00 2.040852755308151245e-01 2.805021286010742188e+00 1.016667127609252930e+00 7.206327319145202637e-01 1.450949311256408691e+00 1.310239076614379883e+00 -1.632238984107971191e+00 -1.044154644012451172e+00 3.785781621932983398e+00 1.206031680107116699e+00 2.697788476943969727e+00 6.612244248390197754e-01 7.183490991592407227e-01
-3.563017368316650391e+00 4.255268096923828125e+00 -2.428525686264038086e+00 -3.203917443752288818e-01 5.537389755249023438e+00 1.197440743446350098e+00 5.466346740722656250e-01 -3.426542520523071289e+00 -2.143888950347900391e+00 6.438907980918884277e-01 2.856980264186859131e-02 -4.006665349006652832e-01 -4.248454570770263672e+00 -4.503696441650390625e+00 3.735109329223632812e+00
-2.736796140670776367e+00 3.239406347274780273e+00 -5.481186866760253906e+00 -1.841248035430908203e+00 3.844647884368896484e+00 2.128886580467224121e-01 2.153444766998291016e+00 -2.420927524566650391e+00 -8.609497547149658203e-01 5.388367772102355957e-01 1.859151244163513184e+00 -2.188950777053833008e+00 -2.579530715942382812e+00 -5.931337356567382812e+00 1.095928907394409180e+00
-9.288936257362365723e-01 2.054581642150878906e+00 -1.977099925279617310e-01 -1.884193569421768188e-01 7.768304944038391113e-01 1.648599028587341309e+00 1.262754082679748535e+00 -6.663488745689392090e-01 -2.209317684173583984e+00 1.911163091659545898e+00 -2.795750379562377930e+00 -2.259860277175903320e+00 2.693851590156555176e-01 1.620885968208312988e+00 1.396515130996704102e+00
-4.101558685302734375e+00 1.030631303787231445e+00 1.335454225540161133e+00 5.146900415420532227e-01 3.154874563217163086e+00 -1.223806738853454590e-01 3.839380502700805664e+00 -2.635722875595092773e+00 -1.244668960571289062e+00 1.328815579414367676e+00 1.792465329170227051e+00 -1.604076743125915527e+00 4.598509147763252258e-02 3.312073945999145508e+00 1.301744699478149414e+00
-1.105961918830871582e+00 5.318716764450073242e-01 1.217007160186767578e+00 -1.180909872055053711e+00 1.692298054695129395e+00 -2.712986469268798828e+00 -2.425379037857055664e+00 -2.013509571552276611e-01 -1.670900106430053711e+00 8.721092343330383301e-01 -1.441159963607788086e+00 -1.665213257074356079e-01 -1.024188876152038574e+00 -5.468140006996691227e-04 1.575294137001037598e+00
-1.332710742950439453e+00 5.139272689819335938e+00 -4.781799793243408203e+00 1.035184621810913086e+00 8.198654055595397949e-01 2.173578500747680664e+00 7.001339197158813477e-01 -1.732549428939819336e+00 -2.767757177352905273e+00 2.151775211095809937e-01 7.350658774375915527e-01 -3.943974494934082031e+00 -5.690549612045288086e-01 -2.246484994888305664e+00 2.422230318188667297e-02
