9.525383710861206055e-01 6.264808177947998047e+00 -8.202350139617919922e-01 2.295475006103515625e+00 4.313857480883598328e-02 -3.244704961776733398e+00 6.920607089996337891e-01 -2.289818048477172852e+00 -7.095473766326904297e+00 4.720983505249023438e+00 -1.789361715316772461e+00 7.322777748107910156e+00 1.225465178489685059e+00 -3.397806167602539062e+00 -2.031388044357299805e+00
7.283021211624145508e-01 1.614942789077758789e+00 4.128077507019042969e+00 -3.431034326553344727e+00 8.589956283569335938e+00 -3.823757648468017578e+00 3.399505615234375000e+00 3.931055545806884766e+00 -6.652679443359375000e-01 -1.753818154335021973e+00 4.025962829589843750e+00 -5.924502611160278320e-01 5.335602760314941406e+00 -1.846652865409851074e+00 -3.942537307739257812e-01
1.204714775085449219e+00 5.811513423919677734e+00 -6.290353536605834961e-01 1.943658471107482910e+00 2.154264003038406372e-01 -2.465151786804199219e+00 5.953867435455322266e-01 -2.661727190017700195e+00 -5.739575386047363281e+00 3.596108675003051758e+00 -2.731039047241210938e+00 8.221068382263183594e+00 -3.050003051757812500e-01 -3.036576271057128906e+00 -2.730840682983398438e+00
1.284616231918334961e+00 5.728686332702636719e+00 -5.219174623489379883e-01 1.744240760803222656e+00 5.672543048858642578e-01 -2.516173839569091797e+00 4.311174750328063965e-01 -2.665936708450317383e+00 -6.465200424194335938e+00 3.858127832412719727e+00 -2.043669939041137695e+00 8.042398452758789062e+00 1.145931124687194824e+00 -3.538281679153442383e+00 -2.896971225738525391e+00
2.813032865524291992e+00 4.808610916137695312e+00 3.086740970611572266e+00 -1.727162122726440430e+00 4.407253265380859375e+00 -1.815249919891357422e+00 -5.040560245513916016e+00 -9.716592431068420410e-01 -1.049392580986022949e+00 -4.743374824523925781e+00 -1.119434833526611328e+00 2.811641216278076172e+00 -2.023396015167236328e+00 -8.329271316528320312e+00 -3.386501312255859375e+00
2.702532708644866943e-01 6.200899600982666016e+00 3.042588472366333008e+00 8.914307504892349243e-02 1.977612018585205078e+00 -4.954653263092041016e+00 2.591762304306030273e+00 9.686154723167419434e-01 -4.253462791442871094e+00 -6.634848713874816895e-01 5.399746417999267578e+00 1.864242792129516602e+00 -3.799735307693481445e+00 -3.370043277740478516e+00 -2.694481849670410156e+00
1.108589172363281250e+00 7.368006706237792969e+00 -1.382575988769531250e+00 3.096923351287841797e+00 -5.528466776013374329e-02 -3.603519201278686523e+00 -3.152695894241333008e-01 -1.188640475273132324e+00 -7.072981834411621094e+00 4.989129543304443359e+00 -2.591109514236450195e+00 7.887442588806152344e+00 -9.953022934496402740e-03 -2.780443668365478516e+00 -3.183277606964111328e+00
2.830411195755004883e+00 5.153255939483642578e+00 -2.734565138816833496e-01 -2.490019083023071289e+00 1.843162655830383301e+00 -5.043670177459716797e+00 7.914316654205322266e-02 -2.886027097702026367e+00 -9.633560776710510254e-01 -3.254848718643188477e-02 -2.985482454299926758e+00 9.338470101356506348e-01 4.269502162933349609e+00 -9.523153305053710938e-01 -3.696080923080444336e+00
1.815580964088439941e+00 1.860092043876647949e+00 2.825394868850708008e+00 -1.531393051147460938e+00 5.792881488800048828e+00 -4.231877803802490234e+00 3.364840030670166016e+00 4.321833610534667969e+00 -1.121801733970642090e+00 -2.984092473983764648e+00 4.148366451263427734e+00 -1.171488538384437561e-01 4.608770370483398438e+00 -1.802568435668945312e+00 -4.175871610641479492e-01
1.650458335876464844e+00 1.714464426040649414e+00 2.489614009857177734e+00 -1.051570296287536621e+00 4.688051700592041016e+00 -3.125306844711303711e+00 3.975289821624755859e+00 4.482110023498535156e+00 -1.230911731719970703e+00 -2.571924686431884766e+00 4.603363990783691406e+00 -3.582467138767242432e-01 4.961333751678466797e+00 -1.536856651306152344e+00 -5.967884063720703125e-01
2.612825870513916016e+00 4.989539146423339844e+00 1.786996796727180481e-02 -2.534708261489868164e+00 1.537089943885803223e+00 -5.848933696746826172e+00 5.068538188934326172e-01 -3.739414453506469727e+00 -1.756515502929687500e+00 -3.095019459724426270e-01 -2.374581336975097656e+00 7.023816704750061035e-01 3.060892581939697266e+00 1.250755339860916138e-01 -4.351095676422119141e+00
5.855970978736877441e-01 8.244291305541992188e+00 -2.364072561264038086e+00 4.047808170318603516e+00 -2.339848130941390991e-01 -3.200689315795898438e+00 2.207505702972412109e-01 -2.573695421218872070e+00 -5.949879646301269531e+00 4.089828968048095703e+00 -2.080858707427978516e+00 7.640310287475585938e+00 5.657820701599121094e-01 -3.257816076278686523e+00 -2.482999563217163086e+00
4.712306976318359375e+00 1.954033613204956055e+00 -2.843380451202392578e+00 2.166719198226928711e+00 2.655522346496582031e+00 -6.326492309570312500e+00 2.360952086746692657e-02 -1.659805327653884888e-01 4.913698434829711914e-01 2.649545192718505859e+00 -3.942367792129516602e+00 5.523751735687255859e+00 1.913847088813781738e+00 2.387798786163330078e+00 1.189556598663330078e+00
1.825841665267944336e+00 1.894601464271545410e+00 3.055768489837646484e+00 -1.610291123390197754e+00 6.056860446929931641e+00 -4.657533168792724609e+00 4.112348556518554688e+00 4.121615886688232422e+00 -1.617460608482360840e+00 -2.628184556961059570e+00 2.938179492950439453e+00 -2.398791015148162842e-01 4.360000133514404297e+00 -3.514827489852905273e+00 -1.158424019813537598e+00
2.386623919010162354e-01 1.006388759613037109e+01 -3.183654546737670898e+00 5.351397037506103516e+00 -1.937711685895919800e-01 -4.941630363464355469e+00 7.532817125320434570e-01 -2.779676437377929688e+00 -6.920315742492675781e+00 4.755164623260498047e+00 -2.540771245956420898e+00 7.196002483367919922e+00 1.636306047439575195e-01 -2.379166603088378906e+00 -2.541817188262939453e+00
-1.462939620018005371e+00 2.798217773437500000e+00 2.069977521896362305e+00 3.339295625686645508e+00 2.638675212860107422e+00 2.011154174804687500e+00 4.297806262969970703e+00 -6.886304855346679688e+00 -1.186387419700622559e+00 -6.140988469123840332e-01 -1.090314149856567383e+00 3.247888326644897461e+00 -4.814666748046875000e+00 -5.056297779083251953e+00 1.732972860336303711e+00
3.474194049835205078e+00 3.765491247177124023e+00 1.675637364387512207e-01 2.651119470596313477e+00 2.979037761688232422e+00 -5.006734848022460938e+00 3.925428390502929688e+00 -3.343251228332519531e+00 -3.743462562561035156e+00 -8.820885419845581055e-02 2.856207370758056641e+00 4.141009807586669922e+00 5.533583164215087891e+00 -2.070324659347534180e+00 -1.499393939971923828e+00
3.511708498001098633e+00 1.920020818710327148e+00 -1.143931508064270020e+00 1.133786320686340332e+00 2.154139757156372070e+00 -4.677767276763916016e+00 -1.187794446945190430e+00 -5.867024064064025879e-01 -6.854010224342346191e-01 3.699829816818237305e+00 -3.631844520568847656e+00 6.555159091949462891e+00 1.307308554649353027e+00 2.135280609130859375e+00 1.368363857269287109e+00
2.778825044631958008e+00 5.735451698303222656e+00 -5.149585604667663574e-01 -3.124676465988159180e+00 2.098136901855468750e+00 -4.292150020599365234e+00 -2.646004967391490936e-02 -3.673796892166137695e+00 -1.582416176795959473e+00 3.085916638374328613e-01 -2.608093500137329102e+00 2.269679009914398193e-01 3.434894800186157227e+00 -1.501393318176269531e+00 -4.150116443634033203e+00
4.013287544250488281e+00 2.342475891113281250e+00 -1.625904917716979980e+00 1.479170560836791992e+00 2.212823867797851562e+00 -5.488431453704833984e+00 -1.426438927650451660e+00 5.791418626904487610e-02 -1.511486619710922241e-01 3.079224109649658203e+00 -4.096779346466064453e+00 6.583316326141357422e+00 -2.175794243812561035e-01 1.609969496726989746e+00 1.555833965539932251e-01
-1.419398427009582520e+00 5.398441791534423828e+00 -6.149492785334587097e-02 4.038854122161865234e+00 3.461092710494995117e+00 1.394923806190490723e+00 2.868925929069519043e-01 5.022721886634826660e-01 -4.411134719848632812e+00 -1.108412981033325195e+00 1.572091341018676758e+00 8.869921684265136719e+00 -3.386571407318115234e+00 2.668741941452026367e-01 5.839241743087768555e-01
6.168647408485412598e-01 4.249804019927978516e+00 -8.344264030456542969e-01 3.444234281778335571e-02 3.556567907333374023e+00 -4.877639770507812500e+00 6.352468967437744141e+00 -6.317751407623291016e-01 4.652549326419830322e-01 -4.176753044128417969e+00 -4.970755279064178467e-01 6.291331768035888672e+00 -7.494070529937744141e+00 -2.912913262844085693e-01 -3.831324815750122070e+00
1.532960832118988037e-01 3.592011690139770508e+00 -1.172792315483093262e+00 1.265548110008239746e+00 2.059962749481201172e+00 -5.978556275367736816e-01 4.285659790039062500e+00 -2.422131061553955078e+00 -3.555327177047729492e+00 4.672279357910156250e+00 -6.298764944076538086e-01 8.733326911926269531e+00 -5.739923119544982910e-01 -3.313076019287109375e+00 4.875237464904785156e+00
1.863977670669555664e+00 1.736134529113769531e+00 3.485340356826782227e+00 -2.142264604568481445e+00 7.015104770660400391e+00 -5.006014347076416016e+00 4.434412956237792969e+00 3.342321872711181641e+00 -1.474780291318893433e-01 -7.806681394577026367e-01 2.951404809951782227e+00 -6.876291632652282715e-01 5.164463043212890625e+00 -3.109555959701538086e+00 -1.109892487525939941e+00
2.488342523574829102e+00 4.957221984863281250e+00 6.502528488636016846e-02 -3.332054853439331055e+00 1.786553740501403809e+00 -5.303106784820556641e+00 2.449143119156360626e-02 -3.431601762771606445e+00 -4.499207139015197754e-01 -3.260773420333862305e-02 -2.613700628280639648e+00 2.276124656200408936e-01 3.769194364547729492e+00 -1.567708253860473633e+00 -3.911760330200195312e+00
2.572240114212036133e+00 5.049908161163330078e+00 -7.358233630657196045e-02 -3.410942554473876953e+00 1.712059020996093750e+00 -5.909819126129150391e+00 -1.533168554306030273e-01 -4.184370994567871094e+00 -2.210892438888549805e+00 -2.256352305412292480e-01 -2.145287036895751953e+00 4.770020544528961182e-01 3.903179645538330078e+00 -1.320603936910629272e-01 -3.948764562606811523e+00
1.703435540199279785e+00 6.574463367462158203e+00 -5.276098251342773438e-01 1.772456765174865723e+00 7.948793768882751465e-01 -1.808840155601501465e+00 9.521024227142333984e-01 -4.153083324432373047e+00 -5.204863548278808594e+00 3.749810218811035156e+00 -2.395086526870727539e+00 8.341708183288574219e+00 8.039473555982112885e-03 -3.512133598327636719e+00 -3.509490013122558594e+00
-2.325960874557495117e+00 3.544692516326904297e+00 2.542454004287719727e+00 4.440400123596191406e+00 3.574999332427978516e+00 2.463230371475219727e+00 3.563581705093383789e+00 -6.329626560211181641e+00 -9.658555388450622559e-01 -1.917290210723876953e+00 -5.996183156967163086e-01 3.670758247375488281e+00 -5.036080837249755859e+00 -5.430326938629150391e+00 2.202962160110473633e+00
1.442051053047180176e+00 5.438551425933837891e+00 -1.267509013414382935e-01 1.494168162345886230e+00 6.317594051361083984e-01 -2.780813455581665039e+00 1.227161765098571777e+00 -2.760266542434692383e+00 -5.165184497833251953e+00 3.969790935516357422e+00 -2.009465217590332031e+00 7.664722442626953125e+00 7.334275841712951660e-01 -4.191182136535644531e+00 -2.668068170547485352e+00
-1.124904394149780273e+00 2.436324357986450195e+00 1.634107708930969238e+00 2.461948156356811523e+00 2.170279502868652344e+00 1.606217622756958008e+00 4.267884731292724609e+00 -5.697502136230468750e+00 -2.030483722686767578e+00 -1.946063637733459473e+00 -1.193395495414733887e+00 3.199218988418579102e+00 -4.381999492645263672e+00 -5.207136631011962891e+00 2.009443521499633789e+00
3.975481748580932617e+00 2.143705606460571289e+00 -1.829801440238952637e+00 1.382692456245422363e+00 2.378387689590454102e+00 -6.356342792510986328e+00 -1.128419280052185059e+00 -5.285989642143249512e-01 3.890326023101806641e-01 2.609273433685302734e+00 -3.127625465393066406e+00 6.279021263122558594e+00 8.674900531768798828e-01 2.059333086013793945e+00 1.389688611030578613e+00
-1.118101119995117188e+00 2.435851812362670898e+00 1.537783026695251465e+00 2.283109903335571289e+00 2.177821636199951172e+00 2.408169507980346680e+00 3.802142858505249023e+00 -6.647493362426757812e+00 -1.699882626533508301e+00 5.979138612747192383e-02 -8.346267938613891602e-01 3.478153228759765625e+00 -5.062504768371582031e+00 -5.012872219085693359e+00 1.675838232040405273e+00
1.873719930648803711e+00 7.762629032135009766e+00 8.021087050437927246e-01 6.908500790596008301e-01 4.574582099914550781e+00 -5.005427360534667969e+00 -1.381395384669303894e-03 -1.232118487358093262e+00 -2.949621081352233887e-01 -3.965597152709960938e+00 1.391108393669128418e+00 4.229949951171875000e+00 2.762326478958129883e+00 -7.437531948089599609e+00 3.060681343078613281e+00
1.090599536895751953e+00 6.144435882568359375e+00 -7.394796609878540039e-01 2.168897151947021484e+00 2.836734652519226074e-01 -3.379281520843505859e+00 2.255322411656379700e-03 -2.189192295074462891e+00 -6.738309860229492188e+00 3.926256179809570312e+00 -2.128072500228881836e+00 7.529400348663330078e+00 -4.962039887905120850e-01 -3.421828269958496094e+00 -3.525147438049316406e+00
4.667484283447265625e+00 2.223253965377807617e+00 -2.568062543869018555e+00 2.063771486282348633e+00 2.722415447235107422e+00 -5.515984535217285156e+00 -8.145488500595092773e-01 -1.455290336161851883e-02 -7.611265406012535095e-03 2.252967357635498047e+00 -3.625634431838989258e+00 7.352202892303466797e+00 5.831044316291809082e-01 1.863338947296142578e+00 1.165778160095214844e+00
1.725959897041320801e+00 5.200615882873535156e+00 -1.269244551658630371e-01 1.271940231323242188e+00 7.066514492034912109e-01 -3.522309064865112305e+00 6.696966886520385742e-01 -3.952720403671264648e+00 -6.203555107116699219e+00 4.507194042205810547e+00 -2.610279321670532227e+00 7.992579936981201172e+00 1.086163520812988281e-01 -3.254474163055419922e+00 -2.795628309249877930e+00
2.782272815704345703e+00 -8.562700152397155762e-01 1.429458707571029663e-01 3.797163248062133789e+00 7.959039688110351562e+00 -4.317217350006103516e+00 -2.736732006072998047e+00 2.391605854034423828e+00 -3.562834739685058594e+00 -1.141873598098754883e+00 1.945469141006469727e+00 3.086485385894775391e+00 -2.285362482070922852e-01 -4.537319660186767578e+00 -6.371290683746337891e+00
3.014657020568847656e+00 3.501085996627807617e+00 1.595450788736343384e-01 2.383830308914184570e+00 2.802475452423095703e+00 -4.696465015411376953e+00 4.362462520599365234e+00 -3.383040904998779297e+00 -3.392329454421997070e+00 -7.266682386398315430e-02 1.793827772140502930e+00 4.230295658111572266e+00 6.037230968475341797e+00 -3.552599668502807617e+00 -1.746580958366394043e+00
-2.886313676834106445e+00 3.666823148727416992e+00 2.511515617370605469e+00 4.648047924041748047e+00 4.104399204254150391e+00 2.140470504760742188e+00 5.693982601165771484e+00 -5.743106842041015625e+00 -1.931471943855285645e+00 -9.871165156364440918e-01 -7.341145277023315430e-01 3.242020606994628906e+00 -5.268883228302001953e+00 -5.575809001922607422e+00 2.130456686019897461e+00
4.378995418548583984e+00 1.552928328514099121e+00 -2.903699159622192383e+00 1.807379126548767090e+00 2.663530349731445312e+00 -5.357271671295166016e+00 -1.468179345130920410e+00 -1.546956539154052734e+00 -5.677474737167358398e-01 4.284123897552490234e+00 -3.889335155487060547e+00 7.057361125946044922e+00 6.567684412002563477e-01 1.647685050964355469e+00 9.069069623947143555e-01
-3.054458379745483398e+00 3.545554161071777344e+00 2.218798160552978516e+00 4.384221553802490234e+00 3.816225767135620117e+00 2.292574167251586914e+00 3.381066322326660156e+00 -6.262009620666503906e+00 -2.566729784011840820e+00 -4.263903498649597168e-01 -1.209675908088684082e+00 3.871563196182250977e+00 -5.333732604980468750e+00 -5.876019477844238281e+00 2.062741041183471680e+00
1.031582832336425781e+00 6.421888828277587891e+00 -8.813984394073486328e-01 2.368325948715209961e+00 3.107070624828338623e-01 -1.912639141082763672e+00 7.426784038543701172e-01 -2.211870431900024414e+00 -5.250494003295898438e+00 3.336596012115478516e+00 -2.026930093765258789e+00 8.064274787902832031e+00 1.600366234779357910e+00 -2.985005378723144531e+00 -2.468320608139038086e+00
1.106825351715087891e+00 1.531848788261413574e+00 2.915326118469238281e+00 -1.750832557678222656e+00 5.627902984619140625e+00 -2.394166469573974609e+00 4.117988109588623047e+00 5.002361297607421875e+00 -1.131945729255676270e+00 -3.160178661346435547e+00 3.359280824661254883e+00 -4.862304031848907471e-01 5.375043869018554688e+00 -2.808294296264648438e+00 -9.629635810852050781e-01
1.027023077011108398e+00 6.584916114807128906e+00 -1.205579519271850586e+00 2.886730909347534180e+00 1.480956822633743286e-01 -2.883189916610717773e+00 4.768933057785034180e-01 -2.487352132797241211e+00 -6.605710983276367188e+00 4.397645473480224609e+00 -2.207609415054321289e+00 7.251533985137939453e+00 7.832038998603820801e-01 -3.131534576416015625e+00 -2.646202564239501953e+00
1.655518293380737305e+00 1.613776206970214844e+00 -2.142027616500854492e+00 -1.725252509117126465e+00 5.298005104064941406e+00 -3.821952581405639648e+00 4.786949634552001953e+00 -1.122814536094665527e+00 4.824122428894042969e+00 -3.468602895736694336e+00 -4.159218311309814453e+00 2.117129802703857422e+00 2.103343963623046875e+00 -6.593168735504150391e+00 2.209554195404052734e+00
2.468643188476562500e+00 3.192379474639892578e+00 2.013104967772960663e-03 3.314800024032592773e+00 2.344208955764770508e+00 -5.265215873718261719e+00 4.294620037078857422e+00 -3.343175888061523438e+00 -2.921519756317138672e+00 7.778137922286987305e-02 2.454876184463500977e+00 3.981358289718627930e+00 4.914226055145263672e+00 -2.125586271286010742e+00 -1.950947284698486328e+00
2.266618013381958008e+00 8.086133599281311035e-01 1.017394185066223145e+00 1.910285711288452148e+00 4.239605426788330078e+00 -2.879781007766723633e+00 -3.274316787719726562e+00 2.206476211547851562e+00 -4.995520591735839844e+00 -2.047446727752685547e+00 1.786322951316833496e+00 2.376486301422119141e+00 3.171598315238952637e-01 -3.956251859664916992e+00 -6.205806732177734375e+00
3.150794029235839844e+00 5.275968551635742188e+00 3.390251636505126953e+00 -1.511467576026916504e+00 4.773823261260986328e+00 -2.734511613845825195e+00 -5.261093139648437500e+00 -1.727384567260742188e+00 -1.834708571434020996e+00 -4.199861526489257812e+00 -1.499830842018127441e+00 2.907113075256347656e+00 -1.677788257598876953e+00 -7.797944545745849609e+00 -3.449456691741943359e+00
-6.751393675804138184e-01 2.666132926940917969e+00 1.738828778266906738e+00 2.368025064468383789e+00 2.127387046813964844e+00 2.105674982070922852e+00 4.118910789489746094e+00 -6.623338699340820312e+00 -2.177609205245971680e+00 -7.330518960952758789e-02 -1.257598161697387695e+00 3.263654470443725586e+00 -4.730586528778076172e+00 -5.354174613952636719e+00 2.077660322189331055e+00
2.583533048629760742e+00 1.240883827209472656e+00 8.972811698913574219e-01 1.535603404045104980e+00 3.950369596481323242e+00 -3.494790315628051758e+00 -2.879269123077392578e+00 3.114206790924072266e+00 -3.461094379425048828e+00 -1.013013482093811035e+00 1.797170519828796387e+00 2.644032001495361328e+00 3.961397409439086914e-01 -4.848654747009277344e+00 -6.076775550842285156e+00
1.021705508232116699e+00 9.031229972839355469e+00 -2.024935960769653320e+00 3.901189804077148438e+00 -2.408984750509262085e-01 -2.533893823623657227e+00 8.274623751640319824e-01 -3.714516639709472656e+00 -5.869590759277343750e+00 3.327954292297363281e+00 -2.255934238433837891e+00 7.738361835479736328e+00 4.200115799903869629e-01 -3.817799568176269531e+00 -2.412634134292602539e+00
2.490005016326904297e+00 4.163455009460449219e+00 -5.859311103820800781e+00 -4.010158061981201172e+00 1.298137092590332031e+01 -2.569002628326416016e+00 5.163456439971923828e+00 -1.981745600700378418e+00 4.741939544677734375e+00 -2.919488906860351562e+00 -4.268886089324951172e+00 1.868348121643066406e+00 2.632568120956420898e+00 -7.168339729309082031e+00 2.170280694961547852e+00
1.638723254203796387e+00 7.039253711700439453e+00 -6.984345316886901855e-01 2.044427156448364258e+00 4.849621653556823730e-01 -2.690206766128540039e+00 4.636156558990478516e-01 -2.731367826461791992e+00 -6.040611267089843750e+00 3.456040143966674805e+00 -1.756159067153930664e+00 7.089891910552978516e+00 9.063160419464111328e-01 -3.174958229064941406e+00 -2.436707258224487305e+00
1.714730143547058105e+00 6.529632091522216797e+00 8.175129294395446777e-01 8.921620249748229980e-01 3.797863006591796875e+00 -4.618065834045410156e+00 -8.709821701049804688e-01 -8.267366886138916016e-01 1.477977186441421509e-01 -4.100434303283691406e+00 2.033165454864501953e+00 4.750624179840087891e+00 2.507448434829711914e+00 -7.246079444885253906e+00 2.987712144851684570e+00
3.961097478866577148e+00 5.489369392395019531e+00 9.910874962806701660e-01 -1.448443830013275146e-01 3.359707355499267578e+00 -2.616360425949096680e+00 1.843167662620544434e+00 2.318649180233478546e-02 -2.398842334747314453e+00 -6.492796897888183594e+00 5.600617408752441406e+00 6.055321693420410156e+00 -6.170026063919067383e-01 -2.592838764190673828e+00 5.568389892578125000e+00
3.461115062236785889e-01 5.087357044219970703e+00 2.424017906188964844e+00 7.591388374567031860e-02 1.784802675247192383e+00 -3.685382127761840820e+00 2.582089424133300781e+00 6.340653300285339355e-01 -4.259735107421875000e+00 -3.724604845046997070e-01 5.005659103393554688e+00 2.296664476394653320e+00 -3.748121261596679688e+00 -3.283792018890380859e+00 -2.504379034042358398e+00
3.414684057235717773e+00 1.457763910293579102e+00 -2.244399070739746094e+00 1.428500294685363770e+00 2.072007656097412109e+00 -5.872307300567626953e+00 -2.441556930541992188e+00 1.517057269811630249e-01 -1.303234696388244629e+00 3.532674789428710938e+00 -3.740892648696899414e+00 6.537600040435791016e+00 5.671076178550720215e-01 2.048275470733642578e+00 1.057160615921020508e+00
3.843118429183959961e+00 5.201623916625976562e+00 1.190258622169494629e+00 -1.403262317180633545e-01 3.249883413314819336e+00 -1.568312525749206543e+00 1.341965079307556152e+00 1.522424936294555664e+00 -1.886256575584411621e+00 -7.171987533569335938e+00 5.884757041931152344e+00 6.405861377716064453e+00 -8.571887016296386719e-01 -2.671355485916137695e+00 5.525960922241210938e+00
-1.970100522041320801e+00 3.807744503021240234e+00 2.492644071578979492e+00 3.938670873641967773e+00 3.562833786010742188e+00 3.468534469604492188e+00 4.665311813354492188e+00 -6.701454162597656250e+00 -8.202265501022338867e-01 -9.341747164726257324e-01 -1.121908545494079590e+00 2.922315597534179688e+00 -4.541582584381103516e+00 -5.224587440490722656e+00 1.811022639274597168e+00
7.378750443458557129e-01 1.071855664253234863e+00 3.192717075347900391e+00 -2.647808551788330078e+00 6.564835548400878906e+00 -5.111669540405273438e+00 3.801456451416015625e+00 4.068582534790039062e+00 -1.085461735725402832e+00 -2.706707477569580078e+00 4.002921581268310547e+00 -6.894394755363464355e-01 4.950809955596923828e+00 -2.165323257446289062e+00 -6.461064815521240234e-01
5.464607715606689453e+00 1.557663798332214355e+00 -4.245584487915039062e+00 2.344977378845214844e+00 3.138204574584960938e+00 -5.697954654693603516e+00 -1.330082654953002930e+00 -1.773235201835632324e+00 -2.184125036001205444e-01 4.372481822967529297e+00 -3.994311571121215820e+00 7.044307708740234375e+00 4.294399619102478027e-01 1.526452660560607910e+00 8.546636104583740234e-01
1.965282917022705078e+00 3.408140659332275391e+00 1.543532460927963257e-01 -1.234890460968017578e+00 1.550370931625366211e+00 -6.571082592010498047e+00 9.870251417160034180e-01 -2.038270950317382812e+00 -7.139047384262084961e-01 -3.293074965476989746e-01 -2.709568977355957031e+00 6.491522192955017090e-01 2.975646018981933594e+00 -6.712016463279724121e-01 -4.329907417297363281e+00
1.855870723724365234e+00 1.719323277473449707e+00 -4.801926612854003906e-01 -6.848807334899902344e-01 3.045965433120727539e+00 -1.678462028503417969e+00 4.758177757263183594e+00 -1.473640799522399902e+00 3.680895566940307617e+00 -3.840264320373535156e+00 -4.388871669769287109e+00 2.211216926574707031e+00 2.192493200302124023e+00 -7.030640125274658203e+00 3.009600877761840820e+00
3.780461788177490234e+00 1.319215059280395508e+00 -2.334536075592041016e+00 1.708962321281433105e+00 2.271579742431640625e+00 -5.298486709594726562e+00 6.861698627471923828e-02 -1.084773898124694824e+00 1.003018260002136230e+00 3.641525983810424805e+00 -3.882656574249267578e+00 5.955618381500244141e+00 1.355186104774475098e+00 2.331073045730590820e+00 1.147490978240966797e+00
9.194269776344299316e-01 6.756175041198730469e+00 -1.088985919952392578e+00 2.778907775878906250e+00 1.435704156756401062e-02 -3.378804922103881836e+00 7.110667228698730469e-02 -3.563598394393920898e+00 -6.630537986755371094e+00 4.193355083465576172e+00 -2.259177207946777344e+00 7.906820774078369141e+00 8.576534390449523926e-01 -3.569265127182006836e+00 -2.579949140548706055e+00
9.403990507125854492e-01 2.932205438613891602e+00 -1.438031643629074097e-01 -6.823023408651351929e-02 2.408139228820800781e+00 -4.351191520690917969e+00 6.519346714019775391e+00 -8.304451704025268555e-01 1.197574853897094727e+00 -3.630382061004638672e+00 -4.755659103393554688e-01 6.452652931213378906e+00 -7.435251235961914062e+00 -8.723094463348388672e-01 -3.249584197998046875e+00
-8.176103830337524414e-01 7.868981838226318359e+00 3.924040317535400391e+00 2.802050411701202393e-01 2.524254798889160156e+00 -4.485440731048583984e+00 2.581958293914794922e+00 1.162080883979797363e+00 -4.451882839202880859e+00 -9.188408851623535156e-01 5.315215110778808594e+00 2.225941181182861328e+00 -4.248805046081542969e+00 -3.852989196777343750e+00 -2.738218545913696289e+00
-2.542279958724975586e+00 3.394229888916015625e+00 2.080387592315673828e+00 4.061906337738037109e+00 3.317302703857421875e+00 2.551605939865112305e+00 4.662589550018310547e+00 -6.062124729156494141e+00 -1.246361970901489258e+00 -7.241170406341552734e-01 -1.251284718513488770e+00 3.542380809783935547e+00 -4.581338882446289062e+00 -5.701632022857666016e+00 2.241779088973999023e+00
-2.495420455932617188e+00 3.177638292312622070e+00 2.172701597213745117e+00 3.874719381332397461e+00 3.296757459640502930e+00 2.538827896118164062e+00 5.363216400146484375e+00 -5.541522502899169922e+00 -1.286362171173095703e+00 -1.150556325912475586e+00 -1.347755908966064453e+00 3.586971521377563477e+00 -5.146852493286132812e+00 -5.828574657440185547e+00 1.944110035896301270e+00
6.691745519638061523e-01 5.064211368560791016e+00 -1.269045114517211914e+00 5.889419466257095337e-02 4.150161266326904297e+00 -5.046578884124755859e+00 5.960757255554199219e+00 -1.851474404335021973e+00 2.030635029077529907e-01 -4.328939437866210938e+00 -7.466698884963989258e-01 6.825214385986328125e+00 -7.127683639526367188e+00 -1.124489307403564453e+00 -2.870533704757690430e+00
2.916357278823852539e+00 3.795547723770141602e+00 6.767261624336242676e-01 -9.425245225429534912e-03 2.483011245727539062e+00 -7.808632254600524902e-01 2.546829223632812500e+00 1.396800398826599121e+00 -2.510663986206054688e+00 -7.660622119903564453e+00 5.425448417663574219e+00 6.262788295745849609e+00 -9.960271120071411133e-01 -2.650388002395629883e+00 5.881015300750732422e+00
-1.989119291305541992e+00 3.774132490158081055e+00 2.576977729797363281e+00 4.575996875762939453e+00 3.485909223556518555e+00 1.189839482307434082e+00 3.401447534561157227e+00 -5.638957023620605469e+00 -2.325151920318603516e+00 -1.022876143455505371e+00 -1.018767833709716797e+00 3.052961826324462891e+00 -5.025740146636962891e+00 -5.142927646636962891e+00 1.542363882064819336e+00
1.866633772850036621e+00 1.549404621124267578e+00 -1.303864359855651855e+00 -1.597513794898986816e+00 4.551653861999511719e+00 -2.548714637756347656e+00 4.877504348754882812e+00 -2.909049034118652344e+00 4.100348472595214844e+00 -4.019840240478515625e+00 -3.988036870956420898e+00 2.210647583007812500e+00 1.929684281349182129e+00 -7.239469051361083984e+00 2.929555654525756836e+00
1.930171251296997070e+00 2.268427133560180664e+00 4.158170700073242188e+00 -2.554607391357421875e+00 8.396101951599121094e+00 -6.056172847747802734e+00 3.776199102401733398e+00 4.335749626159667969e+00 -8.190340399742126465e-01 -2.592100381851196289e+00 3.126909971237182617e+00 -2.689041197299957275e-01 5.086215496063232422e+00 -3.647011280059814453e+00 -1.181215286254882812e+00
2.870580196380615234e+00 4.163737773895263672e+00 -1.281590908765792847e-01 3.608248472213745117e+00 2.980666637420654297e+00 -4.295144557952880859e+00 4.063887119293212891e+00 -4.148986816406250000e+00 -3.525928497314453125e+00 8.102526068687438965e-01 2.142414808273315430e+00 4.849815845489501953e+00 6.285996913909912109e+00 -2.250646114349365234e+00 -1.489741086959838867e+00
7.121771574020385742e-01 6.484938621520996094e+00 -1.560589671134948730e+00 3.019890546798706055e+00 -2.827010750770568848e-01 -2.348356485366821289e+00 2.837804555892944336e-01 -3.094287395477294922e+00 -6.004449844360351562e+00 3.370723247528076172e+00 -1.961617469787597656e+00 7.511402606964111328e+00 5.426193475723266602e-01 -4.009683609008789062e+00 -3.042300462722778320e+00
2.851536273956298828e+00 5.433238506317138672e+00 -5.296995639801025391e-01 -2.738364219665527344e+00 2.021866559982299805e+00 -7.194530010223388672e+00 4.495823383331298828e-01 -2.488708019256591797e+00 -1.319256067276000977e+00 -5.777155756950378418e-01 -2.027866363525390625e+00 6.041707843542098999e-02 2.840366601943969727e+00 7.108862698078155518e-02 -4.590246677398681641e+00
3.148652315139770508e+00 4.455363273620605469e+00 -1.102592825889587402e+00 5.116727352142333984e+00 3.318547487258911133e+00 -3.599487066268920898e+00 3.757275819778442383e+00 -3.384165525436401367e+00 -3.320760965347290039e+00 -1.069778800010681152e-01 1.650989055633544922e+00 5.009746074676513672e+00 6.344846248626708984e+00 -2.796308994293212891e+00 -1.289246320724487305e+00
-7.566144466400146484e-01 7.564358234405517578e+00 3.770426034927368164e+00 1.849680244922637939e-01 2.335263967514038086e+00 -5.956806659698486328e+00 2.206960201263427734e+00 6.741718053817749023e-01 -4.637266159057617188e+00 1.006432175636291504e+00 5.199924945831298828e+00 2.138209819793701172e+00 -4.044682502746582031e+00 -2.988594770431518555e+00 -2.639310359954833984e+00
2.736440181732177734e+00 5.656739711761474609e+00 -3.518408834934234619e-01 -3.797085285186767578e+00 2.033735275268554688e+00 -5.734946727752685547e+00 -3.000752925872802734e-01 -4.820712089538574219e+00 -2.149784803390502930e+00 -9.373185038566589355e-01 -3.058927059173583984e+00 1.166976332664489746e+00 3.528173685073852539e+00 -8.185622096061706543e-01 -3.953863620758056641e+00
8.654737472534179688e-01 6.913366794586181641e+00 -1.144232988357543945e+00 2.664869546890258789e+00 1.906545311212539673e-01 -3.794392347335815430e+00 7.141888141632080078e-01 -2.589393615722656250e+00 -6.058679103851318359e+00 4.264926910400390625e+00 -2.972637891769409180e+00 8.653824806213378906e+00 -1.012966513633728027e+00 -3.642164945602416992e+00 -3.400899648666381836e+00
4.151134014129638672e+00 1.537105560302734375e+00 -2.717336893081665039e+00 1.584802627563476562e+00 2.437006950378417969e+00 -4.384157657623291016e+00 -1.237521171569824219e-01 4.143995046615600586e-01 -3.169225901365280151e-02 2.971135377883911133e+00 -3.927712678909301758e+00 7.216081142425537109e+00 1.102943897247314453e+00 2.117795228958129883e+00 1.296381950378417969e+00
3.489249348640441895e-01 3.718595504760742188e+00 -9.047732949256896973e-01 1.203183054924011230e+00 2.135094642639160156e+00 -6.068661212921142578e-01 5.268362522125244141e+00 -3.331653356552124023e+00 -4.005534648895263672e+00 5.022352695465087891e+00 -1.162310957908630371e+00 8.201553344726562500e+00 -1.068656444549560547e+00 -3.344392776489257812e+00 4.965379238128662109e+00
1.033116459846496582e+00 1.670860052108764648e+00 2.458176374435424805e+00 -1.265310168266296387e+00 4.607459545135498047e+00 -3.713237047195434570e+00 4.752069950103759766e+00 3.886600017547607422e+00 -1.259203702211380005e-01 -1.530802607536315918e+00 4.525877952575683594e+00 -1.211637035012245178e-01 4.400279045104980469e+00 -1.930614471435546875e+00 -5.869011282920837402e-01
1.743228435516357422e+00 1.863025188446044922e+00 -2.065042257308959961e+00 -1.656690478324890137e+00 5.684053421020507812e+00 -1.545511364936828613e+00 5.775563716888427734e+00 -1.089768886566162109e+00 3.238659620285034180e+00 -4.534006595611572266e+00 -4.245983600616455078e+00 1.942399024963378906e+00 1.567556738853454590e+00 -6.726296424865722656e+00 2.708706617355346680e+00
1.176699519157409668e+00 5.745605468750000000e+00 -5.180402398109436035e-01 1.797071218490600586e+00 4.379715919494628906e-01 -2.131027221679687500e+00 7.555996775627136230e-01 -3.347858905792236328e+00 -5.883215904235839844e+00 2.972907066345214844e+00 -2.147718667984008789e+00 8.013562202453613281e+00 1.545282006263732910e-01 -3.968811988830566406e+00 -3.198953866958618164e+00
3.294327020645141602e+00 4.885241031646728516e+00 -1.029602408409118652e+00 5.462141036987304688e+00 3.660628795623779297e+00 -5.014948368072509766e+00 4.897060394287109375e+00 -3.840636014938354492e+00 -3.142238378524780273e+00 -5.774903893470764160e-01 2.716553926467895508e+00 4.367364883422851562e+00 5.959350585937500000e+00 -2.050284862518310547e+00 -1.208896160125732422e+00
1.106805920600891113e+00 4.454812526702880859e+00 7.263365983963012695e-01 4.261891543865203857e-01 2.698838233947753906e+00 -6.077452659606933594e+00 -8.790254592895507812e-02 -3.741078376770019531e-01 -9.143031835556030273e-01 -4.929610252380371094e+00 9.883786439895629883e-01 4.456508159637451172e+00 3.045968770980834961e+00 -6.313885211944580078e+00 2.374402523040771484e+00
1.098580598831176758e+00 1.380240559577941895e+00 3.299422264099121094e+00 -2.143348932266235352e+00 6.629042148590087891e+00 -3.467562437057495117e+00 4.017267704010009766e+00 3.393592834472656250e+00 -3.974927067756652832e-01 -1.646985769271850586e+00 3.940120458602905273e+00 1.003649178892374039e-02 5.246358871459960938e+00 -1.656774878501892090e+00 -5.348264575004577637e-01
7.572043538093566895e-01 8.934011459350585938e+00 -2.533084630966186523e+00 4.302604198455810547e+00 -1.204507276415824890e-01 -1.604896426200866699e+00 7.013124823570251465e-01 -2.212653160095214844e+00 -6.780605316162109375e+00 3.487850189208984375e+00 -2.048949956893920898e+00 6.910939693450927734e+00 1.395904779434204102e+00 -2.324491977691650391e+00 -2.397705793380737305e+00
2.315982580184936523e+00 3.216663122177124023e+00 -3.723995089530944824e-01 3.493584871292114258e+00 2.606639623641967773e+00 -4.655589103698730469e+00 4.061876296997070312e+00 -3.480356931686401367e+00 -2.585725307464599609e+00 -2.273655533790588379e-01 3.012329101562500000e+00 4.252219200134277344e+00 5.231158256530761719e+00 -1.866897225379943848e+00 -1.338410019874572754e+00
-1.141107678413391113e+00 2.461807966232299805e+00 1.627664923667907715e+00 2.552181005477905273e+00 2.176214694976806641e+00 1.039602637290954590e+00 3.695448875427246094e+00 -5.977764129638671875e+00 -2.386684179306030273e+00 -1.184986233711242676e+00 -1.699347496032714844e+00 2.604253768920898438e+00 -4.180986404418945312e+00 -5.016885757446289062e+00 1.950924515724182129e+00
2.815222501754760742e+00 5.951797962188720703e+00 -1.930070370435714722e-01 -3.646388053894042969e+00 1.712290644645690918e+00 -6.323106288909912109e+00 1.391292810440063477e-01 -2.547978162765502930e+00 -1.034873962402343750e+00 -2.300232052803039551e-01 -2.502588987350463867e+00 4.356657564640045166e-01 4.624216556549072266e+00 -8.890150189399719238e-01 -3.390219926834106445e+00
-1.624015450477600098e+00 5.376313686370849609e+00 -2.040149122476577759e-01 3.990735292434692383e+00 3.420297384262084961e+00 1.514174580574035645e+00 -5.162355899810791016e-01 3.213140070438385010e-01 -5.570725440979003906e+00 -1.665408492088317871e+00 1.367667913436889648e+00 8.365283966064453125e+00 -2.684649944305419922e+00 3.594840168952941895e-01 9.860651493072509766e-01
8.690096139907836914e-01 7.285273551940917969e+00 -1.476614832878112793e+00 3.450558900833129883e+00 -2.904690206050872803e-01 -4.331990718841552734e+00 -1.205403804779052734e-01 -3.272159576416015625e+00 -7.361186504364013672e+00 4.459880828857421875e+00 -1.996502995491027832e+00 7.510360240936279297e+00 8.726145029067993164e-01 -4.291190624237060547e+00 -2.547395944595336914e+00
-9.207755327224731445e-01 4.470091819763183594e+00 1.956867724657058716e-01 3.277741909027099609e+00 3.035938978195190430e+00 3.009936332702636719e+00 7.104418277740478516e-01 2.311023712158203125e+00 -3.920997381210327148e+00 -1.174272537231445312e+00 1.565036535263061523e+00 8.882694244384765625e+00 -3.094061136245727539e+00 4.765080213546752930e-01 6.198936700820922852e-01
8.881090879440307617e-01 4.866450309753417969e+00 -9.726074337959289551e-01 -1.782175004482269287e-01 3.895907640457153320e+00 -4.087767124176025391e+00 5.391667842864990234e+00 -1.379103779792785645e+00 3.203418254852294922e-01 -3.342825889587402344e+00 -4.583340883255004883e-01 6.820196151733398438e+00 -6.984851837158203125e+00 -6.765452027320861816e-01 -2.596811056137084961e+00
-2.526537477970123291e-01 7.801095008850097656e+00 3.587369680404663086e+00 3.223789036273956299e-01 2.150151014328002930e+00 -4.842679500579833984e+00 3.452922105789184570e+00 1.107166886329650879e+00 -4.424993038177490234e+00 -1.140307188034057617e+00 5.431066036224365234e+00 2.520815134048461914e+00 -4.125755310058593750e+00 -3.737788200378417969e+00 -2.661998510360717773e+00
2.458098173141479492e+00 3.178193092346191406e+00 4.099740460515022278e-02 2.307576417922973633e+00 2.508669853210449219e+00 -3.853255510330200195e+00 3.768018722534179688e+00 -3.516420841217041016e+00 -2.575159549713134766e+00 -1.839486956596374512e-01 1.253767132759094238e+00 4.935288429260253906e+00 5.796181201934814453e+00 -2.808317899703979492e+00 -1.641372680664062500e+00
2.185430765151977539e+00 4.036338329315185547e+00 -4.960228875279426575e-02 -2.378166675567626953e+00 1.406196594238281250e+00 -5.076098918914794922e+00 -2.289087772369384766e-01 -4.005201339721679688e+00 -2.214099615812301636e-01 1.094027519226074219e+00 -2.553404092788696289e+00 1.260242581367492676e+00 3.848081827163696289e+00 -1.068417280912399292e-01 -3.878103017807006836e+00
