7.207957267761230469e+00 1.046704888343811035e+00 -3.158511877059936523e+00 5.374305725097656250e+00 -1.721815764904022217e-01 -5.300768852233886719e+00 -3.573360204696655273e+00 -6.244201183319091797e+00 6.049225807189941406e+00 -3.376348316669464111e-01 1.357061505317687988e+00 -5.079218387603759766e+00 2.501119613647460938e+00 6.745907306671142578e+00 -1.131035447120666504e+00
2.183940172195434570e+00 -8.401104927062988281e+00 -4.868193626403808594e+00 1.042472600936889648e+00 7.139234542846679688e+00 3.641496419906616211e+00 3.885841369628906250e+00 -3.318513631820678711e-01 3.162026882171630859e+00 -1.809292912483215332e+00 -8.610426187515258789e-01 1.547770857810974121e+00 7.375717639923095703e+00 1.493701815605163574e+00 -2.134973764419555664e+00
7.149720668792724609e+00 9.704433679580688477e-01 -3.556945085525512695e+00 4.563428878784179688e+00 1.201947256922721863e-01 -3.834834098815917969e+00 -2.892157554626464844e+00 -4.573889732360839844e+00 5.420734405517578125e+00 3.862587511539459229e-01 1.460177302360534668e+00 -5.572760105133056641e+00 2.163363456726074219e+00 7.248943805694580078e+00 -9.528737664222717285e-01
7.142658710479736328e+00 7.266179919242858887e-01 -3.381955623626708984e+00 4.165349006652832031e+00 2.484891116619110107e-01 -4.926135063171386719e+00 -2.507283449172973633e+00 -5.856683731079101562e+00 6.000897407531738281e+00 4.004405438899993896e-01 1.512142658233642578e+00 -5.743624210357666016e+00 1.511806726455688477e+00 6.767535686492919922e+00 -1.804619669914245605e+00
6.317346572875976562e+00 -2.651240587234497070e+00 -4.770855009555816650e-01 1.298719882965087891e+00 4.712075710296630859e+00 2.791122913360595703e+00 -1.363977551460266113e+00 2.909738779067993164e+00 7.858857154846191406e+00 1.048351898789405823e-01 -2.444200992584228516e+00 5.713210105895996094e-01 6.546062946319580078e+00 6.652759552001953125e+00 8.953813910484313965e-01
8.190502166748046875e+00 -1.463711857795715332e+00 -7.807276248931884766e-01 3.406708240509033203e+00 3.371414184570312500e+00 5.018772125244140625e+00 -1.717179179191589355e+00 3.162490129470825195e-01 5.292221546173095703e+00 -4.633426189422607422e+00 4.326588630676269531e+00 -4.337749958038330078e+00 -5.465067386627197266e+00 4.231285572052001953e+00 1.568171143531799316e+00
8.192344665527343750e+00 1.425994634628295898e+00 -3.772880554199218750e+00 6.676036357879638672e+00 6.602751463651657104e-02 -5.345211982727050781e+00 -3.480972051620483398e+00 -5.833376407623291016e+00 4.623059272766113281e+00 -4.372654855251312256e-01 2.018562078475952148e+00 -5.276517391204833984e+00 1.794413685798645020e+00 6.799983978271484375e+00 -1.865644693374633789e+00
5.427364826202392578e+00 -5.085524171590805054e-03 -6.662444114685058594e+00 9.241122603416442871e-01 2.483024895191192627e-01 -1.344058871269226074e+00 -2.964238226413726807e-01 4.787721157073974609e+00 3.104502439498901367e+00 -2.789402246475219727e+00 2.658053398132324219e+00 -5.466473102569580078e+00 5.028276920318603516e+00 -2.326585054397583008e+00 3.548851728439331055e+00
3.267549276351928711e+00 -5.031058788299560547e+00 -4.761592864990234375e+00 -4.840168058872222900e-01 4.789421558380126953e+00 4.312176704406738281e+00 4.183051109313964844e+00 -9.003641605377197266e-01 4.859182357788085938e+00 -1.775183916091918945e+00 -4.892529249191284180e-01 1.745988488197326660e+00 7.543307781219482422e+00 1.577183008193969727e+00 -2.200539350509643555e+00
3.191255807876586914e+00 -3.945549249649047852e+00 -4.177800178527832031e+00 -6.703947186470031738e-01 3.876154184341430664e+00 3.949184417724609375e+00 4.271952629089355469e+00 -4.485340118408203125e-01 4.199277877807617188e+00 -1.284363031387329102e+00 -6.669269800186157227e-01 2.451678752899169922e+00 7.308009624481201172e+00 1.532974243164062500e+00 -2.731374263763427734e+00
4.976287841796875000e+00 8.849161863327026367e-02 -6.525082111358642578e+00 8.337901234626770020e-01 2.138901650905609131e-01 -2.772607326507568359e+00 -1.849590390920639038e-01 5.146722316741943359e+00 5.142429351806640625e+00 -3.669973611831665039e+00 2.057716846466064453e+00 -4.208577632904052734e+00 4.744290828704833984e+00 -2.411898612976074219e+00 2.382193088531494141e+00
8.428114891052246094e+00 1.454063653945922852e+00 -3.402551412582397461e+00 8.166348457336425781e+00 -5.008256062865257263e-03 -5.527873039245605469e+00 -3.347108840942382812e+00 -4.968197822570800781e+00 4.959449768066406250e+00 7.972568273544311523e-01 1.406609177589416504e+00 -5.318526744842529297e+00 1.845798969268798828e+00 6.553757667541503906e+00 -1.766553640365600586e+00
7.502560615539550781e+00 -1.530109763145446777e+00 -4.592137813568115234e+00 1.881758689880371094e+00 5.468273639678955078e+00 -4.377434253692626953e+00 -4.246007442474365234e+00 1.758625626564025879e+00 1.509560942649841309e+00 -3.945991039276123047e+00 7.500699996948242188e+00 -3.771868228912353516e+00 1.148773670196533203e+00 1.098155617713928223e+00 -2.620483875274658203e+00
3.421992063522338867e+00 -5.108991622924804688e+00 -5.160671234130859375e+00 -6.393647789955139160e-01 5.273796558380126953e+00 4.109809875488281250e+00 4.816516876220703125e+00 -6.316716670989990234e-01 4.912126541137695312e+00 -2.129454374313354492e+00 4.580118656158447266e-01 1.652025222778320312e+00 7.864337444305419922e+00 1.519758701324462891e+00 -2.746935784816741943e-01
9.253775596618652344e+00 1.200519919395446777e+00 -3.297414064407348633e+00 1.060375499725341797e+01 4.252753555774688721e-01 -6.467951774597167969e+00 -3.066029071807861328e+00 -5.216469764709472656e+00 5.682686805725097656e+00 -1.154103636741638184e+00 1.427500247955322266e+00 -5.115578651428222656e+00 1.754527568817138672e+00 6.367780208587646484e+00 -1.500849843025207520e+00
7.775486469268798828e+00 -1.112838149070739746e+00 2.904262542724609375e+00 9.395545125007629395e-01 5.829164028167724609e+00 -4.212525367736816406e+00 4.740202426910400391e-01 -3.043847084045410156e-01 4.479084968566894531e+00 3.861821413040161133e+00 -6.241524815559387207e-01 -9.119620919227600098e-01 -4.053292274475097656e+00 8.273562431335449219e+00 -1.567337155342102051e+00
8.528989791870117188e+00 -2.543538570404052734e+00 -3.222161293029785156e+00 8.347975462675094604e-02 1.690470337867736816e+00 -2.081263065338134766e+00 -1.220051527023315430e+00 8.684148788452148438e-01 7.364304065704345703e+00 -5.104558467864990234e+00 4.017355144023895264e-01 -7.566908359527587891e+00 3.208551406860351562e+00 3.069470405578613281e+00 4.665900707244873047e+00
6.159724712371826172e+00 -8.382932543754577637e-01 -3.864593505859375000e+00 4.648291468620300293e-01 3.083111047744750977e+00 -4.580257892608642578e+00 -1.680388212203979492e+00 8.918743729591369629e-01 1.432497501373291016e+00 -4.563199996948242188e+00 8.844584465026855469e+00 -3.866696834564208984e+00 7.123997807502746582e-01 1.496641159057617188e+00 -2.375767469406127930e+00
5.793310165405273438e+00 -3.148561120033264160e-01 -7.535333156585693359e+00 1.163649559020996094e+00 2.605582773685455322e-01 -2.065639972686767578e+00 1.391811482608318329e-02 4.634474277496337891e+00 3.399646520614624023e+00 -2.819453477859497070e+00 2.840557098388671875e+00 -5.009246826171875000e+00 5.095469951629638672e+00 -2.370857477188110352e+00 3.065266609191894531e+00
6.732607841491699219e+00 -1.029050230979919434e+00 -4.603785991668701172e+00 9.270879030227661133e-01 3.512419939041137695e+00 -3.956057786941528320e+00 -3.100237846374511719e+00 5.715073347091674805e-01 2.128309011459350586e+00 -4.651840209960937500e+00 8.911556243896484375e+00 -3.956760883331298828e+00 7.955049276351928711e-01 1.711368441581726074e+00 -1.650919556617736816e+00
6.457730293273925781e+00 -3.983732461929321289e+00 2.986428976058959961e+00 7.301714897155761719e+00 1.439735442399978638e-01 1.856443524360656738e+00 -3.588955879211425781e+00 -2.633144855499267578e+00 5.275726795196533203e+00 1.605355381965637207e+00 7.249877452850341797e+00 4.548190116882324219e+00 1.311760187149047852e+00 3.488679170608520508e+00 -2.213242053985595703e+00
5.923573970794677734e+00 -2.934681653976440430e+00 -1.478033423423767090e+00 3.914092540740966797e+00 1.682714581489562988e+00 1.544727325439453125e+00 5.537785530090332031e+00 1.148057103157043457e+00 5.623392105102539062e+00 -4.681532382965087891e+00 3.829480171203613281e+00 1.957457900047302246e+00 5.178605556488037109e+00 8.526199340820312500e+00 3.237797498703002930e+00
6.056620121002197266e+00 -1.871407628059387207e+00 -1.775328636169433594e+00 1.723451614379882812e+00 1.567174434661865234e+00 -2.030405282974243164e+00 3.378599643707275391e+00 -3.014487504959106445e+00 3.843940019607543945e+00 -1.832474827766418457e+00 5.585201263427734375e+00 1.268758438527584076e-02 1.616921722888946533e-01 7.455296039581298828e+00 -2.393871784210205078e+00
3.195497989654541016e+00 -6.338420391082763672e+00 -4.861156940460205078e+00 -5.949354544281959534e-02 5.910524845123291016e+00 3.430352210998535156e+00 5.110624313354492188e+00 -5.433062911033630371e-01 2.810344696044921875e+00 -2.343456506729125977e+00 1.420114934444427490e-01 1.599843263626098633e+00 8.532941818237304688e+00 1.893966197967529297e+00 -7.894024252891540527e-01
4.285043239593505859e+00 -1.400786042213439941e-01 -6.865577697753906250e+00 7.548539638519287109e-01 1.800122559070587158e-01 -2.057291030883789062e+00 -3.022307157516479492e-01 5.126720905303955078e+00 4.131766319274902344e+00 -2.547150611877441406e+00 2.597610473632812500e+00 -5.297888278961181641e+00 4.712839603424072266e+00 -2.276190042495727539e+00 3.368621587753295898e+00
4.166267395019531250e+00 -8.890360593795776367e-02 -6.820003032684326172e+00 1.012970447540283203e+00 -1.931684911251068115e-01 -3.526377439498901367e+00 7.907764613628387451e-02 5.505263805389404297e+00 5.184962749481201172e+00 -3.524831533432006836e+00 2.242712020874023438e+00 -4.782820701599121094e+00 4.947736263275146484e+00 -2.371929407119750977e+00 2.818210363388061523e+00
8.259192466735839844e+00 7.787092328071594238e-01 -4.190209388732910156e+00 4.516021728515625000e+00 4.557903409004211426e-01 -4.218121528625488281e+00 -2.416781425476074219e+00 -3.971275806427001953e+00 6.727041244506835938e+00 9.165575504302978516e-01 1.378561854362487793e+00 -5.650518417358398438e+00 2.172307729721069336e+00 7.570842266082763672e+00 -1.627189993858337402e+00
8.800920486450195312e+00 -1.867879748344421387e+00 4.347778797149658203e+00 1.068706750869750977e+00 7.812335968017578125e+00 -1.572509646415710449e+00 1.432759761810302734e+00 -3.199717998504638672e-01 5.182082176208496094e+00 3.318500995635986328e+00 1.465606093406677246e-01 -1.126782655715942383e+00 -4.085551738739013672e+00 8.657417297363281250e+00 -1.688534736633300781e+00
6.910750389099121094e+00 6.284062266349792480e-01 -3.191201925277709961e+00 3.714953660964965820e+00 3.443288058042526245e-02 -4.443077564239501953e+00 -1.649641990661621094e+00 -3.863593816757202148e+00 4.873688697814941406e+00 -2.896379530429840088e-01 1.366870284080505371e+00 -5.362143039703369141e+00 2.475185394287109375e+00 7.273589611053466797e+00 -1.135531425476074219e+00
6.237972259521484375e+00 -1.035915732383728027e+00 2.120641708374023438e+00 7.020028233528137207e-01 4.232188224792480469e+00 -3.081655025482177734e+00 1.388738632202148438e+00 -1.864004969596862793e+00 4.665319442749023438e+00 2.039895772933959961e+00 3.773498535156250000e-02 -5.368167161941528320e-01 -4.023113727569580078e+00 7.997405529022216797e+00 -1.827931284904479980e+00
6.727945804595947266e+00 -1.081483006477355957e+00 -4.441616058349609375e+00 7.969421744346618652e-01 4.075917720794677734e+00 -5.166718006134033203e+00 -4.378708839416503906e+00 1.130293488502502441e+00 2.037591695785522461e+00 -3.506124973297119141e+00 8.530916213989257812e+00 -3.259271860122680664e+00 9.375120401382446289e-01 1.430539250373840332e+00 -2.308033227920532227e+00
6.189595222473144531e+00 -1.013597369194030762e+00 2.021545648574829102e+00 5.284498333930969238e-01 4.047586441040039062e+00 -3.660256862640380859e+00 1.188164949417114258e+00 -1.033522963523864746e+00 3.629407644271850586e+00 2.905077695846557617e+00 -4.403637647628784180e-01 -7.273720502853393555e-01 -3.791605710983276367e+00 8.050679206848144531e+00 -1.485355854034423828e+00
7.015886306762695312e+00 -5.055305480957031250e+00 2.682458877563476562e+00 1.395794034004211426e+00 7.679770469665527344e+00 -3.454580307006835938e+00 2.109905004501342773e+00 1.336006045341491699e+00 5.476792812347412109e+00 -2.685172319412231445e+00 3.272089004516601562e+00 -5.052582740783691406e+00 6.419703960418701172e+00 6.380531787872314453e+00 4.944371223449707031e+00
7.155659675598144531e+00 9.354878067970275879e-01 -3.413132905960083008e+00 4.968311786651611328e+00 -8.197701722383499146e-02 -5.553907394409179688e+00 -3.126909494400024414e+00 -5.594956874847412109e+00 5.411102771759033203e+00 -3.884574025869369507e-02 1.506690025329589844e+00 -5.110635757446289062e+00 2.012709140777587891e+00 7.156394481658935547e+00 -1.012782335281372070e+00
7.353991508483886719e+00 -1.635911822319030762e+00 -4.911669731140136719e+00 1.496878981590270996e+00 5.403958797454833984e+00 -3.858022689819335938e+00 -3.580035686492919922e+00 9.038758873939514160e-01 8.390343189239501953e-01 -3.009809255599975586e+00 9.146698951721191406e+00 -4.270929813385009766e+00 1.269370913505554199e+00 1.764243841171264648e+00 -2.470920801162719727e+00
6.917555332183837891e+00 7.485471367835998535e-01 -3.826120853424072266e+00 2.883223056793212891e+00 3.487066626548767090e-01 -6.058411598205566406e+00 -2.489305019378662109e+00 -4.429647922515869141e+00 6.117068290710449219e+00 -9.000501595437526703e-03 1.122246146202087402e+00 -5.621941566467285156e+00 1.735091567039489746e+00 7.093919277191162109e+00 -1.926483750343322754e+00
5.505225658416748047e+00 -7.161515235900878906e+00 1.707750082015991211e+00 5.328922748565673828e+00 3.230408430099487305e+00 -3.634109497070312500e-01 -5.146076202392578125e+00 -1.396137833595275879e+00 4.582833290100097656e+00 -2.878378391265869141e+00 8.939640998840332031e+00 -1.713145613670349121e+00 1.698776006698608398e+00 2.226660966873168945e+00 3.611179828643798828e+00
7.671184539794921875e+00 -2.542150497436523438e+00 -2.956857442855834961e+00 -1.686159335076808929e-02 1.283741116523742676e+00 -1.590153217315673828e+00 -4.666016399860382080e-01 1.090486168861389160e+00 7.278789043426513672e+00 -5.061076641082763672e+00 1.143692374229431152e+00 -8.378264427185058594e+00 4.127607822418212891e+00 3.517937183380126953e+00 5.339079856872558594e+00
9.451449394226074219e+00 -2.353634834289550781e+00 5.023249626159667969e+00 1.652905225753784180e+00 9.466325759887695312e+00 -3.470321178436279297e+00 2.527935028076171875e+00 -1.511584281921386719e+00 3.851474523544311523e+00 2.446459770202636719e+00 -2.967183589935302734e-01 -1.506639599800109863e+00 -4.624034404754638672e+00 8.670819282531738281e+00 -1.487063169479370117e+00
6.769477844238281250e+00 -1.688778519630432129e+00 -4.881362915039062500e+00 1.552492022514343262e+00 4.991794109344482422e+00 -5.887790679931640625e+00 -2.392708301544189453e+00 8.274667263031005859e-01 2.529337167739868164e+00 -4.247856616973876953e+00 8.972394943237304688e+00 -4.365528106689453125e+00 1.294917583465576172e+00 1.482544422149658203e+00 -2.011638402938842773e+00
8.667689323425292969e+00 -2.071009397506713867e+00 5.679414272308349609e+00 1.747819304466247559e+00 8.551321029663085938e+00 -2.949171304702758789e+00 1.321142196655273438e+00 -1.664942145347595215e+00 4.963326930999755859e+00 2.603860139846801758e+00 -5.114066600799560547e-02 -1.237274169921875000e+00 -4.425982952117919922e+00 8.640742301940917969e+00 -1.778706312179565430e+00
7.666018486022949219e+00 1.081547737121582031e+00 -3.527525424957275391e+00 5.724731445312500000e+00 -1.021859608590602875e-02 -3.354189395904541016e+00 -3.087221860885620117e+00 -4.015940189361572266e+00 5.381011962890625000e+00 5.433292388916015625e-01 1.011032462120056152e+00 -6.098248481750488281e+00 1.583210706710815430e+00 6.521048069000244141e+00 -2.047408819198608398e+00
2.524432659149169922e+00 -5.448232173919677734e+00 -3.967136383056640625e+00 -2.671552598476409912e-01 4.907081604003906250e+00 4.151010513305664062e+00 3.813461542129516602e+00 -5.024552345275878906e-01 6.021982192993164062e+00 -6.749401092529296875e-01 -5.295618176460266113e-01 1.746848225593566895e+00 7.894795894622802734e+00 2.367205381393432617e+00 -1.004131078720092773e+00
7.651364803314208984e+00 1.183469057083129883e+00 -3.320600748062133789e+00 5.978379249572753906e+00 -1.938610970973968506e-01 -5.238502979278564453e+00 -2.666018962860107422e+00 -5.464775562286376953e+00 5.420878410339355469e+00 -1.847772449254989624e-01 1.644887804985046387e+00 -5.292341232299804688e+00 2.102464675903320312e+00 6.782987117767333984e+00 -1.461101889610290527e+00
4.669312000274658203e+00 -4.870538711547851562e+00 -3.973565340042114258e+00 1.755155801773071289e+00 1.539672136306762695e+00 3.112275838851928711e+00 -1.035493165254592896e-01 5.183223724365234375e+00 2.532289981842041016e+00 1.555536389350891113e+00 5.612088203430175781e+00 -1.995157122611999512e+00 7.952982902526855469e+00 2.246055006980895996e-01 2.490058660507202148e+00
7.137034416198730469e+00 -2.889343976974487305e+00 -1.904924869537353516e+00 -2.659862041473388672e-01 1.236774325370788574e+00 -1.547365903854370117e+00 -5.630421638488769531e-01 1.867538452148437500e+00 7.599421501159667969e+00 -5.061515331268310547e+00 6.744002699851989746e-01 -7.462224006652832031e+00 2.760301828384399414e+00 2.746866703033447266e+00 4.274444580078125000e+00
5.064791679382324219e+00 -3.204257249832153320e+00 -1.148181557655334473e-01 3.217561483383178711e+00 7.967990040779113770e-01 -1.374673962593078613e+00 -6.046401977539062500e+00 -5.107237696647644043e-01 6.463754177093505859e+00 -1.856800079345703125e+00 8.942239761352539062e+00 -1.155306458473205566e+00 2.221435546875000000e+00 1.904751062393188477e+00 3.340405702590942383e+00
7.337433338165283203e+00 -2.806329965591430664e+00 -1.058689713478088379e+00 6.075322031974792480e-01 5.691444873809814453e+00 2.649977684020996094e+00 -1.248716473579406738e+00 3.127069234848022461e+00 8.468384742736816406e+00 7.438156753778457642e-02 -2.698552131652832031e+00 -2.385117858648300171e-01 6.476666927337646484e+00 6.880115985870361328e+00 1.065335750579833984e+00
6.723847866058349609e+00 -1.011816382408142090e+00 1.150219917297363281e+00 4.472764730453491211e-01 3.685207605361938477e+00 -3.377422571182250977e+00 2.807073831558227539e+00 -1.053350806236267090e+00 3.768927335739135742e+00 2.759047985076904297e+00 8.473372459411621094e-02 -8.256242871284484863e-01 -4.285374164581298828e+00 8.111273765563964844e+00 -1.855660200119018555e+00
5.914752483367919922e+00 -2.335572242736816406e+00 -1.468965172767639160e+00 2.301822185516357422e+00 7.036099433898925781e-01 -7.944138050079345703e-01 -4.993425846099853516e+00 -9.980893135070800781e-01 4.114039897918701172e+00 -2.135634899139404297e+00 7.994190216064453125e+00 -1.861924648284912109e+00 2.790218830108642578e+00 2.010614871978759766e+00 3.821180105209350586e+00
9.522630691528320312e+00 1.544348359107971191e+00 -4.450074195861816406e+00 8.000465393066406250e+00 2.185501158237457275e-01 -4.642802238464355469e+00 -2.447362899780273438e+00 -3.751177072525024414e+00 6.835284233093261719e+00 1.251398086547851562e+00 1.461833715438842773e+00 -5.322309017181396484e+00 1.647572398185729980e+00 7.110687732696533203e+00 -2.020607471466064453e+00
8.425290107727050781e+00 -1.080447864532470703e+01 -5.244268417358398438e+00 4.977984428405761719e+00 4.547145366668701172e+00 3.497327566146850586e+00 -1.813327819108963013e-01 5.250198841094970703e+00 3.337586402893066406e+00 2.409140348434448242e+00 5.917112350463867188e+00 -1.722864031791687012e+00 8.424266815185546875e+00 7.264901995658874512e-01 2.449797391891479492e+00
8.370029449462890625e+00 1.159459590911865234e+00 -4.216525077819824219e+00 5.150271892547607422e+00 2.369087040424346924e-01 -4.788772583007812500e+00 -1.066418290138244629e+00 -5.017170429229736328e+00 5.662507534027099609e+00 -2.359590679407119751e-01 1.241042375564575195e+00 -5.122443675994873047e+00 2.073234081268310547e+00 6.089631080627441406e+00 -1.793609142303466797e+00
6.901231288909912109e+00 -3.743157148361206055e+00 1.802510023117065430e+00 9.175325036048889160e-01 6.088844776153564453e+00 -3.913738012313842773e+00 1.633602738380432129e+00 4.954190254211425781e-01 5.159945011138916016e+00 -1.303539156913757324e+00 3.189091682434082031e+00 -5.198039531707763672e+00 6.355353832244873047e+00 6.460072517395019531e+00 5.296100139617919922e+00
8.538083076477050781e+00 -1.695338368415832520e+00 -2.315674543380737305e+00 -1.319923162460327148e+00 5.512826442718505859e+00 8.730918914079666138e-02 1.182874917984008789e+00 -1.374569535255432129e+00 7.592948913574218750e+00 -2.323420763015747070e+00 4.093906402587890625e+00 6.027200222015380859e-01 -2.353436946868896484e+00 1.001835250854492188e+01 6.254295825958251953e+00
7.430842399597167969e+00 -9.830769300460815430e-01 -9.123298525810241699e-01 2.856720685958862305e+00 2.124878883361816406e+00 4.055974006652832031e+00 -1.501693844795227051e+00 3.202901482582092285e-01 5.076857089996337891e+00 -4.531506538391113281e+00 4.938247203826904297e+00 -3.980104446411132812e+00 -5.107339382171630859e+00 4.363604068756103516e+00 1.315661072731018066e+00
5.943234920501708984e+00 -1.041230082511901855e+00 -3.969774961471557617e+00 1.182248473167419434e+00 4.095666408538818359e+00 -6.104068279266357422e+00 -3.244127511978149414e+00 -4.611021280288696289e-01 2.498014688491821289e+00 -4.733014583587646484e+00 8.649751663208007812e+00 -3.652326822280883789e+00 8.650650978088378906e-01 1.367554426193237305e+00 -2.265573501586914062e+00
7.866456031799316406e+00 -1.773284792900085449e+00 -1.876704216003417969e+00 -1.355509638786315918e+00 5.449247360229492188e+00 1.230832457542419434e+00 3.428352773189544678e-01 -1.347949862480163574e+00 7.399737358093261719e+00 -2.151130914688110352e+00 4.246306419372558594e+00 9.081497192382812500e-01 -2.895783901214599609e+00 1.014681625366210938e+01 5.860057353973388672e+00
9.179566383361816406e+00 -2.132763862609863281e+00 4.058279514312744141e+00 4.875789284706115723e-01 8.019599914550781250e+00 -2.847129344940185547e+00 5.622081756591796875e-01 -7.044662237167358398e-01 4.577942848205566406e+00 3.582655668258666992e+00 -1.109263300895690918e-01 -7.179443836212158203e-01 -4.007720947265625000e+00 7.869977474212646484e+00 -1.615292072296142578e+00
1.757000088691711426e+00 -6.424742698669433594e+00 -4.122890949249267578e+00 4.289556145668029785e-01 5.541358470916748047e+00 4.387025356292724609e+00 4.902779579162597656e+00 -5.009785890579223633e-01 4.393171787261962891e+00 -2.591158866882324219e+00 -7.872628569602966309e-01 1.939417123794555664e+00 7.765324115753173828e+00 2.014890432357788086e+00 -1.424767732620239258e+00
8.195846557617187500e+00 -1.914256095886230469e+00 -5.523169517517089844e+00 2.926792621612548828e+00 6.831791400909423828e+00 -6.225111007690429688e+00 -3.176333427429199219e+00 1.108966350555419922e+00 3.082885742187500000e+00 -4.149882316589355469e+00 8.572597503662109375e+00 -4.199509620666503906e+00 1.085315227508544922e+00 1.239762187004089355e+00 -2.305436849594116211e+00
4.464682102203369141e+00 6.538450717926025391e-02 -4.328855991363525391e+00 4.802511632442474365e-01 2.974033057689666748e-01 -1.570358991622924805e+00 7.209789156913757324e-01 5.682600498199462891e+00 2.457533121109008789e+00 -3.986627817153930664e+00 2.566840648651123047e+00 -4.349172115325927734e+00 4.893353462219238281e+00 -2.429867744445800781e+00 2.823472023010253906e+00
4.651267528533935547e+00 -1.917478680610656738e+00 -3.083617925643920898e+00 9.598098397254943848e-01 6.816549301147460938e-01 2.928733348846435547e+00 -2.064843922853469849e-01 4.158699512481689453e+00 3.304791450500488281e+00 2.149069070816040039e+00 6.114899158477783203e+00 -1.832540512084960938e+00 7.970273971557617188e+00 4.311924576759338379e-01 2.558625221252441406e+00
5.976903438568115234e+00 -1.466504216194152832e+00 -4.086103916168212891e+00 1.251846790313720703e+00 4.455757617950439453e+00 -4.010921001434326172e+00 -3.724334955215454102e+00 1.715484380722045898e+00 2.935529470443725586e+00 -4.087127208709716797e+00 8.286026000976562500e+00 -3.574443101882934570e+00 1.096404552459716797e+00 1.045183777809143066e+00 -2.264220952987670898e+00
7.595449447631835938e+00 1.059222102165222168e+00 -3.364405393600463867e+00 5.844903469085693359e+00 -1.940265893936157227e-01 -6.487585067749023438e+00 -2.667055845260620117e+00 -5.217995166778564453e+00 6.539490699768066406e+00 -8.174423128366470337e-02 1.095867276191711426e+00 -5.764668464660644531e+00 1.691629171371459961e+00 7.123942852020263672e+00 -2.134850740432739258e+00
4.678475379943847656e+00 -1.495723485946655273e+00 -1.857547998428344727e+00 2.130790233612060547e+00 6.900418400764465332e-01 1.194746971130371094e+00 4.295571327209472656e+00 1.809765458106994629e+00 4.931044578552246094e+00 -4.189659118652343750e+00 3.880137920379638672e+00 1.963597774505615234e+00 4.862151622772216797e+00 8.598652839660644531e+00 3.415058851242065430e+00
9.719623565673828125e+00 -2.242249727249145508e+00 8.506675958633422852e-01 5.013670444488525391e+00 4.850853919982910156e+00 4.222922801971435547e+00 -1.748771190643310547e+00 9.975761175155639648e-01 5.833178043365478516e+00 -4.462255001068115234e+00 4.500965118408203125e+00 -4.660334110260009766e+00 -5.514173984527587891e+00 4.698228359222412109e+00 1.503659725189208984e+00
8.064102172851562500e+00 -1.666162848472595215e+00 4.762977123260498047e+00 1.274336218833923340e+00 7.695476531982421875e+00 -4.694915294647216797e+00 2.892608940601348877e-01 -9.877676963806152344e-01 3.352615356445312500e+00 3.656609296798706055e+00 4.763174057006835938e-02 -8.603222966194152832e-01 -4.546669960021972656e+00 8.498526573181152344e+00 -1.985200285911560059e+00
7.921576499938964844e+00 -1.930839180946350098e+00 4.585464000701904297e+00 8.568400740623474121e-01 7.666416645050048828e+00 -3.657990694046020508e+00 1.712167978286743164e+00 -1.527020096778869629e+00 3.040696382522583008e+00 2.691140890121459961e+00 -2.655775547027587891e-01 -1.167892575263977051e+00 -3.913848400115966797e+00 8.546958923339843750e+00 -1.676115274429321289e+00
6.859215736389160156e+00 -3.432991266250610352e+00 -1.707164049148559570e+00 4.539980411529541016e+00 2.077323436737060547e+00 3.414252996444702148e-01 5.451318740844726562e+00 1.670112609863281250e+00 6.274965763092041016e+00 -4.620952606201171875e+00 3.499905109405517578e+00 1.979429244995117188e+00 5.159228324890136719e+00 8.445166587829589844e+00 3.339250802993774414e+00
6.367898941040039062e+00 -1.131683945655822754e+00 -2.184437036514282227e+00 -5.896232724189758301e-01 3.179141044616699219e+00 1.370341181755065918e+00 -1.606281287968158722e-02 -8.770982027053833008e-01 8.493789672851562500e+00 -2.081180095672607422e+00 4.028037071228027344e+00 9.924578666687011719e-01 -2.945388317108154297e+00 1.036751270294189453e+01 5.733820438385009766e+00
9.453018188476562500e+00 -1.902139544486999512e+00 3.841740608215332031e+00 8.970184922218322754e-01 8.071924209594726562e+00 -3.571763038635253906e+00 1.976456880569458008e+00 -2.503361225128173828e+00 3.379987955093383789e+00 2.239392757415771484e+00 -8.566099405288696289e-01 -1.332627415657043457e+00 -3.843754291534423828e+00 8.025721549987792969e+00 -1.413938045501708984e+00
5.017977237701416016e+00 -3.906274080276489258e+00 -3.898234128952026367e+00 1.506077408790588379e+00 1.149962782859802246e+00 1.912673473358154297e+00 1.150919914245605469e+00 5.415952205657958984e+00 2.880142927169799805e+00 2.747608184814453125e+00 5.915918350219726562e+00 -1.631290555000305176e+00 8.111165046691894531e+00 8.124279379844665527e-01 2.633260011672973633e+00
3.413321971893310547e+00 -7.640964508056640625e+00 -5.348497867584228516e+00 2.582868337631225586e-01 6.836840152740478516e+00 4.392508506774902344e+00 5.562603950500488281e+00 -7.409175634384155273e-01 3.961321115493774414e+00 -2.430330753326416016e+00 6.716334819793701172e-02 1.855914235115051270e+00 8.589703559875488281e+00 1.847502470016479492e+00 -7.261353135108947754e-01
8.232368469238281250e+00 -3.570204496383666992e+00 -2.443771123886108398e+00 -4.384980201721191406e-01 1.582350611686706543e+00 -1.956523656845092773e+00 -1.255488634109497070e+00 1.317082881927490234e+00 7.870179176330566406e+00 -4.912694931030273438e+00 2.544053792953491211e-01 -8.506793022155761719e+00 3.550159931182861328e+00 3.126024007797241211e+00 5.017828464508056641e+00
6.876841068267822266e+00 1.175647258758544922e+00 -3.104477643966674805e+00 6.154295444488525391e+00 -3.739991188049316406e-01 -4.829273223876953125e+00 -3.158536911010742188e+00 -4.617290973663330078e+00 6.114818572998046875e+00 5.947073698043823242e-01 1.196829438209533691e+00 -5.494283199310302734e+00 2.529536247253417969e+00 7.389698505401611328e+00 -8.378949761390686035e-01
5.576127529144287109e+00 -3.405600190162658691e-01 -7.218975067138671875e+00 8.539973497390747070e-01 2.519743740558624268e-01 -2.765606164932250977e+00 9.485402703285217285e-01 5.965784549713134766e+00 3.293789625167846680e+00 -4.414812088012695312e+00 2.103419065475463867e+00 -3.860850334167480469e+00 4.654470920562744141e+00 -2.271759748458862305e+00 2.700962543487548828e+00
9.334991455078125000e+00 -5.010447025299072266e+00 -1.766019940376281738e+00 -3.378719091415405273e-01 2.067210435867309570e+00 -1.635305285453796387e+00 -6.083391308784484863e-01 5.482468605041503906e-01 6.223776817321777344e+00 -4.380722999572753906e+00 -8.535242080688476562e-02 -8.371602058410644531e+00 3.523174524307250977e+00 3.515933036804199219e+00 4.542717933654785156e+00
9.415570259094238281e+00 -2.163633108139038086e+00 6.097907423973083496e-01 5.347989559173583984e+00 4.423034191131591797e+00 4.718909263610839844e+00 -3.576285123825073242e+00 9.559549093246459961e-01 4.259508132934570312e+00 -5.339875698089599609e+00 5.014683246612548828e+00 -3.631652832031250000e+00 -5.082826137542724609e+00 4.140045642852783203e+00 1.377071738243103027e+00
4.850808620452880859e+00 -2.646030783653259277e-01 -7.572045803070068359e+00 9.106846451759338379e-01 2.757430374622344971e-01 -3.299043655395507812e+00 -4.985601007938385010e-01 5.936981678009033203e+00 6.038434982299804688e+00 -3.271646261215209961e+00 2.311082601547241211e+00 -5.253201007843017578e+00 4.697667598724365234e+00 -2.228641986846923828e+00 3.068346738815307617e+00
7.844432353973388672e+00 9.244639277458190918e-01 -3.393848180770874023e+00 6.181955337524414062e+00 -7.260177284479141235e-02 -5.264304161071777344e+00 -3.079461812973022461e+00 -4.925674915313720703e+00 5.260367393493652344e+00 6.315293163061141968e-02 1.888749957084655762e+00 -5.750458240509033203e+00 1.963947415351867676e+00 7.570703983306884766e+00 -1.524882555007934570e+00
6.466100692749023438e+00 -1.470134615898132324e+00 -4.578640460968017578e+00 1.633823513984680176e+00 4.768485069274902344e+00 -2.702026367187500000e+00 -2.449817657470703125e+00 1.068690538406372070e+00 2.096798658370971680e+00 -4.873920440673828125e+00 9.242431640625000000e+00 -4.628805637359619141e+00 9.513295888900756836e-01 1.824357748031616211e+00 -2.033736944198608398e+00
6.092823028564453125e+00 -1.929811120033264160e+00 -2.211942672729492188e+00 1.232450008392333984e+00 1.751097321510314941e+00 -3.004596233367919922e+00 3.945300102233886719e+00 -3.530800580978393555e+00 4.854910850524902344e+00 -1.655382752418518066e+00 5.377869606018066406e+00 1.489783674478530884e-01 -1.226039975881576538e-02 6.883943557739257812e+00 -3.098349332809448242e+00
2.605157613754272461e+00 -4.228337764739990234e+00 -4.001617908477783203e+00 -4.660977423191070557e-01 3.888606071472167969e+00 3.767780780792236328e+00 5.140271186828613281e+00 2.870854735374450684e-01 3.691462516784667969e+00 -1.443766713142395020e+00 -3.046633303165435791e-01 1.981176853179931641e+00 7.589554786682128906e+00 1.714333295822143555e+00 -2.032288312911987305e+00
4.855116367340087891e+00 -5.390233039855957031e+00 -3.817753791809082031e+00 2.009970664978027344e+00 1.437660574913024902e+00 2.853391408920288086e+00 8.061854243278503418e-01 3.903372764587402344e+00 2.767769575119018555e+00 2.263515710830688477e+00 5.583107948303222656e+00 -1.387373924255371094e+00 7.919086933135986328e+00 5.166570544242858887e-01 1.959641218185424805e+00
6.952475547790527344e+00 7.333168983459472656e-01 -3.193469524383544922e+00 4.472041130065917969e+00 -1.591876447200775146e-01 -4.799121856689453125e+00 -2.459947109222412109e+00 -4.678652286529541016e+00 6.637722492218017578e+00 3.711632490158081055e-01 1.527925491333007812e+00 -5.235425949096679688e+00 2.340797424316406250e+00 6.973195075988769531e+00 -1.617346286773681641e+00
9.483828544616699219e+00 -5.391079902648925781e+00 -1.819754958152770996e+00 -7.756733298301696777e-01 2.050526618957519531e+00 -1.293939471244812012e+00 -7.976409196853637695e-01 1.625756502151489258e+00 7.913166522979736328e+00 -5.449141025543212891e+00 7.919704914093017578e-02 -7.805941581726074219e+00 3.169720888137817383e+00 3.170230627059936523e+00 4.590672016143798828e+00
4.782263755798339844e+00 -2.956614971160888672e+00 1.151417851448059082e+00 1.130249023437500000e+00 3.873182535171508789e+00 -4.232161045074462891e+00 2.770328283309936523e+00 7.641837596893310547e-01 5.688768863677978516e+00 -2.956662178039550781e+00 2.820398330688476562e+00 -5.473012447357177734e+00 6.103500843048095703e+00 5.597000122070312500e+00 4.493169307708740234e+00
2.484087228775024414e+00 -6.357572555541992188e+00 -4.475222587585449219e+00 3.153615817427635193e-02 5.514233112335205078e+00 3.194530963897705078e+00 4.420006752014160156e+00 2.023066282272338867e-01 3.007224798202514648e+00 -1.382665514945983887e+00 -9.256683588027954102e-01 1.443087697029113770e+00 7.609011650085449219e+00 2.102632761001586914e+00 -1.648473262786865234e+00
9.083586692810058594e+00 1.279078841209411621e+00 -3.468477964401245117e+00 8.948363304138183594e+00 -1.156608238816261292e-01 -4.151186943054199219e+00 -2.904838562011718750e+00 -5.717579841613769531e+00 6.448168754577636719e+00 -3.666784614324569702e-02 1.505799770355224609e+00 -4.633804798126220703e+00 2.053046703338623047e+00 5.618056774139404297e+00 -2.675460100173950195e+00
6.499838829040527344e+00 -3.510154485702514648e+00 -1.290075778961181641e+00 -3.866009712219238281e-01 1.247597217559814453e+00 -1.533762931823730469e+00 -7.533200383186340332e-01 1.666324377059936523e+00 7.324775695800781250e+00 -4.957739830017089844e+00 7.349430322647094727e-01 -7.393905639648437500e+00 2.859630584716796875e+00 2.641970157623291016e+00 4.101689815521240234e+00
6.582570075988769531e+00 -1.075847983360290527e+00 2.276257991790771484e+00 5.618058443069458008e-01 4.687744617462158203e+00 -2.746673583984375000e+00 2.605042219161987305e+00 -1.456783652305603027e+00 4.942698001861572266e+00 2.237925767898559570e+00 1.341646313667297363e-01 -6.261584758758544922e-01 -4.026180744171142578e+00 7.268770694732666016e+00 -2.312857866287231445e+00
4.902079105377197266e+00 1.404188275337219238e-01 -7.602764606475830078e+00 1.049432992935180664e+00 4.846128076314926147e-02 -2.056336879730224609e+00 -8.664055466651916504e-01 4.766457080841064453e+00 3.811108827590942383e+00 -3.282400369644165039e+00 2.599670171737670898e+00 -5.381074428558349609e+00 5.058308124542236328e+00 -2.489865541458129883e+00 3.453572034835815430e+00
6.048676967620849609e+00 -3.878753423690795898e+00 3.207818269729614258e+00 8.086570739746093750e+00 -1.045197769999504089e-01 3.140356063842773438e+00 -3.561041116714477539e+00 -2.974528789520263672e+00 6.431048393249511719e+00 1.893564581871032715e+00 7.232093811035156250e+00 3.947026491165161133e+00 1.764080643653869629e+00 3.364822626113891602e+00 -1.918259859085083008e+00
7.890494823455810547e+00 1.099547028541564941e+00 -3.628416299819946289e+00 6.384270191192626953e+00 1.561444103717803955e-01 -6.751924514770507812e+00 -3.335520505905151367e+00 -6.123455524444580078e+00 6.381311893463134766e+00 2.138232439756393433e-02 9.411702156066894531e-01 -5.615569591522216797e+00 1.958099842071533203e+00 7.017117977142333984e+00 -1.408630490303039551e+00
5.812455654144287109e+00 -3.278776168823242188e+00 2.424915313720703125e+00 6.025839328765869141e+00 -1.721182614564895630e-01 5.015265464782714844e+00 -3.302577257156372070e+00 -2.231707572937011719e+00 4.766265869140625000e+00 3.847840130329132080e-01 7.111102104187011719e+00 4.140582561492919922e+00 1.800872564315795898e+00 3.220233201980590820e+00 -1.986907958984375000e+00
6.717785358428955078e+00 -3.558413267135620117e+00 -1.608907938003540039e+00 4.031785488128662109e+00 2.205525636672973633e+00 3.141022920608520508e-01 4.497732162475585938e+00 1.335057020187377930e+00 4.900096893310546875e+00 -4.311176300048828125e+00 3.952560186386108398e+00 2.172706127166748047e+00 4.161951541900634766e+00 8.233879089355468750e+00 3.138947725296020508e+00
9.988232612609863281e+00 -1.768049359321594238e+00 1.272615939378738403e-01 4.711063385009765625e+00 4.428900718688964844e+00 4.855940818786621094e+00 -6.808339953422546387e-01 -9.054588526487350464e-02 5.710942268371582031e+00 -4.905349731445312500e+00 5.229656696319580078e+00 -4.299443721771240234e+00 -5.278722286224365234e+00 4.763873100280761719e+00 1.746083855628967285e+00
6.809582710266113281e+00 -2.322952508926391602e+00 -2.705509424209594727e+00 3.606821969151496887e-02 9.568732380867004395e-01 -1.028942942619323730e+00 -6.225945949554443359e-01 1.659632563591003418e+00 6.956935882568359375e+00 -4.852657318115234375e+00 2.861307263374328613e-01 -8.499223709106445312e+00 3.423185586929321289e+00 3.483606576919555664e+00 4.704571247100830078e+00
4.051935672760009766e+00 2.090926170349121094e-01 -5.626454353332519531e+00 7.847623825073242188e-01 -3.453625142574310303e-01 -1.429386377334594727e+00 -1.089541673660278320e+00 5.624744415283203125e+00 3.503542423248291016e+00 -2.066685438156127930e+00 1.992531895637512207e+00 -5.086340904235839844e+00 4.477805137634277344e+00 -2.260369300842285156e+00 2.753738641738891602e+00
