2.064896106719970703e+00 1.943638026714324951e-01 2.847268104553222656e+00 -3.212887763977050781e+00 4.211638927459716797e+00 6.168365955352783203e+00 1.149476647377014160e+00 -3.965049028396606445e+00 4.625363647937774658e-01 -9.443037509918212891e-01 -9.252440333366394043e-01 -2.488569736480712891e+00 4.363860607147216797e+00 5.303972721099853516e+00 -4.359592914581298828e+00
2.312217950820922852e+00 1.086560964584350586e+00 7.401860237121582031e+00 -5.449465751647949219e+00 -4.333729743957519531e+00 3.157892227172851562e+00 -8.235496878623962402e-01 -8.942607641220092773e-01 -7.258076667785644531e+00 4.859087467193603516e-01 -1.583314418792724609e+00 1.625363945960998535e+00 8.064626693725585938e+00 -8.326689004898071289e-01 3.340798139572143555e+00
2.276662349700927734e+00 1.893512904644012451e-01 2.886992692947387695e+00 -2.551980733871459961e+00 4.019014835357666016e+00 5.569150924682617188e+00 1.012796282768249512e+00 -3.070822954177856445e+00 -3.993397951126098633e-01 -2.270647048950195312e+00 -1.060082197189331055e+00 -2.806956052780151367e+00 4.075814247131347656e+00 5.842504978179931641e+00 -4.918977737426757812e+00
1.883149147033691406e+00 3.902176320552825928e-01 2.871260881423950195e+00 -2.228690147399902344e+00 4.148508548736572266e+00 6.047852039337158203e+00 9.859719872474670410e-01 -3.509154081344604492e+00 -8.221588730812072754e-01 -1.349214196205139160e+00 -1.041785478591918945e+00 -2.488857269287109375e+00 4.374907016754150391e+00 6.214835643768310547e+00 -4.771256923675537109e+00
5.482668280601501465e-01 -1.871411919593811035e+00 4.932710170745849609e+00 -1.574548631906509399e-01 1.403311610221862793e+00 1.662938475608825684e+00 5.414788722991943359e+00 5.612571910023689270e-02 -4.850176811218261719e+00 -1.561626434326171875e+00 -1.562555551528930664e+00 -6.965726613998413086e-01 6.790424346923828125e+00 4.217604160308837891e+00 1.962905287742614746e+00
2.090309858322143555e+00 2.139058411121368408e-01 5.107376575469970703e+00 -1.674558408558368683e-02 3.026501178741455078e+00 4.232827186584472656e+00 1.664775133132934570e+00 4.434192180633544922e+00 -5.122388839721679688e+00 2.851788997650146484e-01 3.112583637237548828e+00 -4.051467418670654297e+00 3.188145637512207031e+00 7.445271968841552734e+00 1.787852406501770020e+00
2.643509626388549805e+00 6.252405047416687012e-02 3.213731765747070312e+00 -3.963452339172363281e+00 4.975894451141357422e+00 6.725152015686035156e+00 8.528432250022888184e-01 -2.734137296676635742e+00 -3.095400631427764893e-01 -1.598463535308837891e+00 -1.046057343482971191e+00 -2.815897941589355469e+00 4.289037704467773438e+00 5.403214454650878906e+00 -4.665439605712890625e+00
1.530399799346923828e+00 -1.230739474296569824e+00 4.131857872009277344e+00 -2.586094379425048828e+00 1.034991502761840820e+00 2.912676334381103516e+00 3.939704418182373047e+00 2.957619905471801758e+00 2.261838763952255249e-01 -1.296346545219421387e+00 2.950081825256347656e+00 -8.374866485595703125e+00 -1.221945405006408691e+00 3.026305437088012695e+00 4.325977802276611328e+00
2.481959581375122070e+00 7.298581600189208984e-01 4.907973289489746094e+00 -2.877409934997558594e+00 -2.099076509475708008e+00 4.046588420867919922e+00 -1.190493583679199219e+00 -8.477011919021606445e-01 -7.058111190795898438e+00 1.118536114692687988e+00 -1.766419291496276855e+00 1.508024334907531738e+00 7.512461185455322266e+00 -7.294589877128601074e-01 3.112105131149291992e+00
2.282408952713012695e+00 6.522345542907714844e-01 4.004989147186279297e+00 -2.217344045639038086e+00 -1.381466150283813477e+00 2.613003253936767578e+00 -1.489071249961853027e+00 -1.124857425689697266e+00 -7.282966136932373047e+00 1.906174302101135254e+00 -1.844646453857421875e+00 1.764826059341430664e+00 8.638270378112792969e+00 -7.823367118835449219e-01 3.059836626052856445e+00
1.563899278640747070e+00 -1.213994622230529785e+00 3.973233222961425781e+00 -2.701707601547241211e+00 8.176867365837097168e-01 4.148206710815429688e+00 4.829900264739990234e+00 2.403478384017944336e+00 -4.193011820316314697e-01 -1.034346938133239746e+00 2.643958330154418945e+00 -7.700419425964355469e+00 -1.349965095520019531e+00 2.687153339385986328e+00 3.684993743896484375e+00
2.362583875656127930e+00 5.380061864852905273e-01 3.450963020324707031e+00 -5.028096199035644531e+00 5.807621479034423828e+00 5.875164508819580078e+00 1.185067296028137207e+00 -3.223442792892456055e+00 -9.011391997337341309e-01 -2.305262565612792969e+00 -8.124192953109741211e-01 -2.692228555679321289e+00 4.043092250823974609e+00 5.851449012756347656e+00 -4.983596801757812500e+00
5.747288227081298828e+00 -1.246543526649475098e+00 3.728463172912597656e+00 -8.641727566719055176e-01 1.735416769981384277e+00 1.922330498695373535e+00 1.749601125717163086e+00 4.676377773284912109e+00 2.069115877151489258e+00 4.263278007507324219e+00 -4.264550685882568359e+00 -3.386869430541992188e+00 -2.321583509445190430e+00 3.665972650051116943e-01 2.014348983764648438e+00
2.648401260375976562e+00 7.109850645065307617e-01 5.219204425811767578e+00 -3.176865577697753906e+00 -2.425651073455810547e+00 3.892294883728027344e+00 -1.599957585334777832e+00 -1.041729092597961426e+00 -7.320055007934570312e+00 1.624070525169372559e+00 -1.537873864173889160e+00 9.277466535568237305e-01 8.642851829528808594e+00 -8.150648474693298340e-01 2.830178499221801758e+00
2.809187650680541992e+00 4.325843751430511475e-01 4.306648731231689453e+00 -6.826086997985839844e+00 6.841750144958496094e+00 7.296394824981689453e+00 1.652260303497314453e+00 -2.922886133193969727e+00 -4.620305597782135010e-01 -1.144728064537048340e+00 -8.396772742271423340e-01 -2.743361473083496094e+00 3.322999715805053711e+00 5.579928398132324219e+00 -4.725552082061767578e+00
4.159519076347351074e-01 3.096693515777587891e+00 4.464526653289794922e+00 -1.474452167749404907e-01 3.787583112716674805e+00 -1.872660964727401733e-02 -3.076547145843505859e+00 -2.462093353271484375e+00 1.050263762474060059e+00 3.820021629333496094e+00 3.466621637344360352e+00 4.032915532588958740e-01 4.637143135070800781e+00 2.856302261352539062e+00 -2.886319756507873535e-01
2.726604938507080078e-01 3.150655329227447510e-01 4.656622409820556641e+00 1.623599886894226074e+00 4.679174900054931641e+00 2.979428291320800781e+00 2.229296565055847168e-01 -3.873394250869750977e+00 -3.404486417770385742e+00 3.690557956695556641e+00 5.885372310876846313e-02 -4.730234622955322266e+00 6.925266265869140625e+00 -5.485145092010498047e+00 -7.542154192924499512e-01
3.332884550094604492e+00 -2.251298725605010986e-01 2.783582210540771484e+00 -1.705497652292251587e-01 2.055408000946044922e+00 2.500881910324096680e+00 5.129520893096923828e-01 4.067977905273437500e+00 1.093309521675109863e+00 5.185643672943115234e+00 -4.800136089324951172e+00 -3.931433200836181641e+00 -6.107551455497741699e-01 -4.485363662242889404e-01 2.237295150756835938e+00
1.614245176315307617e+00 -1.209589362144470215e+00 4.718661785125732422e+00 -3.180358886718750000e+00 5.558005571365356445e-01 3.212982654571533203e+00 3.621233940124511719e+00 2.402895212173461914e+00 2.949990332126617432e-01 -1.473082304000854492e+00 2.555562257766723633e+00 -8.240700721740722656e+00 -8.145933151245117188e-01 3.139251232147216797e+00 3.945534944534301758e+00
4.174430370330810547e+00 -4.585945904254913330e-01 3.133738994598388672e+00 -3.141189515590667725e-01 2.313214540481567383e+00 2.998679399490356445e+00 1.501559138298034668e+00 4.590726852416992188e+00 8.773804903030395508e-01 5.571950912475585938e+00 -4.585852622985839844e+00 -4.112840652465820312e+00 -3.248583674430847168e-01 4.586366117000579834e-01 2.417975664138793945e+00
-4.956957101821899414e-01 -3.825939655303955078e+00 5.526136875152587891e+00 -2.140648126602172852e+00 3.806744575500488281e+00 8.140223026275634766e-01 -3.169748783111572266e+00 3.301031112670898438e+00 -2.071208953857421875e+00 4.273234844207763672e+00 -2.636932373046875000e+00 -1.329799532890319824e+00 8.022529602050781250e+00 1.591443061828613281e+00 -7.920856475830078125e-01
-1.564152538776397705e-01 -2.140964508056640625e+00 5.033362865447998047e+00 4.387813508510589600e-01 2.751077890396118164e+00 2.858008861541748047e+00 -1.719260931015014648e+00 5.645835027098655701e-02 -1.082875132560729980e+00 6.720926761627197266e+00 -3.113383293151855469e+00 -5.151994228363037109e+00 5.308727264404296875e+00 1.138954520225524902e+00 2.406144380569458008e+00
5.118423700332641602e-01 -9.090728759765625000e-01 3.498896360397338867e+00 8.762840926647186279e-02 2.720037937164306641e+00 2.790824651718139648e+00 -3.266523361206054688e+00 3.363929688930511475e-01 2.479790925979614258e+00 3.741155862808227539e+00 2.658050298690795898e+00 -3.295831441879272461e+00 6.765921115875244141e+00 6.837123632431030273e-01 -3.741945505142211914e+00
2.627696990966796875e+00 5.337636470794677734e-01 5.820728778839111328e+00 -4.217714309692382812e+00 -3.175509691238403320e+00 3.934796810150146484e+00 -2.223511457443237305e+00 -6.388951539993286133e-01 -5.788147449493408203e+00 6.040781736373901367e-01 -1.954890727996826172e+00 9.661585092544555664e-01 8.258542060852050781e+00 -6.168521046638488770e-01 3.314686775207519531e+00
1.253368258476257324e+00 -1.552188754081726074e+00 4.319529056549072266e+00 -3.318245410919189453e+00 4.198319092392921448e-02 2.407561779022216797e+00 5.163990497589111328e+00 2.611762762069702148e+00 -2.927807271480560303e-01 -5.382161736488342285e-01 3.210442066192626953e+00 -8.310227394104003906e+00 -9.701392650604248047e-01 3.193432331085205078e+00 4.248596668243408203e+00
1.030118227005004883e+00 -1.579528331756591797e+00 4.424147129058837891e+00 -3.414496421813964844e+00 3.261902928352355957e-01 4.463140964508056641e+00 4.471271038055419922e+00 2.417206048965454102e+00 -7.450169920921325684e-01 -1.539865136146545410e+00 2.781660079956054688e+00 -7.776664257049560547e+00 -1.255029082298278809e+00 2.115759611129760742e+00 4.157656192779541016e+00
2.399516582489013672e+00 3.340786397457122803e-01 3.320941448211669922e+00 -2.281661510467529297e+00 4.733639240264892578e+00 4.459814548492431641e+00 1.182308316230773926e+00 -4.460877418518066406e+00 -6.532387137413024902e-01 -1.685806035995483398e+00 -1.268303394317626953e+00 -2.626057863235473633e+00 4.831145763397216797e+00 6.311491489410400391e+00 -5.235195159912109375e+00
9.900885820388793945e-02 4.489500045776367188e+00 5.845206260681152344e+00 2.051092237234115601e-01 4.147957324981689453e+00 4.327963590621948242e-01 -3.700350761413574219e+00 -2.449314832687377930e+00 -3.808135986328125000e-01 4.093705654144287109e+00 3.565150737762451172e+00 2.880892343819141388e-02 5.688436508178710938e+00 3.114259243011474609e+00 -5.182856917381286621e-01
1.587940692901611328e+00 2.032540142536163330e-01 2.908978462219238281e+00 -1.833341002464294434e+00 4.078902721405029297e+00 4.423681259155273438e+00 3.644053936004638672e-01 -3.463185787200927734e+00 1.920606642961502075e-01 -4.851024150848388672e-01 -9.419273138046264648e-01 -2.530802488327026367e+00 4.704882621765136719e+00 6.187229156494140625e+00 -4.701950073242187500e+00
2.555480599403381348e-01 2.063221693038940430e+00 3.637643575668334961e+00 -1.624154001474380493e-01 2.879524946212768555e+00 1.264872670173645020e+00 -3.174202203750610352e+00 -3.362778425216674805e+00 7.115528583526611328e-01 2.548594474792480469e+00 3.778453111648559570e+00 1.945336759090423584e-01 4.579504013061523438e+00 2.425244331359863281e+00 -1.799588799476623535e-01
4.364264488220214844e+00 -4.968411624431610107e-01 3.006134510040283203e+00 -4.769445955753326416e-01 1.843956947326660156e+00 2.770576715469360352e+00 2.142416238784790039e+00 4.455565929412841797e+00 2.231880664825439453e+00 3.993460178375244141e+00 -4.569259166717529297e+00 -3.322066068649291992e+00 -6.716206669807434082e-01 -3.539308905601501465e-02 2.311663150787353516e+00
1.617614626884460449e-01 2.189929485321044922e+00 3.671914100646972656e+00 1.423681825399398804e-01 2.830312013626098633e+00 1.064815521240234375e+00 -3.516269683837890625e+00 -3.145704030990600586e+00 1.187013387680053711e+00 3.126269102096557617e+00 3.426649808883666992e+00 2.092007100582122803e-01 5.059156417846679688e+00 2.969593048095703125e+00 -1.890160441398620605e-01
1.123088970780372620e-02 2.701120078563690186e-01 7.190653324127197266e+00 1.018134713172912598e+00 2.890232801437377930e+00 3.453941345214843750e+00 2.529866456985473633e+00 2.668210566043853760e-01 -3.188825845718383789e+00 2.970240116119384766e+00 3.059971094131469727e+00 -7.463622570037841797e+00 5.629146575927734375e+00 -9.644362330436706543e-02 -3.061376333236694336e+00
2.072822570800781250e+00 3.774008452892303467e-01 2.951257705688476562e+00 -2.881432056427001953e+00 4.296806812286376953e+00 6.299045562744140625e+00 8.933629393577575684e-01 -3.067114353179931641e+00 -5.311869978904724121e-01 -1.151116728782653809e+00 -1.158232092857360840e+00 -2.624232769012451172e+00 4.212992668151855469e+00 5.584795475006103516e+00 -4.651237487792968750e+00
5.724736690521240234e+00 -1.013054132461547852e+00 3.862977981567382812e+00 -7.191863059997558594e-01 1.901419997215270996e+00 2.042998790740966797e+00 1.554317235946655273e+00 4.593946456909179688e+00 1.831352829933166504e+00 4.334262371063232422e+00 -5.067800521850585938e+00 -4.120419502258300781e+00 -7.219649553298950195e-01 -3.732290565967559814e-01 2.147599458694458008e+00
1.832880139350891113e+00 4.889155924320220947e-01 2.797154903411865234e+00 -1.263370633125305176e+00 3.814955472946166992e+00 5.820209503173828125e+00 1.041401028633117676e+00 -4.264557838439941406e+00 -8.910312652587890625e-01 -1.922925591468811035e+00 -1.359535098075866699e+00 -2.610571384429931641e+00 4.298563003540039062e+00 5.946310043334960938e+00 -4.882268905639648438e+00
-3.510847330093383789e+00 -3.752599716186523438e+00 9.265995979309082031e+00 1.511035084724426270e+00 2.024747729301452637e-01 1.882847309112548828e+00 1.842197299003601074e+00 -2.554719686508178711e+00 2.181211233139038086e+00 4.372347354888916016e+00 2.946630418300628662e-01 -1.093172788619995117e+00 2.863121032714843750e+00 7.434403896331787109e+00 6.197295665740966797e+00
-7.368403673171997070e-02 1.592239737510681152e-01 4.372276306152343750e+00 1.470388531684875488e+00 4.478803157806396484e+00 2.153028726577758789e+00 -4.546318650245666504e-01 -3.864292860031127930e+00 -3.640657663345336914e+00 3.943196773529052734e+00 2.804927825927734375e-01 -5.078529834747314453e+00 7.453257083892822266e+00 -5.459307193756103516e+00 -7.515235543251037598e-01
2.260811924934387207e-01 5.245959281921386719e+00 6.462776660919189453e+00 -5.837096273899078369e-02 4.239956855773925781e+00 1.524858832359313965e+00 -3.901867628097534180e+00 -3.388363122940063477e+00 -1.269676983356475830e-01 2.429489850997924805e+00 3.755582571029663086e+00 3.484198749065399170e-01 5.145487785339355469e+00 3.141619443893432617e+00 -4.536433815956115723e-01
5.559138298034667969e+00 -1.574534058570861816e+00 3.396497011184692383e+00 -1.013814210891723633e+00 1.324999570846557617e+00 2.732732057571411133e+00 1.527600646018981934e+00 3.956398487091064453e+00 1.720827579498291016e+00 4.518874645233154297e+00 -4.631290912628173828e+00 -4.267239093780517578e+00 -6.776807904243469238e-01 -2.047378122806549072e-01 2.350915431976318359e+00
-4.884475097060203552e-02 5.003425598144531250e+00 6.034257888793945312e+00 -7.203330099582672119e-02 4.014210700988769531e+00 1.046104550361633301e+00 -3.209413528442382812e+00 -3.390638113021850586e+00 1.409500479698181152e+00 2.655951738357543945e+00 3.660990476608276367e+00 3.539341390132904053e-01 5.576241970062255859e+00 3.440134525299072266e+00 -2.637938857078552246e-01
2.232635259628295898e+00 2.167124450206756592e-01 3.032171726226806641e+00 -3.112064361572265625e+00 4.422179698944091797e+00 3.772963047027587891e+00 1.461483359336853027e+00 -3.626794815063476562e+00 -2.871104776859283447e-01 -1.119629383087158203e+00 -1.142323732376098633e+00 -2.535434246063232422e+00 4.146355628967285156e+00 6.652366161346435547e+00 -5.179288864135742188e+00
2.051924228668212891e+00 5.731421709060668945e-01 5.064472675323486328e+00 -3.303852558135986328e+00 -2.728119134902954102e+00 3.105050325393676758e+00 -8.276472091674804688e-01 -1.866394400596618652e+00 -7.610931396484375000e+00 1.885368704795837402e+00 -2.165887117385864258e+00 1.410757780075073242e+00 8.884182929992675781e+00 -4.674453437328338623e-01 3.157119035720825195e+00
2.153455734252929688e+00 2.303605973720550537e-01 3.050583362579345703e+00 -3.496731281280517578e+00 4.620518207550048828e+00 6.192127704620361328e+00 8.436726927757263184e-01 -3.136534452438354492e+00 5.236820876598358154e-02 -1.170417547225952148e+00 -1.101141095161437988e+00 -2.673417091369628906e+00 3.860992431640625000e+00 5.768682479858398438e+00 -4.597044944763183594e+00
1.081187129020690918e+00 7.876561880111694336e-01 5.844394207000732422e+00 1.417607665061950684e+00 -1.072197481989860535e-01 1.912091493606567383e+00 4.981777667999267578e+00 1.506625175476074219e+00 2.280806750059127808e-01 3.077223777770996094e+00 2.763948678970336914e+00 -6.219727516174316406e+00 4.814235687255859375e+00 -2.955123186111450195e+00 2.280759096145629883e+00
-7.263569235801696777e-01 2.937026321887969971e-01 4.484636783599853516e+00 1.694991588592529297e+00 4.511329174041748047e+00 2.200882434844970703e+00 4.646080136299133301e-01 -3.656443119049072266e+00 -3.397680044174194336e+00 4.161880970001220703e+00 1.391881406307220459e-01 -4.393489360809326172e+00 6.105967521667480469e+00 -4.890580654144287109e+00 -7.615825533866882324e-01
-1.862800240516662598e+00 -1.947767853736877441e+00 5.185177803039550781e+00 3.466815054416656494e-01 1.402361035346984863e+00 1.556496739387512207e+00 2.978139638900756836e+00 -3.154469251632690430e+00 2.143464326858520508e+00 4.438716411590576172e+00 4.999330341815948486e-01 -1.567484021186828613e+00 2.617059230804443359e+00 6.653377532958984375e+00 6.218344688415527344e+00
8.887216448783874512e-01 -1.408853650093078613e+00 5.487752914428710938e+00 4.315341413021087646e-01 2.025904655456542969e+00 3.104444503784179688e+00 5.835295677185058594e+00 -7.830933332443237305e-01 -4.464845180511474609e+00 -2.397830009460449219e+00 -1.395632743835449219e+00 -3.399448692798614502e-01 6.595361232757568359e+00 4.052977561950683594e+00 1.542606592178344727e+00
4.321902394294738770e-01 1.729550480842590332e+00 3.583897590637207031e+00 2.747271955013275146e-01 3.073136806488037109e+00 1.022533297538757324e+00 -3.447977781295776367e+00 -3.158248662948608398e+00 1.098361015319824219e+00 3.198499202728271484e+00 3.924649000167846680e+00 1.824155747890472412e-01 4.806376457214355469e+00 2.717684745788574219e+00 -8.016639947891235352e-02
-1.446300029754638672e+00 -1.485576272010803223e+00 4.550965785980224609e+00 8.249981403350830078e-01 1.843410015106201172e+00 1.114985823631286621e+00 1.560065984725952148e+00 -2.741165161132812500e+00 2.795860528945922852e+00 4.891498088836669922e+00 1.956173479557037354e-01 -1.163870811462402344e+00 3.628720760345458984e+00 6.814501285552978516e+00 6.420171260833740234e+00
3.058645725250244141e+00 3.714354932308197021e-01 3.847969770431518555e+00 -5.341281890869140625e+00 5.785179138183593750e+00 4.903150081634521484e+00 1.667364716529846191e+00 -3.752088785171508789e+00 -9.840258955955505371e-01 -1.372217535972595215e+00 -9.097745418548583984e-01 -2.594166278839111328e+00 4.375627040863037109e+00 6.107749462127685547e+00 -5.066698551177978516e+00
1.452829957008361816e+00 7.399235963821411133e-01 1.333030605316162109e+01 2.123768329620361328e+00 -6.730564236640930176e-01 1.694226980209350586e+00 5.012731552124023438e+00 9.296943545341491699e-01 4.434173405170440674e-01 3.448200941085815430e+00 2.779914379119873047e+00 -6.542152881622314453e+00 5.041653156280517578e+00 -3.330223321914672852e+00 2.630799531936645508e+00
2.600998878479003906e+00 3.401175439357757568e-01 3.272918701171875000e+00 -2.855478763580322266e+00 4.742226123809814453e+00 6.129193782806396484e+00 -1.211882680654525757e-01 -3.310475111007690430e+00 -3.424094617366790771e-01 -9.976886510848999023e-01 -9.668617844581604004e-01 -2.331535816192626953e+00 3.568829059600830078e+00 5.771918296813964844e+00 -4.352286815643310547e+00
7.974743843078613281e-02 5.888068675994873047e-01 6.272961139678955078e+00 1.143043637275695801e+00 2.723098993301391602e+00 2.955920219421386719e+00 2.828571796417236328e+00 7.612981796264648438e-01 -3.550141572952270508e+00 2.640058040618896484e+00 3.273007631301879883e+00 -7.908119678497314453e+00 5.613240242004394531e+00 -5.680346488952636719e-01 -2.728010892868041992e+00
1.383979558944702148e+00 -8.120965957641601562e-01 4.599814891815185547e+00 4.947589933872222900e-01 3.392757415771484375e+00 1.348317742347717285e+00 2.858583688735961914e+00 -4.286164939403533936e-01 -2.927552938461303711e+00 7.465658664703369141e+00 1.702071070671081543e+00 -4.331941127777099609e+00 7.975437641143798828e+00 1.937922954559326172e+00 1.196877002716064453e+00
1.789506793022155762e+00 3.584547340869903564e-01 3.952989101409912109e+00 5.616484582424163818e-02 2.764555931091308594e+00 4.082741737365722656e+00 9.470999836921691895e-01 2.839549303054809570e+00 -4.674612522125244141e+00 -7.079832553863525391e-01 2.843637228012084961e+00 -3.953961372375488281e+00 2.608539104461669922e+00 7.123593330383300781e+00 1.797135591506958008e+00
4.318654537200927734e+00 -8.500530719757080078e-01 2.935612201690673828e+00 -5.223889946937561035e-01 1.402304768562316895e+00 3.667008161544799805e+00 1.942371726036071777e+00 4.718587875366210938e+00 1.152516961097717285e+00 6.059989452362060547e+00 -5.094003677368164062e+00 -3.781756162643432617e+00 -7.878400087356567383e-01 -3.963544964790344238e-02 2.376845598220825195e+00
1.156483411788940430e+00 -7.822285890579223633e-01 4.470853328704833984e+00 4.432732760906219482e-01 2.939435958862304688e+00 1.754264831542968750e-01 3.056801795959472656e+00 2.246612459421157837e-01 -3.149085044860839844e+00 7.515042781829833984e+00 1.930390000343322754e+00 -4.371270179748535156e+00 8.853176116943359375e+00 1.860915660858154297e+00 9.686754941940307617e-01
3.335252404212951660e-01 3.826961994171142578e+00 5.672407627105712891e+00 2.693998515605926514e-01 3.834198474884033203e+00 3.511210381984710693e-01 -3.325721263885498047e+00 -2.608161926269531250e+00 8.544244766235351562e-01 3.718472480773925781e+00 3.887876749038696289e+00 1.786423623561859131e-01 5.031182289123535156e+00 2.192560434341430664e+00 2.148707509040832520e-01
2.111170530319213867e+00 7.357929944992065430e-01 5.614823341369628906e+00 -4.589149475097656250e+00 -3.512412548065185547e+00 3.980369091033935547e+00 -1.392200827598571777e+00 -7.760369777679443359e-01 -7.717106819152832031e+00 1.706344127655029297e+00 -1.665184617042541504e+00 1.570828676223754883e+00 8.606760025024414062e+00 -8.699813485145568848e-01 3.218718767166137695e+00
7.157690525054931641e+00 -1.940206885337829590e+00 4.421489238739013672e+00 -1.317436337471008301e+00 1.767554879188537598e+00 2.859714508056640625e+00 1.667688012123107910e+00 3.702397584915161133e+00 2.140076875686645508e+00 4.788708209991455078e+00 -4.916269779205322266e+00 -4.166543006896972656e+00 -2.541707754135131836e-01 -3.329853117465972900e-01 2.189115285873413086e+00
1.229294419288635254e+00 -6.175186634063720703e-01 2.767586708068847656e+00 -1.357393503189086914e+00 8.832647204399108887e-01 3.767369985580444336e+00 3.630568027496337891e+00 3.381459236145019531e+00 7.009770274162292480e-01 -1.090203881263732910e+00 2.344921588897705078e+00 -8.110762596130371094e+00 -9.938032031059265137e-01 3.195981502532958984e+00 3.997603654861450195e+00
9.805505871772766113e-01 5.078146457672119141e-01 3.385859489440917969e+00 7.765399813652038574e-01 1.073185920715332031e+00 1.440424799919128418e+00 4.472436428070068359e+00 1.210301399230957031e+00 -2.035496383905410767e-01 3.635396003723144531e+00 4.138192653656005859e+00 -6.622483253479003906e+00 5.300212860107421875e+00 -2.304122924804687500e+00 2.475331068038940430e+00
4.869051456451416016e+00 -1.006515860557556152e+00 3.061314582824707031e+00 -7.173817157745361328e-01 1.393975973129272461e+00 2.062388658523559570e+00 1.821714758872985840e+00 3.492508411407470703e+00 1.773697614669799805e+00 5.398668766021728516e+00 -4.531765460968017578e+00 -3.746745824813842773e+00 -1.660914421081542969e+00 -6.391796469688415527e-02 2.259358644485473633e+00
2.196472883224487305e+00 1.666193902492523193e-01 3.032656669616699219e+00 -3.666227102279663086e+00 4.748836517333984375e+00 6.400512695312500000e+00 1.207208752632141113e+00 -3.930973291397094727e+00 -4.009113013744354248e-01 -1.135496616363525391e+00 -1.217726230621337891e+00 -2.664071321487426758e+00 4.416524410247802734e+00 6.160904407501220703e+00 -4.850987911224365234e+00
1.342286169528961182e-01 -1.062201499938964844e+00 3.120321750640869141e+00 1.556378453969955444e-01 2.237015962600708008e+00 2.977499961853027344e+00 -1.351060748100280762e+00 -5.807676911354064941e-01 -4.946930706501007080e-02 5.349624156951904297e+00 -2.702884912490844727e+00 -4.841687679290771484e+00 5.350283622741699219e+00 1.093359589576721191e+00 1.924653291702270508e+00
1.991543412208557129e+00 1.860685646533966064e-01 6.539897441864013672e+00 -1.777209527790546417e-02 3.579521894454956055e+00 4.199021339416503906e+00 1.949463963508605957e+00 3.417020320892333984e+00 -5.110331058502197266e+00 -5.339455008506774902e-01 3.033524751663208008e+00 -4.857661724090576172e+00 3.075559616088867188e+00 8.262095451354980469e+00 1.802389621734619141e+00
-9.402807801961898804e-03 4.349067211151123047e+00 5.509834766387939453e+00 7.343231141567230225e-02 3.981553792953491211e+00 1.622112393379211426e-01 -3.287616729736328125e+00 -2.270420312881469727e+00 8.593797087669372559e-01 2.984125375747680664e+00 3.824745416641235352e+00 7.639737799763679504e-03 5.371511459350585938e+00 2.463610410690307617e+00 -1.667291522026062012e-01
-8.176904916763305664e-02 4.474553585052490234e+00 5.419690608978271484e+00 1.315673440694808960e-01 3.735921144485473633e+00 1.004360914230346680e+00 -3.615572929382324219e+00 -2.939628601074218750e+00 -3.922733962535858154e-01 1.514787554740905762e+00 3.473086595535278320e+00 2.998591363430023193e-01 5.411722183227539062e+00 3.140047073364257812e+00 -4.111844897270202637e-01
9.843361377716064453e-02 -2.306748628616333008e+00 5.916718959808349609e+00 5.490720272064208984e-01 3.135355710983276367e+00 3.660893917083740234e+00 -1.254787087440490723e+00 -3.703206479549407959e-01 -7.719572782516479492e-01 6.210419654846191406e+00 -2.630805969238281250e+00 -5.051032066345214844e+00 5.822299003601074219e+00 1.343787670135498047e+00 1.737069487571716309e+00
1.006207466125488281e+00 -3.208401799201965332e-01 3.179551124572753906e+00 4.740665853023529053e-01 2.700861454010009766e+00 3.791182637214660645e-01 3.436377286911010742e+00 -5.945929884910583496e-01 -3.151628255844116211e+00 7.643748760223388672e+00 1.901010870933532715e+00 -4.174784660339355469e+00 8.260240554809570312e+00 1.716172099113464355e+00 1.126083374023437500e+00
3.687686920166015625e-01 4.313028812408447266e+00 5.999556541442871094e+00 1.448639482259750366e-01 4.403174877166748047e+00 1.411556839942932129e+00 -3.276327610015869141e+00 -3.641771554946899414e+00 1.207631707191467285e+00 1.737004637718200684e+00 3.541261911392211914e+00 3.787833154201507568e-01 4.196372509002685547e+00 3.254067897796630859e+00 -1.709929108619689941e-01
1.292362213134765625e+00 9.949070215225219727e-01 5.009709835052490234e+00 1.280054211616516113e+00 -3.425401076674461365e-02 2.854060411453247070e+00 4.924089908599853516e+00 2.630657851696014404e-01 6.955778002738952637e-01 3.225648880004882812e+00 3.737123012542724609e+00 -6.405268669128417969e+00 5.375010013580322266e+00 -2.424117565155029297e+00 2.495929956436157227e+00
2.775620698928833008e+00 1.251509785652160645e+00 7.036303043365478516e+00 -4.639558315277099609e+00 -3.495084524154663086e+00 4.740097522735595703e+00 -1.885267138481140137e+00 -1.040379166603088379e+00 -7.211508750915527344e+00 1.575830459594726562e+00 -2.007126331329345703e+00 1.125057339668273926e+00 9.281169891357421875e+00 -7.974441647529602051e-01 3.044815063476562500e+00
-7.987354397773742676e-01 3.374945819377899170e-01 5.481160640716552734e+00 2.132368564605712891e+00 5.236659526824951172e+00 1.685549020767211914e+00 4.600089192390441895e-01 -4.723412513732910156e+00 -3.076316595077514648e+00 4.070005893707275391e+00 -5.205506458878517151e-04 -4.697746276855468750e+00 7.072732925415039062e+00 -5.583832740783691406e+00 -1.016074895858764648e+00
2.259960889816284180e+00 -3.148227930068969727e-03 2.916716098785400391e+00 -3.950217247009277344e+00 4.409670352935791016e+00 4.922079563140869141e+00 1.218202471733093262e+00 -4.017703056335449219e+00 -2.508048117160797119e-01 -1.339691996574401855e+00 -1.232686877250671387e+00 -2.817696571350097656e+00 4.220448970794677734e+00 5.839639186859130859e+00 -4.624625682830810547e+00
1.826348543167114258e+00 -1.332366347312927246e+00 4.598508358001708984e+00 -2.936697483062744141e+00 6.956145763397216797e-01 5.306427478790283203e+00 4.239956855773925781e+00 2.402999162673950195e+00 7.584362626075744629e-01 -1.466575026512145996e+00 2.388049602508544922e+00 -7.561995983123779297e+00 -1.205259561538696289e+00 2.674901962280273438e+00 4.066681861877441406e+00
-1.334590554237365723e+00 7.971191406250000000e-02 6.607312679290771484e+00 2.646694660186767578e+00 5.654177665710449219e+00 1.916693806648254395e+00 4.159348830580711365e-02 -4.239442348480224609e+00 -2.498485088348388672e+00 3.448858737945556641e+00 -1.321743130683898926e-01 -4.658938884735107422e+00 7.131051063537597656e+00 -5.062839984893798828e+00 -1.066221237182617188e+00
2.291926622390747070e+00 1.314222514629364014e-01 6.085587024688720703e+00 7.704435288906097412e-02 3.821606159210205078e+00 4.030607700347900391e+00 1.262515544891357422e+00 4.677724838256835938e+00 -5.509387493133544922e+00 -3.666656017303466797e-01 3.334351778030395508e+00 -4.232044696807861328e+00 2.678092718124389648e+00 7.264913558959960938e+00 2.384928703308105469e+00
1.461133003234863281e+00 -1.562457203865051270e+00 4.983794689178466797e+00 -3.702191352844238281e+00 1.128283217549324036e-01 4.748451232910156250e+00 4.864799976348876953e+00 2.144475936889648438e+00 -4.294008314609527588e-01 -1.179409742355346680e+00 2.615159034729003906e+00 -8.356294631958007812e+00 -7.190583944320678711e-01 2.922096252441406250e+00 3.724770784378051758e+00
2.489083528518676758e+00 1.413261592388153076e-01 3.238546609878540039e+00 -3.603214740753173828e+00 4.406667709350585938e+00 5.825101375579833984e+00 1.213262677192687988e+00 -2.852081060409545898e+00 -7.150949239730834961e-01 -1.425464034080505371e+00 -1.167330265045166016e+00 -3.226212024688720703e+00 4.468472957611083984e+00 6.169017791748046875e+00 -5.441847324371337891e+00
5.158684253692626953e+00 -1.460564255714416504e+00 3.372416973114013672e+00 -8.709074258804321289e-01 1.405429005622863770e+00 1.905804753303527832e+00 1.122328758239746094e+00 4.038091182708740234e+00 1.064348936080932617e+00 5.363547801971435547e+00 -4.916437149047851562e+00 -4.242743015289306641e+00 -2.781803607940673828e-01 -3.708955943584442139e-01 2.654978513717651367e+00
6.121777892112731934e-01 -7.936865091323852539e-01 3.624835968017578125e+00 -2.138503082096576691e-02 2.863694429397583008e+00 3.472685337066650391e+00 -4.036378860473632812e+00 -7.705714702606201172e-01 3.011203527450561523e+00 3.776485919952392578e+00 2.499988079071044922e+00 -2.693633079528808594e+00 6.795090675354003906e+00 6.743818987160921097e-03 -3.998579978942871094e+00
1.961969852447509766e+00 4.073736369609832764e-01 4.145371437072753906e+00 -2.822448253631591797e+00 -1.885078668594360352e+00 3.282510519027709961e+00 -2.089220046997070312e+00 -1.832721710205078125e+00 -7.409787178039550781e+00 1.056425929069519043e+00 -1.819152951240539551e+00 1.734296798706054688e+00 8.318905830383300781e+00 -4.338451325893402100e-01 3.192793846130371094e+00
6.363219618797302246e-01 6.144245862960815430e-01 6.516453742980957031e+00 1.712444663047790527e+00 -3.856592997908592224e-02 1.148736357688903809e+00 4.270506858825683594e+00 4.344258904457092285e-01 -3.961929976940155029e-01 3.410137653350830078e+00 3.430922269821166992e+00 -6.068101406097412109e+00 5.084151744842529297e+00 -2.774384021759033203e+00 2.732949495315551758e+00
1.980841755867004395e+00 2.709338068962097168e-02 2.879280090332031250e+00 -2.557672977447509766e+00 4.007091522216796875e+00 5.252331733703613281e+00 4.441468715667724609e-01 -4.244417190551757812e+00 -7.512610554695129395e-01 -9.444531202316284180e-01 -1.469125509262084961e+00 -2.697984695434570312e+00 5.109499454498291016e+00 5.669235229492187500e+00 -4.835970878601074219e+00
-1.932806968688964844e+00 1.679001748561859131e-02 7.308257579803466797e+00 2.900065422058105469e+00 6.272651195526123047e+00 1.465534567832946777e+00 -5.514943003654479980e-01 -4.315411567687988281e+00 -3.444984197616577148e+00 5.477421760559082031e+00 -5.006873048841953278e-03 -4.644102096557617188e+00 6.704861164093017578e+00 -4.978582382202148438e+00 -1.091285228729248047e+00
-1.603298485279083252e-01 -7.595303654670715332e-02 4.456459522247314453e+00 6.744831800460815430e-01 2.101314783096313477e+00 3.783074378967285156e+00 2.280039310455322266e+00 -2.192094475030899048e-01 -4.482133388519287109e+00 4.242618083953857422e+00 2.882579326629638672e+00 -7.376769542694091797e+00 5.024538040161132812e+00 -5.446602106094360352e-01 -2.973383665084838867e+00
2.169704914093017578e+00 7.527519464492797852e-01 5.739877223968505859e+00 -4.251926898956298828e+00 -3.307546138763427734e+00 2.784890890121459961e+00 -1.138685107231140137e+00 -1.667004346847534180e+00 -6.208475112915039062e+00 4.038029909133911133e-01 -2.009916543960571289e+00 1.685421228408813477e+00 8.791627883911132812e+00 -5.469629168510437012e-01 3.008867025375366211e+00
2.793488264083862305e+00 2.759076058864593506e-01 3.725001335144042969e+00 -5.650531291961669922e+00 5.998094081878662109e+00 5.757277965545654297e+00 5.094287991523742676e-01 -3.783444166183471680e+00 8.363185822963714600e-02 -9.076485633850097656e-01 -1.072555422782897949e+00 -2.320507526397705078e+00 3.578681230545043945e+00 5.593582153320312500e+00 -4.389628410339355469e+00
-1.376349329948425293e+00 1.576329469680786133e-01 4.785566806793212891e+00 1.845667481422424316e+00 4.615486621856689453e+00 1.693979382514953613e+00 1.603183150291442871e-01 -3.765210390090942383e+00 -3.556962013244628906e+00 4.016459941864013672e+00 1.329086720943450928e-01 -4.255809783935546875e+00 6.510429382324218750e+00 -5.228001117706298828e+00 -7.400571107864379883e-01
3.084545135498046875e-01 2.564394474029541016e+00 3.699116230010986328e+00 -1.452471408993005753e-02 3.004348516464233398e+00 1.532143712043762207e+00 -3.690308094024658203e+00 -3.075274467468261719e+00 5.806860327720642090e-01 3.874505758285522461e+00 4.078435420989990234e+00 1.767126023769378662e-01 4.243542194366455078e+00 2.228425025939941406e+00 6.511068940162658691e-01
1.605506777763366699e+00 -1.385282278060913086e+00 4.700357913970947266e+00 -3.715067148208618164e+00 4.111160635948181152e-01 3.370188236236572266e+00 4.360111236572265625e+00 3.020166397094726562e+00 2.972058355808258057e-01 -2.903046309947967529e-01 3.116700649261474609e+00 -7.934121608734130859e+00 -1.364253044128417969e+00 2.707211017608642578e+00 4.458518505096435547e+00
-3.944360017776489258e-01 -3.792300462722778320e+00 5.541187763214111328e+00 -2.534161567687988281e+00 3.914362192153930664e+00 1.415046334266662598e+00 -3.681452751159667969e+00 3.769060373306274414e+00 -2.669333457946777344e+00 5.416978359222412109e+00 -2.835982084274291992e+00 -1.706426739692687988e+00 7.319253444671630859e+00 1.244883537292480469e+00 -7.330391407012939453e-01
2.562294244766235352e+00 3.844469785690307617e-03 3.266511201858520508e+00 -4.100029945373535156e+00 4.910893440246582031e+00 7.544898033142089844e+00 1.334566473960876465e+00 -3.857138633728027344e+00 -7.295644879341125488e-01 -2.259510517120361328e+00 -1.165285825729370117e+00 -2.151863098144531250e+00 4.742266654968261719e+00 5.728442668914794922e+00 -4.716076850891113281e+00
-2.399440705776214600e-01 -3.143075466156005859e+00 4.495141029357910156e+00 -1.996505498886108398e+00 3.454767227172851562e+00 1.558964014053344727e+00 -3.398574352264404297e+00 4.838863372802734375e+00 -3.237836122512817383e+00 4.082547187805175781e+00 -2.696071386337280273e+00 -1.427749752998352051e+00 7.682650089263916016e+00 1.666544198989868164e+00 -1.018139719963073730e+00
-8.913990110158920288e-03 -2.322611570358276367e+00 5.732142925262451172e+00 6.846072673797607422e-01 2.810889244079589844e+00 2.373243093490600586e+00 -1.717699408531188965e+00 1.768420487642288208e-01 -5.977125167846679688e-01 6.574581623077392578e+00 -3.138356924057006836e+00 -4.704606533050537109e+00 5.265165328979492188e+00 1.344331026077270508e+00 1.591678619384765625e+00
2.614714384078979492e+00 2.971481382846832275e-01 5.975014209747314453e+00 -1.250267177820205688e-01 3.898368597030639648e+00 5.590661525726318359e+00 1.414939761161804199e+00 3.735831975936889648e+00 -5.076391696929931641e+00 -6.261559724807739258e-01 3.250386476516723633e+00 -4.555634975433349609e+00 3.631461620330810547e+00 7.810280323028564453e+00 1.911882281303405762e+00
-2.328191101551055908e-01 7.626920938491821289e-02 3.880694389343261719e+00 1.192030429840087891e+00 4.044254302978515625e+00 1.147697567939758301e+00 -5.593529343605041504e-01 -3.680420637130737305e+00 -2.875468969345092773e+00 4.408093929290771484e+00 3.038283884525299072e-01 -4.614639759063720703e+00 6.860550403594970703e+00 -5.052117824554443359e+00 -1.412960886955261230e+00
1.189079284667968750e+00 -1.314615368843078613e+00 3.438197135925292969e+00 -2.601690769195556641e+00 5.544360280036926270e-01 1.965211510658264160e+00 4.646161556243896484e+00 2.613912343978881836e+00 9.515819549560546875e-01 -1.012748837471008301e+00 2.354123353958129883e+00 -7.833517551422119141e+00 -1.137330055236816406e+00 2.490108013153076172e+00 3.533015012741088867e+00
