-5.955862045288085938e+00 -8.679059743881225586e-01 8.164481520652770996e-01 9.769312858581542969e+00 -5.929706096649169922e+00 3.944048166275024414e+00 -5.259974002838134766e+00 -1.353219985961914062e+00 5.576548576354980469e-01 2.629897594451904297e+00 -1.599371433258056641e+00 -2.828538656234741211e+00 -3.379418849945068359e-01 -2.809081077575683594e+00 -3.790589809417724609e+00
2.715482234954833984e+00 5.145592212677001953e+00 2.205432415008544922e+00 7.191730499267578125e+00 -3.084644556045532227e+00 1.254297733306884766e+01 -1.583876729011535645e+00 1.057699561119079590e+00 -9.206979274749755859e-01 -4.276803970336914062e+00 -2.527072429656982422e+00 -6.497180461883544922e+00 2.662878513336181641e+00 1.462025344371795654e-01 -6.204035878181457520e-01
-5.276340961456298828e+00 -4.753545299172401428e-02 1.411039352416992188e+00 8.786495208740234375e+00 -7.218774795532226562e+00 2.243200540542602539e+00 -5.335021972656250000e+00 -1.095254898071289062e+00 -3.678481280803680420e-02 3.919997930526733398e+00 -1.867589950561523438e+00 -2.538584947586059570e+00 -6.165445446968078613e-01 -1.496693253517150879e+00 -4.598558425903320312e+00
-4.728317260742187500e+00 4.644586443901062012e-01 -4.123213887214660645e-02 9.581339836120605469e+00 -7.259111881256103516e+00 3.491223335266113281e+00 -5.883321762084960938e+00 -1.316374421119689941e+00 4.050587117671966553e-01 2.555658578872680664e+00 -1.314665317535400391e+00 -1.538776040077209473e+00 6.197078898549079895e-02 -2.422200918197631836e+00 -4.649266242980957031e+00
1.570780038833618164e+00 2.728498220443725586e+00 -1.550561308860778809e+00 6.239598274230957031e+00 -2.274402856826782227e+00 1.203258991241455078e+01 -7.817448139190673828e+00 9.704756736755371094e-01 6.462189555168151855e-01 -5.614228546619415283e-03 -6.596889972686767578e+00 -5.414727210998535156e+00 -2.482620477676391602e+00 -3.064868211746215820e+00 -3.134461641311645508e+00
1.465546488761901855e+00 1.244729518890380859e+00 1.657223999500274658e-01 6.038254737854003906e+00 -5.480810165405273438e+00 7.205276966094970703e+00 -2.611373901367187500e+00 -2.875213146209716797e+00 -2.598625719547271729e-01 -2.699251413345336914e+00 4.552510261535644531e+00 -8.695174217224121094e+00 3.914316296577453613e-01 -4.653321266174316406e+00 -5.499129891395568848e-01
-6.258130073547363281e+00 1.310460329055786133e+00 1.800845980644226074e+00 1.098192024230957031e+01 -6.734602451324462891e+00 3.205034017562866211e+00 -5.361685276031494141e+00 -1.071814000606536865e-01 -1.851061731576919556e-01 2.714368343353271484e+00 -3.955900967121124268e-01 -3.093433618545532227e+00 2.451739460229873657e-01 -2.363750934600830078e+00 -5.341518402099609375e+00
-1.395099312067031860e-01 -1.475432753562927246e+00 1.146150112152099609e+00 8.681039810180664062e+00 -5.131260395050048828e+00 4.236857891082763672e+00 -6.591636657714843750e+00 5.842356204986572266e+00 6.038637161254882812e+00 3.193694829940795898e+00 -1.834325551986694336e+00 -2.545142412185668945e+00 -2.310219258069992065e-01 7.435598373413085938e-01 -3.383150398731231689e-01
-8.153988420963287354e-02 2.474903583526611328e+00 2.300807237625122070e+00 7.948598384857177734e+00 -2.763151645660400391e+00 1.202770233154296875e+01 -2.275699377059936523e+00 -4.202658832073211670e-01 -4.317290484905242920e-01 -4.281389713287353516e+00 -3.031283140182495117e+00 -5.147864341735839844e+00 1.821883440017700195e+00 4.439136683940887451e-01 1.307255506515502930e+00
5.227218568325042725e-02 3.098819732666015625e+00 6.220108270645141602e-01 6.943613529205322266e+00 -3.101900100708007812e+00 1.050444030761718750e+01 -2.402552127838134766e+00 -1.474426269531250000e+00 -1.343311071395874023e+00 -3.389273405075073242e+00 -3.136987924575805664e+00 -4.375187873840332031e+00 1.572868227958679199e+00 9.603779911994934082e-01 2.563610792160034180e+00
1.288055658340454102e+00 -2.031164169311523438e+00 7.515260577201843262e-01 8.576520919799804688e+00 -4.182999134063720703e+00 5.157965183258056641e+00 -6.109611511230468750e+00 6.493438243865966797e+00 6.230846881866455078e+00 5.939711928367614746e-01 -7.962498068809509277e-01 -2.263184309005737305e+00 -1.071476936340332031e+00 2.027985751628875732e-01 -1.136542931199073792e-01
-4.735304355621337891e+00 3.496256768703460693e-01 1.224161863327026367e+00 1.091429233551025391e+01 -6.454804897308349609e+00 3.275590181350708008e+00 -5.605047225952148438e+00 -1.951264739036560059e-01 9.879475831985473633e-01 3.581792354583740234e+00 -1.319523572921752930e+00 -3.268897771835327148e+00 2.680544555187225342e-01 -4.725184440612792969e+00 -6.369094848632812500e+00
5.624257326126098633e-01 8.683193325996398926e-01 1.902070522308349609e+00 8.899481773376464844e+00 1.371947079896926880e-01 3.324212789535522461e+00 -1.045095548033714294e-01 5.729252099990844727e-01 -6.409649848937988281e-01 5.810208797454833984e+00 1.249570727348327637e+00 -6.865503787994384766e+00 -1.773687005043029785e+00 3.935602903366088867e+00 2.508022487163543701e-01
-1.677848100662231445e+00 4.311110496520996094e+00 1.893853425979614258e+00 7.768566608428955078e+00 -5.269183158874511719e+00 1.089239025115966797e+01 -1.752017736434936523e+00 2.287549078464508057e-01 -1.226225018501281738e+00 -2.195504903793334961e+00 -2.203443765640258789e+00 -5.494885921478271484e+00 2.611705541610717773e+00 7.616924643516540527e-01 5.306919217109680176e-01
-4.871479034423828125e+00 -2.011677920818328857e-01 3.290505647659301758e+00 1.340636730194091797e+01 -6.443035602569580078e+00 4.118883609771728516e+00 -4.047476291656494141e+00 2.233125686645507812e+00 1.817058920860290527e+00 4.520133495330810547e+00 -5.499253273010253906e-01 -5.299153327941894531e+00 -9.239326715469360352e-01 -5.119083404541015625e+00 -8.086016654968261719e+00
-9.202049970626831055e-01 -1.371140837669372559e+00 -7.302578449249267578e+00 6.353184223175048828e+00 -4.924166202545166016e+00 2.179440975189208984e+00 2.375725984573364258e+00 -2.376637935638427734e+00 8.508782386779785156e-01 3.101202726364135742e+00 6.881573796272277832e-01 -4.443747997283935547e+00 -2.563390016555786133e+00 -4.690274238586425781e+00 2.039419412612915039e+00
2.446942806243896484e+00 3.327850103378295898e+00 -8.731277585029602051e-01 1.215119838714599609e+01 -6.267826080322265625e+00 6.992841243743896484e+00 -7.254259586334228516e+00 1.659730672836303711e+00 9.412047266960144043e-01 2.556482315063476562e+00 -6.062996387481689453e-01 1.598597645759582520e+00 -9.246058464050292969e-01 2.770949840545654297e+00 -3.007517158985137939e-01
-2.586796998977661133e+00 -5.235570669174194336e-01 1.320225477218627930e+00 7.245130062103271484e+00 -2.823297977447509766e+00 3.224529981613159180e+00 -7.248883843421936035e-01 6.433615088462829590e-02 -1.920451283454895020e+00 5.716823101043701172e+00 2.477725267410278320e+00 -4.103190422058105469e+00 -1.379182934761047363e+00 4.672003746032714844e+00 1.026121735572814941e+00
1.038549542427062988e+00 5.960972905158996582e-01 1.500187277793884277e+00 8.456448554992675781e+00 -5.915110111236572266e+00 4.863972187042236328e+00 -6.049862861633300781e+00 6.800289154052734375e+00 5.991501331329345703e+00 3.875381946563720703e+00 -1.822087645530700684e+00 -2.103746175765991211e+00 -1.241988182067871094e+00 3.635863959789276123e-01 -1.488357067108154297e+00
-3.047246694564819336e+00 6.684444546699523926e-01 2.603722572326660156e+00 7.792622089385986328e+00 -2.279930591583251953e+00 4.296048641204833984e+00 -6.358278393745422363e-01 -1.404025256633758545e-01 -2.469365596771240234e+00 6.095368862152099609e+00 1.896958589553833008e+00 -4.235644340515136719e+00 -1.394847273826599121e+00 4.260239601135253906e+00 1.428657054901123047e+00
-9.602142963558435440e-04 3.458889484405517578e+00 7.703887820243835449e-01 2.144441127777099609e+00 -4.633766651153564453e+00 7.325877666473388672e+00 -1.939600467681884766e+00 -8.953225016593933105e-01 -4.820232868194580078e+00 6.008034229278564453e+00 -3.154867410659790039e+00 -5.137036323547363281e+00 -8.075634837150573730e-01 -6.015677928924560547e+00 -4.524129867553710938e+00
1.081271529197692871e+00 1.122060060501098633e+00 1.491176187992095947e-01 1.157890796661376953e+01 -2.661659121513366699e-01 1.245793437957763672e+01 -5.505517005920410156e+00 3.022658109664916992e+00 -4.481489658355712891e+00 3.867267966270446777e-01 -3.153428554534912109e+00 -2.910666704177856445e+00 -6.842500686645507812e+00 -3.691159784793853760e-01 2.945319175720214844e+00
-1.161759257316589355e+00 3.498642921447753906e+00 -4.988443851470947266e+00 8.520113945007324219e+00 -6.227062702178955078e+00 6.654695987701416016e+00 -1.430136203765869141e+00 3.157690525054931641e+00 -1.467905402183532715e+00 5.779039859771728516e+00 9.548115730285644531e-01 -4.316112995147705078e+00 -1.120162844657897949e+00 1.614512503147125244e-01 -4.455043792724609375e+00
5.749913454055786133e-01 4.424765586853027344e+00 2.060722589492797852e+00 8.192842483520507812e+00 -3.707904815673828125e+00 1.072133636474609375e+01 -3.059913158416748047e+00 2.065825700759887695e+00 2.100809104740619659e-02 -3.181264877319335938e+00 -3.177671670913696289e+00 -6.021855831146240234e+00 2.319095134735107422e+00 2.232090950012207031e+00 1.319427788257598877e-01
-1.967383781448006630e-03 -1.428230285644531250e+00 7.640271782875061035e-01 6.592602252960205078e+00 -5.744897365570068359e+00 5.877693176269531250e+00 -6.948841094970703125e+00 7.623344898223876953e+00 6.668056488037109375e+00 2.148720502853393555e+00 -2.097500085830688477e+00 -3.073800325393676758e+00 -1.782332301139831543e+00 4.309515058994293213e-01 -7.152245044708251953e-01
1.174486517906188965e+00 -1.492101073265075684e+00 9.203694462776184082e-01 8.000286102294921875e+00 -5.003816604614257812e+00 5.988401412963867188e+00 -7.738045692443847656e+00 7.793767452239990234e+00 6.820703983306884766e+00 2.129334211349487305e+00 -1.541421890258789062e+00 -1.885385751724243164e+00 -1.194458127021789551e+00 -4.116274416446685791e-01 -1.014319300651550293e+00
-5.522028923034667969e+00 3.130950629711151123e-01 1.142087936401367188e+00 9.339005470275878906e+00 -9.117242813110351562e+00 3.125472545623779297e+00 -5.401358127593994141e+00 -1.382226943969726562e+00 8.021734952926635742e-01 3.945640325546264648e+00 -3.988498449325561523e+00 -2.608718395233154297e+00 -2.214987516403198242e+00 -2.811386823654174805e+00 -3.561405420303344727e+00
-6.759142875671386719e-01 6.010287404060363770e-01 -6.417896747589111328e+00 5.619556903839111328e+00 -6.670619487762451172e+00 4.263556480407714844e+00 3.353335857391357422e+00 -2.882886409759521484e+00 -1.282040953636169434e+00 4.468169689178466797e+00 -6.613434553146362305e-01 -4.086529731750488281e+00 -2.063773632049560547e+00 -6.030226230621337891e+00 2.563485383987426758e+00
-5.871741294860839844e+00 3.788104057312011719e-01 8.839455246925354004e-02 8.523629188537597656e+00 -7.281014919281005859e+00 3.437544107437133789e+00 -5.116914272308349609e+00 -1.189776659011840820e+00 5.066120624542236328e-01 2.232155084609985352e+00 -1.978802204132080078e+00 -3.160794019699096680e+00 -1.404639720916748047e+00 -1.394217848777770996e+00 -2.183397531509399414e+00
-7.520011663436889648e-01 -2.059715986251831055e+00 -6.054197788238525391e+00 6.129769802093505859e+00 -4.489500045776367188e+00 3.119303941726684570e+00 2.126880407333374023e+00 -1.069111585617065430e+00 -7.368692755699157715e-01 2.239762544631958008e+00 9.233788251876831055e-01 -4.282890319824218750e+00 -2.820872783660888672e+00 -3.456982374191284180e+00 3.686668634414672852e+00
-2.120399713516235352e+00 -1.423594653606414795e-01 1.509595632553100586e+00 6.971737861633300781e+00 -2.057131290435791016e+00 4.325580596923828125e+00 -1.672701120376586914e+00 -1.706961095333099365e-01 -1.410614490509033203e+00 5.954596996307373047e+00 1.798004865646362305e+00 -6.350960254669189453e+00 -1.314081311225891113e+00 3.884637355804443359e+00 6.496339440345764160e-01
-1.123996615409851074e+00 -1.290633559226989746e+00 -5.492155551910400391e+00 5.085995674133300781e+00 -4.770702838897705078e+00 2.973122358322143555e+00 8.986489176750183105e-01 -1.452203631401062012e+00 7.399407029151916504e-01 3.705000638961791992e+00 -6.145567893981933594e-01 -4.600563526153564453e+00 -2.988708734512329102e+00 -2.509461879730224609e+00 3.815661191940307617e+00
-3.845348596572875977e+00 5.245216369628906250e+00 4.072224140167236328e+00 7.082118511199951172e+00 -1.128561782836914062e+01 7.573683738708496094e+00 -5.345905303955078125e+00 5.819062709808349609e+00 -1.474148392677307129e+00 7.288818359375000000e+00 2.649974107742309570e+00 -8.108382225036621094e-01 -1.489798545837402344e+00 -2.479856252670288086e+00 -3.672842741012573242e+00
-5.897361755371093750e+00 3.155502974987030029e-01 1.039906740188598633e+00 9.032034873962402344e+00 -7.440724849700927734e+00 3.442857027053833008e+00 -5.988091468811035156e+00 -4.948443770408630371e-01 -4.168352782726287842e-01 3.187781095504760742e+00 -1.351156711578369141e+00 -2.320088863372802734e+00 -1.359466165304183960e-01 -2.128444433212280273e+00 -4.446644783020019531e+00
-1.275374293327331543e+00 2.891954421997070312e+00 2.578236103057861328e+00 8.078217506408691406e+00 -2.419559478759765625e+00 3.220692396163940430e+00 -7.624023556709289551e-01 6.188004612922668457e-01 -1.349115610122680664e+00 7.846277236938476562e+00 8.938452005386352539e-01 -5.985998630523681641e+00 -6.262985467910766602e-01 4.572650909423828125e+00 -7.245259284973144531e-01
-5.358115673065185547e+00 -2.894233167171478271e-01 4.943536818027496338e-01 9.305233955383300781e+00 -7.761205196380615234e+00 1.726415872573852539e+00 -5.187558174133300781e+00 -9.235565066337585449e-01 -2.937952578067779541e-01 2.645066976547241211e+00 -1.922687411308288574e+00 -2.258228540420532227e+00 -1.906306385993957520e+00 -1.856475353240966797e+00 -2.261508941650390625e+00
1.718670487403869629e+00 -2.468635320663452148e+00 2.734465122222900391e+00 5.036112308502197266e+00 -5.164427280426025391e+00 1.237424182891845703e+01 -1.596652388572692871e+00 -5.124757885932922363e-01 2.466056823730468750e+00 5.177821636199951172e+00 -1.540381789207458496e+00 -5.401161670684814453e+00 -6.716455221176147461e-01 2.142643928527832031e+00 -6.780628204345703125e+00
1.357071995735168457e+00 4.711915016174316406e+00 -2.070240497589111328e+00 1.078936100006103516e+01 -8.104434967041015625e+00 6.670579433441162109e+00 -6.535398006439208984e+00 1.640879631042480469e+00 1.403587460517883301e+00 3.218474864959716797e+00 -1.126561641693115234e+00 1.284627556800842285e+00 -1.130700230598449707e+00 2.944710731506347656e+00 -8.004980683326721191e-01
5.867692828178405762e-01 2.021095752716064453e+00 -5.544514179229736328e+00 6.538253784179687500e+00 -4.407396316528320312e+00 2.385610342025756836e+00 5.378016471862792969e+00 -2.024909734725952148e+00 -2.181454420089721680e+00 2.494800567626953125e+00 5.930243730545043945e-01 -4.968754291534423828e+00 -3.370072603225708008e+00 -5.688174247741699219e+00 4.221758365631103516e+00
-1.831641197204589844e+00 1.810211658477783203e+00 2.685229778289794922e+00 7.790844440460205078e+00 -3.091276168823242188e+00 3.794748306274414062e+00 -2.207584083080291748e-01 1.946393489837646484e+00 -1.247483611106872559e+00 8.186195373535156250e+00 1.344994425773620605e+00 -4.500515460968017578e+00 -1.700565338134765625e+00 4.678427696228027344e+00 -1.261844158172607422e+00
7.430638074874877930e-01 2.068988978862762451e-01 -7.797884464263916016e+00 6.352369785308837891e+00 -4.530580997467041016e+00 3.421294927597045898e+00 5.107179641723632812e+00 -1.065037965774536133e+00 3.217655420303344727e-01 3.719897270202636719e+00 -3.481890633702278137e-02 -4.856325626373291016e+00 -2.966969013214111328e+00 -5.938833236694335938e+00 2.152212381362915039e+00
-5.337660789489746094e+00 -2.136704921722412109e-01 5.345016121864318848e-01 9.330244064331054688e+00 -6.037694454193115234e+00 3.337195634841918945e+00 -5.430281162261962891e+00 -1.959460735321044922e+00 1.514341354370117188e+00 1.506604552268981934e+00 -2.372550725936889648e+00 -3.749535322189331055e+00 -2.475700527429580688e-01 -3.540132999420166016e+00 -3.551923036575317383e+00
3.068699240684509277e-01 3.719644546508789062e+00 7.924104332923889160e-01 6.625503063201904297e+00 -5.179351329803466797e+00 1.278216934204101562e+01 -2.608672857284545898e+00 1.214385330677032471e-01 -4.643589556217193604e-01 -3.073040723800659180e+00 -3.682996988296508789e+00 -4.024670124053955078e+00 1.700057268142700195e+00 -3.813801109790802002e-01 1.157374009490013123e-01
-5.153236389160156250e+00 -6.671707630157470703e-01 1.779488444328308105e+00 1.019599914550781250e+01 -6.384312152862548828e+00 3.334409475326538086e+00 -4.694750785827636719e+00 -8.763497471809387207e-01 6.642462015151977539e-01 2.337997198104858398e+00 -1.208360552787780762e+00 -2.396272420883178711e+00 -7.335722446441650391e-01 -2.355890035629272461e+00 -4.023627281188964844e+00
-2.640686273574829102e+00 -1.853811621665954590e+00 1.385329663753509521e-01 8.688071250915527344e+00 -2.418589830398559570e+00 9.711223602294921875e+00 -2.412981033325195312e+00 5.965210437774658203e+00 3.261340618133544922e+00 4.346889019012451172e+00 -1.207660555839538574e+00 -9.115092277526855469e+00 -3.845291733741760254e-01 -3.954148054122924805e+00 1.736452877521514893e-01
3.127070903778076172e+00 3.281887531280517578e+00 -2.445814132690429688e+00 1.048845958709716797e+01 -5.418851375579833984e+00 7.684775829315185547e+00 -6.806371212005615234e+00 1.838963985443115234e+00 1.668525338172912598e+00 9.293553233146667480e-01 -9.431257247924804688e-01 1.670878887176513672e+00 -1.084830760955810547e+00 1.874651074409484863e+00 -8.542992472648620605e-01
-7.076479494571685791e-02 -4.255074024200439453e+00 -1.235993504524230957e+00 4.889142513275146484e+00 -6.636642932891845703e+00 1.041496372222900391e+01 -3.862974643707275391e+00 -1.952101111412048340e+00 2.885531663894653320e+00 4.371716022491455078e+00 -2.095973968505859375e+00 -2.807429552078247070e+00 -2.556058168411254883e-01 -2.574402391910552979e-01 -4.299171447753906250e+00
-2.660997509956359863e-01 2.151600122451782227e+00 -4.262718856334686279e-01 7.488142967224121094e+00 -3.441085338592529297e+00 1.156139755249023438e+01 -7.955315589904785156e+00 5.015144944190979004e-01 1.844567656517028809e+00 1.601493954658508301e-01 -6.067446708679199219e+00 -5.406203746795654297e+00 -1.540117383003234863e+00 -3.345932006835937500e+00 -3.982846975326538086e+00
-1.748424410820007324e+00 -2.084030628204345703e+00 -5.880925655364990234e+00 5.795688629150390625e+00 -5.827258586883544922e+00 2.780749320983886719e+00 1.948093533515930176e+00 -1.373154640197753906e+00 -6.734885573387145996e-01 3.096302747726440430e+00 6.668214201927185059e-01 -4.990621089935302734e+00 -3.144258737564086914e+00 -1.381894946098327637e+00 4.572807312011718750e+00
-1.460433244705200195e+00 -3.646777629852294922e+00 -8.481974005699157715e-01 5.545053005218505859e+00 -5.965863227844238281e+00 9.378514289855957031e+00 -3.213706970214843750e+00 -2.019864082336425781e+00 2.274106740951538086e+00 4.821870803833007812e+00 -2.022731304168701172e+00 -3.234201192855834961e+00 -5.229294896125793457e-01 2.030436277389526367e+00 -2.155305147171020508e+00
-4.346975326538085938e+00 1.005842089653015137e+00 1.613551497459411621e+00 1.077470493316650391e+01 -7.901502132415771484e+00 3.990815639495849609e+00 -5.182980060577392578e+00 -7.082012295722961426e-01 1.097262978553771973e+00 3.245125055313110352e+00 -3.009559392929077148e+00 -2.666690349578857422e+00 -1.009940981864929199e+00 -5.852901935577392578e+00 -7.024348735809326172e+00
1.560419917106628418e+00 -1.262519657611846924e-01 1.178121805191040039e+00 1.084622001647949219e+01 -3.500106334686279297e+00 1.579852390289306641e+01 -6.931242346763610840e-01 9.755899429321289062e+00 5.130671977996826172e+00 6.419469833374023438e+00 -2.378890037536621094e+00 -1.163748550415039062e+01 -4.002956449985504150e-01 -7.383423328399658203e+00 -5.623306751251220703e+00
-5.187695026397705078e+00 1.575652003288269043e+00 1.150824546813964844e+00 1.032188224792480469e+01 -6.966359615325927734e+00 3.954940557479858398e+00 -4.688201904296875000e+00 -1.500813722610473633e+00 -4.951682686805725098e-01 1.782858371734619141e+00 -1.207815647125244141e+00 -1.420270562171936035e+00 -1.170266151428222656e+00 -2.519603013992309570e+00 -4.128492355346679688e+00
-4.039717674255371094e+00 3.134324789047241211e+00 3.681895017623901367e+00 5.795125961303710938e+00 -1.250632572174072266e+01 6.439443588256835938e+00 -7.315750122070312500e+00 4.539908885955810547e+00 -1.031583905220031738e+00 6.949259281158447266e+00 2.676906585693359375e+00 -1.803210735321044922e+00 -8.195808529853820801e-01 -1.600278735160827637e+00 -1.835179805755615234e+00
-1.879972577095031738e+00 3.937617778778076172e+00 -5.762241482734680176e-01 1.179126644134521484e+01 -5.638972282409667969e+00 1.032439994812011719e+01 -3.355720520019531250e+00 -1.761324167251586914e+00 6.177243590354919434e-01 5.970465660095214844e+00 2.864800214767456055e+00 -9.425609111785888672e-01 1.314719080924987793e+00 -1.374109625816345215e+00 -1.336841821670532227e+00
5.808873772621154785e-01 3.747349679470062256e-01 9.320996403694152832e-01 5.328792095184326172e+00 -5.857844829559326172e+00 5.983843326568603516e+00 -2.556990861892700195e+00 -2.449002265930175781e+00 -5.025967359542846680e-01 1.100948378443717957e-01 4.221786022186279297e+00 -7.326782226562500000e+00 4.412716627120971680e-01 -3.980478286743164062e+00 -3.274992406368255615e-01
-2.406107664108276367e+00 9.205074906349182129e-01 3.046485900878906250e+00 8.630196571350097656e+00 -9.057123064994812012e-01 5.680555820465087891e+00 -1.486935138702392578e+00 1.677159547805786133e+00 -1.777789473533630371e+00 5.860132217407226562e+00 2.670009851455688477e+00 -4.223512172698974609e+00 -1.656693339347839355e+00 4.230031013488769531e+00 4.504246413707733154e-01
-3.128977060317993164e+00 4.690612316131591797e+00 -8.323475718498229980e-02 9.709449768066406250e+00 -4.121868610382080078e+00 1.080855655670166016e+01 -2.623635530471801758e+00 -2.745448350906372070e+00 8.316428959369659424e-02 5.681044101715087891e+00 2.015324592590332031e+00 -1.726910114288330078e+00 2.213552713394165039e+00 -2.881278514862060547e+00 -5.629554986953735352e-01
1.019650578498840332e+00 -1.708455324172973633e+00 -5.977972507476806641e+00 4.794748306274414062e+00 -5.604563236236572266e+00 3.864912986755371094e+00 3.574377536773681641e+00 -2.194779872894287109e+00 -4.461256563663482666e-01 3.686359882354736328e+00 2.028937190771102905e-01 -5.534345149993896484e+00 -2.928341150283813477e+00 -5.357396125793457031e+00 4.050824642181396484e+00
1.042057037353515625e+00 3.054415225982666016e+00 1.808394908905029297e+00 6.887387752532958984e+00 -2.345189809799194336e+00 1.254345607757568359e+01 -1.408925294876098633e+00 9.028720259666442871e-01 -9.997534155845642090e-01 -3.964263200759887695e+00 -1.579561829566955566e+00 -6.023590564727783203e+00 1.563656330108642578e+00 1.536101460456848145e+00 1.805390000343322754e+00
-1.077290058135986328e+00 2.257194995880126953e+00 4.240425586700439453e+00 7.555525779724121094e+00 -2.210784912109375000e+00 3.430700302124023438e+00 5.541175007820129395e-01 2.321681261062622070e+00 -2.482729911804199219e+00 8.695955276489257812e+00 9.527288675308227539e-01 -5.431656837463378906e+00 -2.795076131820678711e+00 3.553786516189575195e+00 -2.736975431442260742e+00
-1.075348615646362305e+00 -5.661322474479675293e-01 7.709231972694396973e-01 7.524617195129394531e+00 -3.483654975891113281e+00 4.885080814361572266e+00 -7.024686813354492188e+00 4.978587627410888672e+00 5.378543853759765625e+00 9.717664718627929688e-01 -8.210304975509643555e-01 -2.998856782913208008e+00 -9.819046854972839355e-01 1.151969432830810547e+00 1.904827237129211426e+00
-4.502380847930908203e+00 -3.110985755920410156e+00 -1.252779841423034668e+00 8.152745246887207031e+00 -3.598519086837768555e+00 9.017095565795898438e+00 -1.453715085983276367e+00 4.023188114166259766e+00 2.528162479400634766e+00 3.105798959732055664e+00 -7.752218246459960938e-01 -7.416377544403076172e+00 -1.017100095748901367e+00 -2.695523500442504883e+00 2.498481988906860352e+00
-4.900959730148315430e-01 -1.314146876335144043e+00 1.655018329620361328e+00 6.941277503967285156e+00 -1.541065931320190430e+00 4.136101245880126953e+00 3.313322365283966064e-01 9.327194094657897949e-01 -7.891007661819458008e-01 5.420162677764892578e+00 1.101436495780944824e+00 -6.289750099182128906e+00 -2.708037376403808594e+00 4.102230072021484375e+00 6.836549639701843262e-01
-5.163428306579589844e+00 2.222113311290740967e-01 1.256260573863983154e-01 1.085883140563964844e+01 -7.447450637817382812e+00 3.219599246978759766e+00 -5.495681285858154297e+00 -1.843108832836151123e-01 2.966787219047546387e-01 2.747918844223022461e+00 -1.575013160705566406e+00 -1.763683080673217773e+00 -8.982898592948913574e-01 -2.905037641525268555e+00 -5.149209022521972656e+00
1.838259585201740265e-02 -7.696568369865417480e-01 -2.176925420761108398e+00 9.629950523376464844e+00 -9.632480144500732422e-01 9.982888221740722656e+00 -5.395943641662597656e+00 1.516288161277770996e+00 -3.207773923873901367e+00 -3.706794977188110352e-01 -2.899347066879272461e+00 -2.132315874099731445e+00 -6.109363079071044922e+00 -1.512765884399414062e+00 3.806128740310668945e+00
1.862331748008728027e+00 1.378009319305419922e+00 7.833983302116394043e-01 5.639874935150146484e+00 -6.905097961425781250e+00 7.904834747314453125e+00 -2.473586082458496094e+00 -1.916859388351440430e+00 4.701771438121795654e-01 -5.711129307746887207e-01 4.527679443359375000e+00 -9.209729194641113281e+00 8.679588139057159424e-02 -6.892667293548583984e+00 -2.840960025787353516e+00
2.147790044546127319e-01 -9.688486456871032715e-01 -6.836021423339843750e+00 3.862291574478149414e+00 -5.707225322723388672e+00 1.520516872406005859e+00 3.383606910705566406e+00 -2.288580179214477539e+00 5.379882454872131348e-01 4.546665668487548828e+00 1.261235356330871582e+00 -4.601629734039306641e+00 -1.905462980270385742e+00 -5.844994544982910156e+00 2.299205303192138672e+00
-2.755995988845825195e-01 7.165810465812683105e-01 -7.425517559051513672e+00 4.722441196441650391e+00 -4.999953746795654297e+00 1.611065983772277832e+00 4.783975601196289062e+00 -1.948632955551147461e+00 9.415464475750923157e-03 2.087364435195922852e+00 6.472840309143066406e-01 -5.100399017333984375e+00 -2.131444692611694336e+00 -4.540759086608886719e+00 3.801887512207031250e+00
1.902358382940292358e-01 1.601928472518920898e+00 6.314365267753601074e-01 1.132971954345703125e+01 -2.456626653671264648e+00 1.350213432312011719e+01 -6.928791522979736328e+00 4.621758460998535156e+00 -5.015984058380126953e+00 2.152210712432861328e+00 -3.630338907241821289e+00 -1.973936557769775391e+00 -6.155509471893310547e+00 -1.108648777008056641e+00 1.776253283023834229e-01
-3.077622175216674805e+00 1.314617872238159180e+00 -1.050225496292114258e+00 1.016194248199462891e+01 -3.837002038955688477e+00 1.041937541961669922e+01 -3.121102094650268555e+00 -3.133347511291503906e+00 5.180975794792175293e-01 4.595586299896240234e+00 5.444441437721252441e-01 -5.371478796005249023e-01 6.222344636917114258e-01 -2.795320510864257812e+00 1.064777255058288574e+00
3.794565796852111816e-01 -5.543924570083618164e-01 -6.824612140655517578e+00 6.961796760559082031e+00 -5.942914009094238281e+00 1.051281571388244629e+00 4.046615123748779297e+00 -2.363352775573730469e+00 -1.137583851814270020e+00 1.641432762145996094e+00 1.911267757415771484e+00 -3.755111932754516602e+00 -2.365883111953735352e+00 -4.147814273834228516e+00 3.632504224777221680e+00
-3.731592893600463867e+00 -2.128017663955688477e+00 -3.818165063858032227e-01 9.083069801330566406e+00 -3.452080249786376953e+00 1.119549274444580078e+01 -3.039740085601806641e+00 5.418419361114501953e+00 2.652557134628295898e+00 3.684644222259521484e+00 -1.561811685562133789e+00 -7.536527633666992188e+00 -4.159694015979766846e-01 -3.512671947479248047e+00 -1.786697469651699066e-02
-4.224542975425720215e-01 5.443963527679443359e+00 2.565979003906250000e+00 8.661954879760742188e+00 -5.372390270233154297e+00 1.313084506988525391e+01 -3.274174213409423828e+00 2.134313821792602539e+00 -8.982797861099243164e-01 -2.422800302505493164e+00 -2.685944318771362305e+00 -6.872587680816650391e+00 2.584072113037109375e+00 1.237779021263122559e+00 -4.023564457893371582e-01
3.566914081573486328e+00 5.167142868041992188e+00 -2.929877758026123047e+00 1.159348011016845703e+01 -7.454585075378417969e+00 7.546157360076904297e+00 -6.592209815979003906e+00 2.567235469818115234e+00 1.187596678733825684e+00 2.246083736419677734e+00 -1.456022620201110840e+00 2.202858209609985352e+00 -8.851664066314697266e-01 1.875652670860290527e+00 -2.723237752914428711e+00
-5.195713043212890625e+00 -5.551350712776184082e-01 1.204457581043243408e-01 9.400481224060058594e+00 -7.043977260589599609e+00 3.393113851547241211e+00 -5.911599159240722656e+00 -5.117855668067932129e-01 1.000369906425476074e+00 2.428689718246459961e+00 -2.103780984878540039e+00 -2.287959814071655273e+00 -5.991328880190849304e-02 -3.560708284378051758e+00 -5.215640544891357422e+00
7.881439924240112305e-01 -1.357600092887878418e+00 1.415601015090942383e+00 1.058285140991210938e+01 -3.469930171966552734e+00 5.722835063934326172e+00 -6.772016048431396484e+00 6.747419357299804688e+00 5.717278003692626953e+00 1.984979033470153809e+00 -1.149622425436973572e-01 -3.253374814987182617e+00 -5.361715555191040039e-01 1.416475176811218262e+00 9.388681501150131226e-02
5.365608692169189453e+00 7.417336463928222656e+00 -1.911402702331542969e+00 1.146583652496337891e+01 -7.001071929931640625e+00 7.840210437774658203e+00 -7.139844894409179688e+00 2.448793888092041016e+00 1.557131886482238770e+00 2.577989101409912109e+00 -1.043561816215515137e+00 3.287891149520874023e+00 1.292138546705245972e-01 1.481284499168395996e+00 -3.735535860061645508e+00
3.324324369430541992e+00 2.007377147674560547e+00 1.496534585952758789e+00 4.788440227508544922e+00 -4.535377025604248047e+00 5.677365779876708984e+00 -2.859896183013916016e+00 -2.729616641998291016e+00 -1.130838274955749512e+00 -7.610048651695251465e-01 3.680311441421508789e+00 -1.039806079864501953e+01 -8.477346599102020264e-02 -5.254169464111328125e+00 -1.849255800247192383e+00
5.955119729042053223e-01 -1.064022779464721680e+00 1.501902222633361816e+00 8.890329360961914062e+00 -5.828067302703857422e+00 6.027743816375732422e+00 -6.324288368225097656e+00 7.083394050598144531e+00 7.175198078155517578e+00 1.325034856796264648e+00 -4.126282632350921631e-01 -1.949550509452819824e+00 -4.864867627620697021e-01 -1.590457201004028320e+00 -1.681738853454589844e+00
-6.402873039245605469e+00 -3.174219429492950439e-01 1.940286636352539062e+00 9.550206184387207031e+00 -8.451099395751953125e+00 2.672135591506958008e+00 -5.002332687377929688e+00 1.456918418407440186e-01 -1.698356717824935913e-01 4.529409885406494141e+00 -1.645149230957031250e+00 -3.703406572341918945e+00 -7.619717121124267578e-01 -2.749759674072265625e+00 -4.942047595977783203e+00
-1.416357994079589844e+00 7.443298101425170898e-01 2.412322282791137695e+00 7.613764762878417969e+00 -1.792126536369323730e+00 4.761764049530029297e+00 2.327677309513092041e-01 1.078442096710205078e+00 -1.166216731071472168e+00 6.752333164215087891e+00 1.971578717231750488e+00 -5.090917110443115234e+00 -1.780077815055847168e+00 4.010801315307617188e+00 2.648764550685882568e-01
-1.829790949821472168e+00 2.576409339904785156e+00 -4.999543666839599609e+00 9.282276153564453125e+00 -7.521797657012939453e+00 7.490978717803955078e+00 -1.062454700469970703e+00 4.058383464813232422e+00 -2.547695398330688477e+00 5.923845767974853516e+00 5.428862571716308594e-01 -5.185189247131347656e+00 -2.914949893951416016e+00 1.254832506179809570e+00 -2.909000158309936523e+00
2.977953990921378136e-03 2.962007045745849609e+00 5.554679036140441895e-01 6.528583049774169922e+00 -3.389485120773315430e+00 9.892747879028320312e+00 -2.897687673568725586e+00 -3.907187879085540771e-01 1.271324232220649719e-03 -4.831092357635498047e+00 -2.712966680526733398e+00 -5.327641487121582031e+00 1.284088969230651855e+00 7.918851971626281738e-01 2.822119712829589844e+00
-1.373099684715270996e+00 -2.634216785430908203e+00 -9.896824955940246582e-01 9.735928535461425781e+00 -1.517407298088073730e+00 1.076998996734619141e+01 -7.864879965782165527e-01 5.458208560943603516e+00 4.192908763885498047e+00 3.494382143020629883e+00 -1.196746349334716797e+00 -8.353523254394531250e+00 -8.093240261077880859e-01 -3.249180555343627930e+00 1.105104923248291016e+00
-5.805374622344970703e+00 7.230783700942993164e-01 3.012553043663501740e-02 8.754778861999511719e+00 -7.420237541198730469e+00 3.942299604415893555e+00 -5.643134117126464844e+00 -1.033492326736450195e+00 8.589820936322212219e-03 2.503600358963012695e+00 -2.538697957992553711e+00 -2.156281471252441406e+00 -1.488827109336853027e+00 -3.039277791976928711e+00 -3.293049812316894531e+00
6.627003669738769531e+00 6.996766090393066406e+00 -2.451956748962402344e+00 1.223158740997314453e+01 -5.633201122283935547e+00 9.549113273620605469e+00 -6.370986938476562500e+00 2.345026731491088867e+00 3.159734249114990234e+00 2.345030069351196289e+00 -1.519703626632690430e+00 2.397636175155639648e+00 -1.400097489356994629e+00 1.808961987495422363e+00 -1.434755802154541016e+00
-4.127974033355712891e+00 3.739998579025268555e+00 2.072426080703735352e+00 6.656848430633544922e+00 -9.183069229125976562e+00 6.549163818359375000e+00 -7.659511089324951172e+00 5.270667552947998047e+00 -1.491173863410949707e+00 4.839523792266845703e+00 3.450157403945922852e+00 1.358211040496826172e+00 -9.037811756134033203e-01 2.778372466564178467e-01 -9.865230917930603027e-01
2.160612821578979492e+00 5.104146957397460938e+00 5.687128901481628418e-01 7.104751110076904297e+00 -3.295132398605346680e+00 1.106461620330810547e+01 -2.672464847564697266e+00 7.353160977363586426e-01 -6.074416041374206543e-01 -4.371885776519775391e+00 -3.091892242431640625e+00 -4.745861530303955078e+00 2.263989925384521484e+00 5.811734199523925781e-01 4.020127281546592712e-02
-4.755645751953125000e+00 -1.077986955642700195e+00 2.297605514526367188e+00 1.248625946044921875e+01 -5.341091632843017578e+00 5.563303470611572266e+00 -4.015029907226562500e+00 -6.152845025062561035e-01 1.609918236732482910e+00 1.994108080863952637e+00 -2.102354764938354492e+00 -3.339735984802246094e+00 -5.947939753532409668e-01 -4.376163959503173828e+00 -5.809029579162597656e+00
3.268786191940307617e+00 3.799194812774658203e+00 -3.094927787780761719e+00 1.093505573272705078e+01 -4.813425064086914062e+00 8.604801177978515625e+00 -6.507246494293212891e+00 2.496736049652099609e+00 2.246448278427124023e+00 1.975011467933654785e+00 -1.007122755050659180e+00 1.701501488685607910e+00 -1.639345407485961914e+00 1.611550807952880859e+00 8.460613340139389038e-02
-5.486828088760375977e-01 -2.085566043853759766e+00 -6.536475658416748047e+00 6.289631843566894531e+00 -4.553196907043457031e+00 3.826101779937744141e+00 1.679572105407714844e+00 -1.634599924087524414e+00 -2.773688137531280518e-01 2.993351697921752930e+00 9.580994844436645508e-01 -4.385244846343994141e+00 -2.878753900527954102e+00 -1.862862467765808105e+00 3.293408155441284180e+00
8.335571289062500000e-01 -1.664880752563476562e+00 8.195820450782775879e-01 8.024889945983886719e+00 -4.813260078430175781e+00 5.009598255157470703e+00 -6.429320812225341797e+00 7.577209949493408203e+00 7.350450992584228516e+00 2.158083438873291016e+00 -9.993757605552673340e-01 -3.017805814743041992e+00 -3.983570262789726257e-02 1.165509000420570374e-01 -2.082350015640258789e+00
-5.787589550018310547e-01 3.582901716232299805e+00 1.440610170364379883e+00 3.197450876235961914e+00 -3.658409357070922852e+00 9.008301734924316406e+00 -2.756084918975830078e+00 1.856168210506439209e-01 -4.630955696105957031e+00 5.840538978576660156e+00 -3.461645841598510742e+00 -5.347098350524902344e+00 -9.885200262069702148e-01 -5.714600563049316406e+00 -5.548793792724609375e+00
-5.043984413146972656e+00 1.672719597816467285e+00 3.654953837394714355e-02 1.077128791809082031e+01 -7.277827262878417969e+00 2.622217893600463867e+00 -5.690600395202636719e+00 -9.585902094841003418e-02 -2.075876742601394653e-01 2.363571882247924805e+00 -1.460319280624389648e+00 -1.130189657211303711e+00 1.688407510519027710e-01 -4.321120262145996094e+00 -6.752343177795410156e+00
-1.247586369514465332e+00 3.736287117004394531e+00 1.005915522575378418e+00 2.726135015487670898e+00 -3.443527221679687500e+00 7.361290454864501953e+00 -3.896712541580200195e+00 -6.427899003028869629e-02 -4.980536937713623047e+00 4.726292133331298828e+00 -2.314909458160400391e+00 -6.626989841461181641e+00 -9.504390358924865723e-01 -2.846807003021240234e+00 -2.814382314682006836e+00
1.914996027946472168e+00 1.898993968963623047e+00 -7.758803963661193848e-01 1.051887893676757812e+01 -2.119668006896972656e+00 1.142339038848876953e+01 -6.353070259094238281e+00 2.642663955688476562e+00 -5.703699588775634766e+00 1.603981971740722656e+00 -4.076860904693603516e+00 -1.348297357559204102e+00 -5.243191719055175781e+00 -2.148827075958251953e+00 7.047921419143676758e-01
4.139544963836669922e-01 2.864363193511962891e+00 1.206077337265014648e+00 6.383781909942626953e+00 -6.415984630584716797e+00 6.892967700958251953e+00 -2.162672281265258789e+00 -3.146855354309082031e+00 -1.705097794532775879e+00 -6.707561612129211426e-01 5.686673164367675781e+00 -8.015849113464355469e+00 1.567514300346374512e+00 -5.606876373291015625e+00 -2.036104679107666016e+00
1.806431174278259277e+00 3.044052600860595703e+00 -2.976851463317871094e+00 1.035724639892578125e+01 -5.764222621917724609e+00 6.776196956634521484e+00 -6.702655792236328125e+00 1.080956459045410156e+00 1.719509005546569824e+00 1.935423851013183594e+00 -2.289321899414062500e+00 1.833892464637756348e+00 -1.176916360855102539e+00 1.005837678909301758e+00 -2.885587513446807861e-01
1.729670286178588867e+00 -1.348381996154785156e+00 -2.979376725852489471e-02 6.655086994171142578e+00 -4.346839904785156250e+00 3.687011241912841797e+00 -6.789323806762695312e+00 5.254581451416015625e+00 6.717294216156005859e+00 1.108668088912963867e+00 -2.547345876693725586e+00 -2.902168512344360352e+00 -1.067208409309387207e+00 7.172616720199584961e-01 4.234451949596405029e-01
