2.750460430979728699e-02 3.451462090015411377e-01 -2.245799601078033447e-01 -1.736194826662540436e-02 5.201790109276771545e-02
-8.470944315195083618e-02 2.199347466230392456e-01 -2.082120031118392944e-01 -2.070307545363903046e-02 2.935048043727874756e-01
1.249907985329627991e-01 3.042683005332946777e-01 -2.322131991386413574e-01 -2.364885993301868439e-02 1.324570737779140472e-02
4.462336376309394836e-02 4.207194149494171143e-01 -2.890561819076538086e-01 7.419607788324356079e-02 5.961037054657936096e-02
4.376536309719085693e-01 1.186728253960609436e-01 -1.452844887971878052e-01 5.737569183111190796e-02 -1.457167416810989380e-01
-1.366323083639144897e-01 4.439914599061012268e-02 -2.504750490188598633e-01 -1.061939522624015808e-01 1.642117649316787720e-01
5.855009332299232483e-02 2.863709330558776855e-01 -2.020004838705062866e-01 6.497269496321678162e-03 1.276178061962127686e-01
1.743163317441940308e-01 -7.701302319765090942e-02 -3.890694677829742432e-02 2.249083071947097778e-01 -2.993008792400360107e-01
-1.641099750995635986e-01 -1.127500459551811218e-02 -5.532220005989074707e-02 -4.238865524530410767e-02 3.436917364597320557e-01
2.247883751988410950e-02 -3.081960603594779968e-02 9.301421791315078735e-02 -1.410157419741153717e-02 2.533610463142395020e-01
-6.216980144381523132e-02 -5.354909226298332214e-02 2.477159909904003143e-02 1.553221046924591064e-01 -2.649274170398712158e-01
1.680753007531166077e-02 4.707464575767517090e-01 -2.812530398368835449e-01 4.484098032116889954e-02 6.828660517930984497e-02
1.203591227531433105e-01 1.165911108255386353e-01 -1.354476511478424072e-01 1.308228634297847748e-02 1.103688850998878479e-01
3.645233111456036568e-03 2.094095200300216675e-01 -1.848311424255371094e-01 -1.080735176801681519e-01 3.244757950305938721e-01
-1.238773856312036514e-02 3.651768863201141357e-01 -2.426842600107192993e-01 1.085277050733566284e-01 2.833749912679195404e-02
1.658786684274673462e-01 6.923835724592208862e-02 1.003934741020202637e-01 2.028298079967498779e-01 1.632932424545288086e-01
1.690582334995269775e-01 1.950014978647232056e-01 -6.213347241282463074e-02 -9.779831394553184509e-03 -2.054955810308456421e-01
1.317179948091506958e-01 1.623711138963699341e-01 -1.899668388068675995e-02 -3.773418441414833069e-02 1.514069885015487671e-01
2.115097045898437500e-01 4.051076993346214294e-02 -2.110726386308670044e-01 1.013281419873237610e-01 -8.873431384563446045e-02
1.186314821243286133e-01 9.173330664634704590e-02 6.757900118827819824e-02 -7.037315517663955688e-02 1.443420201539993286e-01
3.296747505664825439e-01 3.712282478809356689e-01 -4.652356505393981934e-01 1.624624244868755341e-02 -1.322935223579406738e-01
2.583150267601013184e-01 1.238405182957649231e-01 -1.449830085039138794e-01 1.283373385667800903e-01 -1.252927631139755249e-01
1.625938266515731812e-01 4.202354326844215393e-02 -1.033082231879234314e-01 2.419634759426116943e-01 3.015801310539245605e-01
-1.651085913181304932e-02 -6.525195389986038208e-02 -1.160166114568710327e-01 -6.142368167638778687e-02 2.612555027008056641e-01
9.215888381004333496e-02 1.054933965206146240e-01 -2.361832112073898315e-01 2.027672827243804932e-01 1.551895029842853546e-02
1.735614538192749023e-01 -1.904320865869522095e-01 -3.003703989088535309e-02 2.639719843864440918e-01 -1.972705870866775513e-01
-1.534563768655061722e-02 3.750106394290924072e-01 -2.365601360797882080e-01 -5.885312333703041077e-03 3.724722191691398621e-02
1.390655785799026489e-01 1.128371879458427429e-01 1.126823276281356812e-01 1.045948937535285950e-01 2.446978688240051270e-01
9.807330369949340820e-02 2.212795913219451904e-01 -1.588818728923797607e-01 1.360676996409893036e-02 4.689135029911994934e-02
4.049620404839515686e-02 7.335899025201797485e-02 2.299262583255767822e-01 1.791345179080963135e-01 3.516834601759910583e-02
-4.195433575659990311e-03 6.060426309704780579e-02 -9.363964200019836426e-02 -4.819110780954360962e-02 2.767657339572906494e-01
2.927341163158416748e-01 5.035483092069625854e-02 -2.659221924841403961e-02 1.850852966308593750e-01 1.276988238096237183e-01
1.613409370183944702e-01 1.130432114005088806e-01 -1.872385293245315552e-01 -1.241673231124877930e-01 1.890465170145034790e-01
-8.233358152210712433e-03 3.050063550472259521e-01 -2.828506827354431152e-01 3.985583037137985229e-02 1.169033646583557129e-01
1.545726805925369263e-01 1.109593808650970459e-01 5.433057248592376709e-02 3.542955219745635986e-02 1.308690905570983887e-01
3.398476913571357727e-02 3.002738356590270996e-01 -2.228076905012130737e-01 -5.766141414642333984e-02 -2.853622473776340485e-02
9.051255881786346436e-02 1.217573359608650208e-01 -2.092434912919998169e-01 -1.995143443346023560e-01 3.072951547801494598e-02
2.369209229946136475e-01 1.184393763542175293e-01 -1.700012236833572388e-01 3.159185871481895447e-03 -1.114140376448631287e-01
-1.111286599189043045e-02 -1.851064711809158325e-02 2.286071479320526123e-01 -6.357710808515548706e-02 1.628957241773605347e-01
8.127269148826599121e-02 1.601974368095397949e-01 -9.641753137111663818e-02 2.835026197135448456e-02 1.359560638666152954e-01
5.651910975575447083e-02 2.170670330524444580e-01 1.160619221627712250e-02 1.957065463066101074e-01 5.104921385645866394e-02
7.044427096843719482e-02 2.720614373683929443e-01 -1.754137575626373291e-01 -4.535175859928131104e-02 1.124310567975044250e-01
-8.138336241245269775e-02 5.148440971970558167e-02 -1.183548644185066223e-01 5.974131077527999878e-02 2.204161733388900757e-01
1.551768332719802856e-01 2.159898281097412109e-01 -1.365633606910705566e-01 7.158709689974784851e-03 9.566213935613632202e-02
-5.142971500754356384e-02 8.621554821729660034e-03 -1.754529029130935669e-01 1.780840009450912476e-01 -2.355856299400329590e-01
1.217632368206977844e-01 1.916412115097045898e-01 -8.179944008588790894e-02 3.445275872945785522e-02 -8.157329261302947998e-02
1.417586486786603928e-02 2.165455371141433716e-03 -2.051698863506317139e-01 3.240649239160120487e-04 2.179910056293010712e-02
3.347429931163787842e-01 8.845518529415130615e-02 -9.510568529367446899e-02 -2.752190455794334412e-03 1.018657237291336060e-01
-1.249293703585863113e-02 6.979677826166152954e-03 1.933253109455108643e-01 1.462598145008087158e-01 1.883443146944046021e-01
6.174371764063835144e-02 2.635796740651130676e-02 -1.727350801229476929e-01 1.477884948253631592e-01 9.507879614830017090e-02
-8.115115016698837280e-02 3.908418715000152588e-01 -4.476088583469390869e-01 1.838695444166660309e-02 -3.501784428954124451e-02
-5.553201958537101746e-02 1.763835847377777100e-01 -1.918102800846099854e-01 1.537811905145645142e-01 -2.908022701740264893e-01
-8.653084188699722290e-02 3.644970059394836426e-01 -3.672999739646911621e-01 -1.208488717675209045e-01 7.281944900751113892e-02
4.103061929345130920e-02 1.515370160341262817e-01 4.058910161256790161e-02 -4.401531815528869629e-02 -6.081978231668472290e-02
-4.257963970303535461e-02 6.803587824106216431e-02 -7.763572782278060913e-02 1.165044680237770081e-01 -1.034163236618041992e-01
1.236540973186492920e-01 1.126142442226409912e-01 -4.140663146972656250e-01 -1.221743822097778320e-01 7.202725112438201904e-02
-3.231015428900718689e-02 1.149561628699302673e-01 8.083870634436607361e-03 -1.966903172433376312e-02 1.551600545644760132e-01
-7.119040191173553467e-02 8.793847262859344482e-02 -1.006525605916976929e-01 2.278074026107788086e-01 7.767598330974578857e-02
-1.558806747198104858e-01 2.619178220629692078e-02 2.656419277191162109e-01 2.046724110841751099e-01 1.294016391038894653e-01
-1.062004566192626953e-01 -5.898962542414665222e-02 1.970766298472881317e-02 -8.781014382839202881e-02 1.489268988370895386e-01
4.511823132634162903e-02 1.752979159355163574e-01 -2.919732965528964996e-02 -1.845514327287673950e-01 2.431680411100387573e-01
2.084106653928756714e-01 -1.938645690679550171e-01 -1.235017105937004089e-01 2.303577214479446411e-01 -3.615744039416313171e-02
1.788290217518806458e-02 1.700865924358367920e-01 -3.950930759310722351e-02 1.802058070898056030e-01 -2.576655447483062744e-01
-3.627542778849601746e-02 1.053192690014839172e-01 7.488609850406646729e-02 -2.971676178276538849e-02 1.073205769062042236e-01
7.215591520071029663e-02 3.540807366371154785e-01 -2.491308003664016724e-01 8.115819841623306274e-02 2.444936148822307587e-02
4.200768172740936279e-01 5.399549379944801331e-02 -2.487811297178268433e-01 2.563792467117309570e-01 -1.546899378299713135e-01
-5.351089686155319214e-02 1.915002614259719849e-01 -4.604286849498748779e-01 -1.318811178207397461e-01 2.017942816019058228e-01
-3.829055652022361755e-02 1.678032428026199341e-01 1.998360008001327515e-01 1.993153989315032959e-01 8.858092874288558960e-02
5.242695286870002747e-02 -8.210968226194381714e-03 2.564719915390014648e-01 1.664936542510986328e-01 2.590167820453643799e-01
2.314226478338241577e-01 1.745997667312622070e-01 -2.172082811594009399e-01 6.428916007280349731e-02 9.240621328353881836e-02
3.371230140328407288e-02 2.105391398072242737e-02 -1.115613728761672974e-01 2.316882312297821045e-01 -4.027493670582771301e-02
1.491200327873229980e-01 7.405935972929000854e-02 1.265471428632736206e-01 2.258417904376983643e-01 1.747151911258697510e-01
-5.908307619392871857e-03 2.004079371690750122e-01 -2.308051586151123047e-01 -9.833404794335365295e-03 -1.520865261554718018e-01
-1.453283876180648804e-01 -5.168388411402702332e-02 -9.831717610359191895e-02 -1.405206322669982910e-01 3.223504722118377686e-01
1.883999556303024292e-01 3.135772049427032471e-01 -2.381182610988616943e-01 9.620390087366104126e-02 -8.458472788333892822e-02
-7.663340866565704346e-02 2.912928164005279541e-01 -1.828002184629440308e-01 2.370583079755306244e-02 9.558440744876861572e-02
1.212430894374847412e-01 -9.229185432195663452e-02 1.003626286983489990e-01 3.998048007488250732e-01 -2.049291878938674927e-01
3.023415803909301758e-01 2.504953742027282715e-01 -1.719007939100265503e-01 1.748994924128055573e-02 -9.950555115938186646e-02
1.061769276857376099e-01 2.273059636354446411e-01 -2.780619263648986816e-01 -1.266810745000839233e-01 2.550705969333648682e-01
4.986469447612762451e-02 -1.096309870481491089e-01 4.547959193587303162e-03 3.330625295639038086e-01 -2.146875113248825073e-01
7.748798280954360962e-02 2.604733407497406006e-01 -2.793747782707214355e-01 -4.571021348237991333e-02 1.257112175226211548e-01
1.701205521821975708e-01 -2.957318350672721863e-02 -6.506543606519699097e-02 -9.044586867094039917e-02 1.674565523862838745e-01
2.471872419118881226e-01 1.704696714878082275e-01 -2.355360239744186401e-01 9.925846010446548462e-02 2.386300861835479736e-01
-2.164321690797805786e-01 1.180135086178779602e-02 5.930142104625701904e-02 1.161741279065608978e-02 2.343939691781997681e-01
-8.889649994671344757e-03 2.099809348583221436e-01 -2.370629757642745972e-01 3.925732150673866272e-02 -2.232462614774703979e-01
1.274540554732084274e-02 3.227976858615875244e-01 -3.102830350399017334e-01 -5.500912293791770935e-02 3.002290241420269012e-02
1.507232934236526489e-01 2.593177258968353271e-01 -2.609689906239509583e-02 -5.965182930231094360e-02 -2.714531309902667999e-02
1.218233630061149597e-01 3.382375463843345642e-02 -2.212764471769332886e-01 6.155106797814369202e-02 -4.631804674863815308e-02
5.203142762184143066e-02 4.126130416989326477e-02 -2.861691452562808990e-02 7.669997215270996094e-02 1.007387489080429077e-01
5.691180005669593811e-02 3.566642105579376221e-01 -2.129692584276199341e-01 2.858607331290841103e-05 1.255423389375209808e-02
1.936101168394088745e-01 1.467216163873672485e-01 -9.049801528453826904e-02 -1.093106493353843689e-01 -7.417264580726623535e-02
-1.692194864153862000e-02 -1.031386479735374451e-02 3.727595508098602295e-01 2.216952592134475708e-01 1.244976669549942017e-01
3.416922315955162048e-02 -1.648439094424247742e-02 -8.642950654029846191e-02 2.726897895336151123e-01 -3.221486806869506836e-01
2.283104807138442993e-01 2.514050900936126709e-01 -2.111641615629196167e-01 1.676005721092224121e-01 -2.646079063415527344e-01
9.935323148965835571e-02 4.113744497299194336e-01 -4.996355175971984863e-01 -7.700461894273757935e-02 2.927754633128643036e-02
2.837441265583038330e-01 2.479460537433624268e-01 -1.996474713087081909e-01 8.947758376598358154e-02 -1.209290623664855957e-01
2.349677383899688721e-01 1.644548475742340088e-01 -4.046389088034629822e-02 -2.444613538682460785e-02 -1.064681559801101685e-01
2.706729248166084290e-02 1.061911061406135559e-01 -3.042825460433959961e-01 -5.347989499568939209e-02 1.352317333221435547e-01
2.390472590923309326e-01 1.426252275705337524e-01 -1.749751120805740356e-01 -5.506543815135955811e-02 -1.158189997076988220e-01
2.768180668354034424e-01 -1.570965051651000977e-01 9.710359573364257812e-02 3.269383907318115234e-01 -2.010641247034072876e-01
