2.331584990024566650e-01 1.117953956127166748e-01 2.309649437665939331e-01 6.053854227066040039e-01 7.431806623935699463e-02 2.563005387783050537e-01 5.158272385597229004e-01 2.449959069490432739e-01 -2.291953563690185547e-01 2.788474261760711670e-01 3.768049180507659912e-01 9.511004388332366943e-02 3.442631661891937256e-01 5.705370306968688965e-01 -1.251779943704605103e-01
2.073106169700622559e-01 1.994643658399581909e-01 -1.617090404033660889e-02 3.513414859771728516e-01 3.718497455120086670e-01 -5.281369760632514954e-02 2.773922681808471680e-01 9.351877123117446899e-02 -1.216299924999475479e-02 3.216121792793273926e-01 -1.099151074886322021e-01 -2.326560318470001221e-01 2.480490654706954956e-01 -1.907544136047363281e-01 4.098828732967376709e-01
2.997662723064422607e-01 1.914966255426406860e-01 6.688721477985382080e-02 5.775248408317565918e-01 -7.129072397947311401e-02 2.463344335556030273e-01 3.566673696041107178e-01 2.822318673133850098e-01 -3.530998229980468750e-01 4.413077831268310547e-01 3.534778058528900146e-01 2.371272295713424683e-01 2.213609963655471802e-01 5.031425952911376953e-01 -1.371752917766571045e-01
8.717188984155654907e-02 7.412841916084289551e-02 1.036543399095535278e-01 5.396118164062500000e-01 -4.947272315621376038e-02 2.014698088169097900e-01 3.125940859317779541e-01 1.944557726383209229e-01 -3.291600346565246582e-01 4.026889801025390625e-01 3.727430105209350586e-01 2.850803732872009277e-01 3.258722126483917236e-01 4.926977455615997314e-01 -8.201215416193008423e-02
1.882720887660980225e-01 2.258293628692626953e-01 5.647443607449531555e-02 3.315368890762329102e-01 2.516683936119079590e-01 -8.968101441860198975e-02 -1.392950024455785751e-02 -2.281730473041534424e-01 3.171880543231964111e-01 -2.944080159068107605e-02 3.927305340766906738e-01 2.407054901123046875e-01 2.538308799266815186e-01 -1.530110370367765427e-02 2.920133471488952637e-01
-2.682488411664962769e-02 3.271069824695587158e-01 -9.345196932554244995e-02 2.899888530373573303e-02 2.708206772804260254e-01 4.189485311508178711e-01 1.373775154352188110e-01 2.799963951110839844e-02 4.627845585346221924e-01 4.415267109870910645e-01 1.271005123853683472e-01 -2.826731652021408081e-03 5.865497514605522156e-02 1.043976098299026489e-01 1.462600380182266235e-01
1.646564304828643799e-01 1.123936474323272705e-01 1.201462447643280029e-01 5.113078355789184570e-01 1.072448715567588806e-01 2.259088605642318726e-01 4.347840249538421631e-01 2.509299516677856445e-01 -2.150019258260726929e-01 3.620567321777343750e-01 2.223831713199615479e-01 1.648394912481307983e-01 3.547769486904144287e-01 4.824064970016479492e-01 -1.221725642681121826e-01
1.505683958530426025e-01 1.323023438453674316e-01 -2.183506786823272705e-01 1.195749640464782715e-01 3.365869820117950439e-01 2.400999367237091064e-01 -2.008122950792312622e-02 -2.365669980645179749e-02 2.243921309709548950e-01 5.706505775451660156e-01 -1.079278662800788879e-01 9.474310278892517090e-02 4.063986539840698242e-01 6.408216804265975952e-02 1.196312308311462402e-01
1.244180575013160706e-01 7.990226149559020996e-02 4.402115941047668457e-02 4.138859212398529053e-01 3.690310418605804443e-01 -1.469186991453170776e-01 3.326719105243682861e-01 1.523139476776123047e-01 5.656647682189941406e-02 4.030555486679077148e-01 9.876547008752822876e-02 -2.268316447734832764e-01 3.866716921329498291e-01 -3.582018241286277771e-02 3.248864114284515381e-01
2.473923563957214355e-01 1.231173798441886902e-02 1.714690402150154114e-02 4.329159259796142578e-01 4.069382548332214355e-01 -2.103904634714126587e-01 3.504010140895843506e-01 7.391122728586196899e-02 2.013532221317291260e-01 4.266269803047180176e-01 8.838076144456863403e-02 -9.427018463611602783e-02 3.299407064914703369e-01 4.321556165814399719e-02 3.879483044147491455e-01
-3.071867674589157104e-02 8.205186575651168823e-03 -1.395397037267684937e-01 1.340065002441406250e-01 4.190320074558258057e-01 1.371550112962722778e-01 -3.731632139533758163e-03 -7.893460243940353394e-02 -4.745617508888244629e-02 3.959693908691406250e-01 -1.519069671630859375e-01 3.886926174163818359e-02 1.958677321672439575e-01 1.604486703872680664e-01 1.696843206882476807e-01
3.062588274478912354e-01 2.424697130918502808e-01 2.273616343736648560e-01 5.823835730552673340e-01 -3.492479398846626282e-02 2.883903980255126953e-01 6.496383547782897949e-01 2.354273349046707153e-01 -3.992075026035308838e-01 5.294161438941955566e-01 4.282023012638092041e-01 1.846464723348617554e-01 4.104946553707122803e-01 6.824023127555847168e-01 3.574908478185534477e-03
4.806729406118392944e-02 1.068523973226547241e-01 4.468972980976104736e-02 -1.358370333909988403e-01 1.103050112724304199e-01 1.123940870165824890e-01 1.879298835992813110e-01 7.613303512334823608e-02 -4.211273789405822754e-02 1.688597798347473145e-01 -3.135026991367340088e-02 1.485148072242736816e-01 4.806540906429290771e-01 -1.448687445372343063e-02 1.393254101276397705e-01
2.815137803554534912e-02 -4.643236473202705383e-02 -1.999521255493164062e-02 2.783620357513427734e-01 4.477007687091827393e-01 -4.280004277825355530e-02 3.548551797866821289e-01 -1.975518092513084412e-02 2.157843559980392456e-01 4.687236249446868896e-01 4.728411510586738586e-02 -1.886618137359619141e-01 3.072006702423095703e-01 -3.470322862267494202e-02 4.311234951019287109e-01
1.510089337825775146e-01 1.581989228725433350e-01 5.978503078222274780e-02 4.507151544094085693e-01 8.626329898834228516e-02 2.802243232727050781e-01 4.811567962169647217e-01 2.349140495061874390e-01 -1.496538072824478149e-01 4.671716094017028809e-01 4.358300864696502686e-01 1.092141270637512207e-01 3.673242628574371338e-01 6.233308911323547363e-01 -1.284376084804534912e-01
9.488423913717269897e-02 1.562969833612442017e-01 -1.656872928142547607e-01 5.013485625386238098e-02 6.347463279962539673e-02 1.424572765827178955e-01 1.800638735294342041e-01 -9.152957051992416382e-02 2.788001894950866699e-01 2.303153574466705322e-01 2.539981603622436523e-01 1.521464437246322632e-01 3.816219866275787354e-01 2.347091734409332275e-01 -1.280216276645660400e-01
2.261286675930023193e-01 2.937963306903839111e-01 -2.952586859464645386e-02 2.102967351675033569e-01 6.807651519775390625e-01 5.346412062644958496e-01 3.995099961757659912e-01 -1.275562942028045654e-01 1.023121830075979233e-02 6.398935317993164062e-01 4.408465027809143066e-01 1.569465920329093933e-02 1.369810849428176880e-01 2.411540001630783081e-01 4.748831093311309814e-01
3.854831308126449585e-02 1.499666869640350342e-01 1.098621869459748268e-03 1.035197451710700989e-02 1.369507983326911926e-02 1.054249629378318787e-01 1.181615591049194336e-01 9.916374832391738892e-02 -4.745305702090263367e-02 1.400954425334930420e-01 5.063216015696525574e-02 1.493370234966278076e-01 4.910860061645507812e-01 -3.042317368090152740e-02 6.928735971450805664e-02
1.005745157599449158e-01 5.396055057644844055e-02 -1.948788315057754517e-01 1.058833301067352295e-01 2.589607834815979004e-01 1.838171184062957764e-01 -8.329610526561737061e-02 -8.418564684689044952e-03 9.497217833995819092e-02 5.659541487693786621e-01 -9.324298799037933350e-02 4.534674808382987976e-02 2.815070748329162598e-01 2.126203775405883789e-01 1.140401661396026611e-01
-1.501103341579437256e-01 7.485838234424591064e-02 7.920448482036590576e-02 4.214418306946754456e-02 1.938714236021041870e-01 7.733409851789474487e-02 1.724518686532974243e-01 3.172273980453610420e-03 3.894193470478057861e-02 1.481197178363800049e-01 -4.906326532363891602e-02 1.824702471494674683e-01 5.545334219932556152e-01 -1.270919740200042725e-01 1.253503654152154922e-02
4.419733583927154541e-01 2.788123488426208496e-01 -1.744437068700790405e-01 1.266099363565444946e-01 1.712306588888168335e-01 2.547378838062286377e-01 3.448603153228759766e-01 1.779328882694244385e-01 1.692637652158737183e-01 3.680631518363952637e-01 -3.991102427244186401e-02 2.283526957035064697e-01 2.522374317049980164e-02 -6.469836086034774780e-02 -1.484737247228622437e-01
2.182864844799041748e-01 2.728839516639709473e-01 -2.484252601861953735e-01 4.276642203330993652e-02 4.827587008476257324e-01 2.212189435958862305e-01 1.938668787479400635e-01 -1.053801253437995911e-01 3.695993125438690186e-01 1.892674565315246582e-01 2.515857815742492676e-01 1.171127334237098694e-02 1.300727874040603638e-01 1.671851575374603271e-01 5.666927993297576904e-02
1.102364659309387207e-01 2.403937876224517822e-01 -4.290586337447166443e-02 3.705913200974464417e-02 3.075610473752021790e-02 2.564453780651092529e-01 3.615572154521942139e-01 1.543348282575607300e-01 -2.366736233234405518e-01 1.803089678287506104e-01 4.323922097682952881e-01 -5.404425784945487976e-02 2.210759222507476807e-01 2.731414139270782471e-01 1.390928328037261963e-01
1.209585294127464294e-01 4.857136681675910950e-02 4.295622929930686951e-02 2.949860394001007080e-01 4.254599809646606445e-01 5.955987796187400818e-02 2.683044373989105225e-01 1.434557046741247177e-02 5.710422992706298828e-02 3.567847907543182373e-01 1.913454569876194000e-02 -1.609268188476562500e-01 2.637222111225128174e-01 4.320297017693519592e-02 3.433929979801177979e-01
-3.877615928649902344e-02 -4.755090922117233276e-02 -2.136469185352325439e-01 1.278773397207260132e-01 3.785739839076995850e-01 9.442139416933059692e-02 -1.346675306558609009e-01 -9.192889183759689331e-02 1.902624266222119331e-03 5.485919117927551270e-01 -2.098193764686584473e-01 3.970151022076606750e-02 3.006854057312011719e-01 1.500781774520874023e-01 1.643388122320175171e-01
9.460118412971496582e-02 -4.587347432971000671e-02 -2.253655046224594116e-01 3.391417115926742554e-02 3.362140953540802002e-01 1.460718065500259399e-01 1.057607773691415787e-02 -4.936789348721504211e-02 -5.634881090372800827e-04 4.766112565994262695e-01 -9.865622967481613159e-02 -6.572806835174560547e-02 1.840661615133285522e-01 1.020986512303352356e-01 1.646373718976974487e-01
4.805921763181686401e-02 1.594239324331283569e-01 5.362237244844436646e-02 6.367028951644897461e-01 -2.014703676104545593e-02 1.602627336978912354e-01 4.055567681789398193e-01 2.800293564796447754e-01 -2.187008410692214966e-01 2.993074059486389160e-01 3.886728584766387939e-01 2.775593101978302002e-01 4.288018345832824707e-01 5.331920981407165527e-01 -1.157523170113563538e-01
1.799788475036621094e-01 3.085510432720184326e-01 -2.224385887384414673e-01 1.028693020343780518e-01 1.175291538238525391e-01 2.094104140996932983e-01 2.070379108190536499e-01 -5.204646661877632141e-02 3.514704704284667969e-01 3.964869379997253418e-01 2.445733100175857544e-01 2.326596081256866455e-01 3.449809551239013672e-01 2.778663933277130127e-01 -2.270224988460540771e-01
1.217522472143173218e-01 1.688985377550125122e-01 1.279049366712570190e-01 6.295340061187744141e-01 1.119946241378784180e-01 1.958815604448318481e-01 3.944644033908843994e-01 2.006317079067230225e-01 -1.811055690050125122e-01 3.257138431072235107e-01 4.426285028457641602e-01 9.977856278419494629e-02 3.237231671810150146e-01 4.441650807857513428e-01 6.550277769565582275e-02
1.210880503058433533e-01 2.158077508211135864e-01 -2.057155966758728027e-01 7.754021883010864258e-02 1.860159486532211304e-01 2.459984421730041504e-01 2.647361457347869873e-01 -3.873387351632118225e-02 2.530703544616699219e-01 2.202863097190856934e-01 2.674981951713562012e-01 1.520911157131195068e-01 2.831187546253204346e-01 3.701933622360229492e-01 -2.688961327075958252e-01
-9.802428632974624634e-02 1.598493754863739014e-01 8.070743829011917114e-02 -8.894572407007217407e-02 1.059405580163002014e-01 6.311809271574020386e-02 2.029018700122833252e-01 -7.093497365713119507e-02 -1.018890589475631714e-01 2.545622289180755615e-01 -6.910619884729385376e-02 1.826573163270950317e-01 3.870178163051605225e-01 4.659808054566383362e-02 1.054342463612556458e-01
3.411984443664550781e-02 8.741725981235504150e-02 -2.274964004755020142e-01 3.258680179715156555e-02 7.940487563610076904e-02 2.304732240736484528e-02 8.278307318687438965e-02 -6.879561394453048706e-02 3.376925289630889893e-01 3.123646080493927002e-01 1.057508513331413269e-01 8.341941237449645996e-02 4.180169701576232910e-01 8.716610819101333618e-02 -1.153214573860168457e-01
-1.682212948799133301e-02 7.514391839504241943e-02 -3.542712032794952393e-01 5.716137960553169250e-02 3.528579697012901306e-02 2.404523491859436035e-01 1.638506725430488586e-02 -5.094460025429725647e-02 2.331248670816421509e-01 4.747113883495330811e-01 1.331546604633331299e-01 5.232290029525756836e-01 1.144375056028366089e-01 1.761350594460964203e-02 -1.272819843143224716e-02
2.023696303367614746e-01 6.672166287899017334e-02 1.235883086919784546e-01 4.968764185905456543e-01 9.148474037647247314e-02 2.595069706439971924e-01 3.611799776554107666e-01 3.439267575740814209e-01 -2.985728979110717773e-01 2.978079319000244141e-01 2.207960635423660278e-01 2.150943577289581299e-01 3.479653894901275635e-01 4.740768969058990479e-01 -9.412899613380432129e-02
-3.953009098768234253e-02 7.013261318206787109e-02 8.180532604455947876e-03 -1.650904491543769836e-02 -1.190732792019844055e-02 7.364340871572494507e-02 2.580815553665161133e-01 9.412183612585067749e-02 -8.272825926542282104e-02 3.057705163955688477e-01 -5.928127095103263855e-02 1.290908008813858032e-01 4.225233495235443115e-01 8.531515486538410187e-03 1.279556155204772949e-01
1.379480659961700439e-01 8.259113132953643799e-02 4.698141291737556458e-02 4.759075939655303955e-01 8.711504191160202026e-02 8.040090650320053101e-02 3.116748631000518799e-01 2.301923930644989014e-01 -3.934790194034576416e-01 1.654953807592391968e-01 2.053469121456146240e-01 7.874225080013275146e-02 3.608402013778686523e-01 3.531548678874969482e-01 4.416897520422935486e-02
1.891415119171142578e-01 2.668246924877166748e-01 -4.809953570365905762e-01 -2.396721392869949341e-03 9.696699678897857666e-02 3.514701128005981445e-01 -1.017244532704353333e-01 1.409959942102432251e-01 2.671563327312469482e-01 5.899123549461364746e-01 1.277340054512023926e-01 3.791718780994415283e-01 1.946653276681900024e-01 1.723997294902801514e-01 -1.434042006731033325e-01
3.229675292968750000e-01 1.998638510704040527e-01 -1.506687700748443604e-02 2.379403859376907349e-01 5.253902673721313477e-01 5.058649182319641113e-01 5.520412921905517578e-01 -2.239888310432434082e-01 4.330584779381752014e-02 5.580452084541320801e-01 4.496677815914154053e-01 3.167095407843589783e-02 1.657999604940414429e-01 3.507048189640045166e-01 4.890019297599792480e-01
2.526441514492034912e-01 2.485316395759582520e-01 -2.159013748168945312e-01 6.105365231633186340e-02 1.500146985054016113e-01 2.208262085914611816e-01 4.674549996852874756e-01 8.060756325721740723e-02 4.609480798244476318e-01 4.055036306381225586e-01 2.575899660587310791e-01 2.441930472850799561e-01 3.434356749057769775e-01 3.480920493602752686e-01 -2.798219621181488037e-01
3.943482786417007446e-02 2.192389070987701416e-01 -6.765626370906829834e-02 -3.484607115387916565e-02 -2.473556250333786011e-02 1.352882087230682373e-01 2.697459161281585693e-01 7.029081135988235474e-02 -1.259152293205261230e-01 1.123594120144844055e-01 -6.351382471621036530e-03 1.082176715135574341e-01 4.122938811779022217e-01 1.028722152113914490e-01 5.266764760017395020e-02
2.634594440460205078e-01 4.754116535186767578e-01 -1.483968049287796021e-01 2.227635085582733154e-01 1.268262267112731934e-01 2.727434635162353516e-01 4.806961417198181152e-01 -1.787169650197029114e-02 2.990159392356872559e-01 3.897461593151092529e-01 3.403129577636718750e-01 2.165683954954147339e-01 3.594603836536407471e-01 3.522787988185882568e-01 -2.528596222400665283e-01
1.558254063129425049e-01 1.022678613662719727e-01 9.450717270374298096e-02 5.733621716499328613e-01 -2.420199289917945862e-02 2.399438321590423584e-01 3.839759528636932373e-01 2.353994846343994141e-01 -2.121055871248245239e-01 3.520026803016662598e-01 4.267328381538391113e-01 1.959226727485656738e-01 3.347150087356567383e-01 6.350459456443786621e-01 -4.119534045457839966e-02
5.406013876199722290e-02 6.243829056620597839e-02 -1.439636200666427612e-02 3.893930315971374512e-01 2.787793874740600586e-01 -1.511443704366683960e-01 1.105028539896011353e-01 8.697631210088729858e-02 -3.083639591932296753e-02 5.462321639060974121e-01 -8.487937599420547485e-02 -2.508588135242462158e-01 3.562959134578704834e-01 -2.830960787832736969e-02 4.217041134834289551e-01
2.158251106739044189e-01 1.879707425832748413e-01 1.933987587690353394e-01 5.976655483245849609e-01 1.008600890636444092e-01 3.268696665763854980e-01 5.548635721206665039e-01 2.978848814964294434e-01 -3.711475729942321777e-01 4.123885631561279297e-01 3.658534884452819824e-01 1.671440899372100830e-01 3.785763084888458252e-01 5.764216780662536621e-01 3.486831486225128174e-02
-3.306901454925537109e-02 6.224016100168228149e-02 2.911744872108101845e-03 6.620854139328002930e-03 2.628838419914245605e-01 7.963851094245910645e-02 -7.840916514396667480e-02 -5.615065619349479675e-02 7.804119586944580078e-02 4.138100147247314453e-01 2.411756478250026703e-02 -9.937551617622375488e-02 -1.994587853550910950e-02 -3.544832346960902214e-03 1.660622060298919678e-01
8.709553629159927368e-02 1.784323453903198242e-01 6.041626632213592529e-02 1.634669452905654907e-01 4.741877913475036621e-01 4.108892679214477539e-01 4.280043244361877441e-01 -2.190653532743453979e-01 -3.470425680279731750e-02 6.012876629829406738e-01 3.763709664344787598e-01 4.347601160407066345e-02 2.298154532909393311e-01 2.623180747032165527e-01 4.277414381504058838e-01
1.382811963558197021e-01 1.995394527912139893e-01 -1.912812143564224243e-01 -6.799811124801635742e-02 1.250346451997756958e-01 1.429987549781799316e-01 -4.447798058390617371e-02 -1.796630322933197021e-01 -5.733960308134555817e-03 5.571095347404479980e-01 2.776313424110412598e-01 1.250271797180175781e-01 1.051212400197982788e-01 1.832913458347320557e-01 4.690124094486236572e-02
1.426980793476104736e-01 2.385062575340270996e-01 -9.303960949182510376e-02 2.796950340270996094e-01 5.741328373551368713e-02 -1.470860093832015991e-01 1.716309040784835815e-02 -7.856555283069610596e-02 3.264699280261993408e-01 1.037337630987167358e-01 1.819796711206436157e-01 2.981004714965820312e-01 2.016707509756088257e-01 5.805204436182975769e-02 8.575634658336639404e-02
-5.371231585741043091e-03 1.367640644311904907e-01 -2.280034124851226807e-01 1.540586501359939575e-01 2.133590579032897949e-01 2.392802573740482330e-02 1.062939092516899109e-01 8.538354933261871338e-02 3.603197634220123291e-01 1.597266793251037598e-01 1.877516955137252808e-01 5.017685517668724060e-02 5.230675935745239258e-01 2.361034750938415527e-01 -1.095622777938842773e-01
2.790411114692687988e-01 2.520746886730194092e-01 -2.961007654666900635e-01 1.422413289546966553e-01 1.489706784486770630e-01 3.388151228427886963e-01 1.431539803743362427e-01 -1.447570323944091797e-01 1.273434311151504517e-01 5.272001028060913086e-01 1.793040633201599121e-01 4.482931271195411682e-02 1.434396058320999146e-01 2.348678708076477051e-01 3.341220319271087646e-02
2.009092569351196289e-01 2.102311402559280396e-01 8.094943314790725708e-02 6.652304530143737793e-01 -1.030431762337684631e-01 3.638543188571929932e-01 5.322837829589843750e-01 2.473843246698379517e-01 -3.130254149436950684e-01 4.117631912231445312e-01 6.028372645378112793e-01 2.542526125907897949e-01 2.995081245899200439e-01 7.670560479164123535e-01 -1.116882264614105225e-01
-3.821671754121780396e-02 1.653597205877304077e-01 -2.305661588907241821e-01 -6.525333225727081299e-02 2.390030175447463989e-01 5.788838118314743042e-02 -1.679112464189529419e-01 -1.221169754862785339e-01 1.834280639886856079e-01 6.337333321571350098e-01 -1.708187460899353027e-01 -6.344765424728393555e-02 8.010958880186080933e-02 -1.610685586929321289e-01 1.679465919733047485e-01
1.318033039569854736e-01 1.030699461698532104e-01 1.511781960725784302e-01 5.380158424377441406e-01 8.718978613615036011e-03 2.557254135608673096e-01 4.605817794799804688e-01 2.072188854217529297e-01 -3.488425016403198242e-01 3.633497059345245361e-01 4.016407132148742676e-01 2.022753804922103882e-01 2.855124771595001221e-01 4.743855297565460205e-01 1.274992823600769043e-01
-1.221420615911483765e-01 6.050807610154151917e-02 -1.212598010897636414e-01 1.410346776247024536e-01 7.020935416221618652e-02 4.931713454425334930e-03 1.567484810948371887e-02 -1.600066423416137695e-01 -9.895180352032184601e-03 5.040586590766906738e-01 2.210656106472015381e-01 3.252171874046325684e-01 2.342714816331863403e-01 -3.847065195441246033e-02 1.140438616275787354e-01
7.142163068056106567e-02 3.103860616683959961e-01 -2.349116653203964233e-01 5.519804731011390686e-02 3.302516043186187744e-02 1.434169411659240723e-01 4.792385548353195190e-02 1.772221326828002930e-01 1.049372404813766479e-01 8.401882648468017578e-02 6.542589515447616577e-02 2.957385182380676270e-01 3.996018171310424805e-01 1.237499937415122986e-01 -4.840891808271408081e-02
3.831947594881057739e-02 2.814550101757049561e-01 -4.278520867228507996e-02 1.561183929443359375e-01 2.731310129165649414e-01 3.592589795589447021e-01 1.610895842313766479e-01 7.354073226451873779e-02 3.976304829120635986e-01 3.020737469196319580e-01 6.460352987051010132e-02 -6.117737293243408203e-02 1.460848897695541382e-01 4.813018813729286194e-02 1.864474117755889893e-01
-1.025520265102386475e-03 7.045663893222808838e-02 3.188343346118927002e-02 7.985901087522506714e-02 2.304451912641525269e-01 2.358281314373016357e-01 2.300151437520980835e-01 1.558861285448074341e-01 1.693958044052124023e-02 1.299689114093780518e-01 -7.452880591154098511e-02 6.629696488380432129e-02 4.588164985179901123e-01 -7.960761897265911102e-03 7.697764784097671509e-02
2.247607409954071045e-01 3.286924064159393311e-01 -4.448224604129791260e-02 2.101813703775405884e-01 8.080056309700012207e-02 1.425921916961669922e-01 3.217115700244903564e-01 1.642818152904510498e-01 2.326922863721847534e-01 2.530014514923095703e-01 2.343910336494445801e-01 2.921921610832214355e-01 2.941194474697113037e-01 2.706238925457000732e-01 1.222798321396112442e-02
1.830011904239654541e-01 3.318546116352081299e-01 -3.177499175071716309e-01 8.940817415714263916e-02 9.415739029645919800e-02 1.041374430060386658e-01 3.143816888332366943e-01 -7.095938175916671753e-02 2.573386728763580322e-01 4.289215803146362305e-01 1.862131357192993164e-01 3.115821182727813721e-01 3.334864974021911621e-01 1.169249191880226135e-01 -1.518664360046386719e-01
1.407646834850311279e-01 1.002267375588417053e-02 5.911728367209434509e-02 4.629201889038085938e-01 5.166836380958557129e-01 -8.726809173822402954e-02 3.930763304233551025e-01 1.668868809938430786e-01 8.082918077707290649e-02 2.569362819194793701e-01 -8.499446557834744453e-04 -3.589734435081481934e-01 3.210500776767730713e-01 3.268427029252052307e-02 4.171077907085418701e-01
-7.332258671522140503e-02 1.935254037380218506e-01 8.145324885845184326e-02 -1.707758456468582153e-01 6.545503437519073486e-02 1.102451011538505554e-01 1.168862059712409973e-01 1.736022159457206726e-02 -1.284160017967224121e-01 1.018503457307815552e-01 -1.573359817266464233e-01 1.662249118089675903e-01 4.171893596649169922e-01 1.629259437322616577e-01 -1.452126204967498779e-01
1.430093944072723389e-01 7.316990196704864502e-02 -2.710891962051391602e-01 1.520644575357437134e-01 2.831124961376190186e-01 2.199808806180953979e-01 1.149870306253433228e-01 4.961173050105571747e-03 2.473402470350265503e-01 4.940232336521148682e-01 7.518615573644638062e-02 -2.288758382201194763e-02 2.070154547691345215e-01 2.472940087318420410e-01 1.637016534805297852e-01
-1.203168854117393494e-01 6.595535576343536377e-02 -8.314476162195205688e-02 -3.655624017119407654e-02 2.442077994346618652e-01 5.679317936301231384e-02 -1.541753262281417847e-01 -9.637221693992614746e-02 2.129329591989517212e-01 2.371858060359954834e-01 5.101653933525085449e-02 -7.452493906021118164e-02 1.161531358957290649e-01 -3.236545249819755554e-02 1.392399612814188004e-02
-8.305486291646957397e-02 2.143156677484512329e-01 2.593547338619828224e-03 -7.321802526712417603e-02 1.134751886129379272e-01 7.392077893018722534e-02 1.166726350784301758e-01 4.228905308991670609e-04 3.233808279037475586e-02 4.985831305384635925e-02 -3.106013499200344086e-02 1.990082859992980957e-01 4.612314105033874512e-01 7.130851037800312042e-03 7.660768181085586548e-02
1.318307220935821533e-01 6.811276078224182129e-02 1.145597696304321289e-01 5.695481300354003906e-01 2.222442999482154846e-02 1.748488247394561768e-01 3.928445279598236084e-01 2.872921228408813477e-01 -3.402120769023895264e-01 3.359547853469848633e-01 3.538140952587127686e-01 1.533041298389434814e-01 4.064759612083435059e-01 6.293972134590148926e-01 -9.816169738769531250e-02
1.363062262535095215e-01 2.251354902982711792e-01 -1.160821989178657532e-01 7.913892716169357300e-02 9.098194539546966553e-02 1.579211056232452393e-01 2.593350112438201904e-01 6.250734440982341766e-03 1.402262002229690552e-01 1.231543347239494324e-01 3.544306159019470215e-01 3.892863914370536804e-02 5.482713505625724792e-02 1.590952426195144653e-01 2.284628339111804962e-02
2.163103967905044556e-02 3.681261837482452393e-01 1.124933594837784767e-03 5.566499009728431702e-02 3.703578710556030273e-01 3.491277694702148438e-01 1.781523078680038452e-01 -9.279636293649673462e-02 4.038013815879821777e-01 2.270092368125915527e-01 -3.633816167712211609e-02 -7.737938314676284790e-03 1.716346591711044312e-01 1.219395175576210022e-01 2.283421903848648071e-01
1.624565124511718750e-01 3.082016408443450928e-01 -1.133584156632423401e-01 1.455213129520416260e-01 -1.710602268576622009e-02 1.608358472585678101e-01 3.911763727664947510e-01 1.698280498385429382e-02 3.241288363933563232e-01 3.857640326023101807e-01 2.363117635250091553e-01 1.891636848449707031e-01 3.082849085330963135e-01 2.391915470361709595e-01 -1.859524399042129517e-01
1.127911582589149475e-01 3.103696703910827637e-01 -2.495983690023422241e-01 6.273193657398223877e-02 1.006984412670135498e-01 2.206409424543380737e-01 2.047486156225204468e-01 2.169805392622947693e-02 4.571286737918853760e-01 2.157251983880996704e-01 3.008462190628051758e-01 1.894335001707077026e-01 3.370599448680877686e-01 2.254875749349594116e-01 -3.278444409370422363e-01
2.319050431251525879e-01 2.549930512905120850e-01 -3.303095400333404541e-01 2.114627212285995483e-01 2.849203050136566162e-01 7.564460486173629761e-02 -2.126443386077880859e-02 -6.608390808105468750e-02 2.792880833148956299e-01 2.464238554239273071e-01 3.528140187263488770e-01 1.143397092819213867e-01 1.713541299104690552e-01 2.406846731901168823e-01 -6.999725103378295898e-02
1.120668053627014160e-01 3.517763316631317139e-01 -1.070843413472175598e-01 1.718555539846420288e-01 -1.820709439925849438e-03 2.085003554821014404e-01 2.221279889345169067e-01 1.807703673839569092e-01 2.569246590137481689e-01 1.381551027297973633e-01 2.024721652269363403e-01 3.127644360065460205e-01 3.256349563598632812e-01 2.501848042011260986e-01 3.239303827285766602e-02
7.323490083217620850e-02 3.489438891410827637e-01 -3.371019363403320312e-01 1.302476376295089722e-01 1.064442843198776245e-01 2.887555360794067383e-01 2.467413395643234253e-01 3.353574499487876892e-02 2.612459361553192139e-01 3.574110567569732666e-01 3.564767837524414062e-01 1.847134530544281006e-01 3.800436854362487793e-01 2.639723718166351318e-01 -1.291882395744323730e-01
-1.208692044019699097e-02 1.037631630897521973e-01 -8.677665144205093384e-02 -8.423801511526107788e-03 1.988325864076614380e-01 -2.943274937570095062e-02 -1.006815060973167419e-01 3.941158764064311981e-03 3.296183049678802490e-02 2.881417572498321533e-01 -3.028678335249423981e-02 -1.035397201776504517e-01 1.293579787015914917e-01 -2.087581753730773926e-01 1.375789940357208252e-01
6.277304142713546753e-02 -1.396954059600830078e-02 -3.170904517173767090e-02 3.733730018138885498e-01 5.107914209365844727e-01 1.229908596724271774e-02 4.122686684131622314e-01 1.002177298069000244e-01 4.987937211990356445e-02 3.661006093025207520e-01 1.857128180563449860e-02 -2.496204972267150879e-01 2.762998938560485840e-01 -3.767762705683708191e-02 4.428764879703521729e-01
3.163807094097137451e-01 2.731587290763854980e-01 3.773120045661926270e-02 1.669485121965408325e-01 4.750742614269256592e-01 4.760668873786926270e-01 5.550516247749328613e-01 -2.055176496505737305e-01 -2.196612954139709473e-01 5.951468944549560547e-01 3.713425397872924805e-01 -1.007575169205665588e-02 2.382317483425140381e-01 2.566938102245330811e-01 4.933982491493225098e-01
5.315339565277099609e-02 7.685051858425140381e-02 1.673230379819869995e-01 5.950692296028137207e-01 -3.850446268916130066e-02 3.111106157302856445e-01 4.316218197345733643e-01 1.821396350860595703e-01 -3.480169773101806641e-01 3.946260511875152588e-01 3.965089321136474609e-01 3.810016438364982605e-02 3.392106592655181885e-01 8.056765794754028320e-01 -1.477002352476119995e-01
8.898013085126876831e-02 -4.199631512165069580e-03 -1.416556090116500854e-01 1.634809225797653198e-01 3.233970701694488525e-01 4.020210728049278259e-02 3.300043195486068726e-02 -4.263772442936897278e-02 -7.894301414489746094e-02 3.425759077072143555e-01 -6.443227082490921021e-02 2.418579161167144775e-02 2.842302918434143066e-01 1.747158467769622803e-01 2.357273995876312256e-01
2.987053096294403076e-01 3.389968574047088623e-01 9.208581596612930298e-02 1.347488909959793091e-01 4.253686964511871338e-01 5.699581503868103027e-01 4.613826572895050049e-01 -1.126952990889549255e-01 -2.404022663831710815e-01 6.519947648048400879e-01 4.357292056083679199e-01 -1.995154619216918945e-01 1.974721252918243408e-01 1.853995621204376221e-01 4.447961747646331787e-01
-4.876705259084701538e-02 4.008254706859588623e-01 -1.800426095724105835e-02 1.057331115007400513e-01 2.730459272861480713e-01 4.655293524265289307e-01 9.670936316251754761e-02 -7.287906110286712646e-02 3.429908454418182373e-01 3.918061852455139160e-01 4.174102842807769775e-02 7.181109488010406494e-02 6.627054512500762939e-02 2.170348763465881348e-01 3.198718726634979248e-01
1.383455693721771240e-01 7.105609774589538574e-02 -2.296063601970672607e-01 2.974143996834754944e-02 3.025268018245697021e-01 1.305703967809677124e-01 -7.276201993227005005e-02 -2.670477703213691711e-02 1.611068695783615112e-01 4.946353733539581299e-01 -1.610312759876251221e-01 9.658835828304290771e-02 2.446376830339431763e-01 5.558643117547035217e-02 3.687747521325945854e-03
2.077375054359436035e-01 1.617864817380905151e-01 7.592491805553436279e-03 5.810493230819702148e-01 9.280081093311309814e-02 1.843731850385665894e-01 4.531284868717193604e-01 2.939376235008239746e-01 -3.051470518112182617e-01 4.566225707530975342e-01 3.693972527980804443e-01 2.313224673271179199e-01 2.727390825748443604e-01 5.229906439781188965e-01 -8.342442661523818970e-02
2.475050836801528931e-02 2.648449242115020752e-01 -9.085826575756072998e-03 -1.806556060910224915e-02 4.507196322083473206e-02 8.748785406351089478e-02 2.033904045820236206e-01 1.017048582434654236e-01 3.986115753650665283e-02 1.393919736146926880e-01 -5.092643946409225464e-02 1.257602423429489136e-01 5.093657970428466797e-01 4.478761181235313416e-02 6.856349110603332520e-02
-5.879481881856918335e-02 1.712671518325805664e-01 -6.948007643222808838e-02 1.015061959624290466e-01 1.327200829982757568e-01 2.215709686279296875e-01 3.972254693508148193e-01 1.654899716377258301e-01 -2.446661740541458130e-01 1.582734882831573486e-01 2.988805770874023438e-01 5.287760123610496521e-02 1.963894963264465332e-01 3.034573793411254883e-01 -7.447701692581176758e-02
-3.944113850593566895e-04 1.715373620390892029e-02 1.321266144514083862e-01 2.935919761657714844e-01 4.134754240512847900e-01 -2.632628083229064941e-01 2.759980857372283936e-01 -8.078884333372116089e-02 -1.606816053390502930e-02 3.028535842895507812e-01 -1.726527959108352661e-01 -1.625918000936508179e-01 4.305123984813690186e-01 -1.378546357154846191e-01 4.403033554553985596e-01
-4.492469131946563721e-03 9.746386110782623291e-02 1.724264398217201233e-02 -4.209989681839942932e-02 1.924723535776138306e-01 8.308346569538116455e-02 -4.906115680932998657e-02 7.187458127737045288e-02 6.630423665046691895e-02 5.121011734008789062e-01 1.265382170677185059e-01 -8.041462302207946777e-02 -2.912159636616706848e-02 1.210086513310670853e-02 1.327362358570098877e-01
2.944125980138778687e-02 6.059614941477775574e-02 7.925674319267272949e-02 5.521577596664428711e-01 -2.084503695368766785e-02 2.692128419876098633e-01 3.754776120185852051e-01 2.591541409492492676e-01 -2.847900092601776123e-01 2.069611847400665283e-01 3.619221448898315430e-01 1.937142610549926758e-01 2.876898050308227539e-01 5.214210748672485352e-01 -1.372541934251785278e-01
2.629051804542541504e-01 3.337219357490539551e-01 2.399100065231323242e-01 1.718505471944808960e-01 5.941642522811889648e-01 3.776244223117828369e-01 5.647748112678527832e-01 -3.419427871704101562e-01 -1.168801262974739075e-01 4.502599537372589111e-01 3.314865827560424805e-01 7.136724889278411865e-04 3.990372121334075928e-01 2.490618079900741577e-01 5.823450088500976562e-01
-1.219406723976135254e-03 1.295926570892333984e-01 -1.522621959447860718e-01 1.873410642147064209e-01 2.926243245601654053e-01 2.816063165664672852e-01 4.152296856045722961e-02 -2.262460887432098389e-01 2.248472422361373901e-01 5.468997955322265625e-01 1.529644131660461426e-01 3.758602142333984375e-01 2.287334799766540527e-01 1.413187682628631592e-01 5.774654448032379150e-02
1.009412035346031189e-01 4.625229910016059875e-02 5.866824835538864136e-02 2.653296887874603271e-01 3.015280663967132568e-01 -7.781146466732025146e-02 2.727483808994293213e-01 9.497390687465667725e-02 3.766152309253811836e-03 3.832181692123413086e-01 -1.805222965776920319e-02 -2.144147604703903198e-01 1.749308705329895020e-01 -1.382048279047012329e-01 4.802931249141693115e-01
2.675271630287170410e-01 2.496876567602157593e-01 1.390562951564788818e-01 6.169188618659973145e-01 1.356166228652000427e-02 1.696758866310119629e-01 4.315867125988006592e-01 3.800535202026367188e-01 -1.732413023710250854e-01 3.720498979091644287e-01 3.903823792934417725e-01 1.967329680919647217e-01 5.250563621520996094e-01 5.876641869544982910e-01 -2.721782624721527100e-01
4.070081114768981934e-01 2.672859132289886475e-01 -3.237265348434448242e-02 6.341998279094696045e-02 5.352715849876403809e-01 4.657624363899230957e-01 5.449294447898864746e-01 -2.209794074296951294e-01 4.726421460509300232e-02 5.254383683204650879e-01 3.409554064273834229e-01 1.048387140035629272e-01 1.514998823404312134e-01 2.777760326862335205e-01 4.775722622871398926e-01
-7.842179387807846069e-03 2.573980391025543213e-01 -3.407812714576721191e-01 6.746147572994232178e-02 1.521621942520141602e-01 1.399798244237899780e-01 1.541315764188766479e-01 -1.282251328229904175e-01 2.831819951534271240e-01 3.373554646968841553e-01 1.877131462097167969e-01 1.053070127964019775e-01 3.827854096889495850e-01 2.753511667251586914e-01 -1.764606833457946777e-01
-6.764816492795944214e-02 8.423846960067749023e-02 -1.275065839290618896e-01 -1.900386437773704529e-02 3.757452368736267090e-01 2.052448987960815430e-01 -1.228314191102981567e-01 2.740762755274772644e-02 7.495389878749847412e-02 5.692278742790222168e-01 -3.671809285879135132e-02 1.073345169425010681e-02 2.980590164661407471e-01 1.566235423088073730e-01 9.817183762788772583e-02
2.985301315784454346e-01 2.793540656566619873e-01 -9.952925890684127808e-02 1.237820535898208618e-01 2.502498030662536621e-01 2.408636361360549927e-01 2.439687550067901611e-01 7.020946592092514038e-02 4.339595139026641846e-01 3.646594285964965820e-01 -2.187396027147769928e-02 3.052793741226196289e-01 1.448958367109298706e-01 1.458532214164733887e-01 -2.152700126171112061e-01
1.598292589187622070e-01 1.510813385248184204e-01 1.282203197479248047e-01 5.196882486343383789e-01 5.032908543944358826e-02 2.542298436164855957e-01 4.752628505229949951e-01 2.025588899850845337e-01 -3.676882088184356689e-01 3.651368021965026855e-01 3.762685358524322510e-01 6.622415781021118164e-02 3.685128092765808105e-01 6.702171564102172852e-01 -2.175113558769226074e-02
3.007130622863769531e-01 2.657233476638793945e-01 -3.282285993918776512e-03 2.066621333360671997e-01 2.578367590904235840e-01 2.792090773582458496e-01 3.284705281257629395e-01 1.168965175747871399e-01 4.293180406093597412e-01 1.236892789602279663e-01 7.726182229816913605e-03 2.552459537982940674e-01 9.108607470989227295e-02 5.181436613202095032e-02 -8.713366091251373291e-02
8.389114588499069214e-02 2.566678822040557861e-01 -1.717335432767868042e-01 1.015050187706947327e-01 3.475612103939056396e-01 8.366402238607406616e-02 1.933965533971786499e-01 -1.444479823112487793e-01 2.052444368600845337e-01 1.892124861478805542e-01 2.035962045192718506e-01 1.551854982972145081e-02 2.462621778249740601e-01 1.443529725074768066e-01 -6.922096014022827148e-02
2.159572541713714600e-01 3.822102546691894531e-01 4.325090348720550537e-02 2.371088415384292603e-01 2.986829578876495361e-01 5.576766133308410645e-01 3.943633437156677246e-01 8.839775621891021729e-02 4.394254386425018311e-01 2.450097203254699707e-01 5.455338209867477417e-02 1.581939309835433960e-01 2.093305438756942749e-01 2.870902717113494873e-01 1.508491188287734985e-01
2.443340420722961426e-01 2.371855825185775757e-01 7.325777411460876465e-02 3.092158734798431396e-01 5.036914348602294922e-01 4.169375300407409668e-01 4.330858290195465088e-01 -2.029051184654235840e-01 -1.307503227144479752e-02 4.840928912162780762e-01 3.493589162826538086e-01 -1.147435978055000305e-02 2.894925177097320557e-01 2.396553456783294678e-01 4.471718966960906982e-01
8.846855908632278442e-02 9.292805194854736328e-02 -2.014992833137512207e-01 1.271576434373855591e-01 3.662074506282806396e-01 1.774695515632629395e-01 -7.592830061912536621e-02 -8.547960966825485229e-02 1.105205565690994263e-01 4.805507659912109375e-01 -1.393165588378906250e-01 -3.501050546765327454e-02 2.445276826620101929e-01 1.511468142271041870e-01 1.280643939971923828e-01
