-4.841130375862121582e-01 -1.075094938278198242e+00 9.873865842819213867e-01 -1.614061832427978516e+00 -5.045286417007446289e-01 8.679123967885971069e-02 -1.084110140800476074e+00 1.175835728645324707e+00 -1.134759426116943359e+00 1.534477233886718750e+00 -1.959022879600524902e-02 8.330782651901245117e-01 5.136889815330505371e-01 -7.041562348604202271e-02 5.426074266433715820e-01
3.661216199398040771e-01 4.385746270418167114e-02 -1.829445958137512207e+00 1.426663875579833984e+00 1.681488156318664551e-01 4.523249715566635132e-02 -2.372890472412109375e+00 -7.950633168220520020e-01 1.619138240814208984e+00 2.983065843582153320e-01 7.538647651672363281e-01 2.200709283351898193e-01 -1.692589074373245239e-01 2.930076122283935547e-01 2.124197483062744141e+00
-5.009278059005737305e-01 -1.045378327369689941e+00 9.910715818405151367e-01 -1.489205956459045410e+00 -4.878497123718261719e-01 8.812805265188217163e-02 -8.945929408073425293e-01 9.591144919395446777e-01 -1.071704983711242676e+00 1.493072271347045898e+00 -1.693349182605743408e-01 8.714506626129150391e-01 5.424931645393371582e-01 -2.518121302127838135e-01 4.479497671127319336e-01
-3.956039249897003174e-01 -9.157174229621887207e-01 1.043056130409240723e+00 -1.471006989479064941e+00 -5.727338790893554688e-01 3.020580857992172241e-02 -9.609363079071044922e-01 1.232535600662231445e+00 -1.142237901687622070e+00 1.417377233505249023e+00 -1.453405022621154785e-01 1.017672300338745117e+00 5.394766926765441895e-01 -1.593903899192810059e-01 5.463234186172485352e-01
2.821331918239593506e-01 4.285375475883483887e-01 -1.025968670845031738e+00 6.246886849403381348e-01 -8.568825125694274902e-01 -2.188698351383209229e-01 -7.937644720077514648e-01 -1.087226033210754395e+00 8.194705247879028320e-01 8.007120341062545776e-02 3.858329653739929199e-01 1.410270631313323975e-01 -6.206724047660827637e-01 -3.862398862838745117e-01 5.895868539810180664e-01
-1.205736637115478516e+00 -4.627184867858886719e-01 6.531169414520263672e-01 -9.571638107299804688e-01 -1.034890711307525635e-01 4.488901793956756592e-01 -1.372498869895935059e+00 -6.723895072937011719e-01 7.224945425987243652e-01 7.260345220565795898e-01 1.778043270111083984e+00 9.057406783103942871e-01 4.570402503013610840e-01 3.823580741882324219e-01 1.746161818504333496e+00
-6.338352560997009277e-01 -1.202138304710388184e+00 1.085365772247314453e+00 -1.816801786422729492e+00 -4.064500927925109863e-01 3.759498298168182373e-01 -1.307590723037719727e+00 1.189268469810485840e+00 -1.112993955612182617e+00 1.603072285652160645e+00 4.482927918434143066e-02 9.629130959510803223e-01 4.649429917335510254e-01 -1.638405025005340576e-01 7.183829545974731445e-01
1.500174999237060547e+00 6.009335517883300781e-01 2.915295064449310303e-01 1.108120679855346680e+00 -2.088660717010498047e+00 -7.192529439926147461e-01 1.431519538164138794e-01 -1.361889839172363281e-01 5.418156981468200684e-01 -1.086791276931762695e+00 -8.353968858718872070e-01 -3.345128893852233887e-02 -1.045524954795837402e+00 -9.805571436882019043e-01 -1.077789142727851868e-01
4.806256592273712158e-01 2.682789564132690430e-01 -1.499800205230712891e+00 1.200377464294433594e+00 -4.212694987654685974e-02 -4.181636869907379150e-01 -1.686313867568969727e+00 -6.137066483497619629e-01 1.392547488212585449e+00 3.281003236770629883e-01 8.284957408905029297e-01 3.565214574337005615e-01 -7.259829342365264893e-02 4.912941455841064453e-01 1.605600357055664062e+00
6.673295497894287109e-01 3.807520270347595215e-01 -1.423866152763366699e+00 1.366810917854309082e+00 -1.431851685047149658e-01 -5.969675183296203613e-01 -1.565975546836853027e+00 -5.265583395957946777e-01 1.528254389762878418e+00 1.622414439916610718e-01 7.333511114120483398e-01 3.233439624309539795e-01 -1.215871125459671021e-01 4.171643853187561035e-01 1.528919219970703125e+00
1.301923990249633789e+00 4.143909811973571777e-01 4.220459163188934326e-01 8.301084041595458984e-01 -1.972909569740295410e+00 -5.266050696372985840e-01 1.272169053554534912e-01 -4.458129405975341797e-02 4.475623667240142822e-01 -1.018583774566650391e+00 -9.146806001663208008e-01 -1.834610104560852051e-02 -9.896003603935241699e-01 -8.411970138549804688e-01 -1.260016113519668579e-01
-7.834762334823608398e-01 -1.289408802986145020e+00 1.151823997497558594e+00 -1.788728713989257812e+00 -3.372982144355773926e-01 3.628263175487518311e-01 -1.322866559028625488e+00 1.218263745307922363e+00 -1.361410379409790039e+00 1.695528626441955566e+00 -1.975031793117523193e-01 9.275597929954528809e-01 4.643790125846862793e-01 -3.250568807125091553e-01 6.942037343978881836e-01
2.429690808057785034e-01 -1.325256824493408203e+00 6.396523118019104004e-01 -1.870585560798645020e+00 -2.802549839019775391e+00 -1.739397346973419189e-01 -1.779846310615539551e+00 3.523944020271301270e-01 1.433042287826538086e-01 -5.157576203346252441e-01 1.006497263908386230e+00 4.373033940792083740e-01 1.781408041715621948e-01 1.228286981582641602e+00 -1.002746939659118652e+00
6.670104861259460449e-01 2.993646860122680664e-01 -1.484898805618286133e+00 1.336609840393066406e+00 3.696731477975845337e-02 -4.532516300678253174e-01 -1.580486416816711426e+00 -6.497846245765686035e-01 1.520276665687561035e+00 2.553711533546447754e-01 7.534790039062500000e-01 1.685517728328704834e-01 -8.288224041461944580e-02 3.902723193168640137e-01 1.573555946350097656e+00
-8.124050498008728027e-01 -1.605919599533081055e+00 1.179262399673461914e+00 -2.161104679107666016e+00 -2.810521721839904785e-01 9.864979386329650879e-01 -1.449439764022827148e+00 8.846831917762756348e-01 -8.561379313468933105e-01 1.523019075393676758e+00 3.210913538932800293e-01 9.526596665382385254e-01 3.796884417533874512e-01 -3.442512452602386475e-01 1.126785278320312500e+00
-4.732120931148529053e-01 -8.610323667526245117e-01 -8.693195879459381104e-02 -4.977439343929290771e-02 1.908235549926757812e+00 5.356371998786926270e-01 6.331846117973327637e-03 -2.158274888992309570e+00 8.627849221229553223e-01 -3.097326159477233887e-01 4.614473283290863037e-01 -1.412990570068359375e+00 5.471003651618957520e-01 -1.613137483596801758e+00 8.154211044311523438e-01
2.208237498998641968e-01 1.045321822166442871e+00 -6.636700630187988281e-01 2.460778206586837769e-01 -1.728711724281311035e+00 -1.287648797035217285e+00 6.574835181236267090e-01 -6.670952439308166504e-01 -4.851551353931427002e-01 9.131079167127609253e-02 4.378994405269622803e-01 1.114719748497009277e+00 -6.758098006248474121e-01 -5.662455782294273376e-02 -1.004109457135200500e-01
4.182362258434295654e-01 -8.701177835464477539e-01 5.142288208007812500e-01 -1.238537549972534180e+00 -2.600966930389404297e+00 -4.563769400119781494e-01 -1.263003468513488770e+00 2.840135991573333740e-01 1.539080739021301270e-01 -3.880684375762939453e-01 8.830882310867309570e-01 6.199625730514526367e-01 1.578599661588668823e-01 1.210681319236755371e+00 -1.123847007751464844e+00
1.486585140228271484e+00 5.410715937614440918e-01 3.243790566921234131e-01 1.106753826141357422e+00 -2.044504404067993164e+00 -5.145282149314880371e-01 6.430183351039886475e-02 -1.720790863037109375e-01 6.540053486824035645e-01 -1.008261561393737793e+00 -8.440271615982055664e-01 -9.792479872703552246e-02 -9.734671711921691895e-01 -9.405272603034973145e-01 5.995654314756393433e-02
2.853521406650543213e-01 -7.793823480606079102e-01 4.221810996532440186e-01 -1.248234391212463379e+00 -2.484975576400756836e+00 -4.668878614902496338e-01 -1.218881487846374512e+00 2.521255612373352051e-02 1.262286007404327393e-01 -3.752479553222656250e-01 1.049335479736328125e+00 5.004595518112182617e-01 6.065468862652778625e-02 1.216467380523681641e+00 -1.079030990600585938e+00
-1.256483674049377441e+00 -3.497257232666015625e-01 -5.841318368911743164e-01 -1.055098772048950195e+00 -1.995751261711120605e-01 3.079375922679901123e-01 -1.134675264358520508e+00 -1.010921597480773926e+00 4.730362072587013245e-02 9.724694490432739258e-01 1.161746859550476074e+00 6.671282649040222168e-01 2.704207971692085266e-02 5.210294127464294434e-01 4.499091506004333496e-01
-5.146933197975158691e-01 2.408483028411865234e-01 -4.650143682956695557e-01 -5.672723054885864258e-01 -1.300629734992980957e+00 -2.335181534290313721e-01 -3.080817461013793945e-01 -1.834779858589172363e+00 -2.736108005046844482e-01 -5.541749298572540283e-03 7.453407049179077148e-01 2.363968193531036377e-01 -8.184060454368591309e-01 -9.005310386419296265e-02 -4.127041101455688477e-01
-2.508129179477691650e-01 -2.936843633651733398e-01 -2.493395954370498657e-01 -1.718169003725051880e-01 -4.985235929489135742e-01 -9.554568678140640259e-02 -5.838390588760375977e-01 -1.756983399391174316e+00 7.006961703300476074e-01 1.489049643278121948e-01 5.810704231262207031e-01 -6.255425214767456055e-01 -1.515919715166091919e-01 -3.583997189998626709e-01 -1.743922010064125061e-03
5.826140046119689941e-01 1.856861114501953125e-01 -1.553600311279296875e+00 1.362060785293579102e+00 1.477080881595611572e-01 -1.232556160539388657e-02 -1.841503858566284180e+00 -7.854042649269104004e-01 1.599844813346862793e+00 2.026688903570175171e-01 8.007100820541381836e-01 3.953096270561218262e-02 -2.145856171846389771e-01 3.218488097190856934e-01 1.784744858741760254e+00
1.412406325340270996e+00 6.594710350036621094e-01 3.143433630466461182e-01 1.290992259979248047e+00 -1.957359671592712402e+00 -5.048601627349853516e-01 4.862876236438751221e-02 -3.298327326774597168e-01 6.915156245231628418e-01 -1.180133819580078125e+00 -1.139669299125671387e+00 -1.918686926364898682e-01 -1.087422847747802734e+00 -1.382207751274108887e+00 3.501068800687789917e-02
1.366105437278747559e+00 4.387346506118774414e-01 2.400126308202743530e-01 1.047960042953491211e+00 -1.842273950576782227e+00 -5.889961719512939453e-01 2.315891534090042114e-01 -2.862403392791748047e-01 5.677964091300964355e-01 -1.149429202079772949e+00 -9.845027923583984375e-01 -1.845162808895111084e-01 -9.910926222801208496e-01 -1.070817708969116211e+00 -1.439982801675796509e-01
-2.196856886148452759e-01 -7.339932322502136230e-01 1.031390190124511719e+00 -1.201355457305908203e+00 -4.798123538494110107e-01 -2.260780632495880127e-01 -8.590207695960998535e-01 1.220866441726684570e+00 -1.135814785957336426e+00 1.364764928817749023e+00 -3.340679109096527100e-01 7.956227660179138184e-01 6.289309859275817871e-01 -1.351871788501739502e-01 3.822253942489624023e-01
-5.301523208618164062e-01 -8.340387940406799316e-01 -2.970249354839324951e-01 7.138808071613311768e-02 1.915674090385437012e+00 5.392850041389465332e-01 1.660889834165573120e-01 -2.496476173400878906e+00 9.230715036392211914e-01 -1.009429171681404114e-01 4.605850279331207275e-01 -1.518583774566650391e+00 3.534989953041076660e-01 -1.614564657211303711e+00 8.191967010498046875e-01
-3.052260577678680420e-01 -7.583847641944885254e-01 8.015808463096618652e-01 -1.371594309806823730e+00 -5.028977990150451660e-01 -4.113534837961196899e-02 -9.199680685997009277e-01 9.262749552726745605e-01 -8.581236004829406738e-01 1.215177774429321289e+00 3.243789076805114746e-02 9.094151258468627930e-01 5.061705708503723145e-01 -1.819226443767547607e-01 6.001608371734619141e-01
-4.079807400703430176e-01 -6.131463050842285156e-01 -1.579147130250930786e-01 -6.701196730136871338e-02 1.603411078453063965e+00 2.797028720378875732e-01 2.421326488256454468e-01 -2.052469253540039062e+00 6.277171969413757324e-01 -1.053897812962532043e-01 4.961213171482086182e-01 -1.117859601974487305e+00 4.759082198143005371e-01 -1.362297773361206055e+00 5.861579179763793945e-01
1.766487210988998413e-01 -1.061049699783325195e+00 4.431761205196380615e-01 -1.475273132324218750e+00 -2.410612821578979492e+00 -3.496731817722320557e-01 -1.554017663002014160e+00 1.089644432067871094e-01 2.255013883113861084e-01 -4.990625381469726562e-01 1.158089637756347656e+00 4.654528796672821045e-01 2.660617232322692871e-01 1.235741496086120605e+00 -1.038999080657958984e+00
-4.683524370193481445e-01 -7.340534329414367676e-01 3.400973603129386902e-02 -1.358594447374343872e-01 1.674998283386230469e+00 2.766128480434417725e-01 8.574812114238739014e-02 -2.039312362670898438e+00 5.658949017524719238e-01 -2.093588858842849731e-01 3.881322443485260010e-01 -1.270851612091064453e+00 3.853841423988342285e-01 -1.511472105979919434e+00 6.102631092071533203e-01
-9.204336404800415039e-01 -1.118651553988456726e-01 -4.751779139041900635e-01 -4.453934133052825928e-01 -4.092546701431274414e-01 8.973773568868637085e-02 -5.332506299018859863e-01 -1.776540875434875488e+00 -1.215193197131156921e-01 6.821547746658325195e-01 5.145742893218994141e-01 3.475689589977264404e-01 -4.141502976417541504e-01 -3.434977829456329346e-01 2.332196682691574097e-01
-5.562677383422851562e-01 -1.038504123687744141e+00 1.094875454902648926e+00 -1.555860996246337891e+00 -4.665020108222961426e-01 7.401224225759506226e-02 -9.630331993103027344e-01 1.107031464576721191e+00 -1.198156714439392090e+00 1.529494047164916992e+00 -2.240767180919647217e-01 8.945736885070800781e-01 4.526605010032653809e-01 -2.606230974197387695e-01 4.741810560226440430e-01
2.460281103849411011e-01 -1.081618070602416992e+00 4.577421844005584717e-01 -1.413514614105224609e+00 -2.517394304275512695e+00 -2.269306480884552002e-01 -1.513529062271118164e+00 1.760748922824859619e-01 2.485105097293853760e-01 -3.773404955863952637e-01 1.045194864273071289e+00 4.869564473628997803e-01 1.504919975996017456e-01 1.192012071609497070e+00 -9.609528183937072754e-01
-2.290123254060745239e-01 -7.817097306251525879e-01 1.035237908363342285e+00 -1.288693666458129883e+00 -5.598842501640319824e-01 -2.724718153476715088e-01 -6.521494388580322266e-01 1.133663773536682129e+00 -1.075232863426208496e+00 1.351670980453491211e+00 -2.443098723888397217e-01 8.026416897773742676e-01 5.931468605995178223e-01 -2.470168471336364746e-01 3.630087375640869141e-01
-6.756940484046936035e-01 -2.459263056516647339e-02 -2.803885638713836670e-01 2.614573948085308075e-02 -8.476607203483581543e-01 3.305189311504364014e-01 -1.881976008415222168e+00 -1.456291079521179199e+00 6.295184493064880371e-01 4.408253431320190430e-01 8.422018289566040039e-01 5.219575166702270508e-01 -6.533952355384826660e-01 4.672906994819641113e-01 9.756737351417541504e-01
3.213455379009246826e-01 1.170780420303344727e+00 -7.183215022087097168e-01 4.357917010784149170e-01 -1.799042582511901855e+00 -1.256858825683593750e+00 6.437901854515075684e-01 -8.134540915489196777e-01 -4.184158742427825928e-01 9.847693890333175659e-02 2.740000784397125244e-01 1.016751646995544434e+00 -7.391220927238464355e-01 -2.429257035255432129e-01 -2.094474583864212036e-01
-7.490294575691223145e-01 -8.517410755157470703e-01 -2.424886971712112427e-01 -1.744706183671951294e-01 1.788929820060729980e+00 7.574332356452941895e-01 -8.379800617694854736e-02 -2.363569974899291992e+00 8.647245168685913086e-01 -1.407182961702346802e-02 6.151689291000366211e-01 -1.144893646240234375e+00 4.117590785026550293e-01 -1.296670913696289062e+00 9.338014125823974609e-01
3.182802498340606689e-01 -1.113330841064453125e+00 5.165151357650756836e-01 -1.469203114509582520e+00 -2.856940746307373047e+00 -2.146348059177398682e-01 -1.558763146400451660e+00 3.386197984218597412e-01 2.111218273639678955e-01 -4.059575498104095459e-01 8.831974267959594727e-01 7.251486182212829590e-01 8.763007819652557373e-02 1.302324533462524414e+00 -1.012933492660522461e+00
-8.258689641952514648e-01 -9.193241596221923828e-01 -2.811886370182037354e-01 -1.060182899236679077e-01 2.119225263595581055e+00 7.204942107200622559e-01 2.973602712154388428e-02 -2.511796951293945312e+00 7.781292796134948730e-01 -2.013201266527175903e-02 5.593657493591308594e-01 -1.300662755966186523e+00 4.056025147438049316e-01 -1.666424632072448730e+00 1.034783244132995605e+00
-4.422207176685333252e-01 -9.917624592781066895e-01 1.035256743431091309e+00 -1.564339876174926758e+00 -6.450555920600891113e-01 -1.064277067780494690e-01 -1.237842202186584473e+00 1.470994830131530762e+00 -1.428606033325195312e+00 1.406913876533508301e+00 -2.890095412731170654e-01 9.602864384651184082e-01 4.863619208335876465e-01 -3.738484084606170654e-01 4.955713748931884766e-01
6.140979528427124023e-01 3.272219896316528320e-01 -1.547868132591247559e+00 1.564786791801452637e+00 -7.172606140375137329e-02 -2.856325209140777588e-01 -1.654135704040527344e+00 -7.540183663368225098e-01 1.470854401588439941e+00 2.893464565277099609e-01 5.981811285018920898e-01 3.059190213680267334e-01 -2.891860604286193848e-01 2.141954302787780762e-01 1.621712327003479004e+00
-6.496415734291076660e-01 -1.142331838607788086e+00 1.025589346885681152e+00 -1.888729333877563477e+00 -6.676587462425231934e-01 2.329611480236053467e-01 -1.264684200286865234e+00 1.285047769546508789e+00 -1.214707255363464355e+00 1.700116872787475586e+00 6.051570177078247070e-03 1.153880715370178223e+00 3.206260800361633301e-01 -8.599358052015304565e-02 6.867463588714599609e-01
1.055117726325988770e+00 2.519153356552124023e-01 -2.425517514348030090e-02 9.427589774131774902e-01 -1.823763549327850342e-01 -1.001217365264892578e+00 -6.572673320770263672e-01 -1.244668841361999512e+00 3.684971928596496582e-01 -9.073352217674255371e-01 4.392847418785095215e-02 -6.029295325279235840e-01 -5.098224282264709473e-01 -1.434033155441284180e+00 9.903156012296676636e-02
4.391875863075256348e-01 1.025079131126403809e+00 -7.616787552833557129e-01 5.336452722549438477e-01 -1.927404403686523438e+00 -1.247820377349853516e+00 6.130471229553222656e-01 -8.403860926628112793e-01 -5.768592953681945801e-01 -8.326072245836257935e-02 8.362877368927001953e-02 1.137822151184082031e+00 -8.121194243431091309e-01 -3.244139850139617920e-01 -1.535125523805618286e-01
-2.285365611314773560e-01 1.677644252777099609e-01 9.677718579769134521e-02 1.723205000162124634e-01 -1.051851749420166016e+00 6.988521665334701538e-02 -1.735693097114562988e+00 -8.902783989906311035e-01 7.166630625724792480e-01 3.248485922813415527e-01 8.011901378631591797e-01 5.728927254676818848e-01 -4.746671319007873535e-01 7.574853301048278809e-01 8.398302197456359863e-01
-1.865442469716072083e-02 4.006665945053100586e-01 -8.336256742477416992e-01 3.769729733467102051e-01 -5.937721729278564453e-01 -1.572606861591339111e-01 -9.609616994857788086e-01 -1.077074527740478516e+00 7.881949543952941895e-01 2.486504167318344116e-01 4.217642843723297119e-01 1.504685580730438232e-01 -4.290154576301574707e-01 -3.107904195785522461e-01 7.782797813415527344e-01
-2.731581032276153564e-01 -5.576137304306030273e-01 -1.016833335161209106e-01 -2.529157884418964386e-02 1.455048203468322754e+00 1.623547971248626709e-01 2.560326457023620605e-01 -2.012946128845214844e+00 7.136384844779968262e-01 -2.425473481416702271e-01 5.681277513504028320e-01 -1.207253217697143555e+00 4.382596611976623535e-01 -1.338438272476196289e+00 5.574433803558349609e-01
-1.399779468774795532e-01 3.037694096565246582e-01 -1.311108022928237915e-01 3.212029635906219482e-01 -9.987825155258178711e-01 -3.057633936405181885e-01 -1.677311778068542480e+00 -1.014515876770019531e+00 6.985902190208435059e-01 2.415512651205062866e-01 8.286708593368530273e-01 4.069778621196746826e-01 -5.344477295875549316e-01 7.539693117141723633e-01 6.503864526748657227e-01
-7.353104948997497559e-01 -1.231909751892089844e+00 1.037608623504638672e+00 -1.729863405227661133e+00 -2.797675728797912598e-01 4.612642228603363037e-01 -1.167120456695556641e+00 1.181946635246276855e+00 -1.216646194458007812e+00 1.673692584037780762e+00 -1.912677586078643799e-01 8.082681894302368164e-01 4.752357602119445801e-01 -2.986704111099243164e-01 8.244804143905639648e-01
7.345803380012512207e-01 3.773934673517942429e-03 -7.351364195346832275e-02 7.877790331840515137e-01 -1.677401363849639893e-01 7.750650495290756226e-02 -9.829162359237670898e-01 -1.892325520515441895e+00 6.925765275955200195e-01 -6.128601431846618652e-01 3.450032770633697510e-01 -5.886935591697692871e-01 -7.839432358741760254e-01 -1.365598320960998535e+00 4.695950746536254883e-01
-5.605451464653015137e-01 -8.626307249069213867e-01 8.411579132080078125e-01 -1.631844282150268555e+00 -7.156359553337097168e-01 2.762326896190643311e-01 -1.204066872596740723e+00 9.803664088249206543e-01 -1.041996240615844727e+00 1.580633163452148438e+00 2.088319659233093262e-01 1.100568532943725586e+00 2.903491854667663574e-01 -2.603423222899436951e-02 6.917402744293212891e-01
-9.184809327125549316e-01 3.805101662874221802e-02 -4.457894265651702881e-01 -4.656994044780731201e-01 -2.571458220481872559e-01 -1.156633272767066956e-01 -4.918591380119323730e-01 -1.728825449943542480e+00 -1.381219327449798584e-01 6.389629244804382324e-01 6.529878377914428711e-01 3.401139676570892334e-01 -3.624958395957946777e-01 -3.538372814655303955e-01 2.717384696006774902e-01
-3.768094256520271301e-02 -1.958305835723876953e-01 -9.417107105255126953e-01 -7.771410048007965088e-02 -1.006002426147460938e+00 -7.921026349067687988e-01 -6.430867910385131836e-01 -1.727520346641540527e+00 8.395055532455444336e-01 -1.558356434106826782e-01 7.157292366027832031e-01 -3.050760924816131592e-01 -3.082680106163024902e-01 6.938984394073486328e-01 -6.071106195449829102e-01
-9.149691462516784668e-01 -3.515005111694335938e-01 4.462225139141082764e-01 -8.764913082122802734e-01 -2.773899137973785400e-01 1.540238559246063232e-01 -1.065853476524353027e+00 -4.447325468063354492e-01 5.363655686378479004e-01 7.058635354042053223e-01 1.649224042892456055e+00 1.162712574005126953e+00 5.504505038261413574e-01 5.235299468040466309e-01 1.510586738586425781e+00
1.200284212827682495e-01 -1.027742147445678711e+00 5.385283231735229492e-01 -1.533935666084289551e+00 -2.745973825454711914e+00 -3.628495037555694580e-01 -1.441660404205322266e+00 2.427038848400115967e-01 -6.461026519536972046e-02 -2.887768745422363281e-01 9.811820983886718750e-01 6.258633136749267578e-01 3.754429891705513000e-02 1.364468932151794434e+00 -1.223169088363647461e+00
-1.551205962896347046e-01 -2.347023487091064453e-01 -1.104081988334655762e+00 -9.386123716831207275e-02 -7.791166901588439941e-01 -7.101481556892395020e-01 -7.070689201354980469e-01 -1.814154267311096191e+00 8.625192046165466309e-01 4.041027277708053589e-02 8.064002990722656250e-01 -4.201521575450897217e-01 -2.210480719804763794e-01 8.160775303840637207e-01 -5.371286273002624512e-01
-4.496544897556304932e-01 -7.444749474525451660e-01 -1.453569084405899048e-01 -8.551777899265289307e-02 1.739610552787780762e+00 5.134159922599792480e-01 1.355457752943038940e-01 -2.339667320251464844e+00 8.170321583747863770e-01 -1.433585435152053833e-01 6.137852668762207031e-01 -1.432830095291137695e+00 3.151958584785461426e-01 -1.549116969108581543e+00 8.556138277053833008e-01
4.596289098262786865e-01 2.760434150695800781e-01 -1.664568305015563965e+00 1.465119361877441406e+00 3.511976823210716248e-02 -3.389969170093536377e-01 -1.983815193176269531e+00 -8.421300053596496582e-01 1.553986668586730957e+00 2.352406829595565796e-01 7.189662456512451172e-01 1.448843181133270264e-01 -1.957660466432571411e-01 3.132619261741638184e-01 1.715615868568420410e+00
7.350699603557586670e-02 -1.386919975280761719e+00 6.846610307693481445e-01 -1.866084575653076172e+00 -3.057713508605957031e+00 -9.718231111764907837e-02 -1.670585274696350098e+00 5.394238829612731934e-01 1.376442611217498779e-01 -3.747227787971496582e-01 1.041136026382446289e+00 7.984110713005065918e-01 1.020132750272750854e-01 1.476788878440856934e+00 -1.072270989418029785e+00
1.443486928939819336e+00 6.145176887512207031e-01 4.764273166656494141e-01 8.497354984283447266e-01 -1.933490037918090820e+00 -7.931846976280212402e-01 8.133083581924438477e-02 7.303214073181152344e-02 4.758704006671905518e-01 -1.053269505500793457e+00 -7.979865074157714844e-01 -1.135570108890533447e-01 -8.712723851203918457e-01 -6.975702643394470215e-01 -1.058313921093940735e-01
1.271942019462585449e+00 2.842164039611816406e-01 1.737640947103500366e-01 8.106845617294311523e-01 -2.850148677825927734e-01 -1.499258875846862793e+00 -6.257270574569702148e-01 -8.264164328575134277e-01 2.586996257305145264e-01 -1.060536026954650879e+00 1.350054144859313965e-02 -6.750569343566894531e-01 -4.645739197731018066e-01 -1.312273621559143066e+00 -7.418812066316604614e-02
2.827938497066497803e-01 -1.090373158454895020e+00 5.236088633537292480e-01 -1.538144826889038086e+00 -2.565950632095336914e+00 -2.229259312152862549e-01 -1.551745533943176270e+00 2.250658571720123291e-01 2.678131759166717529e-01 -6.037948131561279297e-01 1.209056854248046875e+00 4.566479027271270752e-01 1.546448916196823120e-01 1.266671180725097656e+00 -8.648270368576049805e-01
-5.418379306793212891e-01 -1.036755323410034180e+00 1.205737113952636719e+00 -1.705146312713623047e+00 -5.445927977561950684e-01 1.977024972438812256e-01 -1.125133395195007324e+00 1.381963372230529785e+00 -1.256806135177612305e+00 1.668222904205322266e+00 -1.872647702693939209e-01 9.769540429115295410e-01 4.572256207466125488e-01 -3.009735345840454102e-01 6.353148221969604492e-01
-1.185709685087203979e-01 3.457778692245483398e-01 -4.727548062801361084e-01 -1.098216623067855835e-01 -9.610145092010498047e-01 -4.714933931827545166e-01 -3.218363225460052490e-02 -1.486911892890930176e+00 -1.796057373285293579e-01 -1.919431239366531372e-01 5.214421749114990234e-01 2.685081660747528076e-01 -5.640453696250915527e-01 -2.380070984363555908e-01 -5.092664957046508789e-01
-1.418828248977661133e+00 -5.304645895957946777e-01 3.903742730617523193e-01 -1.044101953506469727e+00 1.133710443973541260e-01 6.390683054924011230e-01 -1.385989546775817871e+00 -9.295914173126220703e-01 6.008623242378234863e-01 8.663440346717834473e-01 1.697841405868530273e+00 1.039819955825805664e+00 4.256102442741394043e-01 1.941397190093994141e-01 1.759883642196655273e+00
-6.180487275123596191e-01 -9.353611469268798828e-01 -2.919158041477203369e-01 6.487558782100677490e-02 1.975138902664184570e+00 4.999855458736419678e-01 1.616884917020797729e-01 -2.368155479431152344e+00 8.745538592338562012e-01 -1.880875378847122192e-01 4.795273840427398682e-01 -1.383963346481323242e+00 4.924649596214294434e-01 -1.521550893783569336e+00 8.975081443786621094e-01
-5.340795516967773438e-01 -7.291566133499145508e-01 -3.924111425876617432e-01 -1.067121513187885284e-02 1.765939116477966309e+00 6.331013441085815430e-01 1.516254991292953491e-01 -2.344215869903564453e+00 7.926611900329589844e-01 2.125077694654464722e-02 3.979572951793670654e-01 -1.243063688278198242e+00 4.191200137138366699e-01 -1.558123230934143066e+00 8.412506580352783203e-01
-1.667117029428482056e-01 3.476868271827697754e-01 -5.989823341369628906e-01 -1.658091098070144653e-01 -1.383035659790039062e+00 -1.473063528537750244e-01 -7.301209867000579834e-02 -2.004424333572387695e+00 4.856458678841590881e-02 -2.795744538307189941e-01 4.819581806659698486e-01 1.936843618750572205e-04 -9.559541344642639160e-01 -4.914757311344146729e-01 -4.838291406631469727e-01
1.918096989393234253e-01 -1.060950681567192078e-01 -1.144512295722961426e+00 1.723653525114059448e-01 -7.067381739616394043e-01 -1.126149177551269531e+00 -5.169464945793151855e-01 -1.607596278190612793e+00 8.086302876472473145e-01 1.577489823102951050e-02 6.586691141128540039e-01 -3.407454788684844971e-01 -9.735615551471710205e-02 7.389081716537475586e-01 -6.285701990127563477e-01
-5.816112160682678223e-01 -6.326266527175903320e-01 -2.032297402620315552e-01 -2.582565248012542725e-01 1.402792334556579590e+00 5.664075016975402832e-01 9.106235206127166748e-02 -2.065979003906250000e+00 6.620234251022338867e-01 -1.034618094563484192e-01 5.145959854125976562e-01 -1.109494805335998535e+00 3.673895001411437988e-01 -1.214535951614379883e+00 7.810193300247192383e-01
1.127496361732482910e+00 3.514231443405151367e-01 9.974537789821624756e-02 8.909028768539428711e-01 -1.244864463806152344e-01 -1.147032380104064941e+00 -7.700948119163513184e-01 -1.036396026611328125e+00 3.698321878910064697e-01 -9.316083788871765137e-01 8.457276225090026855e-02 -6.773604750633239746e-01 -5.033653378486633301e-01 -1.317004203796386719e+00 1.160840913653373718e-01
4.904207885265350342e-01 2.819602489471435547e-01 -1.672756195068359375e+00 1.493873596191406250e+00 9.380780160427093506e-02 -1.870994865894317627e-01 -1.883972764015197754e+00 -1.034822106361389160e+00 1.646791100502014160e+00 2.990945577621459961e-01 8.386799097061157227e-01 5.341789126396179199e-02 -1.902480870485305786e-01 3.078343868255615234e-01 1.809572935104370117e+00
2.354413717985153198e-01 1.133707404136657715e+00 -8.460511565208435059e-01 3.787648379802703857e-01 -2.016651391983032227e+00 -1.238521456718444824e+00 6.465208530426025391e-01 -7.870156168937683105e-01 -5.909790396690368652e-01 1.160109564661979675e-01 3.099814653396606445e-01 1.333877444267272949e+00 -8.989828228950500488e-01 -1.217679902911186218e-01 -6.001061946153640747e-02
-4.720919132232666016e-01 -1.093429565429687500e+00 1.043718695640563965e+00 -1.488379955291748047e+00 -3.858602643013000488e-01 2.956645190715789795e-01 -9.985539317131042480e-01 1.244252681732177734e+00 -1.093533396720886230e+00 1.653502464294433594e+00 -2.767981588840484619e-01 7.975745797157287598e-01 4.573928713798522949e-01 -2.514552474021911621e-01 6.728303432464599609e-01
1.414512991905212402e+00 4.303912520408630371e-01 3.384607732295989990e-01 8.764638304710388184e-01 -2.033900499343872070e+00 -4.759861528873443604e-01 -7.908047735691070557e-02 -1.221783757209777832e-01 6.000630259513854980e-01 -1.101188421249389648e+00 -6.713165044784545898e-01 2.684894204139709473e-02 -9.349957108497619629e-01 -7.359405159950256348e-01 4.590856283903121948e-02
1.836695522069931030e-01 1.009535789489746094e+00 -9.840606451034545898e-01 2.728589475154876709e-01 -2.055777311325073242e+00 -9.403433203697204590e-01 5.088869333267211914e-01 -1.060549259185791016e+00 -6.648123860359191895e-01 1.803895682096481323e-01 2.022522985935211182e-01 1.238415002822875977e+00 -8.784045577049255371e-01 -1.014624461531639099e-01 -1.243311837315559387e-01
-1.494392752647399902e+00 -9.544374942779541016e-01 5.846841335296630859e-01 -1.190175652503967285e+00 1.179530024528503418e-01 7.998779416084289551e-01 -1.469364643096923828e+00 -8.868932723999023438e-01 7.081964612007141113e-01 6.520632505416870117e-01 1.746795654296875000e+00 1.002076864242553711e+00 5.267060399055480957e-01 4.316475093364715576e-01 1.722527980804443359e+00
1.237549543380737305e+00 4.555806219577789307e-01 4.442623555660247803e-01 6.290768980979919434e-01 -1.952457785606384277e+00 -2.637175023555755615e-01 3.549070656299591064e-02 -2.867496013641357422e-02 5.235403776168823242e-01 -9.931858777999877930e-01 -7.591735124588012695e-01 -1.462993118911981583e-02 -9.170539975166320801e-01 -7.944572567939758301e-01 8.962916582822799683e-02
-4.811643660068511963e-01 -1.184566140174865723e+00 1.144172310829162598e+00 -1.651859045028686523e+00 -5.438805222511291504e-01 2.223554551601409912e-01 -1.146027922630310059e+00 1.132148385047912598e+00 -1.127212524414062500e+00 1.585830450057983398e+00 -2.921206057071685791e-01 8.402839303016662598e-01 5.870140194892883301e-01 -3.332235217094421387e-01 5.675477981567382812e-01
2.252716869115829468e-01 -9.826520085334777832e-01 4.816478192806243896e-01 -1.513880133628845215e+00 -2.854818582534790039e+00 -3.499903976917266846e-01 -1.596183538436889648e+00 2.660562098026275635e-01 1.404462754726409912e-01 -3.324253559112548828e-01 1.145887017250061035e+00 6.470026373863220215e-01 8.967582881450653076e-02 1.495067477226257324e+00 -1.138620615005493164e+00
-3.387244418263435364e-02 -2.843036651611328125e-01 -3.990982472896575928e-01 1.208358854055404663e-01 -1.917462944984436035e-01 -3.363167345523834229e-01 -4.043238162994384766e-01 -1.922559142112731934e+00 1.020755171775817871e+00 -2.788010239601135254e-01 5.751241445541381836e-01 -9.705367684364318848e-01 -1.700739413499832153e-01 -3.858572840690612793e-01 2.151777967810630798e-03
5.739313960075378418e-01 2.624868154525756836e-01 -1.522610783576965332e+00 1.281590938568115234e+00 -6.744042038917541504e-02 -4.284252226352691650e-01 -1.792999625205993652e+00 -4.164505600929260254e-01 1.443891406059265137e+00 2.355280965566635132e-01 6.996364593505859375e-01 3.413420617580413818e-01 -7.008846104145050049e-02 4.506936669349670410e-01 1.670271635055541992e+00
1.198319315910339355e+00 3.088095188140869141e-01 -2.687286436557769775e-01 1.008271217346191406e+00 -2.621182799339294434e-01 -1.097339034080505371e+00 -5.598664879798889160e-01 -1.365107774734497070e+00 4.372625052928924561e-01 -8.605665564537048340e-01 1.130329668521881104e-01 -7.082647681236267090e-01 -7.354343533515930176e-01 -1.370989322662353516e+00 -2.917052246630191803e-02
-4.479669928550720215e-01 -8.617333173751831055e-01 1.021539449691772461e+00 -1.476116180419921875e+00 -4.165358245372772217e-01 -9.169138036668300629e-03 -8.418396115303039551e-01 1.093784570693969727e+00 -1.132008194923400879e+00 1.484395742416381836e+00 -1.277793347835540771e-01 8.294818997383117676e-01 6.197451949119567871e-01 -2.272485792636871338e-01 5.170139074325561523e-01
3.478760421276092529e-01 1.112696528434753418e+00 -1.001486420631408691e+00 4.453857541084289551e-01 -2.269957304000854492e+00 -9.034346342086791992e-01 3.426566720008850098e-01 -1.276865720748901367e+00 -5.537758469581604004e-01 1.483040302991867065e-02 2.478807270526885986e-01 1.273693919181823730e+00 -1.092936277389526367e+00 -1.200431510806083679e-01 -3.189552575349807739e-02
-7.154954075813293457e-01 1.966165304183959961e-01 -2.407787591218948364e-01 -4.046858251094818115e-01 -7.999535202980041504e-01 -3.962457478046417236e-01 -6.060255765914916992e-01 -1.116138577461242676e+00 -2.099658250808715820e-01 5.427151322364807129e-01 5.785169601440429688e-01 6.073866486549377441e-01 -3.871095776557922363e-01 7.668758183717727661e-02 1.515756696462631226e-01
5.027778148651123047e-01 2.125495672225952148e-01 -1.597216367721557617e+00 1.428010463714599609e+00 -4.430194571614265442e-02 -1.078882589936256409e-01 -1.987822890281677246e+00 -5.405376553535461426e-01 1.574966430664062500e+00 2.209083884954452515e-01 7.008349895477294922e-01 2.941166460514068604e-01 -2.810121178627014160e-01 4.121354222297668457e-01 1.899696588516235352e+00
-8.533649444580078125e-01 -1.247032523155212402e+00 9.084134697914123535e-01 -1.912591814994812012e+00 -4.904574155807495117e-01 5.459265112876892090e-01 -1.555964350700378418e+00 1.175127506256103516e+00 -1.213411092758178711e+00 1.769075751304626465e+00 1.178966164588928223e-01 1.074632644653320312e+00 3.313962817192077637e-01 -1.221567317843437195e-01 9.327713251113891602e-01
3.404436707496643066e-01 1.066120386123657227e+00 -8.668129444122314453e-01 6.303514838218688965e-01 -1.856464982032775879e+00 -1.177881240844726562e+00 5.007274746894836426e-01 -1.157812595367431641e+00 -4.731332361698150635e-01 -7.600326091051101685e-02 2.212963402271270752e-01 1.012972235679626465e+00 -9.754467606544494629e-01 -4.055351316928863525e-01 -8.520842343568801880e-02
-4.254840612411499023e-01 -7.192854881286621094e-01 -2.362795025110244751e-01 5.938421189785003662e-02 1.503595709800720215e+00 3.391447961330413818e-01 -3.253771364688873291e-02 -2.120411396026611328e+00 7.961027026176452637e-01 -8.918315917253494263e-02 4.657094180583953857e-01 -1.225937604904174805e+00 3.552945256233215332e-01 -1.209696412086486816e+00 6.204146146774291992e-01
1.262146711349487305e+00 4.168176054954528809e-01 3.889754712581634521e-01 8.975090384483337402e-01 -1.812940835952758789e+00 -3.201384842395782471e-01 -7.728338241577148438e-03 -1.854067444801330566e-01 5.429124236106872559e-01 -1.112366318702697754e+00 -7.851357460021972656e-01 -2.475150227546691895e-01 -9.091808199882507324e-01 -8.892826437950134277e-01 2.357235178351402283e-03
-1.215765237808227539e+00 -3.676718473434448242e-01 -4.563299715518951416e-01 -9.897170066833496094e-01 -1.735334396362304688e-01 5.286113619804382324e-01 -1.162403464317321777e+00 -1.098835110664367676e+00 1.422875225543975830e-01 7.787303924560546875e-01 1.109163522720336914e+00 5.486381649971008301e-01 -9.481485188007354736e-02 3.455689847469329834e-01 5.587661266326904297e-01
-7.212288975715637207e-01 -1.238917112350463867e+00 1.285915613174438477e+00 -1.850317716598510742e+00 -2.451104521751403809e-01 3.171387612819671631e-01 -1.118148922920227051e+00 1.164780259132385254e+00 -1.289490818977355957e+00 1.817270278930664062e+00 -1.901294291019439697e-01 9.142593145370483398e-01 4.578215479850769043e-01 -3.130765855312347412e-01 6.983593702316284180e-01
-1.260394930839538574e+00 -2.380480170249938965e-01 -5.862822532653808594e-01 -1.070598602294921875e+00 -3.412782847881317139e-01 2.534898221492767334e-01 -1.342195034027099609e+00 -9.704449176788330078e-01 3.335243836045265198e-02 9.420331120491027832e-01 1.068052530288696289e+00 7.145823836326599121e-01 5.320541933178901672e-02 3.886531889438629150e-01 4.315130710601806641e-01
-2.146988958120346069e-01 1.352531909942626953e-01 -5.168775916099548340e-01 -2.276500612497329712e-01 -1.384567618370056152e+00 -2.777772247791290283e-01 -1.011301726102828979e-01 -1.966604351997375488e+00 4.263629205524921417e-03 -2.827268242835998535e-01 4.540055394172668457e-01 -1.236358378082513809e-02 -8.361819386482238770e-01 -3.965343534946441650e-01 -6.732524037361145020e-01
-1.281357765197753906e+00 -4.732030034065246582e-01 3.923371434211730957e-01 -1.041536808013916016e+00 3.082400932908058167e-02 4.426728188991546631e-01 -1.481198430061340332e+00 -5.472604632377624512e-01 6.520265936851501465e-01 8.160186409950256348e-01 1.833176493644714355e+00 1.141437292098999023e+00 7.108342051506042480e-01 6.432920098304748535e-01 1.701493024826049805e+00
2.900440692901611328e-01 9.929111003875732422e-01 -5.404326915740966797e-01 3.992834091186523438e-01 -1.688228607177734375e+00 -1.293764233589172363e+00 5.836519598960876465e-01 -7.543140053749084473e-01 -5.228263139724731445e-01 1.369231194257736206e-02 1.611589491367340088e-01 1.094684600830078125e+00 -7.201989293098449707e-01 -3.005203902721405029e-01 -2.991608381271362305e-01
1.320168495178222656e+00 4.531620740890502930e-01 5.424860119819641113e-01 8.353518247604370117e-01 -1.873360514640808105e+00 -5.734187960624694824e-01 2.006918638944625854e-01 1.102971732616424561e-01 3.899277150630950928e-01 -1.170625448226928711e+00 -9.751976728439331055e-01 -4.158100485801696777e-02 -8.841955065727233887e-01 -9.454141259193420410e-01 -1.334637552499771118e-01
