-4.066113948822021484e+00 -8.940748572349548340e-01 5.099366903305053711e-01 -4.294314980506896973e-01 1.295429706573486328e+00 3.836547851562500000e+00 -4.288488388061523438e+00 -2.314874172210693359e+00 -1.263378262519836426e+00 -1.500364899635314941e+00 -2.130176544189453125e+00 -3.243050098419189453e+00 1.004112243652343750e+00 1.251988172531127930e+00 9.790320992469787598e-01
7.656851410865783691e-01 1.576873064041137695e+00 -7.521315574645996094e+00 -1.946490645408630371e+00 -2.084982872009277344e+00 1.374370098114013672e+00 -2.396651983261108398e+00 1.217030644416809082e+00 -5.398108959197998047e+00 1.587974786758422852e+00 3.477038145065307617e+00 2.422157049179077148e+00 1.498825907707214355e+00 3.145363807678222656e+00 3.365035295486450195e+00
-2.416516780853271484e+00 1.821710705757141113e+00 1.214601874351501465e+00 1.059161067008972168e+00 7.718961238861083984e-01 3.147050380706787109e+00 -2.333936214447021484e+00 -2.177634954452514648e+00 -1.176441788673400879e+00 -1.425569415092468262e+00 -1.753808259963989258e+00 -2.953907728195190430e+00 1.281109213829040527e+00 4.024596214294433594e+00 1.308564424514770508e+00
-1.631837606430053711e+00 1.138271570205688477e+00 4.326058924198150635e-01 4.829953908920288086e-01 1.180717825889587402e+00 3.765114307403564453e+00 -3.813048601150512695e+00 -2.001005172729492188e+00 -5.663414001464843750e-01 -2.501478195190429688e+00 -1.155810952186584473e-01 -3.957833051681518555e+00 1.868690848350524902e+00 1.376037120819091797e+00 4.952532425522804260e-02
-1.411417126655578613e+00 -3.869383811950683594e+00 -1.336339831352233887e+00 1.523492932319641113e+00 4.923613369464874268e-01 6.639312267303466797e+00 8.244099020957946777e-01 3.097356319427490234e+00 -1.210871696472167969e+00 -1.771657705307006836e+00 3.240399599075317383e+00 6.361933350563049316e-01 -4.925886541604995728e-02 2.077158689498901367e+00 -8.383141160011291504e-01
8.018586039543151855e-01 -2.202059984207153320e+00 2.546298980712890625e+00 3.108675718307495117e+00 2.717245101928710938e+00 -4.186505973339080811e-01 3.209012746810913086e+00 -1.009180426597595215e+00 -1.402023077011108398e+00 -2.796645879745483398e+00 1.163947582244873047e+00 -1.045593619346618652e+00 8.479359745979309082e-01 1.486652970314025879e+00 7.485791444778442383e-01
-2.864237308502197266e+00 2.955898642539978027e-01 -8.246222883462905884e-02 1.544256955385208130e-01 3.011759817600250244e-01 3.298184633255004883e+00 -4.928415298461914062e+00 -3.161383152008056641e+00 -3.069735527038574219e+00 -2.149890959262847900e-01 -1.526710033416748047e+00 -3.082903623580932617e+00 2.144024848937988281e+00 3.484092950820922852e+00 1.800769567489624023e+00
-2.319335460662841797e+00 -2.793551087379455566e-01 -1.171005249023437500e+00 1.524580597877502441e+00 7.111659049987792969e-01 -1.459835767745971680e+00 -9.267446398735046387e-01 2.410558462142944336e+00 3.604663312435150146e-01 -2.146869659423828125e+00 2.989091157913208008e+00 -9.404704570770263672e-01 2.104652166366577148e+00 4.586319446563720703e+00 1.314156413078308105e+00
-1.211860299110412598e+00 7.913980484008789062e-01 -3.785321474075317383e+00 -1.445739984512329102e+00 -2.384082317352294922e+00 1.243962049484252930e+00 -2.003560781478881836e+00 -2.620138525962829590e-01 -5.357194423675537109e+00 -2.243799209594726562e+00 3.591433525085449219e+00 1.816781520843505859e+00 2.784505605697631836e+00 2.336164951324462891e+00 1.940911293029785156e+00
-1.936633586883544922e+00 -5.758559703826904297e-01 -2.617515087127685547e+00 -3.222160577774047852e+00 -2.143102407455444336e+00 1.251294374465942383e+00 -8.808254003524780273e-01 2.907780408859252930e-01 -3.397816658020019531e+00 -2.371103048324584961e+00 2.546566963195800781e+00 1.793297410011291504e+00 2.599177360534667969e+00 2.250871181488037109e+00 1.642946362495422363e+00
-2.913333892822265625e+00 -9.443011879920959473e-01 -1.718470573425292969e+00 2.259437561035156250e+00 1.614215970039367676e-02 -5.393526554107666016e-01 -1.250407218933105469e+00 2.812151908874511719e+00 -4.276164472103118896e-01 -3.104507446289062500e+00 1.743658304214477539e+00 -2.710344791412353516e-01 3.130905628204345703e-01 4.684161186218261719e+00 1.527267098426818848e-01
-1.932758331298828125e+00 9.296019077301025391e-01 -1.235653400421142578e+00 1.854931235313415527e+00 1.137893199920654297e+00 4.576675891876220703e+00 -4.983770847320556641e+00 -2.779479265213012695e+00 4.992581307888031006e-01 1.418728232383728027e-01 -2.956028699874877930e+00 -3.361575841903686523e+00 -1.096794679760932922e-01 2.380448341369628906e+00 2.797539234161376953e+00
-2.142183303833007812e+00 -1.934394359588623047e+00 -2.051962614059448242e+00 1.801622986793518066e+00 -2.598607540130615234e+00 -2.342292308807373047e+00 -3.240472316741943359e+00 -4.286859989166259766e+00 -2.713138818740844727e+00 1.784488439559936523e+00 1.626815080642700195e+00 -2.353569746017456055e+00 3.223594427108764648e+00 -7.060894370079040527e-01 1.430240392684936523e+00
-1.205170750617980957e+00 1.691180229187011719e+00 -4.776383399963378906e+00 -1.068363547325134277e+00 -6.561897397041320801e-01 2.073500871658325195e+00 -5.873433947563171387e-01 1.286990642547607422e+00 -5.285763740539550781e+00 -2.689511775970458984e+00 3.897511959075927734e+00 7.361244559288024902e-01 1.578942894935607910e+00 5.193606853485107422e+00 1.486894845962524414e+00
-2.177896022796630859e+00 1.878940582275390625e+00 -3.440080881118774414e+00 1.963816523551940918e+00 1.736760497093200684e+00 5.523951053619384766e+00 -5.181969165802001953e+00 -2.238021373748779297e+00 -2.642037868499755859e+00 1.862343788146972656e+00 -2.247135162353515625e+00 -3.056905984878540039e+00 -1.996943712234497070e+00 5.154832839965820312e+00 4.116171836853027344e+00
4.788144826889038086e-01 1.501203298568725586e+00 2.015511751174926758e+00 -2.151664257049560547e+00 2.654381513595581055e+00 3.225188970565795898e+00 1.801469326019287109e+00 1.068029761314392090e+00 8.448110222816467285e-01 -3.342434167861938477e+00 7.429250478744506836e-01 -1.480590701103210449e+00 2.228755474090576172e+00 2.450184583663940430e+00 -1.897917032241821289e+00
-2.380993366241455078e+00 2.360644787549972534e-01 1.321144223213195801e+00 1.291232705116271973e+00 -6.994048357009887695e-01 -5.345757603645324707e-01 -5.924807548522949219e+00 2.068252325057983398e+00 -1.089233994483947754e+00 -1.117959737777709961e+00 3.018187284469604492e+00 -2.319405317306518555e+00 3.946827411651611328e+00 1.268311023712158203e+00 5.482620000839233398e-01
-3.698834896087646484e+00 -7.463957071304321289e-01 7.627468109130859375e-01 3.944690227508544922e-01 -1.775274515151977539e+00 -3.199775457382202148e+00 -9.805343747138977051e-01 -2.737352848052978516e+00 -3.635208129882812500e+00 -4.719647765159606934e-01 2.911589145660400391e+00 -2.592414617538452148e+00 2.408601045608520508e+00 -6.954226642847061157e-02 1.899394512176513672e+00
-1.459555268287658691e+00 1.694781064987182617e+00 -1.645878672599792480e+00 1.148137331008911133e+00 1.149971961975097656e+00 -8.306374549865722656e-01 -9.657936096191406250e-01 2.639480352401733398e+00 -7.853868007659912109e-01 -2.682914257049560547e+00 3.824388980865478516e+00 -4.857689142227172852e-01 2.328989744186401367e+00 5.742209434509277344e+00 1.557735323905944824e+00
-3.512777566909790039e+00 -1.807166337966918945e+00 5.962978601455688477e-01 1.805246233940124512e+00 -1.317585587501525879e+00 -1.321289539337158203e+00 -1.246731758117675781e+00 -2.531277179718017578e+00 -4.488976955413818359e+00 -8.865875005722045898e-01 2.602421760559082031e+00 -2.899257421493530273e+00 2.238056659698486328e+00 9.697955250740051270e-01 2.012291908264160156e+00
-1.478028416633605957e+00 3.192869424819946289e-01 -6.857625246047973633e-01 -6.345342397689819336e-01 3.622377395629882812e+00 3.763805150985717773e+00 -1.397462785243988037e-01 1.150813460350036621e+00 -1.034232020378112793e+00 -1.594906330108642578e+00 6.109883189201354980e-01 1.260687112808227539e-01 -2.087019443511962891e+00 7.334840893745422363e-01 6.882575035095214844e+00
7.561274170875549316e-01 -2.861926317214965820e+00 1.667129516601562500e+00 1.151669383049011230e+00 -1.763028860092163086e+00 2.363211631774902344e+00 -1.951019525527954102e+00 2.122792959213256836e+00 -4.587641239166259766e+00 2.820526361465454102e+00 2.896154165267944336e+00 -1.652253866195678711e-01 2.528517961502075195e+00 2.924688100814819336e+00 3.286890029907226562e+00
-1.276359200477600098e+00 4.744225978851318359e+00 -1.115273714065551758e+00 -9.307793378829956055e-01 2.320591449737548828e+00 -1.792716622352600098e+00 -2.271156787872314453e+00 -6.359831094741821289e-01 -2.421829700469970703e+00 -1.631237149238586426e+00 3.868574619293212891e+00 -5.551223278045654297e+00 5.100774765014648438e-01 -1.692322641611099243e-02 1.645833849906921387e+00
-8.357951045036315918e-01 2.775506258010864258e+00 -5.726994514465332031e+00 -1.437753200531005859e+00 -2.301239013671875000e+00 8.038083314895629883e-01 -1.608342885971069336e+00 1.666371345520019531e+00 -4.414311885833740234e+00 -9.422064572572708130e-02 4.104931831359863281e+00 9.907602667808532715e-01 3.038490772247314453e+00 6.447291374206542969e+00 2.388561487197875977e+00
-2.204450130462646484e+00 -1.138903021812438965e+00 -2.746814966201782227e+00 1.746603369712829590e+00 1.831860065460205078e+00 -1.157155632972717285e+00 7.448506951332092285e-01 2.942639827728271484e+00 3.379479348659515381e-01 -1.284150123596191406e+00 3.174648046493530273e+00 -1.782289862632751465e+00 4.397602677345275879e-01 5.362943172454833984e+00 2.336903810501098633e-01
-3.582330465316772461e+00 -7.842215895652770996e-01 -2.783469915390014648e+00 1.526070475578308105e+00 4.852414727210998535e-01 -8.274618387222290039e-01 -7.001549601554870605e-01 3.214344263076782227e+00 -7.312628030776977539e-01 -2.413157701492309570e+00 2.216965436935424805e+00 9.052462130784988403e-02 1.126440688967704773e-01 5.135539054870605469e+00 7.976976037025451660e-01
-7.068050503730773926e-01 1.387698888778686523e+00 1.198760747909545898e+00 1.373789429664611816e+00 2.799803256988525391e+00 4.762963771820068359e+00 -2.074633121490478516e+00 -1.317840456962585449e+00 1.642315387725830078e+00 -2.324118137359619141e+00 1.055536031723022461e+00 -3.793384790420532227e+00 1.515446424484252930e+00 4.491084098815917969e+00 -6.309074163436889648e-02
1.610494971275329590e+00 2.030594348907470703e+00 -1.030508428812026978e-02 -2.366949081420898438e+00 3.512746095657348633e+00 3.968971729278564453e+00 4.533645212650299072e-01 2.924586296081542969e+00 -2.343840748071670532e-01 -3.790520668029785156e+00 2.255754470825195312e+00 -1.688233315944671631e-01 2.390957117080688477e+00 2.656743764877319336e+00 1.755485832691192627e-01
-2.179409742355346680e+00 -1.085765510797500610e-01 9.516060352325439453e-01 -3.463736772537231445e-01 1.697516202926635742e+00 2.465828180313110352e+00 -2.090102195739746094e+00 -1.514044880867004395e+00 -4.634594619274139404e-01 -9.214520454406738281e-01 -3.963184356689453125e-02 -3.898427248001098633e+00 2.746768951416015625e+00 3.450869083404541016e+00 -1.768764495849609375e+00
1.813946366310119629e-01 1.668035745620727539e+00 3.581691026687622070e+00 -1.776172995567321777e+00 2.658048629760742188e+00 1.502859354019165039e+00 -9.107553958892822266e-02 1.135631799697875977e+00 -8.833836913108825684e-01 -2.208355903625488281e+00 8.649216890335083008e-01 -8.000141382217407227e-01 1.381814002990722656e+00 7.190343737602233887e-01 -5.502124428749084473e-01
-4.532112121582031250e+00 -1.154950976371765137e+00 -6.154667139053344727e-01 1.662611603736877441e+00 -1.536104559898376465e+00 -2.098107814788818359e+00 -1.303597569465637207e+00 -4.427159309387207031e+00 -4.210363864898681641e+00 -9.017640352249145508e-01 1.980170011520385742e+00 -2.256797075271606445e+00 2.067729234695434570e+00 -7.756192088127136230e-01 3.027116656303405762e-01
8.139487504959106445e-01 7.764305472373962402e-01 2.909830808639526367e+00 -1.095329761505126953e+00 2.623512983322143555e+00 6.659084558486938477e-01 3.657373599708080292e-03 -7.463679313659667969e-01 6.300492882728576660e-01 -1.763269782066345215e+00 1.795691967010498047e+00 -4.186287820339202881e-01 3.476287364959716797e+00 1.352743625640869141e+00 -1.681908369064331055e+00
4.438946247100830078e+00 4.957235336303710938e+00 -3.077810525894165039e+00 1.753225684165954590e+00 3.626895904541015625e+00 1.959317207336425781e+00 -3.304909467697143555e+00 4.305652379989624023e-01 -6.004896640777587891e+00 2.990992546081542969e+00 2.764993429183959961e+00 -4.401424527168273926e-01 3.128508806228637695e+00 5.412234306335449219e+00 1.883136034011840820e+00
-3.033166885375976562e+00 7.668650746345520020e-01 2.428683638572692871e-01 3.938736915588378906e-01 1.437926530838012695e+00 3.396798849105834961e+00 -2.863955020904541016e+00 -2.068078994750976562e+00 -1.720815777778625488e+00 -1.772134661674499512e+00 -1.117126703262329102e+00 -3.709461212158203125e+00 1.019117355346679688e+00 3.630354404449462891e+00 1.092698812484741211e+00
-3.320561647415161133e+00 -7.804507613182067871e-01 -1.597968101501464844e+00 1.660614013671875000e+00 -1.279097557067871094e+00 -1.566754817962646484e+00 -3.902328729629516602e+00 -4.216181755065917969e+00 -3.231986999511718750e+00 2.873211205005645752e-01 2.796962976455688477e+00 -2.501022100448608398e+00 3.055417060852050781e+00 2.154623419046401978e-01 2.539288759231567383e+00
-2.464570522308349609e+00 1.116854190826416016e+00 1.827588081359863281e+00 1.311121225357055664e+00 9.052227735519409180e-01 3.019147157669067383e+00 -1.609697580337524414e+00 -1.437072634696960449e+00 4.251340404152870178e-03 -1.754177451133728027e+00 -9.547762870788574219e-01 -3.740674734115600586e+00 1.356296777725219727e+00 4.026591300964355469e+00 -1.410008072853088379e+00
5.734500288963317871e-01 -2.494095802307128906e+00 -4.284783363342285156e+00 1.593466639518737793e+00 3.730276584625244141e+00 -6.416249275207519531e-01 -1.116029620170593262e+00 1.492678284645080566e+00 -2.136741638183593750e+00 4.810496568679809570e-01 2.114882230758666992e+00 -5.103178501129150391e+00 -2.869785070419311523e+00 -5.433616042137145996e-01 4.275858879089355469e+00
-9.630318284034729004e-01 1.208432674407958984e+00 6.758931875228881836e-01 8.006574213504791260e-02 5.754197835922241211e-01 -5.275629758834838867e-01 -4.184384822845458984e+00 2.473402023315429688e+00 -4.383832514286041260e-01 -5.519144535064697266e-01 3.790939092636108398e+00 -3.803401231765747070e+00 4.211723327636718750e+00 2.770213365554809570e+00 -1.120250344276428223e+00
3.782709836959838867e+00 3.439310312271118164e+00 1.711863040924072266e+00 -2.942842721939086914e+00 3.365579605102539062e+00 4.065556049346923828e+00 -9.325612783432006836e-01 1.527548432350158691e+00 -1.381675004959106445e+00 -1.109806537628173828e+00 1.078802824020385742e+00 9.523141384124755859e-01 2.894312858581542969e+00 2.976124048233032227e+00 6.827253103256225586e-01
-2.025578975677490234e+00 -4.923163354396820068e-02 -2.228219747543334961e+00 2.822770357131958008e+00 -2.083570957183837891e+00 -2.119846343994140625e+00 -2.626405477523803711e+00 -2.840806007385253906e+00 -3.778460979461669922e+00 4.023646116256713867e-01 3.679403066635131836e+00 -2.643432378768920898e+00 1.839673399925231934e+00 1.197802901268005371e+00 2.657422304153442383e+00
3.566022396087646484e+00 3.089713573455810547e+00 5.791274905204772949e-01 -1.253269553184509277e+00 4.345699787139892578e+00 3.627094507217407227e+00 -1.074650168418884277e+00 1.442411780357360840e+00 3.790865093469619751e-02 -2.715912342071533203e+00 2.577272176742553711e+00 -1.115187406539916992e+00 2.004986286163330078e+00 5.393748879432678223e-01 -8.107393980026245117e-01
-1.624675750732421875e+00 -2.414244860410690308e-01 2.613123953342437744e-01 1.814945489168167114e-01 1.651507019996643066e+00 4.453376293182373047e+00 -4.039537429809570312e+00 -3.046185970306396484e+00 1.262467503547668457e+00 -1.460597515106201172e+00 -1.708821535110473633e+00 -2.651849031448364258e+00 1.766090869903564453e+00 9.559103250503540039e-01 3.260588049888610840e-01
-6.572412848472595215e-01 -8.574347496032714844e-01 -6.221963882446289062e+00 -2.091440677642822266e+00 -6.600471735000610352e-01 2.767442226409912109e+00 -9.578827619552612305e-01 1.505448698997497559e+00 -3.913020849227905273e+00 -2.325061798095703125e+00 4.002773284912109375e+00 9.087893962860107422e-01 1.144751071929931641e+00 2.823198795318603516e+00 1.106340169906616211e+00
-1.584397554397583008e+00 5.577865839004516602e-01 4.244466125965118408e-01 7.480562329292297363e-01 3.876600563526153564e-01 3.501310825347900391e+00 -4.498422145843505859e+00 -2.492305278778076172e+00 -1.454082369804382324e+00 -6.850144863128662109e-01 -1.375646352767944336e+00 -3.227611780166625977e+00 1.789453029632568359e+00 2.049919128417968750e+00 1.031333565711975098e+00
1.579416990280151367e+00 9.666485190391540527e-01 -3.464181184768676758e+00 2.918565034866333008e+00 2.105269670486450195e+00 8.813348412513732910e-02 -2.017523765563964844e+00 3.444806337356567383e-01 -2.943829536437988281e+00 -1.326076149940490723e+00 5.764729499816894531e+00 1.461101472377777100e-01 8.284209370613098145e-01 -2.173597097396850586e+00 1.566602230072021484e+00
-2.160706996917724609e+00 8.011783957481384277e-01 -8.999854326248168945e-01 1.865921974182128906e+00 -1.188737273216247559e+00 -5.266439914703369141e-02 -5.226487636566162109e+00 3.313498258590698242e+00 -5.476336479187011719e-01 -1.140477731823921204e-01 2.253598928451538086e+00 -3.404982089996337891e+00 2.043139934539794922e+00 7.612293958663940430e-01 -8.668978214263916016e-01
-2.736635684967041016e+00 -2.281112670898437500e+00 -1.432138800621032715e+00 -3.917151093482971191e-01 3.529654026031494141e+00 1.492930352687835693e-01 4.126769006252288818e-01 1.561938166618347168e+00 -5.166055560111999512e-01 -2.750612497329711914e+00 1.089549779891967773e+00 -4.876108646392822266e+00 -1.349053144454956055e+00 -3.747730553150177002e-01 1.395461559295654297e+00
-6.790880560874938965e-01 -2.570955991744995117e+00 -1.884839653968811035e+00 1.833542943000793457e+00 9.898034334182739258e-01 6.531749248504638672e+00 8.146845698356628418e-01 1.357354283332824707e+00 -1.086805820465087891e+00 -2.312235832214355469e+00 4.460675716400146484e+00 -1.065547987818717957e-01 1.322646021842956543e+00 3.143719196319580078e+00 -2.244683742523193359e+00
-2.308326363563537598e-01 1.650755286216735840e+00 3.702314615249633789e+00 -2.354791641235351562e+00 2.071133852005004883e+00 6.521992087364196777e-01 -1.123604625463485718e-01 -5.729120373725891113e-01 -1.508321404457092285e+00 -2.326616764068603516e+00 1.824963808059692383e+00 -1.338676095008850098e+00 3.295368671417236328e+00 1.671551942825317383e+00 -2.009270906448364258e+00
-2.276567220687866211e+00 -3.165834665298461914e+00 -1.809775531291961670e-01 -2.296567261219024658e-01 2.801630020141601562e+00 -1.328704953193664551e+00 -2.405084073543548584e-01 3.420753777027130127e-01 -9.136824011802673340e-01 -1.521690845489501953e+00 2.228566169738769531e+00 -4.838246345520019531e+00 4.251640141010284424e-01 2.699985206127166748e-01 1.016760706901550293e+00
-8.632988333702087402e-01 1.322653293609619141e+00 -1.132884979248046875e+00 2.122242599725723267e-01 2.551733255386352539e+00 7.670118808746337891e+00 -3.829477787017822266e+00 -6.154718399047851562e-01 1.726455211639404297e+00 -7.616647481918334961e-01 -1.403563976287841797e+00 -1.956379175186157227e+00 -2.378798276185989380e-02 4.845111370086669922e+00 2.045108795166015625e+00
5.832912921905517578e+00 1.476664185523986816e+00 -7.236186027526855469e+00 3.198936223983764648e+00 4.094699382781982422e+00 2.530359506607055664e+00 -3.680960416793823242e+00 3.606411933898925781e+00 -3.134483575820922852e+00 5.079636573791503906e-01 6.927423477172851562e+00 1.796668171882629395e+00 7.572631239891052246e-01 -9.383787512779235840e-01 4.358805656433105469e+00
-1.605313301086425781e+00 1.019142627716064453e+00 1.311457455158233643e-01 -7.238343954086303711e-01 -1.125051826238632202e-01 5.144006252288818359e+00 -3.993244409561157227e+00 -1.479740023612976074e+00 -2.103235960006713867e+00 -1.478214979171752930e+00 3.934717774391174316e-01 -3.463178873062133789e+00 3.034301996231079102e+00 3.350739240646362305e+00 2.173612117767333984e-01
2.053878784179687500e+00 3.174311876296997070e+00 -1.424439251422882080e-01 2.045392513275146484e+00 4.356465816497802734e+00 1.556694865226745605e+00 -3.093326807022094727e+00 -2.242494672536849976e-01 -4.819574356079101562e+00 1.716502428054809570e+00 2.923012018203735352e+00 2.752643525600433350e-01 5.265447139739990234e+00 4.868556022644042969e+00 -3.956400975584983826e-02
-2.165688991546630859e+00 6.400962471961975098e-01 4.050980091094970703e+00 2.424000501632690430e+00 1.075751334428787231e-01 1.397174596786499023e+00 -1.188029766082763672e+00 1.769533038139343262e+00 -4.426451206207275391e+00 -2.008018732070922852e+00 4.377402305603027344e+00 -4.884954452514648438e+00 2.401148319244384766e+00 -1.501262634992599487e-01 4.927206411957740784e-02
-8.509283661842346191e-01 -8.443662524223327637e-01 2.756634950637817383e+00 1.738254547119140625e+00 3.298732519149780273e+00 -5.149819254875183105e-01 1.730009078979492188e+00 -8.036904335021972656e-01 -1.345357537269592285e+00 -3.870957374572753906e+00 4.859701991081237793e-01 -1.574747920036315918e+00 9.446068853139877319e-02 7.223598361015319824e-01 2.143930912017822266e+00
-2.757455348968505859e+00 -1.394501209259033203e+00 -4.172534644603729248e-01 2.128674268722534180e+00 -1.973666310310363770e+00 -1.983379006385803223e+00 -2.994074583053588867e+00 -3.136195182800292969e+00 -5.478806972503662109e+00 1.194036826491355896e-01 2.741886138916015625e+00 -1.163635134696960449e+00 1.725375175476074219e+00 -8.859592080116271973e-01 2.870431900024414062e+00
-2.238083839416503906e+00 -6.158094406127929688e-01 3.387207269668579102e+00 2.134084701538085938e+00 1.163486957550048828e+00 2.188773155212402344e+00 -5.011623501777648926e-01 2.236644029617309570e+00 -3.978935003280639648e+00 -2.638947486877441406e+00 3.332375049591064453e+00 -4.097335815429687500e+00 5.302514433860778809e-01 -2.351206779479980469e+00 1.164246916770935059e+00
1.612250208854675293e+00 1.443380832672119141e+00 1.423290610313415527e+00 -1.090146422386169434e+00 3.297012805938720703e+00 2.421789646148681641e+00 -2.664292752742767334e-01 2.310047149658203125e+00 -6.783487647771835327e-02 -2.704958200454711914e+00 2.489435195922851562e+00 7.237434387207031250e-01 2.880981445312500000e+00 8.210350871086120605e-01 9.609054923057556152e-01
-1.130646347999572754e+00 6.121471524238586426e-03 -4.296565055847167969e+00 -2.332558393478393555e+00 -2.250296115875244141e+00 8.109611272811889648e-01 -1.447149515151977539e+00 1.147631525993347168e+00 -5.870115280151367188e+00 -2.315569855272769928e-02 3.141291856765747070e+00 1.829042434692382812e+00 9.739530682563781738e-01 3.129517793655395508e+00 2.182880878448486328e+00
-8.084128499031066895e-01 -7.152835726737976074e-01 -3.213590383529663086e+00 3.168254852294921875e+00 -3.124248981475830078e+00 -2.665438950061798096e-01 -2.773736715316772461e+00 -2.709859371185302734e+00 -2.877061605453491211e+00 1.944840312004089355e+00 3.466681241989135742e+00 -2.983845949172973633e+00 2.130194187164306641e+00 2.279078483581542969e+00 2.306810379028320312e+00
-3.206385612487792969e+00 -1.353165745735168457e+00 1.011933445930480957e+00 1.605337500572204590e+00 5.788214206695556641e-01 -1.890202045440673828e+00 -6.873980164527893066e-02 1.416426301002502441e+00 -2.365210503339767456e-01 -1.639058709144592285e+00 2.003542184829711914e+00 -4.729583561420440674e-01 1.865181922912597656e+00 3.329236030578613281e+00 2.405449002981185913e-01
5.083128213882446289e-01 -3.782323002815246582e-01 -3.381248414516448975e-01 1.610940098762512207e+00 1.693157076835632324e+00 -1.488011479377746582e+00 -8.248757719993591309e-01 -8.666287362575531006e-02 -2.022812128067016602e+00 -2.803228378295898438e+00 4.986315250396728516e+00 -6.471378356218338013e-02 2.251233577728271484e+00 -2.203083992004394531e+00 7.764634490013122559e-01
-2.103819370269775391e+00 -2.195877790451049805e+00 -2.168658733367919922e+00 1.874153256416320801e+00 -2.356750726699829102e+00 -2.067736625671386719e+00 -1.244978308677673340e+00 -3.021090507507324219e+00 -3.121436595916748047e+00 5.265306830406188965e-01 3.148595094680786133e+00 -1.606037855148315430e+00 1.579743981361389160e+00 -7.505986094474792480e-01 1.310399174690246582e-01
-1.800551295280456543e+00 1.272544622421264648e+00 -2.462034523487091064e-01 5.467168688774108887e-01 1.183149814605712891e+00 4.330066204071044922e+00 -3.985819101333618164e+00 -1.266810655593872070e+00 -3.117720186710357666e-01 -1.888314962387084961e+00 -1.222169876098632812e+00 -4.119156360626220703e+00 8.113261461257934570e-01 3.654932260513305664e+00 9.083670377731323242e-02
-6.904952526092529297e-01 -3.011041641235351562e+00 2.516793489456176758e+00 4.164355397224426270e-01 -1.610209465026855469e+00 3.072128295898437500e+00 -8.085331320762634277e-01 2.911819934844970703e+00 -1.749603271484375000e+00 1.426390409469604492e+00 8.935704827308654785e-01 -1.869138717651367188e+00 1.658834457397460938e+00 1.278132319450378418e+00 7.125253081321716309e-01
1.552632212638854980e+00 -6.373546123504638672e-01 4.807764291763305664e-01 4.787118434906005859e+00 4.318863868713378906e+00 7.997649312019348145e-01 4.096454620361328125e+00 -2.328327745199203491e-01 -1.394097089767456055e+00 -4.283354759216308594e+00 1.135574102401733398e+00 -1.939130187034606934e+00 -1.354907989501953125e+00 2.814031600952148438e+00 1.552522897720336914e+00
1.339153409004211426e+00 3.125514745712280273e+00 2.526973783969879150e-01 -1.859676599502563477e+00 4.152026653289794922e+00 1.999315261840820312e+00 1.224848926067352295e-01 2.144744873046875000e+00 7.423294782638549805e-01 -2.568320751190185547e+00 8.356487154960632324e-01 -3.774179220199584961e-01 2.288010597229003906e+00 4.082755148410797119e-01 -5.559014901518821716e-02
2.713212251663208008e+00 2.563287019729614258e+00 -6.173358112573623657e-02 -2.804061412811279297e+00 3.027047157287597656e+00 3.085914611816406250e+00 -5.907782912254333496e-01 1.732715249061584473e+00 1.851172298192977905e-01 -1.180102229118347168e+00 1.376693725585937500e+00 -3.683730959892272949e-01 3.032480001449584961e+00 1.107169508934020996e+00 -8.725835680961608887e-01
1.164918065071105957e+00 -1.150061130523681641e+00 -4.643509089946746826e-01 2.557138442993164062e+00 -1.371298637241125107e-02 3.860056161880493164e+00 -1.218886852264404297e+00 4.658191204071044922e+00 -2.858607530593872070e+00 3.121129035949707031e+00 3.024238586425781250e+00 -1.155499815940856934e+00 -3.144568800926208496e-01 5.617802619934082031e+00 3.590683937072753906e+00
-3.023896932601928711e+00 -2.144958019256591797e+00 3.802112579345703125e+00 6.145651340484619141e-01 7.093796730041503906e-01 2.164175510406494141e+00 -8.758906126022338867e-01 2.285459995269775391e+00 -1.714577198028564453e+00 -2.297924757003784180e+00 2.746934652328491211e+00 -4.348958492279052734e+00 1.326144695281982422e+00 -1.467051386833190918e+00 6.191562414169311523e-01
2.302916526794433594e+00 4.107522964477539062e+00 2.007743120193481445e+00 -2.545704126358032227e+00 1.773001194000244141e+00 3.518394947052001953e+00 -1.534858465194702148e+00 1.422202467918395996e+00 -7.640670537948608398e-01 -1.772147417068481445e+00 1.228910923004150391e+00 -1.134712815284729004e+00 3.093539714813232422e+00 2.319235563278198242e+00 -2.063260078430175781e+00
1.098674774169921875e+00 1.437413454055786133e+00 -1.660379767417907715e+00 2.843111038208007812e+00 1.267179012298583984e+00 3.349691331386566162e-01 -9.911206364631652832e-01 7.745704650878906250e-01 -3.530620813369750977e+00 -3.182868957519531250e+00 5.526528358459472656e+00 8.949878811836242676e-01 1.182262897491455078e+00 -9.826161265373229980e-01 1.122763156890869141e+00
-9.326115250587463379e-01 1.500097274780273438e+00 -6.380715370178222656e+00 -2.464860200881958008e+00 -8.589599132537841797e-01 2.609103441238403320e+00 -2.102441787719726562e+00 1.949530839920043945e+00 -6.497760772705078125e+00 4.019039869308471680e-01 4.585246562957763672e+00 7.783651947975158691e-01 1.655028104782104492e+00 6.634559631347656250e+00 2.956635713577270508e+00
-1.189738437533378601e-01 1.051655054092407227e+00 -1.942170858383178711e+00 6.739835739135742188e-01 -1.754200309514999390e-01 8.986075520515441895e-01 -6.039676189422607422e+00 3.151740312576293945e+00 1.125770330429077148e+00 -6.150159835815429688e-01 2.863817453384399414e+00 -4.115179061889648438e+00 3.143308162689208984e+00 2.032798528671264648e+00 -4.507579803466796875e-01
-2.526954412460327148e+00 -8.781197071075439453e-01 -8.001115918159484863e-01 9.392355084419250488e-01 1.536322712898254395e+00 4.984516620635986328e+00 -2.602629423141479492e+00 -1.722274780273437500e+00 8.409222364425659180e-01 -1.744417190551757812e+00 -2.324187994003295898e+00 -4.206333637237548828e+00 -7.526089549064636230e-01 2.872273683547973633e+00 1.397233366966247559e+00
-3.925047874450683594e+00 4.015174508094787598e-01 -8.227345943450927734e-01 2.444128036499023438e+00 -2.709089219570159912e-01 -2.150475502014160156e+00 -1.981634616851806641e+00 1.787225246429443359e+00 -2.842446804046630859e+00 -2.665545940399169922e+00 2.596307039260864258e+00 -3.548608720302581787e-01 2.121066331863403320e+00 4.511040210723876953e+00 5.641904473304748535e-01
5.454516410827636719e-01 1.702087998390197754e+00 -2.841744184494018555e+00 1.587698340415954590e+00 3.996425569057464600e-01 2.164958953857421875e+00 -8.613502502441406250e+00 3.627806425094604492e+00 -8.581896871328353882e-02 5.318922996520996094e-01 2.766803979873657227e+00 -2.889162778854370117e+00 2.360444545745849609e+00 -5.452796816825866699e-01 1.631840944290161133e+00
9.292311035096645355e-03 -5.956815481185913086e-01 6.584153771400451660e-01 4.238680362701416016e+00 2.765578508377075195e+00 -1.439118385314941406e+00 3.628929615020751953e+00 -1.010062932968139648e+00 -1.828533053398132324e+00 -2.745931148529052734e+00 -7.203554511070251465e-01 -9.763689041137695312e-01 -2.021948337554931641e+00 1.316174030303955078e+00 4.642275810241699219e+00
-1.280528187751770020e+00 -1.074343472719192505e-01 -3.329301357269287109e+00 3.099599838256835938e+00 1.231573224067687988e+00 1.063963413238525391e+00 -5.279029011726379395e-01 3.663775444030761719e+00 -3.698479831218719482e-01 -3.759517669677734375e+00 2.557261228561401367e+00 2.456182837486267090e-01 1.182387396693229675e-01 6.546352863311767578e+00 2.168664336204528809e-01
-2.259749412536621094e+00 2.231348276138305664e+00 3.262760341167449951e-01 1.157311558723449707e+00 3.237699747085571289e+00 3.806174993515014648e+00 -2.627503156661987305e+00 -1.761939406394958496e+00 -1.364035487174987793e+00 -6.394357681274414062e-01 -1.708940029144287109e+00 -2.932951211929321289e+00 1.873897612094879150e-01 5.589615345001220703e+00 1.906096458435058594e+00
-1.336335182189941406e+00 -2.000576734542846680e+00 -1.165652036666870117e+00 1.547909617424011230e+00 -1.043713092803955078e+00 -2.689387559890747070e+00 -2.363434314727783203e+00 -2.536892175674438477e+00 -3.170380353927612305e+00 8.434790968894958496e-01 3.635499715805053711e+00 -2.617485046386718750e+00 1.689314961433410645e+00 -3.407240211963653564e-01 2.933060646057128906e+00
-2.674040079116821289e+00 4.854341506958007812e+00 5.716880559921264648e-01 -2.398114442825317383e+00 1.618883609771728516e+00 -1.600115060806274414e+00 -9.211557507514953613e-01 -6.430058479309082031e-01 -4.127361774444580078e+00 -3.572384715080261230e-01 2.958994626998901367e+00 -4.390187263488769531e+00 1.140533566474914551e+00 3.066419363021850586e+00 1.360849380493164062e+00
-1.201252698898315430e+00 1.238844841718673706e-01 -3.859393358230590820e+00 -1.557076454162597656e+00 -2.867641210556030273e+00 1.189069867134094238e+00 -6.227279305458068848e-01 -1.712094433605670929e-02 -3.794261932373046875e+00 -1.757428169250488281e+00 2.970825433731079102e+00 1.594530105590820312e+00 2.434108257293701172e+00 2.656028032302856445e+00 -7.553201317787170410e-01
2.563990592956542969e+00 4.481699466705322266e-01 -3.232717752456665039e+00 1.231184720993041992e+00 1.088495016098022461e+00 -8.114376664161682129e-01 -2.924323320388793945e+00 5.672750473022460938e-01 -2.026206970214843750e+00 -1.389595270156860352e+00 5.740626335144042969e+00 5.985285639762878418e-01 2.832776069641113281e+00 -2.826363801956176758e+00 1.880453586578369141e+00
-2.458172082901000977e+00 -7.863868474960327148e-01 1.091470956802368164e+00 5.375820398330688477e-01 2.384949445724487305e+00 4.211678981781005859e+00 -1.988115310668945312e+00 -1.771340012550354004e+00 3.991481959819793701e-01 -2.551725625991821289e+00 -3.576784133911132812e-01 -3.518503665924072266e+00 4.687536656856536865e-01 2.807983636856079102e+00 5.087940096855163574e-01
8.410114794969558716e-02 1.346742987632751465e+00 -2.972373008728027344e+00 2.587785243988037109e+00 -1.231357574462890625e+00 1.173228621482849121e+00 -7.694389343261718750e+00 4.585062026977539062e+00 -1.405881196260452271e-01 1.184503912925720215e+00 4.095536231994628906e+00 -3.469141721725463867e+00 2.323191165924072266e+00 -1.269039362668991089e-01 8.354519009590148926e-01
9.799812436103820801e-01 2.413496494293212891e+00 -4.596641957759857178e-01 6.755016446113586426e-01 3.125686347484588623e-01 -1.405752420425415039e+00 -3.839093685150146484e+00 -1.454566717147827148e+00 -6.180302619934082031e+00 3.558532953262329102e+00 1.723935604095458984e+00 1.328464150428771973e-01 5.369719982147216797e+00 3.621656417846679688e+00 8.555580377578735352e-01
1.833824217319488525e-01 7.996738553047180176e-01 -6.475932121276855469e+00 -1.948954701423645020e+00 -2.838734149932861328e+00 2.460919380187988281e+00 -1.380399823188781738e+00 1.617817521095275879e+00 -3.555469036102294922e+00 1.345289796590805054e-01 3.340653657913208008e+00 1.443447709083557129e+00 2.341521024703979492e+00 3.786589384078979492e+00 3.416234850883483887e-01
-1.477032065391540527e+00 -8.365327715873718262e-01 -6.853557825088500977e-01 -5.741285160183906555e-02 1.361691951751708984e+00 6.008222579956054688e+00 -6.141444683074951172e+00 -2.146018981933593750e+00 -1.053049921989440918e+00 -1.104554533958435059e+00 -1.077130794525146484e+00 -2.728740453720092773e+00 3.688232302665710449e-01 1.103090643882751465e+00 3.669941425323486328e+00
-8.498247265815734863e-01 7.461834549903869629e-01 -9.272104501724243164e-01 1.817330956459045410e+00 -1.061640262603759766e+00 -1.088538646697998047e+00 -5.529932022094726562e+00 2.619943141937255859e+00 -1.502878814935684204e-01 -3.283522129058837891e-01 2.968507528305053711e+00 -3.787339210510253906e+00 2.313132286071777344e+00 -9.018450379371643066e-01 -4.935430884361267090e-01
-6.288685202598571777e-01 2.311738014221191406e+00 2.499836206436157227e+00 -3.054117679595947266e+00 1.549942135810852051e+00 1.563544511795043945e+00 -3.534614443778991699e-01 1.345073133707046509e-01 -1.952643036842346191e+00 -3.341437816619873047e+00 1.065432310104370117e+00 -8.287776112556457520e-01 2.721029281616210938e+00 4.541881084442138672e-01 -1.091826319694519043e+00
-2.884518623352050781e+00 -7.930115461349487305e-01 -4.483787536621093750e+00 1.756178498268127441e+00 7.971634268760681152e-01 -1.444262266159057617e+00 -9.416132569313049316e-01 3.307972908020019531e+00 -6.308131664991378784e-02 -1.301202058792114258e+00 2.038205385208129883e+00 -7.870463728904724121e-01 7.586405873298645020e-01 5.081060409545898438e+00 1.363135933876037598e+00
-1.179851770401000977e+00 1.176980972290039062e+00 -2.199729681015014648e+00 -7.608293294906616211e-01 2.615804433822631836e+00 3.153966903686523438e+00 -1.507765531539916992e+00 -1.531110843643546104e-03 -2.128067016601562500e+00 -9.826914072036743164e-01 1.376914739608764648e+00 5.617247819900512695e-01 -1.850968241691589355e+00 1.415238976478576660e+00 8.081000328063964844e+00
-1.699079751968383789e+00 9.986818432807922363e-01 -1.388685941696166992e+00 1.466034173965454102e+00 -3.133277595043182373e-01 5.901991367340087891e+00 -3.680138349533081055e+00 -1.127172708511352539e+00 -3.461395800113677979e-01 -1.955648660659790039e+00 -2.286687850952148438e+00 -3.045653104782104492e+00 9.232020378112792969e-01 4.888832092285156250e+00 1.283237338066101074e-01
-9.792132377624511719e-01 -4.466806054115295410e-01 6.091008186340332031e-01 -5.104482769966125488e-01 3.496007442474365234e+00 1.084092259407043457e+00 9.976085424423217773e-01 -1.145292043685913086e+00 -1.733799338340759277e+00 -4.846652746200561523e-01 1.898707389831542969e+00 -3.581716418266296387e-01 -9.406682252883911133e-01 1.861359477043151855e+00 5.607736587524414062e+00
-5.609153509140014648e-01 -2.202627807855606079e-01 9.849506616592407227e-01 -7.902633547782897949e-01 -1.143145442008972168e+00 4.235548019409179688e+00 -5.713541507720947266e-01 4.002441406250000000e+00 -3.275856494903564453e+00 2.408436298370361328e+00 2.040220022201538086e+00 -1.813653111457824707e+00 1.124871134757995605e+00 4.663836479187011719e+00 3.234177112579345703e+00
9.973824620246887207e-01 -8.250017464160919189e-02 2.393848180770874023e+00 3.462804794311523438e+00 2.999041318893432617e+00 7.901398539543151855e-01 2.868524312973022461e+00 -7.060725092887878418e-01 -3.430425643920898438e+00 -4.649734497070312500e+00 1.312102794647216797e+00 -1.098061323165893555e+00 3.594126552343368530e-02 2.899810314178466797e+00 2.484146595001220703e+00
-9.815754294395446777e-01 5.035006403923034668e-01 6.396919488906860352e-01 1.601868629455566406e+00 -2.429314404726028442e-01 -3.333787024021148682e-01 -3.138016462326049805e+00 3.144732236862182617e+00 1.761415362358093262e+00 -1.739804744720458984e+00 2.705196380615234375e+00 -3.731885671615600586e+00 2.756311655044555664e+00 9.542998075485229492e-01 -6.769966483116149902e-01
-2.462464570999145508e+00 -2.063441038131713867e+00 -1.498761534690856934e+00 2.282140493392944336e+00 2.674580514430999756e-01 -1.488193511962890625e+00 -4.489162266254425049e-01 2.442004680633544922e+00 1.853886127471923828e+00 -1.886787176132202148e+00 1.313087940216064453e+00 -7.860993742942810059e-01 1.075828194618225098e+00 3.212748050689697266e+00 2.717974185943603516e-01
