2.103177547454833984e+00 -3.493884325027465820e+00 -1.808002591133117676e+00 3.296522378921508789e+00 5.968570113182067871e-01 -1.920289039611816406e+00 1.696354001760482788e-01 -3.951179981231689453e+00 3.360419571399688721e-01 3.326169848442077637e-01 8.938621282577514648e-01 -1.727622032165527344e+00 9.643004536628723145e-01 1.549333691596984863e+00 -7.472370862960815430e-01
1.126077890396118164e+00 -1.668079495429992676e+00 -1.184227466583251953e+00 2.457348585128784180e+00 2.205163002014160156e+00 -1.711582064628601074e+00 1.535102009773254395e+00 -1.283668518066406250e+00 -8.487931489944458008e-01 -4.227818012237548828e+00 -2.543826103210449219e+00 3.773129463195800781e+00 -2.413733243942260742e+00 3.023922920227050781e+00 3.541288375854492188e+00
1.938017487525939941e+00 -3.467204093933105469e+00 -1.452067971229553223e+00 3.550634145736694336e+00 2.390583157539367676e-01 -2.430500984191894531e+00 -4.618575572967529297e-01 -3.355144023895263672e+00 1.715320646762847900e-01 9.994775056838989258e-01 1.016962409019470215e+00 -1.270197629928588867e+00 1.453594923019409180e+00 1.761631011962890625e+00 -4.405897557735443115e-01
1.536346673965454102e+00 -3.772184848785400391e+00 -2.427462816238403320e+00 3.046553611755371094e+00 -3.362010121345520020e-01 -2.341145515441894531e+00 8.073721826076507568e-02 -3.384435653686523438e+00 -3.632577359676361084e-01 5.985727906227111816e-01 5.723348259925842285e-01 -1.759792566299438477e+00 8.303698897361755371e-01 1.341541409492492676e+00 -8.568634986877441406e-01
2.674926042556762695e+00 -1.090657949447631836e+00 -3.494782447814941406e+00 1.363117933273315430e+00 -1.316162467002868652e+00 -3.164582729339599609e+00 2.631591558456420898e+00 1.602001428604125977e+00 -3.713219642639160156e+00 -3.899655818939208984e+00 -1.019531011581420898e+00 1.409481763839721680e+00 1.817688107490539551e+00 2.832061529159545898e+00 -4.458375871181488037e-01
4.426825642585754395e-01 -4.259806156158447266e+00 -2.401132106781005859e+00 1.625989317893981934e+00 -8.802125453948974609e-01 -3.452978134155273438e+00 -9.455049037933349609e-01 -3.242641448974609375e+00 8.282595872879028320e-01 2.286099344491958618e-01 -8.762678503990173340e-01 4.942440032958984375e+00 -1.603624105453491211e+00 9.431368708610534668e-01 -1.316952347755432129e+00
2.930343866348266602e+00 -3.959354400634765625e+00 -8.220303058624267578e-01 3.857119321823120117e+00 1.375616073608398438e+00 -2.804319143295288086e+00 3.069736957550048828e-01 -3.872147798538208008e+00 -3.772533833980560303e-01 5.966095924377441406e-01 2.053603172302246094e+00 -1.885677337646484375e+00 5.308720469474792480e-01 1.587203264236450195e+00 -2.185202687978744507e-01
6.040596365928649902e-01 -3.279644966125488281e+00 2.619779706001281738e-01 -7.210563421249389648e-01 -9.311972260475158691e-01 -4.684829235076904297e+00 4.330317497253417969e+00 1.336359620094299316e+00 -2.126364707946777344e+00 -3.466684222221374512e-01 1.425256133079528809e-01 8.692202568054199219e-01 -8.929614424705505371e-01 -1.197021245956420898e+00 1.729296326637268066e+00
8.731625676155090332e-01 -3.078679561614990234e+00 -2.222186565399169922e+00 3.106024265289306641e-01 -4.836956411600112915e-02 -1.342411518096923828e+00 1.652149796485900879e+00 -1.584141016006469727e+00 -1.118100404739379883e+00 -1.011263728141784668e+00 -2.130928516387939453e+00 3.093631267547607422e+00 -1.124563932418823242e+00 2.468326568603515625e+00 3.568762302398681641e+00
3.611711859703063965e-01 -2.810824155807495117e+00 -2.859938859939575195e+00 -8.450568318367004395e-01 -1.002321004867553711e+00 -1.445855498313903809e+00 1.433506011962890625e+00 -2.035308599472045898e+00 -3.970967233180999756e-01 -1.042860507965087891e+00 -3.042947769165039062e+00 3.115072965621948242e+00 -1.594036698341369629e+00 2.089244365692138672e+00 2.618364095687866211e+00
1.409584283828735352e+00 -3.814815044403076172e+00 3.709096610546112061e-01 -3.332737684249877930e-01 2.450307607650756836e-01 -4.101536750793457031e+00 4.249811172485351562e+00 1.985014557838439941e+00 -2.200742483139038086e+00 -4.838268160820007324e-01 1.138675808906555176e-01 6.088145971298217773e-01 -8.091883063316345215e-01 -7.129285931587219238e-01 1.729029536247253418e+00
2.722085237503051758e+00 -3.627715587615966797e+00 -1.510081052780151367e+00 4.727835178375244141e+00 1.675892949104309082e+00 -2.368527889251708984e+00 -5.244261026382446289e-01 -3.323849678039550781e+00 1.818398535251617432e-01 -6.568018198013305664e-01 1.480546712875366211e+00 -2.032926082611083984e+00 7.213905453681945801e-01 1.548315763473510742e+00 -1.432688593864440918e+00
1.711788296699523926e+00 -3.673338294029235840e-01 1.139853239059448242e+00 -5.588207244873046875e-01 3.441063404083251953e+00 -4.758529186248779297e+00 -1.213367700576782227e+00 -1.176909685134887695e+00 9.823167920112609863e-01 -4.470127075910568237e-02 3.723824501037597656e+00 7.379145622253417969e-01 6.175559163093566895e-01 -3.018599987030029297e+00 -1.091507077217102051e+00
1.008597850799560547e+00 -2.386908531188964844e+00 -1.201018214225769043e+00 1.256357550621032715e+00 -7.763496041297912598e-01 -1.686704516410827637e+00 1.108329772949218750e+00 -2.523407220840454102e+00 -1.120161533355712891e+00 -1.043251156806945801e+00 -1.719650864601135254e+00 3.882976055145263672e+00 -2.293171435594558716e-01 3.998023271560668945e+00 4.006738662719726562e+00
4.437366485595703125e+00 -3.982709407806396484e+00 7.968597114086151123e-02 5.823641300201416016e+00 3.696131229400634766e+00 -2.880546092987060547e+00 -1.099913269281387329e-01 -4.081942558288574219e+00 1.003422439098358154e-01 -1.560138463973999023e+00 2.333520889282226562e+00 -1.745231032371520996e+00 -3.777786344289779663e-02 1.763645529747009277e+00 -1.308302640914916992e+00
-4.375210404396057129e-01 -1.056211352348327637e+00 -4.018060684204101562e+00 2.354484319686889648e+00 1.045786738395690918e+00 -2.795027256011962891e+00 -2.632564067840576172e+00 1.734219640493392944e-01 1.353848099708557129e+00 4.242433309555053711e-01 -3.092638492584228516e+00 5.184268951416015625e-01 5.541954636573791504e-01 -4.445953965187072754e-01 -3.776429653167724609e+00
-1.503817677497863770e+00 -4.125821590423583984e+00 -2.333355903625488281e+00 1.488430976867675781e+00 1.792543828487396240e-01 -5.434416294097900391e+00 2.303205013275146484e+00 -1.685554027557373047e+00 -1.947024762630462646e-01 3.438507080078125000e+00 -2.344383597373962402e-01 3.410571068525314331e-02 -2.306031942367553711e+00 -1.393689513206481934e+00 6.530160903930664062e-01
7.319845557212829590e-01 -1.032099843025207520e+00 5.072486996650695801e-01 -5.896342396736145020e-01 9.375976920127868652e-01 -4.587276458740234375e+00 -7.229213118553161621e-01 -1.390842199325561523e+00 4.706265032291412354e-01 9.775445461273193359e-01 2.852467298507690430e+00 1.243256092071533203e+00 2.146223545074462891e+00 -1.813669204711914062e+00 4.329759180545806885e-01
1.175748825073242188e+00 -3.311184167861938477e+00 7.964702844619750977e-01 -9.262576699256896973e-02 -4.630777239799499512e-01 -4.589482784271240234e+00 4.376740932464599609e+00 1.804342746734619141e+00 -2.283997774124145508e+00 -5.361179113388061523e-01 9.287609457969665527e-01 1.088390827178955078e+00 -5.661208033561706543e-01 -9.438199996948242188e-01 2.204823970794677734e+00
1.317476272583007812e+00 -1.327562332153320312e+00 1.027997136116027832e+00 -2.553751468658447266e-01 8.340912461280822754e-01 -5.380503177642822266e+00 -5.904287099838256836e-01 -1.389158248901367188e+00 -4.362510144710540771e-01 6.995899081230163574e-01 3.610283374786376953e+00 1.323156952857971191e+00 2.233518838882446289e+00 -1.420110821723937988e+00 7.774704694747924805e-01
2.662708997726440430e+00 1.501478791236877441e+00 -1.102229237556457520e+00 1.396486401557922363e+00 5.573489069938659668e-01 -1.712042927742004395e+00 -1.903491139411926270e+00 -3.595812082290649414e+00 -9.262868762016296387e-01 -4.529822349548339844e+00 6.174784526228904724e-02 3.098306894302368164e+00 1.512526869773864746e+00 1.270046949386596680e+00 -8.552057743072509766e-01
5.272170901298522949e-01 -3.545115470886230469e+00 -3.116499423980712891e+00 -2.048749685287475586e+00 -1.004200220108032227e+00 -1.715717434883117676e+00 -5.781145691871643066e-01 1.933955430984497070e+00 -1.067701280117034912e-01 -1.631750226020812988e+00 5.408110022544860840e-01 2.111759424209594727e+00 4.862164497375488281e+00 -9.975438714027404785e-01 6.584273576736450195e-01
2.313255220651626587e-01 -4.328517436981201172e+00 -3.372795581817626953e+00 8.085261583328247070e-01 2.806735038757324219e-01 -4.088337421417236328e+00 -2.470722675323486328e+00 -7.421041727066040039e-01 -6.988452076911926270e-01 2.372929006814956665e-01 6.647523045539855957e-01 1.369728565216064453e+00 2.683765411376953125e+00 -9.764421582221984863e-01 9.559513330459594727e-01
1.907659292221069336e+00 -2.434374094009399414e+00 -5.959556102752685547e-01 7.291396260261535645e-01 5.710249543190002441e-01 -1.499785780906677246e+00 1.141154408454895020e+00 -1.611508131027221680e+00 -1.195382833480834961e+00 -2.063630342483520508e+00 -1.101757884025573730e+00 3.485227108001708984e+00 -3.368000686168670654e-01 3.442360877990722656e+00 4.498713970184326172e+00
8.781197667121887207e-01 -2.576750993728637695e+00 9.487634897232055664e-01 6.941970903426408768e-03 -2.960646748542785645e-01 -4.766332149505615234e+00 4.665020465850830078e+00 1.941471457481384277e+00 -2.186162948608398438e+00 -1.132175683975219727e+00 -2.302016615867614746e-01 1.208973646163940430e+00 -8.656691908836364746e-01 -5.314641594886779785e-01 1.445005536079406738e+00
1.558364391326904297e+00 -3.182368755340576172e+00 7.302284836769104004e-01 -2.550842165946960449e-01 -4.299963265657424927e-02 -4.199726581573486328e+00 4.727352619171142578e+00 2.065892219543457031e+00 -2.133850812911987305e+00 -9.593989849090576172e-01 6.956276483833789825e-03 1.126633644104003906e+00 -6.730527281761169434e-01 -5.445725321769714355e-01 1.694104313850402832e+00
1.713728547096252441e+00 -3.459527015686035156e+00 -3.270243167877197266e+00 4.020973682403564453e+00 -9.172537326812744141e-01 -2.517668962478637695e+00 -5.440683364868164062e-01 -2.707678318023681641e+00 -3.103084266185760498e-01 6.613863706588745117e-01 1.791601181030273438e-01 -2.224934577941894531e+00 2.512576341629028320e+00 2.453568458557128906e+00 -9.658285379409790039e-01
-7.202518582344055176e-01 -2.630487084388732910e-01 -4.269391536712646484e+00 3.190779447555541992e+00 1.679821372032165527e+00 -3.796561956405639648e+00 -2.459803342819213867e+00 1.632597297430038452e-01 2.555301785469055176e-01 -4.893219470977783203e-01 -2.057790517807006836e+00 2.417641729116439819e-01 1.058444023132324219e+00 -3.640443086624145508e-01 -3.300418138504028320e+00
1.201950550079345703e+00 -3.483092784881591797e+00 -2.426440954208374023e+00 2.980246782302856445e+00 -6.043713688850402832e-01 -2.431937694549560547e+00 -2.278924137353897095e-01 -2.891595125198364258e+00 1.722544133663177490e-01 1.121411204338073730e+00 6.054279394447803497e-03 -1.511920094490051270e+00 1.422925233840942383e+00 1.479317426681518555e+00 -8.188680410385131836e-01
-4.285214543342590332e-01 -8.739592432975769043e-01 -2.971931219100952148e+00 1.716192603111267090e+00 7.581772208213806152e-01 -3.254893302917480469e+00 -2.504920959472656250e+00 2.181076258420944214e-01 1.073388218879699707e+00 1.081175446510314941e+00 -1.781410098075866699e+00 7.624513506889343262e-01 1.488420605659484863e+00 -7.506765723228454590e-01 -2.982514381408691406e+00
1.543056011199951172e+00 -8.208440542221069336e-01 8.112001419067382812e-01 -8.826321363449096680e-02 2.132695198059082031e+00 -5.136200428009033203e+00 -1.143898606300354004e+00 -8.218897581100463867e-01 2.507212460041046143e-01 7.151665687561035156e-01 3.209584712982177734e+00 1.356363773345947266e+00 1.897057056427001953e+00 -1.953513622283935547e+00 -3.053756654262542725e-01
-4.387221932411193848e-01 -1.248074412345886230e+00 -2.699936866760253906e+00 1.883263349533081055e+00 7.834822535514831543e-01 -3.755644083023071289e+00 -1.996928453445434570e+00 1.890289634466171265e-01 7.615779042243957520e-01 1.387111306190490723e+00 -1.834500551223754883e+00 5.482262969017028809e-01 1.251983404159545898e+00 -1.345519304275512695e+00 -3.163509607315063477e+00
2.137763239443302155e-02 -1.551783084869384766e+00 8.094072341918945312e-01 6.728755474090576172e+00 1.735812127590179443e-01 -6.255205631256103516e+00 1.848055839538574219e+00 1.185704231262207031e+00 -8.752051591873168945e-01 -1.985858559608459473e+00 3.897640466690063477e+00 6.327877044677734375e-01 6.826546788215637207e-01 3.034561634063720703e+00 1.303634047508239746e+00
2.318854570388793945e+00 -3.576027393341064453e+00 -1.191721558570861816e+00 3.343765497207641602e+00 2.877930998802185059e-01 -2.366368293762207031e+00 3.403649432584643364e-03 -3.802330017089843750e+00 -2.455826103687286377e-01 9.016627073287963867e-01 1.030492544174194336e+00 -1.423411607742309570e+00 1.269733905792236328e+00 2.013054370880126953e+00 -3.012467324733734131e-01
1.703397393226623535e+00 -4.615832567214965820e-01 1.246966481208801270e+00 -2.844614163041114807e-02 2.265815973281860352e+00 -5.426772594451904297e+00 -1.133089303970336914e+00 -1.716899394989013672e+00 3.125300630927085876e-02 2.895195223391056061e-02 3.995699405670166016e+00 8.636524677276611328e-01 1.139647483825683594e+00 -1.966387629508972168e+00 -2.996025606989860535e-02
1.684149026870727539e+00 -3.557278633117675781e+00 -2.059927701950073242e+00 3.208534955978393555e+00 -7.056964039802551270e-01 -2.255805969238281250e+00 -3.337576389312744141e-01 -2.908065795898437500e+00 1.462404429912567139e-01 1.685068368911743164e+00 2.271249890327453613e-01 -1.439255356788635254e+00 1.887844324111938477e+00 2.016614913940429688e+00 -5.335962176322937012e-01
-6.528071127831935883e-03 5.180040597915649414e-01 -1.006752610206604004e+00 3.947349309921264648e+00 2.868774414062500000e+00 -3.763640403747558594e+00 2.971917152404785156e+00 -3.789343357086181641e+00 -3.320012688636779785e-01 -5.737300872802734375e+00 9.901429414749145508e-01 1.165456295013427734e+00 -4.059288501739501953e+00 2.603660821914672852e-01 -7.233225107192993164e-01
-1.686306953430175781e+00 -4.031304836273193359e+00 -2.137642383575439453e+00 1.253972053527832031e+00 -8.290486335754394531e-01 -5.873669147491455078e+00 2.141672611236572266e+00 -1.085152029991149902e+00 -6.093738079071044922e-01 3.014545917510986328e+00 -5.575854182243347168e-01 -2.666855454444885254e-01 -1.841438055038452148e+00 -9.725990891456604004e-01 3.840039074420928955e-01
-5.990202724933624268e-02 -3.923615813255310059e-01 -2.977694749832153320e+00 3.675533533096313477e+00 2.832281112670898438e+00 -3.804495334625244141e+00 -3.412644386291503906e+00 3.847826719284057617e-01 1.233699440956115723e+00 -1.310019373893737793e+00 -8.253822922706604004e-01 4.702405929565429688e-01 4.865248501300811768e-01 -9.297719597816467285e-01 -4.100405693054199219e+00
1.827223062515258789e+00 9.445719420909881592e-03 1.272580981254577637e+00 -6.263316273689270020e-01 2.012173652648925781e+00 -4.601737976074218750e+00 -6.259402632713317871e-01 -1.029422163963317871e+00 -2.510467544198036194e-02 -6.201645135879516602e-01 4.381796836853027344e+00 7.835483551025390625e-01 1.478746652603149414e+00 -2.125941276550292969e+00 1.801598221063613892e-01
-4.377946853637695312e-01 -6.137749552726745605e-01 -3.601318120956420898e+00 3.661448240280151367e+00 2.340815067291259766e+00 -3.904836177825927734e+00 -3.009935855865478516e+00 6.996102333068847656e-01 6.613148450851440430e-01 -6.959013938903808594e-01 -1.490483164787292480e+00 2.917826771736145020e-01 5.855895876884460449e-01 -9.150404334068298340e-01 -3.571547508239746094e+00
1.632526874542236328e+00 -3.255082368850708008e+00 -2.700028657913208008e+00 3.520462751388549805e+00 1.486318111419677734e-01 -1.727831959724426270e+00 -2.746015787124633789e-01 -3.375450134277343750e+00 3.983191251754760742e-01 1.892259269952774048e-01 1.976142525672912598e-01 -1.964528203010559082e+00 9.714820981025695801e-01 1.580329060554504395e+00 -1.523851990699768066e+00
3.488548398017883301e-01 -1.820421576499938965e+00 -2.528451442718505859e+00 1.206146359443664551e+00 -4.899722933769226074e-01 -1.418292164802551270e+00 2.228537559509277344e+00 -1.595539450645446777e+00 -1.106862545013427734e+00 -3.083998680114746094e+00 -2.720028877258300781e+00 2.872411727905273438e+00 -1.324851751327514648e+00 2.824315547943115234e+00 2.543696880340576172e+00
2.158185243606567383e+00 -3.872580528259277344e+00 -1.695012092590332031e+00 3.763397693634033203e+00 9.456989765167236328e-01 -2.280837059020996094e+00 7.934807240962982178e-02 -3.376971244812011719e+00 1.606519222259521484e-01 2.301975637674331665e-01 1.270548582077026367e+00 -1.888288140296936035e+00 6.114296317100524902e-01 1.238481760025024414e+00 -7.687240839004516602e-01
2.466464191675186157e-01 -1.626862883567810059e+00 -5.981985330581665039e-01 1.545823216438293457e+00 2.176585674285888672e+00 -5.931716918945312500e+00 1.124397635459899902e+00 2.597546577453613281e+00 -3.770281791687011719e+00 -4.683130234479904175e-02 9.459008574485778809e-01 2.840617418289184570e+00 1.237661600112915039e+00 -7.265944480895996094e-01 2.810670137405395508e+00
-1.222370624542236328e+00 -3.792191505432128906e+00 -1.801884293556213379e+00 1.207829713821411133e+00 8.136839270591735840e-01 -5.289337635040283203e+00 2.961182594299316406e+00 -3.325369358062744141e-01 -6.836321353912353516e-01 1.804853081703186035e+00 -4.722850918769836426e-01 -2.476290017366409302e-01 -2.846849679946899414e+00 -1.415001869201660156e+00 4.023218452930450439e-01
-5.791073292493820190e-02 -7.747427225112915039e-01 -2.286643505096435547e+00 2.867794632911682129e-01 -2.791146636009216309e-01 -4.050794124603271484e+00 3.234861135482788086e+00 -2.404276609420776367e+00 -9.246988296508789062e-01 -3.423206806182861328e+00 -2.847818732261657715e-01 6.611511111259460449e-01 -2.667682409286499023e+00 -5.098255276679992676e-01 -8.111563920974731445e-01
2.176280975341796875e+00 -1.976800203323364258e+00 -3.994109869003295898e+00 2.391243696212768555e+00 -1.347592115402221680e+00 -3.783823728561401367e+00 2.796130895614624023e+00 1.305535554885864258e+00 -4.073702812194824219e+00 -2.885578870773315430e+00 -1.076093435287475586e+00 6.262432932853698730e-01 1.431694030761718750e+00 3.212654352188110352e+00 -4.587783515453338623e-01
-7.280632853507995605e-01 -1.305399894714355469e+00 -2.904734134674072266e+00 2.004652738571166992e+00 5.199823975563049316e-01 -4.018913745880126953e+00 -2.350156784057617188e+00 2.539478540420532227e-01 7.869146466255187988e-01 1.931919693946838379e+00 -1.685742378234863281e+00 4.851780235767364502e-01 1.554849624633789062e+00 -1.168068170547485352e+00 -3.022897243499755859e+00
-8.298864960670471191e-01 -9.492505788803100586e-01 -2.186330318450927734e+00 3.945713341236114502e-01 -6.937710046768188477e-01 -4.676181316375732422e+00 2.497056961059570312e+00 -2.784585475921630859e+00 -7.424001693725585938e-01 -1.948024749755859375e+00 -4.499394074082374573e-02 9.149901866912841797e-01 -1.853587508201599121e+00 -6.598493456840515137e-01 -7.854140996932983398e-01
3.188530206680297852e+00 -3.569642305374145508e+00 -2.222188472747802734e+00 5.191552639007568359e+00 7.918772101402282715e-01 -1.718133926391601562e+00 -6.331536769866943359e-01 -2.757081508636474609e+00 -3.264105916023254395e-01 -1.897666931152343750e+00 1.164798498153686523e+00 -2.497489929199218750e+00 7.142713665962219238e-01 2.844594240188598633e+00 -1.373747467994689941e+00
1.584663748741149902e+00 -1.812030553817749023e+00 -1.418419241905212402e+00 4.314247608184814453e+00 5.382229804992675781e+00 -7.163609027862548828e+00 1.338646650314331055e+00 3.495869636535644531e+00 -5.708815574645996094e+00 -4.025328636169433594e+00 1.563525319099426270e+00 3.668659687042236328e+00 -1.060291193425655365e-02 -1.159986495971679688e+00 2.944453477859497070e+00
1.947686910629272461e+00 -4.185270309448242188e+00 -2.162814617156982422e+00 3.120722532272338867e+00 -1.952082663774490356e-02 -2.275788307189941406e+00 3.814952373504638672e-01 -2.652341127395629883e+00 -6.138331294059753418e-01 -4.972635954618453979e-02 1.307590603828430176e+00 -1.978143215179443359e+00 1.226604580879211426e+00 1.511141777038574219e+00 6.726564466953277588e-02
-2.819328568875789642e-02 -1.827639579772949219e+00 1.480579853057861328e+00 6.925181865692138672e+00 -7.033537030220031738e-01 -6.321693897247314453e+00 8.880751132965087891e-01 4.913622140884399414e-01 -2.409413754940032959e-01 9.373326301574707031e-01 3.097028493881225586e+00 1.345932126045227051e+00 1.618292927742004395e+00 3.762602806091308594e+00 1.756810069084167480e+00
-1.715666294097900391e+00 -2.053041934967041016e+00 -4.419850826263427734e+00 2.839907646179199219e+00 -4.171712398529052734e+00 -5.669110774993896484e+00 4.426529407501220703e-01 1.420276015996932983e-01 -3.459136188030242920e-01 1.123481392860412598e+00 1.854528546333312988e+00 2.013164997100830078e+00 1.694776773452758789e+00 9.523528814315795898e-01 -3.800618350505828857e-01
5.749291181564331055e-01 -3.349155902862548828e+00 -1.495802998542785645e+00 1.239553689956665039e+00 -1.041084527969360352e+00 -3.371520996093750000e+00 -1.072355508804321289e+00 -3.714034080505371094e+00 8.852802515029907227e-01 6.146968007087707520e-01 -2.143145799636840820e-01 4.405594825744628906e+00 -1.037904500961303711e+00 8.505926132202148438e-01 -8.229274749755859375e-01
1.577710151672363281e+00 -4.932544231414794922e-01 1.314171195030212402e+00 -5.761928558349609375e-01 1.640672206878662109e+00 -4.587451457977294922e+00 -4.078076481819152832e-01 -1.350186228752136230e+00 5.307081937789916992e-01 2.698163688182830811e-01 4.260115146636962891e+00 1.521638870239257812e+00 2.053550958633422852e+00 -1.938566565513610840e+00 2.838212549686431885e-01
-1.941776275634765625e+00 -8.742573261260986328e-01 -4.422805309295654297e+00 3.113517522811889648e+00 -4.063148975372314453e+00 -4.949733257293701172e+00 2.292047590017318726e-01 -1.349536329507827759e-01 3.042617067694664001e-02 3.337293863296508789e-01 1.717567920684814453e+00 2.195926666259765625e+00 1.209285616874694824e+00 1.832914829254150391e+00 -5.155390501022338867e-01
-3.682673275470733643e-01 -5.550734400749206543e-01 -3.793332099914550781e+00 2.703030347824096680e+00 1.973283410072326660e+00 -4.767427921295166016e+00 -2.236199855804443359e+00 8.286730051040649414e-01 2.438091486692428589e-01 1.442901045083999634e-01 -1.461531877517700195e+00 6.827344298362731934e-01 1.268825769424438477e+00 -1.135386466979980469e+00 -3.238768577575683594e+00
7.369710803031921387e-01 -1.807129502296447754e+00 -1.327319502830505371e+00 1.323955535888671875e+00 7.218409180641174316e-01 -2.110901355743408203e+00 1.755887269973754883e+00 -1.458562254905700684e+00 -1.396426200866699219e+00 -2.311668872833251953e+00 -2.243253946304321289e+00 4.055164813995361328e+00 -1.979916930198669434e+00 3.221562385559082031e+00 3.956870079040527344e+00
2.738849878311157227e+00 4.343670010566711426e-01 1.636262059211730957e+00 1.985463500022888184e-01 3.368776798248291016e+00 -4.959967136383056641e+00 -1.375157713890075684e+00 6.359373033046722412e-02 -3.536320626735687256e-01 -1.833141446113586426e+00 5.274266242980957031e+00 4.602243304252624512e-01 1.868976950645446777e+00 -1.942326426506042480e+00 -2.124733775854110718e-01
7.975097298622131348e-01 -3.820443153381347656e+00 5.515890121459960938e-01 -1.660849094390869141e+00 -8.751702904701232910e-01 -4.289412498474121094e+00 2.834388017654418945e+00 7.994352579116821289e-01 -1.023405790328979492e+00 1.090553760528564453e+00 -8.845371007919311523e-02 1.979282259941101074e+00 3.392629921436309814e-01 -8.916060924530029297e-01 1.755449175834655762e+00
-5.464652776718139648e-01 -1.545647501945495605e+00 -6.977852582931518555e-01 6.979892253875732422e-01 2.380208671092987061e-01 -5.698165416717529297e+00 9.478783607482910156e-01 1.984938621520996094e+00 -2.922265052795410156e+00 1.305581450462341309e+00 1.935809254646301270e-01 3.011560916900634766e+00 2.326797723770141602e+00 -3.846209645271301270e-01 2.485344171524047852e+00
1.331649303436279297e+00 -2.336368113756179810e-01 8.203760981559753418e-01 -5.121065974235534668e-01 2.757892608642578125e+00 -4.491792201995849609e+00 -9.213596582412719727e-01 -3.271882534027099609e-01 1.518875658512115479e-01 -6.580933332443237305e-01 3.188861131668090820e+00 9.205375909805297852e-01 1.413549184799194336e+00 -2.253771305084228516e+00 -2.260656207799911499e-01
2.261310100555419922e+00 -3.808482646942138672e+00 -1.903487086296081543e+00 3.874930620193481445e+00 2.646599411964416504e-01 -2.010160923004150391e+00 -8.158816397190093994e-02 -3.365908145904541016e+00 -3.289166390895843506e-01 -4.943596571683883667e-02 8.889395594596862793e-01 -2.318076610565185547e+00 1.341067790985107422e+00 1.879858970642089844e+00 -1.019284963607788086e+00
-1.191037055104970932e-02 -3.453098297119140625e+00 -3.340730190277099609e+00 -2.003074407577514648e+00 -2.173851013183593750e+00 -1.276688218116760254e+00 -5.045731067657470703e-01 1.729722499847412109e+00 8.136436343193054199e-02 -4.989882111549377441e-01 -8.913596868515014648e-01 1.596212267875671387e+00 4.574652194976806641e+00 -4.813362061977386475e-01 3.528901636600494385e-01
1.283330917358398438e+00 -3.631655454635620117e+00 -1.853469252586364746e+00 3.255679368972778320e+00 9.032028168439865112e-02 -3.794728517532348633e+00 -1.168363571166992188e+00 -2.934410095214843750e+00 6.000682711601257324e-01 -6.033948659896850586e-01 -5.632622838020324707e-01 5.444361686706542969e+00 -1.382731199264526367e+00 1.808128118515014648e+00 -1.230640053749084473e+00
-6.172087788581848145e-01 -2.682406306266784668e-01 -2.998305559158325195e+00 3.581729173660278320e+00 2.299159526824951172e+00 -4.081258296966552734e+00 -3.114428997039794922e+00 2.397854179143905640e-01 1.145251393318176270e+00 7.623724937438964844e-01 -1.810326099395751953e+00 8.031591176986694336e-01 4.131127893924713135e-01 -4.875863492488861084e-01 -2.911905765533447266e+00
-5.540645122528076172e-01 -6.537589430809020996e-01 -3.159446716308593750e+00 3.122938632965087891e+00 2.202283143997192383e+00 -3.670458316802978516e+00 -2.897193908691406250e+00 9.763560295104980469e-01 8.375043869018554688e-01 -1.567085832357406616e-01 -1.846645832061767578e+00 3.710270226001739502e-01 5.950961709022521973e-01 -9.127268791198730469e-01 -3.412553071975708008e+00
5.651467442512512207e-01 -3.757330417633056641e+00 -3.154711723327636719e+00 -5.155164003372192383e-01 -9.213346242904663086e-01 -2.104662895202636719e+00 -1.062561988830566406e+00 2.576686620712280273e+00 -6.693770885467529297e-01 -2.380065441131591797e+00 9.240732789039611816e-01 1.348104596138000488e+00 5.857918262481689453e+00 -6.622593998908996582e-01 5.092371702194213867e-01
-1.953256011009216309e+00 -1.068053007125854492e+00 -4.685601711273193359e+00 1.348150730133056641e+00 -4.903056621551513672e+00 -4.360515117645263672e+00 4.961597919464111328e-01 -8.101846277713775635e-02 -3.435418382287025452e-02 5.156883001327514648e-01 9.717571139335632324e-01 1.886315584182739258e+00 2.248146772384643555e+00 1.276344299316406250e+00 -1.093444824218750000e+00
-6.404874324798583984e-01 -9.907283782958984375e-01 -3.535424232482910156e+00 3.086346149444580078e+00 1.708003282546997070e+00 -3.635498046875000000e+00 -2.847544193267822266e+00 5.540573596954345703e-01 1.123644351959228516e+00 2.898631095886230469e-01 -1.306172013282775879e+00 -1.277484446763992310e-01 6.178084015846252441e-01 -1.167901277542114258e+00 -3.850968360900878906e+00
-6.166084855794906616e-02 -2.242516040802001953e+00 -1.023964643478393555e+00 1.684605598449707031e+00 1.013330340385437012e+00 -5.764229297637939453e+00 1.384529590606689453e+00 2.596513271331787109e+00 -3.968481302261352539e+00 9.212491512298583984e-01 6.944826245307922363e-01 2.838291883468627930e+00 2.061362266540527344e+00 -5.353191494941711426e-01 2.902725934982299805e+00
1.965166807174682617e+00 -2.279869556427001953e+00 -4.184619486331939697e-01 2.395438909530639648e+00 5.589216351509094238e-01 -2.763198852539062500e+00 1.936917781829833984e+00 -2.472045183181762695e+00 -2.228291034698486328e+00 -2.623919963836669922e+00 -1.096765756607055664e+00 4.202903747558593750e+00 -8.217523694038391113e-01 4.806020736694335938e+00 5.089250564575195312e+00
-1.832899093627929688e+00 -3.563699245452880859e+00 -2.658113002777099609e+00 2.129102468490600586e+00 3.948881030082702637e-01 -5.450979232788085938e+00 2.498537540435791016e+00 -1.267802668735384941e-03 -1.010201811790466309e+00 1.907184481620788574e+00 -2.669513821601867676e-01 -1.303884744644165039e+00 -3.257687807083129883e+00 -1.266562223434448242e+00 -1.874512881040573120e-01
2.271454095840454102e+00 -3.307993412017822266e+00 -1.664713978767395020e+00 3.631465673446655273e+00 4.692047238349914551e-01 -1.629890203475952148e+00 -9.683312475681304932e-02 -3.592143058776855469e+00 -2.891398370265960693e-01 -7.633531093597412109e-01 6.568710207939147949e-01 -2.063199520111083984e+00 1.225202798843383789e+00 2.017722606658935547e+00 -1.216563820838928223e+00
1.735394239425659180e+00 -4.328384399414062500e+00 1.147735953330993652e+00 -7.074218988418579102e-01 4.319598674774169922e-01 -4.809911251068115234e+00 4.185837268829345703e+00 9.790022373199462891e-01 -2.109395265579223633e+00 3.518315255641937256e-01 7.801453471183776855e-01 1.934290170669555664e+00 -5.781363844871520996e-01 -1.080920815467834473e+00 2.659595966339111328e+00
-1.757451534271240234e+00 -3.795663595199584961e+00 -2.017410278320312500e+00 3.001155138015747070e+00 1.319774627685546875e+00 -5.705687046051025391e+00 3.090813398361206055e+00 -5.275089740753173828e-01 -7.541411519050598145e-01 1.243246674537658691e+00 6.217084527015686035e-01 -8.401070833206176758e-01 -4.282657623291015625e+00 -1.354928731918334961e+00 7.385303080081939697e-02
2.293928146362304688e+00 -3.507456302642822266e+00 -1.056055903434753418e+00 1.759712457656860352e+00 1.623505353927612305e+00 -4.479094028472900391e+00 -1.458508729934692383e+00 -3.502098083496093750e+00 5.757386088371276855e-01 -5.274999141693115234e-01 -4.136675000190734863e-01 5.409941196441650391e+00 -2.334309816360473633e+00 1.857552975416183472e-01 -1.482316136360168457e+00
1.678130507469177246e+00 -3.520682573318481445e+00 4.963112175464630127e-01 1.128584444522857666e-01 -7.621908932924270630e-02 -3.672121524810791016e+00 4.690185546875000000e+00 2.821621417999267578e+00 -2.483440399169921875e+00 -2.017068386077880859e+00 1.035419702529907227e+00 5.168915390968322754e-01 -1.005534172058105469e+00 -1.908455044031143188e-01 1.563926339149475098e+00
2.670841932296752930e+00 -3.391782760620117188e+00 -8.997408747673034668e-01 4.735715389251708984e+00 8.699932694435119629e-01 -2.617109060287475586e+00 -5.803023576736450195e-01 -4.171281337738037109e+00 4.318174421787261963e-01 7.892073392868041992e-01 9.632114768028259277e-01 -1.231626749038696289e+00 1.263564825057983398e+00 2.488645553588867188e+00 -6.974316835403442383e-01
1.453989744186401367e+00 1.833848804235458374e-01 9.541152715682983398e-01 -1.107577204704284668e+00 1.750560164451599121e+00 -4.397223949432373047e+00 -9.457124471664428711e-01 -1.284800529479980469e+00 2.719736993312835693e-01 -8.108239173889160156e-01 4.100948810577392578e+00 1.393509864807128906e+00 1.364006757736206055e+00 -2.116081714630126953e+00 6.787873804569244385e-02
6.411218643188476562e-01 -4.188165664672851562e+00 -2.636848926544189453e+00 8.498420715332031250e-01 3.707455992698669434e-01 -4.656773090362548828e+00 -2.459705114364624023e+00 -9.172497987747192383e-01 -7.188543081283569336e-01 9.010567069053649902e-01 6.665037870407104492e-01 1.921176433563232422e+00 3.511193990707397461e+00 -5.060675144195556641e-01 1.489788413047790527e+00
9.240652322769165039e-01 -2.822757244110107422e+00 -2.305806636810302734e+00 -3.885726928710937500e-01 -5.071304440498352051e-01 -1.272405028343200684e+00 1.453158497810363770e+00 -1.257809638977050781e+00 -6.373496651649475098e-01 -1.264042735099792480e+00 -2.739073514938354492e+00 3.240075349807739258e+00 -1.103116512298583984e+00 2.326305627822875977e+00 2.809136629104614258e+00
-5.608791708946228027e-01 -1.346579074859619141e+00 -1.273087859153747559e+00 1.618548512458801270e+00 2.200973272323608398e+00 -5.713166713714599609e+00 1.189515233039855957e+00 2.782310724258422852e+00 -3.807955026626586914e+00 -3.277150988578796387e-01 5.727631449699401855e-01 2.910969018936157227e+00 6.861844658851623535e-01 -1.001684665679931641e+00 2.677373409271240234e+00
1.756680130958557129e+00 -3.462199926376342773e+00 -2.290592193603515625e+00 2.974466562271118164e+00 -7.445010542869567871e-01 -1.677869200706481934e+00 -1.607380062341690063e-01 -3.327697992324829102e+00 -7.134410738945007324e-02 3.697531223297119141e-01 2.991337776184082031e-01 -1.612537860870361328e+00 2.025142669677734375e+00 2.207027673721313477e+00 -6.007903814315795898e-01
-1.563312530517578125e+00 -4.414370059967041016e+00 -2.555034160614013672e+00 1.938865780830383301e+00 1.630863070487976074e+00 -6.097458362579345703e+00 3.146059513092041016e+00 1.579668372869491577e-01 -3.292569220066070557e-01 9.043523073196411133e-01 9.772628545761108398e-02 -2.662068605422973633e-01 -4.526764392852783203e+00 -2.106540679931640625e+00 -4.262544810771942139e-01
-2.988802790641784668e-01 -2.414292812347412109e+00 1.720471501350402832e+00 4.303187847137451172e+00 -1.039493441581726074e+00 -5.108850955963134766e+00 2.701678514480590820e+00 1.470347493886947632e-01 -3.763190209865570068e-01 2.680560350418090820e-01 2.854168415069580078e+00 7.464542984962463379e-01 -1.239590272307395935e-01 2.367115020751953125e+00 1.917251467704772949e+00
1.257998347282409668e+00 -2.383056640625000000e+00 -2.018393278121948242e+00 1.215666651725769043e+00 9.184808731079101562e-01 -1.346153616905212402e+00 1.518188834190368652e+00 -8.923804759979248047e-01 -8.414281606674194336e-01 -3.411753416061401367e+00 -2.481773614883422852e+00 2.613379955291748047e+00 -1.406137108802795410e+00 2.537349224090576172e+00 3.083865880966186523e+00
2.700408697128295898e+00 -3.882060527801513672e+00 -2.067431926727294922e+00 4.299160957336425781e+00 1.750362992286682129e+00 -2.003356933593750000e+00 3.019545078277587891e-01 -3.194636821746826172e+00 -2.536796629428863525e-01 -1.971161842346191406e+00 1.708989977836608887e+00 -2.399347782135009766e+00 4.244430363178253174e-01 1.055255532264709473e+00 -1.180988311767578125e+00
-1.774827003479003906e+00 -3.643478870391845703e+00 -2.045876979827880859e+00 1.050226688385009766e+00 6.027755737304687500e-01 -5.368390083312988281e+00 2.764717102050781250e+00 3.539000824093818665e-02 -3.429282903671264648e-01 1.443925023078918457e+00 -5.523397326469421387e-01 5.918484181165695190e-02 -2.868967533111572266e+00 -1.455722212791442871e+00 7.293535768985748291e-02
-5.482994318008422852e-01 -1.306153655052185059e+00 -3.084675550460815430e+00 1.784852981567382812e+00 1.400849461555480957e+00 -3.474017620086669922e+00 -2.059777498245239258e+00 4.989942312240600586e-01 7.908798456192016602e-01 1.358890891075134277e+00 -1.912642240524291992e+00 3.081752061843872070e-01 9.488233923912048340e-01 -1.173811078071594238e+00 -2.855463504791259766e+00
1.450168132781982422e+00 -2.982191085815429688e+00 9.764384031295776367e-01 2.043932080268859863e-01 2.951952815055847168e-01 -4.532991886138916016e+00 4.726339817047119141e+00 1.941960811614990234e+00 -2.052018642425537109e+00 -1.310714602470397949e+00 3.084618449211120605e-01 9.308601617813110352e-01 -1.685427784919738770e+00 -7.180554866790771484e-01 1.612915992736816406e+00
3.439979791641235352e+00 8.631857037544250488e-01 -8.545841574668884277e-01 1.187285900115966797e+00 1.027906775474548340e+00 -1.229726910591125488e+00 -1.472004175186157227e+00 -3.606742858886718750e+00 -1.150334596633911133e+00 -5.465750217437744141e+00 1.465264558792114258e-01 2.966232538223266602e+00 1.288706064224243164e+00 1.297679543495178223e+00 -2.936452329158782959e-01
2.875864744186401367e+00 -4.078052043914794922e+00 -1.431184411048889160e+00 4.037089347839355469e+00 6.304803490638732910e-01 -1.779100298881530762e+00 -1.485170274972915649e-01 -2.975170135498046875e+00 -7.094218730926513672e-01 -6.804614663124084473e-01 1.441634535789489746e+00 -2.282768249511718750e+00 7.758995890617370605e-01 2.342011690139770508e+00 -7.013143301010131836e-01
2.663508892059326172e+00 5.653079152107238770e-01 -1.296098977327346802e-01 8.739754557609558105e-01 -1.132553592324256897e-01 -1.782637238502502441e+00 -1.939387202262878418e+00 -3.971179723739624023e+00 -5.210272669792175293e-01 -3.182778835296630859e+00 -8.660399913787841797e-02 3.871275186538696289e+00 2.014294147491455078e+00 1.554267883300781250e+00 -2.126679942011833191e-02
5.702981352806091309e-01 -3.256159067153930664e+00 -3.664340019226074219e+00 -9.349081516265869141e-01 -1.247746109962463379e+00 -1.795410394668579102e+00 -1.413211345672607422e+00 1.793583631515502930e+00 -5.417318344116210938e-01 -2.623801946640014648e+00 2.943132519721984863e-01 7.037839293479919434e-01 5.195173740386962891e+00 -3.239001631736755371e-01 5.227652788162231445e-01
6.609522700309753418e-01 -4.041540145874023438e+00 -1.762099862098693848e+00 2.500400304794311523e+00 -7.088164091110229492e-01 -3.347952604293823242e+00 -1.348687291145324707e+00 -4.154557704925537109e+00 7.370678782463073730e-01 -4.620325565338134766e-01 2.355791926383972168e-01 5.455121517181396484e+00 -1.259156703948974609e+00 1.733409404754638672e+00 -7.956060767173767090e-01
-1.861963033676147461e+00 -3.921853303909301758e+00 -2.766815423965454102e+00 1.938485652208328247e-01 -7.039568424224853516e-01 -4.898182392120361328e+00 2.299103260040283203e+00 1.087553948163986206e-01 -5.658320188522338867e-01 1.510024309158325195e+00 -1.059636712074279785e+00 -6.583815813064575195e-01 -1.717559456825256348e+00 -1.330200910568237305e+00 8.414687216281890869e-02
5.130773186683654785e-01 -3.204890251159667969e+00 1.289874166250228882e-01 -1.154178738594055176e+00 1.393407583236694336e-01 -3.968855619430541992e+00 3.543213844299316406e+00 2.010658740997314453e+00 -1.250538825988769531e+00 -3.311709761619567871e-01 -6.799717545509338379e-01 4.202775955200195312e-01 -8.204848170280456543e-01 -1.593712568283081055e+00 5.473084449768066406e-01
