-1.709174811840057373e-01 7.567813247442245483e-02 2.218522578477859497e-01 -4.642685130238533020e-02 -2.572438716888427734e-01 1.970754861831665039e-01 -5.403195321559906006e-02 -2.587850987911224365e-01 1.195767968893051147e-01 2.571753412485122681e-02
2.357128560543060303e-01 -1.862256228923797607e-02 1.377987861633300781e-02 2.525519132614135742e-01 -1.012374088168144226e-01 1.438287645578384399e-01 1.346295177936553955e-01 -2.373366802930831909e-02 5.470749363303184509e-02 -3.154170811176300049e-01
-4.174008220434188843e-02 -3.568223863840103149e-02 7.116876542568206787e-02 1.932590082287788391e-02 -2.382162064313888550e-01 1.444382369518280029e-01 -2.180858850479125977e-01 -2.557894587516784668e-01 7.891361415386199951e-02 6.420209258794784546e-02
-5.544208362698554993e-02 -4.853764921426773071e-02 1.732995659112930298e-01 8.225787431001663208e-02 -3.597782254219055176e-01 1.093817651271820068e-01 -3.102514445781707764e-01 -3.268280029296875000e-01 1.355948448181152344e-01 5.728467553853988647e-02
2.071668766438961029e-02 8.210289478302001953e-02 -3.790150582790374756e-01 -7.285997271537780762e-02 -3.739785403013229370e-02 -4.681037738919258118e-03 1.320718973875045776e-01 -1.588019579648971558e-01 -1.767708361148834229e-01 -2.124824970960617065e-01
-1.171009521931409836e-02 -1.610515713691711426e-01 6.362984329462051392e-02 -2.427670545876026154e-02 -1.081618741154670715e-01 1.255019158124923706e-01 1.379130929708480835e-01 -7.499029487371444702e-02 1.074206233024597168e-01 -1.953098326921463013e-01
-1.237297132611274719e-01 1.003827527165412903e-01 2.388418465852737427e-01 1.108264848589897156e-01 -3.635770678520202637e-01 1.310157477855682373e-01 -1.425028592348098755e-01 -2.387982457876205444e-01 2.242911905050277710e-01 -6.739237904548645020e-02
-3.219881281256675720e-02 9.871855378150939941e-02 -4.644117504358291626e-02 6.786007434129714966e-02 -5.692311376333236694e-02 1.576057262718677521e-02 -4.572285804897546768e-03 -1.393444538116455078e-01 -1.770114898681640625e-01 -1.680062711238861084e-02
2.071681320667266846e-01 -1.992165744304656982e-01 3.235674276947975159e-02 2.677388191223144531e-01 -7.199601083993911743e-02 2.092617601156234741e-01 -7.978468388319015503e-02 -1.201727539300918579e-01 4.580676928162574768e-02 -3.181696534156799316e-01
2.250545769929885864e-01 -2.131523191928863525e-01 1.297292113304138184e-02 4.571665823459625244e-02 -3.578367829322814941e-02 2.514996230602264404e-01 2.345624752342700958e-02 -4.985313117504119873e-02 3.709386289119720459e-02 -2.645519971847534180e-01
-2.359062619507312775e-02 -7.349188625812530518e-02 5.451760441064834595e-02 -5.617394577711820602e-03 -2.430066615343093872e-01 4.740807786583900452e-02 -2.564199455082416534e-02 -1.674314737319946289e-01 -1.281300485134124756e-01 -1.555870566517114639e-02
-4.484360292553901672e-02 7.088866829872131348e-02 1.748940497636795044e-01 1.036648172885179520e-03 -1.706994771957397461e-01 1.024152636528015137e-01 -2.614928483963012695e-01 -3.562447428703308105e-01 1.558874845504760742e-01 9.503712505102157593e-02
3.440993130207061768e-01 3.286600112915039062e-01 -2.945284545421600342e-02 2.810055203735828400e-02 2.374779134988784790e-01 -1.175297945737838745e-01 -1.958571672439575195e-01 1.228115335106849670e-02 -3.375774323940277100e-01 1.368671059608459473e-01
2.035780251026153564e-01 -1.373983025550842285e-01 -1.423854380846023560e-01 2.628712654113769531e-01 -1.164364665746688843e-01 2.499093264341354370e-01 -1.269177347421646118e-01 2.319436520338058472e-02 -4.750811681151390076e-02 -3.253289163112640381e-01
-6.475731730461120605e-02 1.606539636850357056e-01 2.231093049049377441e-01 1.101472452282905579e-01 -1.743679046630859375e-01 1.054626107215881348e-01 -2.290454506874084473e-01 -2.362425625324249268e-01 7.341223955154418945e-02 -8.208018541336059570e-02
1.329848915338516235e-01 -8.442018181085586548e-02 7.998830825090408325e-02 1.189248189330101013e-01 5.608393345028162003e-03 3.309850990772247314e-01 -2.397312782704830170e-02 -1.670957952737808228e-01 1.207354515790939331e-01 3.513605147600173950e-02
-2.502763457596302032e-02 1.433707121759653091e-02 -1.846637576818466187e-01 -2.320450097322463989e-01 -2.320684790611267090e-01 -6.490904837846755981e-02 2.032569050788879395e-01 -7.174677681177854538e-03 1.542272605001926422e-02 4.123261570930480957e-02
1.954561620950698853e-01 2.477900683879852295e-01 -1.079366281628608704e-01 -4.302972927689552307e-02 -2.210048772394657135e-02 -4.513040930032730103e-02 7.223208900541067123e-03 -6.264110654592514038e-02 -1.678836196660995483e-01 5.485676229000091553e-02
-1.110047381371259689e-02 1.098151654005050659e-01 4.972417652606964111e-02 1.743296533823013306e-02 7.946631871163845062e-03 -2.794395945966243744e-02 -8.291289955377578735e-02 -1.088801324367523193e-01 -1.389588117599487305e-01 4.857921972870826721e-02
2.714598774909973145e-01 2.596046626567840576e-01 -1.114276051521301270e-01 5.094324797391891479e-02 7.055526971817016602e-02 -1.588599570095539093e-02 1.289145499467849731e-01 -6.221357733011245728e-02 -1.291001737117767334e-01 2.862758468836545944e-03
-1.512407809495925903e-01 1.008310262113809586e-02 -1.231743097305297852e-01 -3.205584883689880371e-01 -1.171676591038703918e-01 -8.368477970361709595e-02 1.936032064259052277e-02 1.699395626783370972e-01 -1.029091030359268188e-01 -9.892115741968154907e-02
2.037103623151779175e-01 -1.424371004104614258e-01 -1.152232065796852112e-01 -4.945264011621475220e-02 -7.979678362607955933e-02 1.697412580251693726e-01 -2.977187335491180420e-01 9.156516194343566895e-02 -7.068143784999847412e-02 -8.327496796846389771e-02
1.126856729388237000e-01 6.313174962997436523e-02 -3.564294427633285522e-02 2.186529710888862610e-02 3.143416345119476318e-02 -3.005599789321422577e-02 -7.559148222208023071e-02 5.116115137934684753e-02 -1.075450032949447632e-01 -1.562570929527282715e-01
1.913518607616424561e-01 -3.555442392826080322e-02 -1.272636801004409790e-01 1.805981695652008057e-01 -1.327740699052810669e-01 2.625379264354705811e-01 -1.052639354020357132e-02 -5.738196521997451782e-02 1.111286506056785583e-01 -2.602245211601257324e-01
-2.595157362520694733e-02 1.162696182727813721e-01 1.249833405017852783e-02 -2.779572457075119019e-02 -1.107928752899169922e-01 2.335812710225582123e-02 9.960509836673736572e-02 -1.471414864063262939e-01 -2.511607483029365540e-02 5.526063963770866394e-02
-2.462498657405376434e-02 -9.419944882392883301e-02 2.019736170768737793e-02 -1.158480942249298096e-01 -1.619524359703063965e-01 9.334097802639007568e-02 -2.444281242787837982e-02 -2.171434462070465088e-01 -1.424349844455718994e-01 8.089531958103179932e-02
-7.268794625997543335e-02 7.939684391021728516e-02 -4.745873808860778809e-02 3.562172874808311462e-02 -2.565563321113586426e-01 6.721836328506469727e-02 -2.423100620508193970e-01 -1.987264007329940796e-01 1.150669232010841370e-01 1.317071616649627686e-01
3.004084825515747070e-01 4.671125113964080811e-02 -2.201512455940246582e-02 1.962523907423019409e-02 1.142921298742294312e-01 2.354533076286315918e-01 1.031732112169265747e-01 -1.759835928678512573e-01 8.593540638685226440e-03 1.599611043930053711e-01
-9.147623181343078613e-02 1.361505091190338135e-01 7.399055361747741699e-02 -6.575966626405715942e-02 -1.743161678314208984e-01 1.357993930578231812e-01 -3.475560341030359268e-03 -2.180400788784027100e-01 5.872203782200813293e-02 2.658931910991668701e-02
3.387252241373062134e-02 -1.899621039628982544e-01 1.769260466098785400e-01 1.585363969206809998e-02 -5.709057208150625229e-03 4.943134784698486328e-01 3.364764899015426636e-02 -1.632029563188552856e-01 2.763781547546386719e-01 -3.509806841611862183e-02
1.922162622213363647e-01 1.920495629310607910e-01 -7.540306448936462402e-02 8.391942083835601807e-02 2.062658779323101044e-02 -3.094651736319065094e-02 -4.618350043892860413e-02 -8.861519396305084229e-02 -2.476172149181365967e-01 1.268369257450103760e-01
-3.854770958423614502e-02 -7.737463712692260742e-02 2.367143332958221436e-02 -7.344619929790496826e-02 -5.067077651619911194e-02 2.025472372770309448e-01 -1.144899637438356876e-03 -1.103449612855911255e-01 1.506794393062591553e-01 -6.396085489541292191e-03
7.559484988451004028e-02 -3.602189477533102036e-03 -3.908748030662536621e-01 -1.550212800502777100e-01 1.313198357820510864e-01 -1.032055318355560303e-01 -6.897565722465515137e-02 1.709794402122497559e-01 -2.370900064706802368e-01 -1.331512182950973511e-01
-1.049520671367645264e-01 -6.228230427950620651e-03 2.480477541685104370e-01 -3.136585932224988937e-03 -3.223522603511810303e-01 1.287243813276290894e-01 -1.961844116449356079e-01 -3.904028534889221191e-01 2.035999894142150879e-01 6.558637320995330811e-02
3.100994527339935303e-01 3.906396627426147461e-01 -1.219459772109985352e-01 2.589444071054458618e-02 1.173477098345756531e-01 -1.097648888826370239e-01 -7.255275547504425049e-02 -4.596089571714401245e-02 -2.725849449634552002e-01 2.960200607776641846e-02
-4.665716085582971573e-03 6.255952268838882446e-02 1.041704118251800537e-01 1.278016865253448486e-01 -3.051074743270874023e-01 1.706287711858749390e-01 -1.262996643781661987e-01 -2.321430146694183350e-01 1.873092949390411377e-01 -5.113989580422639847e-03
-2.184920310974121094e-01 4.741430580615997314e-01 -1.930352151393890381e-01 -3.168916106224060059e-01 -1.842984259128570557e-01 -2.014677226543426514e-01 6.116645783185958862e-02 1.151026040315628052e-02 1.202720031142234802e-02 1.915432065725326538e-01
-1.914975494146347046e-01 2.075123935937881470e-01 -1.141091883182525635e-01 -2.598033845424652100e-01 -1.550857573747634888e-01 -2.187951840460300446e-02 3.027028739452362061e-01 2.372681200504302979e-01 -2.789845317602157593e-02 1.859864741563796997e-01
6.786043196916580200e-02 -6.820320338010787964e-02 1.530235558748245239e-01 2.383925393223762512e-02 -8.792542666196823120e-02 3.771215677261352539e-01 9.006248414516448975e-02 -6.796345859766006470e-02 1.411202996969223022e-01 -8.665525354444980621e-03
2.458265274763107300e-01 3.446706533432006836e-01 -8.064212650060653687e-02 -6.361495237797498703e-03 1.076360344886779785e-01 -1.227410808205604553e-01 -4.932031035423278809e-02 -1.238311156630516052e-01 -2.117955386638641357e-01 4.517516493797302246e-02
-1.002816390246152878e-02 -5.606663599610328674e-02 5.539742112159729004e-02 6.876323837786912918e-03 -2.057086862623691559e-02 3.446647226810455322e-01 9.967604279518127441e-02 -1.429300606250762939e-01 1.331002712249755859e-01 4.995528608560562134e-02
-2.573884837329387665e-02 3.561165183782577515e-02 1.596859544515609741e-01 -7.906520366668701172e-02 -2.370450794696807861e-01 1.223094463348388672e-01 -5.744107067584991455e-02 -2.466600537300109863e-01 8.668771386146545410e-02 -4.568912554532289505e-03
1.165370568633079529e-01 -1.588616073131561279e-01 2.467705309391021729e-02 2.174859642982482910e-01 -1.541430056095123291e-01 2.506663501262664795e-01 -4.984370619058609009e-02 4.764724522829055786e-02 4.689838364720344543e-02 -2.540364563465118408e-01
-5.303219705820083618e-02 1.425347179174423218e-01 1.657787114381790161e-01 9.140990674495697021e-02 -2.399852871894836426e-01 7.053205370903015137e-02 -2.323192954063415527e-01 -1.537718176841735840e-01 8.170911669731140137e-02 6.745534390211105347e-02
8.433499187231063843e-02 1.939528137445449829e-01 -1.143608689308166504e-01 1.137747764587402344e-01 -3.198632225394248962e-02 -4.352044314146041870e-02 -3.022898547351360321e-02 -1.025703325867652893e-01 -8.676913380622863770e-02 -3.192884027957916260e-01
7.005336880683898926e-02 9.574648737907409668e-02 -2.194854915142059326e-01 -1.846484839916229248e-01 -8.601310104131698608e-02 -1.150008440017700195e-01 1.806022822856903076e-01 1.380963921546936035e-01 -8.662904053926467896e-02 1.552891731262207031e-01
-2.121975570917129517e-01 2.700021266937255859e-01 -3.072450160980224609e-01 -2.862145304679870605e-01 -5.857408791780471802e-02 -2.255419492721557617e-01 -6.267127394676208496e-02 3.231777250766754150e-02 -2.475158497691154480e-02 2.182255834341049194e-01
3.928127512335777283e-02 -5.118604004383087158e-02 -2.596851289272308350e-01 -1.655279248952865601e-01 6.482850760221481323e-02 -4.040217399597167969e-02 1.123418658971786499e-01 -1.165665835142135620e-01 -1.932631731033325195e-01 -6.091014295816421509e-02
5.268598720431327820e-02 -1.084550097584724426e-01 1.006315723061561584e-01 2.984507009387016296e-02 4.903121385723352432e-03 4.646035432815551758e-01 5.459537357091903687e-02 -1.117187291383743286e-01 2.085033059120178223e-01 2.006592601537704468e-02
-3.426085412502288818e-01 3.281505405902862549e-01 -2.891496419906616211e-01 -3.769719600677490234e-01 -1.239414438605308533e-01 -1.064054369926452637e-01 5.817642807960510254e-02 7.190255075693130493e-02 -9.517777711153030396e-03 1.028322800993919373e-01
1.180070359259843826e-02 -3.716754913330078125e-02 4.253640770912170410e-02 1.461429521441459656e-02 -2.461268901824951172e-01 2.252662330865859985e-01 -2.419832199811935425e-01 -1.929605603218078613e-01 1.659686267375946045e-01 1.253267377614974976e-01
1.266298741102218628e-01 3.630939722061157227e-01 -3.119860589504241943e-01 4.876485839486122131e-02 -5.657244473695755005e-02 -1.486955732107162476e-01 -1.165351867675781250e-01 -1.545514166355133057e-02 -2.562878727912902832e-01 -3.252103030681610107e-01
-9.801402688026428223e-02 -1.752825826406478882e-02 5.223467946052551270e-02 -8.439310640096664429e-02 -2.664609551429748535e-01 1.474878937005996704e-01 -2.977740466594696045e-01 -2.955361902713775635e-01 1.137860193848609924e-01 6.982927024364471436e-02
-1.347131282091140747e-01 1.772697269916534424e-01 -1.369478106498718262e-01 -2.458075582981109619e-01 -9.295911341905593872e-02 -3.056410141289234161e-02 -3.287684917449951172e-02 4.707751423120498657e-02 -7.620567083358764648e-02 -3.516445308923721313e-02
2.923536114394664764e-02 -5.511532723903656006e-02 -3.625230789184570312e-01 -7.115146517753601074e-02 -2.866283990442752838e-02 -1.718395389616489410e-02 -1.653158366680145264e-01 -3.154602646827697754e-02 -1.067933067679405212e-02 -4.505654424428939819e-02
4.985706135630607605e-02 -6.174634397029876709e-02 1.267008781433105469e-01 -3.135313466191291809e-02 -1.759051829576492310e-01 1.280068904161453247e-01 1.530705988407135010e-01 -3.063663095235824585e-02 1.387538611888885498e-01 -3.345177322626113892e-02
2.420946508646011353e-01 1.651949882507324219e-01 -2.660267800092697144e-02 1.370084881782531738e-01 8.316658437252044678e-02 -1.465298086404800415e-01 -7.489988207817077637e-02 -4.858133941888809204e-02 -7.462645322084426880e-02 -4.789608716964721680e-02
8.566626906394958496e-02 1.323704123497009277e-01 -1.440568566322326660e-01 2.954798284918069839e-03 -2.543080784380435944e-02 2.790679596364498138e-02 4.765713959932327271e-02 -5.183761566877365112e-02 5.877301096916198730e-02 -4.488329589366912842e-02
8.243623375892639160e-02 -8.981937170028686523e-02 5.170047283172607422e-02 -1.274691820144653320e-01 4.864266607910394669e-03 3.585821390151977539e-01 8.775154501199722290e-02 2.032548934221267700e-02 -6.365876179188489914e-03 6.574089080095291138e-02
2.554432451725006104e-01 -1.028596386313438416e-01 -1.459515839815139771e-02 3.823772370815277100e-01 -1.468434035778045654e-01 3.237625956535339355e-01 9.157323092222213745e-02 3.547849506139755249e-02 1.706888675689697266e-01 -3.070781528949737549e-01
2.821603119373321533e-01 4.486777186393737793e-01 -9.160965681076049805e-03 5.865789949893951416e-02 -6.242892146110534668e-02 -1.144832074642181396e-01 -1.905870288610458374e-01 -1.102737337350845337e-01 -2.830308079719543457e-01 6.310201436281204224e-02
8.435938507318496704e-02 -7.188059389591217041e-02 -4.492267966270446777e-02 -1.130928322672843933e-01 -1.090006306767463684e-01 4.409847408533096313e-02 -4.931146651506423950e-02 -7.770206034183502197e-02 -1.807718127965927124e-01 -1.310968492180109024e-02
3.175733610987663269e-02 1.775158196687698364e-01 -1.318231672048568726e-01 1.179637685418128967e-01 3.856457024812698364e-02 -4.071522504091262817e-02 -4.654275625944137573e-02 2.507065981626510620e-02 -4.268061742186546326e-02 -3.216808736324310303e-01
2.906959652900695801e-01 2.910694479942321777e-01 -1.451195329427719116e-01 7.555813062936067581e-03 3.024776093661785126e-02 -6.800295412540435791e-02 -1.944346427917480469e-01 -7.362369447946548462e-02 -3.614915907382965088e-01 2.090834975242614746e-01
-4.140252247452735901e-02 3.164023626595735550e-03 1.509646028280258179e-01 9.462090581655502319e-02 -3.445805907249450684e-01 1.890018731355667114e-01 -1.826844215393066406e-01 -2.548118233680725098e-01 1.362338364124298096e-01 2.763206511735916138e-02
1.572574973106384277e-01 7.650569546967744827e-03 -1.139415204524993896e-01 -2.798881381750106812e-02 -1.024181023240089417e-01 1.537982523441314697e-01 -1.550720930099487305e-01 1.498299539089202881e-01 -6.390026956796646118e-02 5.784565955400466919e-02
-1.090677306056022644e-01 2.262823283672332764e-01 1.338588893413543701e-01 -6.602588295936584473e-02 -2.120605260133743286e-01 8.134246617555618286e-02 3.510257601737976074e-02 3.556298464536666870e-02 1.994420075789093971e-03 1.624871045351028442e-02
1.085447147488594055e-01 2.741862088441848755e-02 -5.912900716066360474e-02 -1.845606416463851929e-02 3.426362946629524231e-02 2.513831853866577148e-01 9.145078947767615318e-04 -1.244622990489006042e-01 6.345657259225845337e-02 1.443432867527008057e-01
1.507307887077331543e-01 4.430060088634490967e-02 -4.170787334442138672e-02 6.153803784400224686e-03 5.607809871435165405e-02 2.322054207324981689e-01 1.634156256914138794e-01 -4.056843370199203491e-02 1.874585077166557312e-02 2.258978039026260376e-02
1.590443104505538940e-01 -9.083119779825210571e-02 -1.888986378908157349e-01 1.361678093671798706e-01 -1.485376209020614624e-01 4.928798973560333252e-02 -2.329670488834381104e-01 1.086114719510078430e-01 -6.505426019430160522e-02 -1.579526513814926147e-01
1.272866223007440567e-02 2.022235468029975891e-02 -3.153280615806579590e-01 2.700588852167129517e-02 -5.550881847739219666e-02 -8.678818121552467346e-03 -1.093484461307525635e-01 -5.904176086187362671e-02 1.010124981403350830e-01 -1.544303148984909058e-01
2.381982505321502686e-01 -1.156073510646820068e-01 7.185733318328857422e-02 -4.552235826849937439e-02 1.539754122495651245e-01 4.050247073173522949e-01 1.326621323823928833e-01 -1.905284821987152100e-01 8.471477776765823364e-03 1.745432764291763306e-01
1.191647723317146301e-01 -1.730566471815109253e-02 -1.529719382524490356e-01 4.991922155022621155e-02 -8.623296022415161133e-02 -7.193432748317718506e-02 -2.108547985553741455e-01 -3.253789991140365601e-02 -1.579372286796569824e-01 -4.566502273082733154e-01
1.832152158021926880e-01 -1.373477429151535034e-01 -4.594087600708007812e-02 2.198739349842071533e-01 -1.602586172521114349e-02 1.963269561529159546e-01 1.333351880311965942e-01 8.728871494531631470e-02 1.017937511205673218e-01 -4.126897752285003662e-01
-8.326494693756103516e-02 1.583914756774902344e-01 -1.931390911340713501e-01 -2.591464221477508545e-01 -4.535482078790664673e-02 -1.966037750244140625e-01 1.713478267192840576e-01 1.794489920139312744e-01 -6.008509173989295959e-02 2.528306543827056885e-01
-9.990870207548141479e-02 -3.861010819673538208e-02 2.203192263841629028e-01 3.422174230217933655e-02 -2.388599067926406860e-01 1.982101202011108398e-01 -1.228578463196754456e-01 -3.894021213054656982e-01 1.910564303398132324e-01 6.081313639879226685e-02
4.767753556370735168e-02 -4.956799373030662537e-02 6.476292759180068970e-02 -2.619313821196556091e-02 -1.271183881908655167e-02 -2.221742086112499237e-02 4.088418930768966675e-02 -1.596269160509109497e-01 -1.307478547096252441e-01 4.882030934095382690e-02
4.279470816254615784e-02 2.614639103412628174e-01 -1.398591548204421997e-01 -1.606666445732116699e-01 -1.227049753069877625e-01 6.845809519290924072e-02 2.998932898044586182e-01 1.131990998983383179e-01 -1.250696629285812378e-01 3.069036602973937988e-01
4.768176749348640442e-02 2.249734997749328613e-01 7.171764969825744629e-02 -4.880635812878608704e-02 -2.731739282608032227e-01 1.155182793736457825e-01 2.011942416429519653e-01 9.527476131916046143e-02 -3.074773028492927551e-02 -1.021486595273017883e-01
-1.265639662742614746e-01 -9.493871033191680908e-02 1.275534182786941528e-02 -1.356726586818695068e-01 -1.268422156572341919e-01 -5.983056500554084778e-03 -1.435752809047698975e-01 -2.945577502250671387e-01 -1.323729455471038818e-01 7.778792828321456909e-02
-5.659655109047889709e-02 1.492847800254821777e-01 7.800424844026565552e-02 6.044044718146324158e-02 -2.677343487739562988e-01 9.054054319858551025e-02 -1.223532259464263916e-01 -1.881020963191986084e-01 6.993191689252853394e-02 -4.522466659545898438e-02
2.550346553325653076e-01 3.258903026580810547e-01 1.494027907028794289e-03 -1.437740214169025421e-02 3.125797212123870850e-02 -8.696782588958740234e-02 -8.145634829998016357e-02 -8.057308942079544067e-02 -2.497572004795074463e-01 1.044894661754369736e-02
1.549126952886581421e-01 1.545406430959701538e-01 -1.262144893407821655e-01 2.966579981148242950e-02 -1.507418155670166016e-01 -4.027649760246276855e-02 -1.584099531173706055e-01 1.181995496153831482e-01 -1.312247961759567261e-01 -1.253538131713867188e-01
1.606447249650955200e-01 -1.367468833923339844e-01 6.569370627403259277e-03 5.003296211361885071e-02 -1.416114419698715210e-01 1.984156072139739990e-01 -6.904871761798858643e-02 4.822428524494171143e-02 -2.207724750041961670e-01 -2.958993017673492432e-01
-4.680016636848449707e-02 1.778297126293182373e-01 -1.785877048969268799e-01 7.913628220558166504e-02 2.909328602254390717e-02 -1.286776959896087646e-01 -9.152234345674514771e-02 2.901997417211532593e-02 -1.855740398168563843e-01 -3.781356513500213623e-01
-6.186198815703392029e-02 3.380392212420701981e-03 2.127000987529754639e-01 6.764501333236694336e-02 -4.169647395610809326e-01 1.765731871128082275e-01 -2.246774435043334961e-01 -2.273909747600555420e-01 1.671288609504699707e-01 -3.087762743234634399e-02
-3.079952858388423920e-02 2.209110110998153687e-01 -1.604403853416442871e-01 -4.415065348148345947e-01 -5.556634813547134399e-02 -8.552932739257812500e-02 2.749765217304229736e-01 9.530541300773620605e-02 -6.027228757739067078e-02 2.616969347000122070e-01
7.477393746376037598e-02 -1.154590696096420288e-01 -1.477850526571273804e-01 -2.997143566608428955e-01 -3.892326354980468750e-02 -1.750008948147296906e-02 -2.733676228672266006e-03 1.106792166829109192e-01 -1.661086678504943848e-01 -1.638237386941909790e-01
2.019864916801452637e-01 -1.960510760545730591e-02 -4.367486387491226196e-02 1.686295717954635620e-01 -1.467758566141128540e-01 3.166579604148864746e-01 1.243906617164611816e-01 1.684177666902542114e-02 -3.495981171727180481e-02 -2.134767025709152222e-01
-1.258571147918701172e-01 1.880525797605514526e-02 2.468630522489547729e-01 3.156834468245506287e-02 -2.341595739126205444e-01 2.031759731471538544e-02 -2.537742555141448975e-01 -2.113329619169235229e-01 2.281965613365173340e-01 9.188628755509853363e-03
-8.491336368024349213e-03 1.330655906349420547e-02 -2.490804642438888550e-01 -2.245760262012481689e-01 -2.392132021486759186e-02 -1.697164773941040039e-01 3.225784748792648315e-02 1.142221167683601379e-01 -5.709519982337951660e-02 1.287824362516403198e-01
-3.332294896245002747e-02 -1.485909223556518555e-01 9.806896746158599854e-02 -1.304478943347930908e-01 7.481511682271957397e-02 3.033387660980224609e-01 2.761951275169849396e-02 -2.257926464080810547e-01 1.293589621782302856e-01 -4.505049437284469604e-02
5.066664889454841614e-02 4.013681411743164062e-02 -7.102355360984802246e-03 -8.661805838346481323e-02 -1.166778653860092163e-01 1.185177862644195557e-01 4.996811598539352417e-02 -1.877827346324920654e-01 -2.186076641082763672e-01 8.966912329196929932e-02
-1.052978113293647766e-01 -1.823084503412246704e-01 -1.478540003299713135e-01 -3.299718201160430908e-01 -9.083248674869537354e-02 3.617329755797982216e-03 -7.441559433937072754e-02 1.303075253963470459e-01 -3.890167549252510071e-02 -1.925485283136367798e-01
-1.223446503281593323e-01 -2.092725783586502075e-02 1.783306300640106201e-01 1.034246236085891724e-01 -4.297370612621307373e-01 1.649940907955169678e-01 -3.207766711711883545e-01 -3.935756683349609375e-01 2.676026225090026855e-01 -3.703591972589492798e-02
-6.483948975801467896e-02 2.197181992232799530e-02 -3.218733370304107666e-01 -3.338129818439483643e-01 3.377234190702438354e-02 -2.269931137561798096e-01 4.279017448425292969e-02 9.991591423749923706e-02 -1.437054276466369629e-01 -2.182828336954116821e-01
2.054982334375381470e-01 -7.384592294692993164e-02 -1.801577359437942505e-01 -1.306415796279907227e-01 -2.430375851690769196e-02 2.560183703899383545e-01 -1.197277903556823730e-01 2.461617887020111084e-01 -9.445065259933471680e-02 -6.879894435405731201e-02
4.708435013890266418e-02 4.115021601319313049e-02 1.722218096256256104e-02 -2.488857880234718323e-02 -1.387452632188796997e-01 9.451621770858764648e-02 2.522527873516082764e-01 -1.043181866407394409e-02 1.725945472717285156e-01 -2.658537924289703369e-01
-1.029043868184089661e-01 1.659630984067916870e-01 -1.307469755411148071e-01 -1.988136172294616699e-01 -1.202639564871788025e-01 4.583103582262992859e-03 2.703678905963897705e-01 -5.739858373999595642e-02 -1.850930154323577881e-01 5.863542854785919189e-02
1.373654138296842575e-02 -6.255587190389633179e-02 1.947539299726486206e-02 6.495748180896043777e-03 -1.364721506834030151e-01 8.965418487787246704e-02 -8.038646541535854340e-03 -1.171479150652885437e-01 -1.311821341514587402e-01 3.874720260500907898e-02
