2.501555204391479492e+00 -1.981957197189331055e+00 1.519782066345214844e+00 -2.342525720596313477e+00 2.709440708160400391e+00 -2.017398357391357422e+00 1.160457968711853027e+00 8.861418366432189941e-01 -1.276834487915039062e+00 -1.460729598999023438e+00 2.630475163459777832e-01 1.180596709251403809e+00 -1.516342401504516602e+00 5.357433557510375977e-01 2.569972038269042969e+00
1.728089809417724609e+00 -1.930815458297729492e+00 -1.327955722808837891e+00 -3.284616231918334961e+00 -8.991264700889587402e-01 6.683821678161621094e-01 8.706972002983093262e-03 1.872784137725830078e+00 -1.456294655799865723e+00 -1.848289251327514648e+00 6.742538809776306152e-01 2.638081312179565430e-01 -1.941539719700813293e-02 -9.063704311847686768e-02 1.864419937133789062e+00
7.055289149284362793e-01 6.177350282669067383e-01 -1.541889160871505737e-01 -1.229207158088684082e+00 1.423131227493286133e+00 -3.642226696014404297e+00 -1.406223654747009277e+00 8.468908667564392090e-01 -2.400938749313354492e+00 -2.987543344497680664e+00 3.562750339508056641e+00 -1.648023724555969238e+00 5.959608554840087891e-01 7.755380272865295410e-01 2.966044545173645020e-01
3.655869513750076294e-02 -2.028200387954711914e+00 -1.359831094741821289e+00 -2.179501771926879883e+00 -4.226728081703186035e-01 -3.626555919647216797e+00 3.571286916732788086e+00 1.059633255004882812e+00 5.038053393363952637e-01 2.610516548156738281e-01 1.697580695152282715e+00 -3.454464077949523926e-01 -2.210337400436401367e+00 -9.780067801475524902e-01 1.381075382232666016e+00
1.551484227180480957e+00 -1.171315550804138184e+00 6.638184189796447754e-01 -6.268482804298400879e-01 2.215055942535400391e+00 -3.899086117744445801e-01 7.473275065422058105e-03 1.928128361701965332e+00 2.303908765316009521e-01 -3.814829826354980469e+00 -1.709177613258361816e+00 -1.597793459892272949e+00 -2.270012617111206055e+00 5.760677456855773926e-01 3.452017307281494141e+00
2.692771196365356445e+00 -2.861916065216064453e+00 1.496133565902709961e+00 -3.081126928329467773e+00 -1.932193160057067871e+00 -5.712307929992675781e+00 -9.228155016899108887e-01 -1.791083216667175293e+00 5.372541546821594238e-01 2.359258174896240234e+00 4.039941787719726562e+00 -1.763091921806335449e+00 -2.483505010604858398e+00 2.181767940521240234e+00 -1.393333673477172852e+00
1.127874612808227539e+00 1.888398647308349609e+00 4.571300148963928223e-01 -1.690641999244689941e+00 1.027863264083862305e+00 -1.900665760040283203e+00 2.692979097366333008e+00 9.312161803245544434e-01 2.377974987030029297e+00 2.798010408878326416e-01 1.572562098503112793e+00 -4.501587867736816406e+00 -2.299365520477294922e+00 -5.178673192858695984e-02 -1.513218045234680176e+00
5.530708789825439453e+00 1.438894122838973999e-01 3.144363760948181152e-01 -2.801241159439086914e+00 1.651939272880554199e+00 -1.880329489707946777e+00 -3.930252492427825928e-01 -1.078404068946838379e+00 -2.346355915069580078e+00 3.197900056838989258e+00 -1.583413124084472656e+00 -3.427473783493041992e+00 -2.056820869445800781e+00 4.844913959503173828e+00 1.782056927680969238e+00
3.870932340621948242e+00 -4.536216735839843750e+00 -4.154141902923583984e+00 -6.064960360527038574e-01 -9.442618489265441895e-01 -2.391784429550170898e+00 -2.404868751764297485e-01 -2.917370080947875977e+00 -2.036900758743286133e+00 -6.634072959423065186e-02 1.280373930931091309e+00 2.926461696624755859e-01 2.655942916870117188e+00 -1.853952556848526001e-01 -6.500040888786315918e-01
-3.198701143264770508e+00 9.900525957345962524e-02 -2.296524763107299805e+00 -1.733216047286987305e+00 8.981248736381530762e-01 -3.700146675109863281e+00 2.557938337326049805e+00 1.288781762123107910e+00 1.337448596954345703e+00 -5.397861599922180176e-01 2.646942853927612305e+00 -1.566740155220031738e+00 1.503480672836303711e+00 -2.365965604782104492e+00 1.509340554475784302e-01
3.036500215530395508e+00 -2.096441984176635742e+00 -9.421355128288269043e-01 -3.949218034744262695e+00 1.487631201744079590e+00 -8.444169163703918457e-02 -2.357583791017532349e-01 1.647705674171447754e+00 2.131139338016510010e-01 -2.891625642776489258e+00 -5.856918692588806152e-01 -6.176257133483886719e+00 -4.307583808898925781e+00 -1.454293966293334961e+00 4.870471954345703125e+00
6.287297010421752930e-01 -9.002523422241210938e-01 -6.872786879539489746e-01 1.005910634994506836e+00 3.066453695297241211e+00 -2.796670436859130859e+00 -9.031394720077514648e-01 9.651827216148376465e-01 6.215751767158508301e-01 -9.106042981147766113e-01 -6.106781363487243652e-01 -6.483099460601806641e-01 -3.398647546768188477e+00 -8.671033978462219238e-01 2.496306419372558594e+00
7.715399265289306641e-01 -3.799854516983032227e+00 -2.442181408405303955e-01 -6.114057898521423340e-01 1.790106177330017090e+00 -7.131889343261718750e+00 6.961161136627197266e+00 -7.031026482582092285e-01 -2.488779723644256592e-01 -1.824364185333251953e+00 6.354349613189697266e+00 -1.315005064010620117e+00 -5.016342163085937500e+00 -1.678099870681762695e+00 -1.385966181755065918e+00
-1.761148273944854736e-01 -1.919844388961791992e+00 -1.284138917922973633e+00 1.290267258882522583e-01 5.667513012886047363e-01 8.934879302978515625e-01 1.261673420667648315e-01 4.040632545948028564e-01 -1.387712478637695312e+00 -3.370389044284820557e-01 -1.952892065048217773e+00 -1.540100812911987305e+00 3.652520179748535156e-01 1.971502542495727539e+00 4.233154296875000000e+00
3.055536448955535889e-01 1.869360923767089844e+00 -3.658999204635620117e+00 1.858630537986755371e+00 9.871493279933929443e-02 -4.326074123382568359e+00 2.562883377075195312e+00 1.297170400619506836e+00 1.271964550018310547e+00 -5.156275629997253418e-01 6.473644375801086426e-01 -5.424108505249023438e-01 -2.733091115951538086e+00 -7.784618139266967773e-01 2.383764505386352539e+00
1.858634710311889648e+00 -1.538206577301025391e+00 2.564169168472290039e-01 -1.961123347282409668e+00 2.068888902664184570e+00 2.371952831745147705e-01 -4.973928034305572510e-01 1.507237195968627930e+00 -9.938279986381530762e-01 -5.997812747955322266e-01 8.127977140247821808e-03 1.048323035240173340e+00 -3.400798514485359192e-02 1.497620820999145508e+00 2.335763931274414062e+00
2.710222959518432617e+00 -1.462772846221923828e+00 3.709330456331372261e-03 -4.175596714019775391e+00 3.532745540142059326e-01 8.762495517730712891e-01 3.102601051330566406e+00 3.712566792964935303e-01 4.718779027462005615e-01 7.195401191711425781e-01 8.281251192092895508e-01 2.551560401916503906e-01 3.633840978145599365e-01 -1.530955553054809570e+00 1.557080984115600586e+00
1.503970742225646973e+00 -6.863521933555603027e-01 -3.876675128936767578e+00 -5.044286727905273438e+00 -2.798286676406860352e+00 -8.988862633705139160e-01 -1.044374346733093262e+00 5.553638339042663574e-01 -1.940587460994720459e-01 -3.339028120040893555e+00 2.034484386444091797e+00 1.664524912834167480e+00 4.755199253559112549e-01 3.874431550502777100e-01 1.710979580879211426e+00
1.821377038955688477e+00 -2.506335973739624023e+00 4.048784971237182617e-01 -2.981079578399658203e+00 -1.642177104949951172e+00 -3.282219886779785156e+00 1.231589198112487793e+00 -2.123126029968261719e+00 3.708793163299560547e+00 -3.760979697108268738e-02 4.523152351379394531e+00 6.842965632677078247e-02 -5.839077234268188477e-01 -3.052456378936767578e-01 2.328717947006225586e+00
2.614725828170776367e+00 -2.688162565231323242e+00 2.209716320037841797e+00 -3.044933319091796875e+00 -2.231785535812377930e+00 -2.151381075382232666e-01 3.641758859157562256e-01 1.084567427635192871e+00 1.400798201560974121e+00 1.115379691123962402e+00 3.466819763183593750e+00 -5.837481468915939331e-02 1.819730162620544434e+00 2.484381914138793945e+00 4.460775852203369141e+00
4.243603229522705078e+00 -1.755526304244995117e+00 1.524309635162353516e+00 -3.949511289596557617e+00 -2.268133878707885742e+00 -2.359750270843505859e+00 -1.240788698196411133e+00 1.325264871120452881e-01 -1.551366090774536133e+00 -2.159945294260978699e-02 -6.379123777151107788e-02 -5.016427040100097656e-01 6.315188407897949219e-01 9.644964337348937988e-01 -1.377902984619140625e+00
7.946394681930541992e-01 -1.534893274307250977e+00 -2.028152704238891602e+00 4.546122252941131592e-01 -2.474998950958251953e+00 -1.389806985855102539e+00 2.423893451690673828e+00 -2.981905221939086914e+00 3.239450752735137939e-01 -1.867270469665527344e+00 1.028887391090393066e+00 -2.113115310668945312e+00 1.356630563735961914e+00 7.365864515304565430e-01 1.409400105476379395e+00
1.920125007629394531e+00 -2.761466801166534424e-01 6.103252172470092773e-01 1.581992983818054199e+00 -2.329017370939254761e-01 -9.893711805343627930e-01 -2.012781620025634766e+00 4.457551479339599609e+00 -2.953878641128540039e+00 -2.481180906295776367e+00 -5.047773942351341248e-02 -5.092515945434570312e-01 -4.097715318202972412e-01 -2.545045852661132812e+00 5.110818427056074142e-03
5.997864007949829102e-01 -3.319884061813354492e+00 -4.983110725879669189e-02 -1.798763155937194824e+00 3.401856660842895508e+00 -2.921832084655761719e+00 2.132067680358886719e+00 1.208347678184509277e+00 2.379339218139648438e+00 -3.497119665145874023e+00 6.013664007186889648e-01 -3.947137594223022461e+00 -2.877809286117553711e+00 2.882072925567626953e+00 2.369117021560668945e+00
1.016002774238586426e+00 1.855060905218124390e-01 -4.723100662231445312e+00 1.078701853752136230e+00 -5.952714011073112488e-02 -2.199949979782104492e+00 2.416446685791015625e+00 -7.884184718132019043e-01 4.578718841075897217e-01 1.867766737937927246e+00 -4.478015899658203125e-01 -2.256632566452026367e+00 -2.156050920486450195e+00 -5.972836613655090332e-01 1.401537895202636719e+00
3.052454710006713867e+00 1.629339456558227539e+00 -3.908962607383728027e-01 -4.790195524692535400e-01 2.548979282379150391e+00 -2.420963287353515625e+00 2.771495342254638672e+00 -2.646256983280181885e-01 2.823693275451660156e+00 1.479197502136230469e+00 -1.472667098045349121e+00 4.974104762077331543e-01 -7.737582921981811523e-01 5.962793827056884766e-01 4.715599536895751953e+00
1.282180428504943848e+00 -8.351636528968811035e-01 6.351522803306579590e-01 -1.843602418899536133e+00 -4.632406532764434814e-01 -2.887392282485961914e+00 1.332570433616638184e+00 -9.978017210960388184e-01 -1.069504976272583008e+00 -2.184891462326049805e+00 3.598880290985107422e+00 9.316880106925964355e-01 1.149360895156860352e+00 1.077155113220214844e+00 6.309319734573364258e-01
4.600470066070556641e+00 -2.317801713943481445e+00 3.336908817291259766e-01 -2.862165927886962891e+00 1.169056057929992676e+00 -1.532682895660400391e+00 -6.023036241531372070e-01 3.062638454139232635e-02 -3.550933599472045898e+00 -1.412899941205978394e-01 1.229080557823181152e+00 -6.509984970092773438e+00 -3.319260597229003906e+00 1.034589052200317383e+00 1.209424734115600586e+00
4.016243934631347656e+00 2.907401323318481445e-01 8.566913008689880371e-01 -2.870945692062377930e+00 2.906419038772583008e+00 -3.488330841064453125e+00 2.009885311126708984e+00 2.697511672973632812e+00 -2.146839141845703125e+00 -2.387614727020263672e+00 -2.412354469299316406e+00 -2.946920394897460938e+00 -1.160273313522338867e+00 3.515462398529052734e+00 -1.654064297676086426e+00
1.287410259246826172e+00 -1.188765048980712891e+00 2.006463527679443359e+00 -3.067555189132690430e+00 -1.366882681846618652e+00 -2.662036657333374023e+00 -4.128881990909576416e-01 -9.434822201728820801e-02 -2.378365039825439453e+00 -1.592855215072631836e+00 -5.480993986129760742e-01 -2.069994688034057617e+00 -4.320918321609497070e-01 2.842424511909484863e-01 -1.579409480094909668e+00
6.211185455322265625e-01 -3.993259191513061523e+00 -1.604553461074829102e+00 2.505081415176391602e+00 -2.316384792327880859e+00 -2.293824911117553711e+00 -3.978678584098815918e-01 4.708003103733062744e-01 1.634539067745208740e-01 8.440873026847839355e-01 9.146386981010437012e-01 -1.437453478574752808e-01 -8.630359172821044922e-01 -4.434936866164207458e-02 2.076245307922363281e+00
3.940541505813598633e+00 -3.598160505294799805e+00 -1.283150672912597656e+00 -1.177033543586730957e+00 2.036330223083496094e+00 -3.650621414184570312e+00 -5.199249982833862305e-01 -3.592720746994018555e+00 3.389217376708984375e+00 8.820247054100036621e-01 1.310837507247924805e+00 -4.460549354553222656e-01 -1.079843521118164062e+00 2.242555618286132812e+00 1.172755241394042969e+00
1.467281103134155273e+00 -1.692996263504028320e+00 -1.331767916679382324e+00 -1.945655345916748047e+00 2.175613120198249817e-02 -3.099780082702636719e+00 -6.653977632522583008e-01 2.561462879180908203e+00 -1.459061980247497559e+00 7.492218911647796631e-02 4.721551537513732910e-01 -1.162243008613586426e+00 -6.297035515308380127e-02 1.759098023176193237e-01 2.964701414108276367e+00
1.868623971939086914e+00 -1.093295693397521973e+00 -1.288940757513046265e-01 -1.435181021690368652e+00 -7.204216439276933670e-03 -6.485634446144104004e-01 1.618585944175720215e+00 1.514119803905487061e-01 1.698550939559936523e+00 -4.569566547870635986e-01 -1.011619210243225098e+00 -1.080634713172912598e+00 1.428043693304061890e-01 -5.856806039810180664e-01 -8.118891716003417969e-01
2.249743938446044922e+00 -3.057822287082672119e-01 5.950502157211303711e-01 -1.868621349334716797e+00 -2.710580110549926758e+00 -1.374125599861145020e+00 2.390302419662475586e+00 -7.246771454811096191e-02 3.705132305622100830e-01 4.589844644069671631e-01 1.752302527427673340e+00 -3.005525827407836914e+00 -1.373337030410766602e+00 7.540736794471740723e-01 3.281265199184417725e-01
7.383680436760187149e-03 -1.891128271818161011e-01 -7.986816167831420898e-01 -2.893353462219238281e+00 -9.650080800056457520e-01 -2.845124006271362305e+00 2.589648246765136719e+00 1.205976307392120361e-01 -1.297738909721374512e+00 -2.756259679794311523e+00 8.968405127525329590e-01 -1.645135521888732910e+00 1.365792512893676758e+00 -3.416783809661865234e-01 -1.410561054944992065e-01
2.147863626480102539e+00 -9.629720449447631836e-01 1.047876238822937012e+00 -1.833625912666320801e+00 7.404392957687377930e-01 1.368532657623291016e+00 1.588306784629821777e+00 -3.328147903084754944e-02 2.032980918884277344e+00 -7.505486607551574707e-01 3.103695511817932129e-01 -4.580912590026855469e-01 3.797746598720550537e-01 5.023174285888671875e-01 1.325818419456481934e+00
6.795873045921325684e-01 -2.438217639923095703e+00 -5.198882222175598145e-01 -2.648841142654418945e+00 -9.147704243659973145e-01 -3.314715862274169922e+00 1.552947878837585449e+00 2.549304664134979248e-01 -2.286571502685546875e+00 -1.348899602890014648e+00 -2.619206607341766357e-01 -3.522021770477294922e+00 -3.053113520145416260e-01 2.484583139419555664e+00 2.875827550888061523e+00
2.486175775527954102e+00 -1.296281218528747559e+00 -7.094693183898925781e-01 -3.678647756576538086e+00 1.609273701906204224e-01 9.283836483955383301e-01 -2.548427104949951172e+00 -9.180023670196533203e-01 -2.139384508132934570e+00 -1.784514904022216797e+00 3.473930954933166504e-01 -1.116252303123474121e+00 -1.330105185508728027e+00 4.021143913269042969e+00 3.158803939819335938e+00
8.976562023162841797e-01 -6.031552553176879883e-01 -8.706187605857849121e-01 -1.870070457458496094e+00 -2.108265638351440430e+00 -4.169331073760986328e+00 4.243190765380859375e+00 2.853836536407470703e+00 5.185177803039550781e+00 -1.485043019056320190e-01 7.619996666908264160e-01 -3.803110599517822266e+00 -1.171022772789001465e+00 -1.944830298423767090e+00 -1.462579131126403809e+00
3.518177270889282227e+00 2.863620281219482422e+00 -3.194964408874511719e+00 -3.208494901657104492e+00 1.204919457435607910e+00 -1.549700260162353516e+00 1.965143322944641113e+00 7.915862202644348145e-01 3.914348125457763672e+00 -2.480932474136352539e+00 3.052397251129150391e+00 -1.668008804321289062e+00 1.044340252876281738e+00 -2.368135929107666016e+00 -1.138049244880676270e+00
1.734086513519287109e+00 1.647031158208847046e-01 -4.591978192329406738e-01 -3.215521574020385742e+00 8.563721776008605957e-01 -4.017467796802520752e-01 5.462690591812133789e-01 -3.538098335266113281e+00 8.218150734901428223e-01 -3.472799539566040039e+00 2.932494640350341797e+00 5.711356401443481445e-01 7.924739122390747070e-01 1.182288050651550293e+00 1.674854636192321777e+00
1.550600647926330566e+00 -1.251730561256408691e+00 2.806932687759399414e+00 -4.630794525146484375e+00 2.314203977584838867e+00 -3.847076892852783203e+00 -3.652555048465728760e-01 9.410786032676696777e-01 1.940262913703918457e+00 -4.171975612640380859e+00 2.467614412307739258e-01 -4.221647977828979492e-01 -6.062114238739013672e-01 6.953428387641906738e-01 1.470932960510253906e+00
-8.532910346984863281e-01 -1.126586198806762695e+00 -1.916522264480590820e+00 -8.658280968666076660e-01 -1.063960045576095581e-01 1.152027606964111328e+00 -2.603241503238677979e-01 -7.775697112083435059e-01 -3.340395927429199219e+00 -3.062344312667846680e+00 -1.937310934066772461e+00 3.625534772872924805e-01 -7.493621110916137695e-01 1.689959526062011719e+00 1.417444705963134766e+00
2.504016160964965820e+00 -1.776612102985382080e-01 -3.664253354072570801e-01 -3.667823553085327148e+00 1.834633588790893555e+00 -1.206242561340332031e+00 2.230885744094848633e+00 5.353912353515625000e+00 8.584821224212646484e-01 -5.930430889129638672e-01 1.959166646003723145e+00 -5.472192764282226562e+00 -1.665115118026733398e+00 8.853433728218078613e-01 2.545626163482666016e+00
2.802791595458984375e+00 -7.521468400955200195e-01 -1.824173688888549805e+00 -4.480690479278564453e+00 -1.082601070404052734e+00 -2.831059455871582031e+00 6.418368816375732422e-01 2.688602209091186523e+00 -3.117375075817108154e-01 -1.213169932365417480e+00 2.453620910644531250e+00 -1.339683532714843750e+00 1.855135411024093628e-01 2.559951782226562500e+00 -2.674606442451477051e-01
2.252624750137329102e+00 4.286957085132598877e-01 8.260287046432495117e-01 -1.027569890022277832e+00 4.126888215541839600e-01 3.282104432582855225e-01 3.243595123291015625e+00 -7.872506976127624512e-02 -5.539503097534179688e-01 -5.106715485453605652e-02 9.040661454200744629e-01 -1.300734519958496094e+00 -9.573224782943725586e-01 1.913088560104370117e+00 2.489175558090209961e+00
1.293008327484130859e+00 -2.469810962677001953e+00 9.070683121681213379e-01 -1.299832105636596680e+00 2.835173845291137695e+00 -4.442568302154541016e+00 3.740606784820556641e+00 1.966910839080810547e+00 -1.454355716705322266e+00 -7.271947264671325684e-01 -2.725385904312133789e+00 6.946947574615478516e-01 3.725826144218444824e-01 2.049768686294555664e+00 -9.054258465766906738e-01
4.262940585613250732e-01 -2.462752103805541992e+00 7.992976903915405273e-01 -3.379052400588989258e+00 1.877659112215042114e-01 -1.984981775283813477e+00 1.942154049873352051e+00 6.997838020324707031e-01 -8.505503535270690918e-01 5.495139956474304199e-01 -4.673840403556823730e-01 -9.828259944915771484e-01 -1.375302553176879883e+00 7.215384840965270996e-01 2.781640052795410156e+00
2.555401086807250977e+00 1.789793848991394043e+00 -6.035904884338378906e-01 -3.296207189559936523e+00 1.058284044265747070e+00 -3.368135213851928711e+00 1.927451491355895996e+00 2.239969015121459961e+00 2.142509222030639648e+00 -3.441174745559692383e+00 2.103324413299560547e+00 -1.708468794822692871e+00 -1.797396063804626465e+00 -2.489154815673828125e+00 3.764007091522216797e+00
2.676789045333862305e+00 -3.239149093627929688e+00 9.646193385124206543e-01 -2.045885086059570312e+00 2.899443805217742920e-01 -4.689347743988037109e+00 1.616612672805786133e+00 -1.419886350631713867e+00 -1.296340107917785645e+00 -1.118067026138305664e+00 2.539017677307128906e+00 4.099869132041931152e-01 3.667377531528472900e-01 8.593120574951171875e-01 1.729701519012451172e+00
-2.087661921977996826e-01 -3.709504902362823486e-01 -2.190175771713256836e+00 -1.959997415542602539e+00 4.668328285217285156e+00 -4.718027591705322266e+00 1.245048284530639648e+00 2.233623743057250977e+00 1.359470605850219727e+00 5.153157114982604980e-01 8.859509974718093872e-02 1.621321082115173340e+00 -1.178786754608154297e+00 2.309995174407958984e+00 2.744683980941772461e+00
1.155758142471313477e+00 -1.056505680084228516e+00 -4.677138805389404297e+00 -1.579437732696533203e+00 3.638672351837158203e+00 -3.159693241119384766e+00 7.752835154533386230e-01 2.553310394287109375e+00 1.796916246414184570e+00 -3.378321886062622070e+00 1.162169337272644043e+00 -2.576257944107055664e+00 -2.564620673656463623e-01 1.546587944030761719e+00 1.790492653846740723e+00
3.475147247314453125e+00 2.523560225963592529e-01 1.442118763923645020e+00 -6.969395279884338379e-01 2.442982912063598633e+00 -1.262408256530761719e+00 -5.691476166248321533e-02 1.736352801322937012e+00 7.374319434165954590e-02 6.869870424270629883e-01 1.400616526603698730e+00 -8.348549604415893555e-01 6.290985941886901855e-01 2.857174277305603027e-01 4.671093523502349854e-01
1.443194389343261719e+00 -1.410358905792236328e+00 -3.952912092208862305e-01 -1.538247227668762207e+00 1.227302908897399902e+00 -3.010275125503540039e+00 1.611237287521362305e+00 8.071587681770324707e-01 1.436697840690612793e-01 -1.802309006452560425e-01 1.559741139411926270e+00 -9.596949219703674316e-01 -8.442745208740234375e-01 -1.383323431015014648e+00 5.977953076362609863e-01
1.866721630096435547e+00 -1.353060960769653320e+00 3.471109271049499512e-01 -4.078568458557128906e+00 -1.795323610305786133e+00 -2.441570043563842773e+00 -4.254421293735504150e-01 -1.238379120826721191e+00 5.401066318154335022e-02 -1.473096013069152832e+00 9.077633023262023926e-01 -4.276323616504669189e-01 1.894817113876342773e+00 1.902076721191406250e+00 -4.022016823291778564e-01
7.629305124282836914e-01 -2.200700998306274414e+00 -1.623077630996704102e+00 -5.609280109405517578e+00 -6.330267786979675293e-01 -3.203055620193481445e+00 7.534763216972351074e-01 5.299401879310607910e-01 9.873365163803100586e-01 9.887517988681793213e-02 2.265309572219848633e+00 -1.070789575576782227e+00 -1.877666592597961426e+00 2.787861824035644531e+00 6.522137522697448730e-01
2.389374934136867523e-02 -7.175437808036804199e-01 -3.990612506866455078e+00 -2.655564546585083008e+00 5.042941570281982422e-01 -7.339584827423095703e-01 -7.364583015441894531e-01 -2.506509125232696533e-01 -2.616750478744506836e+00 -1.358280301094055176e+00 3.758394718170166016e+00 1.267341732978820801e+00 1.807140111923217773e-01 2.649354934692382812e+00 3.305391073226928711e+00
1.911449074745178223e+00 2.759416997432708740e-01 6.117389202117919922e-01 -2.449095010757446289e+00 1.564658433198928833e-01 1.092454910278320312e+00 1.751814484596252441e+00 1.904340505599975586e+00 1.119141578674316406e+00 -1.115413546562194824e+00 3.910248167812824249e-03 -3.041460514068603516e+00 3.415853679180145264e-01 1.002914667129516602e+00 2.071442604064941406e+00
1.543520927429199219e+00 -1.898313522338867188e+00 -4.319516658782958984e+00 -3.707177877426147461e+00 -2.723869800567626953e+00 -7.100739479064941406e-01 -6.211646795272827148e-01 1.196050643920898438e+00 -1.479907512664794922e+00 -1.416973710060119629e+00 1.664615273475646973e+00 -1.586957097053527832e+00 -2.429562330245971680e+00 2.680748224258422852e+00 7.862488627433776855e-01
2.967048585414886475e-01 -1.337275028228759766e+00 2.938301861286163330e-01 2.162709951400756836e+00 2.945697069168090820e+00 -1.845744013786315918e+00 -6.016784906387329102e-01 1.939505577087402344e+00 2.087877511978149414e+00 -2.401020288467407227e+00 -8.285967707633972168e-01 -1.018302321434020996e+00 -1.868563652038574219e+00 3.085402965545654297e+00 1.803678154945373535e+00
6.589520573616027832e-01 3.009207174181938171e-02 -1.394093990325927734e+00 -1.546382665634155273e+00 -3.053158819675445557e-01 -1.659509420394897461e+00 -1.722956657409667969e+00 -1.132562905550003052e-01 -3.786353170871734619e-01 -1.731722354888916016e+00 2.170187473297119141e+00 5.508559942245483398e-01 9.393467307090759277e-01 2.231718063354492188e+00 4.901945590972900391e+00
2.038565397262573242e+00 1.023516178131103516e+00 2.291354417800903320e+00 -1.737491250038146973e+00 -6.345919966697692871e-01 -3.067493677139282227e+00 2.170147180557250977e+00 9.795235991477966309e-01 -5.428918004035949707e-01 -2.706501185894012451e-01 1.606197476387023926e+00 -1.508535742759704590e+00 -1.021608859300613403e-01 2.334220856428146362e-01 2.226468086242675781e+00
-2.134854078292846680e+00 -3.786269903182983398e+00 -3.689773797988891602e+00 -9.805645346641540527e-01 3.266472518444061279e-01 -4.508653163909912109e+00 2.768100976943969727e+00 -1.914365649223327637e+00 1.734838247299194336e+00 -1.432565450668334961e+00 1.505851864814758301e+00 -1.579256892204284668e+00 -7.585119605064392090e-01 -1.287777900695800781e+00 1.951237916946411133e+00
2.608368158340454102e+00 -1.513777136802673340e+00 -5.888623595237731934e-01 -1.860206484794616699e+00 1.741781979799270630e-01 -1.499969959259033203e+00 4.974911510944366455e-01 1.985592246055603027e+00 9.541061520576477051e-02 2.241544485092163086e+00 7.295053601264953613e-01 4.240962880430743098e-06 -5.335761979222297668e-02 2.687218904495239258e+00 1.105585455894470215e+00
8.478589653968811035e-01 -5.360368490219116211e-01 -2.699149370193481445e+00 -6.847623586654663086e-01 2.181592941284179688e+00 2.048436641693115234e+00 -1.205282926559448242e+00 1.574931263923645020e+00 -3.186341747641563416e-02 1.692083835601806641e+00 1.112008929252624512e+00 -6.626346111297607422e-01 -8.050588965415954590e-01 1.459672331809997559e+00 1.545177847146987915e-01
1.581691503524780273e+00 1.352354049682617188e+00 -1.372201204299926758e+00 -1.197265028953552246e+00 1.148061305284500122e-01 -1.938965797424316406e+00 6.644781231880187988e-01 5.939212627708911896e-03 7.574766278266906738e-01 -6.694719195365905762e-01 2.533540010452270508e+00 -5.227171182632446289e-01 1.050644874572753906e+00 -2.266435623168945312e+00 6.412611603736877441e-01
2.807709455490112305e+00 1.347065448760986328e+00 -3.279185891151428223e-01 -2.759189605712890625e+00 3.483293294906616211e+00 -4.024044573307037354e-01 -5.126070976257324219e-01 2.205589711666107178e-01 2.903577983379364014e-01 -1.731878280639648438e+00 -1.197857186198234558e-01 2.243573404848575592e-02 -1.041719555854797363e+00 6.306172609329223633e-01 3.350039958953857422e+00
1.418833255767822266e+00 -1.242179036140441895e+00 -4.654944419860839844e+00 -5.289012908935546875e+00 1.147794246673583984e+00 -2.173092961311340332e-02 1.670517772436141968e-01 2.658047437667846680e+00 2.673067808151245117e+00 -2.246422529220581055e+00 9.432954341173171997e-02 -1.679566144943237305e+00 -1.320951461791992188e+00 3.061905384063720703e+00 1.368168592453002930e+00
2.596834421157836914e+00 -1.020243406295776367e+00 1.080942630767822266e+00 3.973984420299530029e-01 -1.417763680219650269e-01 -3.491051673889160156e+00 2.939282894134521484e+00 1.198256850242614746e+00 -8.844746351242065430e-01 -1.697077751159667969e+00 -2.133518218994140625e+00 -1.875014424324035645e+00 2.021091699600219727e+00 7.566969990730285645e-01 4.752926349639892578e+00
1.748325526714324951e-01 -1.584468364715576172e+00 -1.011007547378540039e+00 -4.439085960388183594e+00 2.125204086303710938e+00 -1.767043471336364746e+00 3.386730670928955078e+00 3.171802282333374023e+00 9.035807847976684570e-01 -1.206229209899902344e+00 3.997329950332641602e+00 -2.767373561859130859e+00 -1.771086931228637695e+00 -1.495196104049682617e+00 1.006287693977355957e+00
1.428130865097045898e+00 -4.767682254314422607e-01 -1.547266125679016113e+00 -2.235181093215942383e+00 -1.184569835662841797e+00 3.989417254924774170e-01 -2.556169033050537109e-01 1.322186231613159180e+00 -2.934460341930389404e-01 -4.418775081634521484e+00 1.728498816490173340e+00 -1.706544637680053711e+00 -3.842999041080474854e-01 1.492678642272949219e+00 4.608717441558837891e+00
1.003275513648986816e+00 -1.310825347900390625e+00 4.552982449531555176e-01 -2.007198572158813477e+00 4.666025340557098389e-01 -2.675215244293212891e+00 1.449631810188293457e+00 -2.035088539123535156e+00 -3.003603219985961914e-01 -1.257109522819519043e+00 1.600665211677551270e+00 -2.258773326873779297e+00 -2.230723381042480469e+00 -2.421319484710693359e+00 -1.304218918085098267e-01
3.309041976928710938e+00 1.221419930458068848e+00 9.918574094772338867e-01 -1.327803254127502441e+00 -1.536535382270812988e+00 -3.190593481063842773e+00 2.442250251770019531e+00 -3.003846108913421631e-01 6.986995339393615723e-01 -3.046932220458984375e+00 3.142758607864379883e+00 -2.841292619705200195e+00 -5.490864515304565430e-01 -3.077930927276611328e+00 7.272267937660217285e-01
1.485253214836120605e+00 -2.481654435396194458e-01 -7.040939331054687500e-01 -1.673336505889892578e+00 -1.623796463012695312e+00 -3.916979134082794189e-01 1.180707693099975586e+00 5.004503130912780762e-01 1.364459753036499023e+00 5.469859242439270020e-01 4.550691246986389160e-01 -1.775236248970031738e+00 5.834649801254272461e-01 1.785223372280597687e-02 2.858825445175170898e+00
4.735967814922332764e-01 -7.757801413536071777e-01 -6.066131591796875000e-01 -1.657988786697387695e+00 3.870262861251831055e+00 -3.351027965545654297e-01 1.691340655088424683e-01 4.519973754882812500e+00 -1.712858974933624268e-01 -2.589893102645874023e+00 -8.236249089241027832e-01 -8.143576383590698242e-01 -6.138958334922790527e-01 8.613669872283935547e-01 5.636198520660400391e+00
8.328723907470703125e-01 -1.362694650888442993e-01 -6.902252435684204102e-01 -3.265765011310577393e-01 1.685444951057434082e+00 -2.858710050582885742e+00 3.189434051513671875e+00 5.261174678802490234e+00 9.411842226982116699e-01 -1.593427658081054688e+00 -5.640354752540588379e-01 -2.567331552505493164e+00 -2.265630722045898438e+00 6.181806921958923340e-01 3.036378324031829834e-01
2.718604326248168945e+00 -1.161054253578186035e+00 -1.428806543350219727e+00 -8.415730595588684082e-01 -1.784084677696228027e+00 -2.608091354370117188e+00 2.486396312713623047e+00 7.939927577972412109e-01 7.840246558189392090e-01 5.866902470588684082e-01 2.429504871368408203e+00 -1.667005062103271484e+00 -1.240137219429016113e+00 -7.564890980720520020e-01 -9.306533932685852051e-01
4.677032470703125000e+00 -1.844711065292358398e+00 1.033396273851394653e-01 -6.874184131622314453e+00 -1.625078201293945312e+00 -1.844627499580383301e+00 3.036254644393920898e+00 -2.953431367874145508e+00 -7.159467935562133789e-01 -2.441313982009887695e+00 5.832067489624023438e+00 -3.067451000213623047e+00 -1.796929985284805298e-01 2.944977760314941406e+00 9.080041944980621338e-02
1.880892992019653320e+00 -2.739613130688667297e-02 -2.693822622299194336e+00 -5.561809539794921875e+00 -3.879752457141876221e-01 -1.978931784629821777e+00 3.548572063446044922e+00 1.649128079414367676e+00 5.511710047721862793e-01 -3.800206482410430908e-01 2.167159080505371094e+00 -3.724238872528076172e+00 -1.031158328056335449e+00 1.344457387924194336e+00 2.881757259368896484e+00
3.073144197463989258e+00 -2.086365222930908203e+00 2.666787862777709961e+00 -2.991469860076904297e+00 1.373718738555908203e+00 -2.381532669067382812e+00 1.028587818145751953e+00 6.642220616340637207e-01 -1.110502004623413086e+00 3.282167389988899231e-02 1.768404960632324219e+00 -1.796189069747924805e+00 1.092825293540954590e+00 9.144321084022521973e-01 -3.762195631861686707e-02
-2.989181578159332275e-01 -2.155348062515258789e+00 -3.737823247909545898e+00 -7.145721316337585449e-01 7.823861241340637207e-01 -5.669025897979736328e+00 -2.970770895481109619e-01 9.980458617210388184e-01 -1.846153974533081055e+00 9.060805439949035645e-01 3.245727419853210449e-01 2.347198247909545898e+00 -3.396753966808319092e-01 4.136536717414855957e-01 2.043849945068359375e+00
2.936145961284637451e-01 1.674219518899917603e-01 -2.213747501373291016e+00 -8.583682179450988770e-01 -4.847916066646575928e-01 -2.961714744567871094e+00 -1.864135414361953735e-01 1.669959187507629395e+00 7.761013507843017578e-01 -2.592852830886840820e+00 1.109737515449523926e+00 -1.783045649528503418e+00 -2.443376928567886353e-01 -2.258013963699340820e+00 1.410263180732727051e+00
3.062275409698486328e+00 -5.614340901374816895e-01 -5.927587151527404785e-01 -8.760694265365600586e-01 7.904711365699768066e-01 -1.353888154029846191e+00 3.119022369384765625e+00 6.996396183967590332e-01 -9.779340624809265137e-01 1.679057836532592773e+00 -8.357405066490173340e-01 1.471049308776855469e+00 1.523353338241577148e+00 2.401038408279418945e+00 2.939332962036132812e+00
2.318106412887573242e+00 -1.288361698389053345e-01 3.823133230209350586e+00 -2.732325315475463867e+00 1.346195220947265625e+00 -3.425705194473266602e+00 3.206698417663574219e+00 -8.644071221351623535e-02 -3.885569795966148376e-02 -7.860694527626037598e-01 1.557425379753112793e+00 1.171685934066772461e+00 -3.493852317333221436e-01 1.034744262695312500e+00 2.419863224029541016e+00
6.135464310646057129e-01 6.389472633600234985e-02 2.752715826034545898e+00 -9.040626883506774902e-01 2.497114896774291992e+00 -1.393687129020690918e+00 1.071002721786499023e+00 6.609924435615539551e-01 3.976548612117767334e-01 -8.666772246360778809e-01 1.912620425224304199e+00 -1.863642185926437378e-01 -4.543662965297698975e-01 1.581465452909469604e-01 3.195813655853271484e+00
-7.995884418487548828e-01 -6.181899309158325195e-01 -1.486279845237731934e+00 -6.238208413124084473e-01 2.769486308097839355e-01 -4.051559925079345703e+00 -7.088999748229980469e-01 3.800237476825714111e-01 -1.948494195938110352e+00 -2.807497739791870117e+00 -1.118864178657531738e+00 -2.189347982406616211e+00 -1.407715827226638794e-01 1.762234091758728027e+00 2.205385684967041016e+00
2.690087318420410156e+00 -9.462428092956542969e-01 -1.861327886581420898e+00 -3.281085729598999023e+00 -6.752406954765319824e-01 1.138156950473785400e-01 2.549889087677001953e+00 -1.657478570938110352e+00 1.921893358230590820e+00 -1.357900023460388184e+00 2.737060546875000000e+00 -1.526439547538757324e+00 -7.759445905685424805e-01 -1.988387346267700195e+00 2.789709091186523438e+00
5.817661285400390625e-01 4.134826660156250000e-01 -1.228368043899536133e+00 3.012024879455566406e+00 5.986595749855041504e-01 -4.706661999225616455e-01 9.981024265289306641e-01 1.582061171531677246e+00 -2.011656284332275391e+00 -6.957660317420959473e-01 -5.206094384193420410e-01 -2.309223651885986328e+00 -1.502738475799560547e+00 -1.277440786361694336e+00 1.884162664413452148e+00
1.210474729537963867e+00 -4.560720443725585938e+00 -2.481665372848510742e+00 -1.968440055847167969e+00 -1.113097518682479858e-01 -3.188622236251831055e+00 -1.678056836128234863e+00 -3.662474393844604492e+00 2.214292064309120178e-02 -9.637820124626159668e-01 9.981414675712585449e-01 -2.064686536788940430e+00 -1.547107934951782227e+00 1.453641295433044434e+00 1.836292266845703125e+00
-8.700169324874877930e-01 -2.965553104877471924e-01 -3.130448579788208008e+00 -4.986495673656463623e-01 8.385264873504638672e-01 -1.364512681961059570e+00 1.425048947334289551e+00 2.126242399215698242e+00 9.550597667694091797e-01 -2.265049219131469727e+00 6.322067379951477051e-01 -1.179222106933593750e+00 -2.843756914138793945e+00 -9.768708050251007080e-02 2.927618265151977539e+00
4.184738636016845703e+00 -1.621367812156677246e+00 2.041103363037109375e+00 -3.305130720138549805e+00 -4.868607819080352783e-01 -1.788561940193176270e+00 1.233402848243713379e+00 -3.965825140476226807e-01 -1.389713764190673828e+00 -3.118612170219421387e-01 -6.855666041374206543e-01 -9.076439738273620605e-01 -2.276223421096801758e+00 4.235442280769348145e-01 5.403422713279724121e-01
3.128118276596069336e+00 -1.323120117187500000e+00 2.074903964996337891e+00 -2.770941019058227539e+00 1.210062980651855469e+00 -3.029670000076293945e+00 3.615602254867553711e+00 -1.048629879951477051e+00 -1.079362988471984863e+00 -2.432062625885009766e+00 2.238909721374511719e+00 -2.747972249984741211e+00 -3.564674556255340576e-01 1.167845249176025391e+00 -1.812242120504379272e-01
1.915362715721130371e+00 -7.604976296424865723e-01 -6.965642571449279785e-01 -2.408528089523315430e+00 -2.762357234954833984e+00 -3.824821710586547852e+00 1.659418106079101562e+00 -5.207847952842712402e-01 1.890564084053039551e+00 -5.757947564125061035e-01 2.957838296890258789e+00 -3.201743364334106445e+00 -5.041156709194183350e-02 -3.340675234794616699e-01 2.756402194499969482e-01
1.644947767257690430e+00 3.979299589991569519e-02 -1.419852972030639648e+00 -2.642063617706298828e+00 -2.309979200363159180e+00 -2.651018202304840088e-01 1.202363371849060059e+00 -2.836172878742218018e-01 -1.369673311710357666e-01 -1.664761781692504883e+00 5.054084658622741699e-01 8.049002885818481445e-01 -1.440486192703247070e+00 1.048301696777343750e+00 -3.574027717113494873e-01
7.510282993316650391e-01 -1.515312075614929199e+00 -9.912894107401371002e-03 -1.451741456985473633e+00 -2.158348321914672852e+00 -1.087810039520263672e+00 2.604102134704589844e+00 -3.806836903095245361e-01 9.797921776771545410e-01 -8.462828993797302246e-01 2.322471618652343750e+00 -2.260242700576782227e+00 8.029966354370117188e-01 -1.990590929985046387e+00 -2.284723967313766479e-01
-1.350233852863311768e-01 -2.514219999313354492e+00 -4.826874256134033203e+00 -1.986856698989868164e+00 -2.317914009094238281e+00 -4.047001361846923828e+00 2.222085475921630859e+00 1.952669978141784668e+00 1.738502025604248047e+00 -1.903853863477706909e-01 2.514316320419311523e+00 9.579349160194396973e-01 -2.250848054885864258e+00 -3.932367801666259766e+00 -5.505712628364562988e-01
1.412150382995605469e+00 -1.593654304742813110e-01 -2.044688701629638672e+00 -4.719463288784027100e-01 -1.115926027297973633e+00 -3.299595117568969727e+00 2.107558727264404297e+00 3.047835588455200195e+00 -3.697666823863983154e-01 -2.615757942199707031e+00 1.881360411643981934e+00 1.106157973408699036e-01 -2.848747372627258301e-01 2.418528683483600616e-02 -5.572156310081481934e-01
1.861585617065429688e+00 -4.269311130046844482e-01 -2.420586794614791870e-01 -2.038197278976440430e+00 1.620335102081298828e+00 -3.640579700469970703e+00 3.175958871841430664e+00 2.713309049606323242e+00 9.434196352958679199e-01 -4.631932735443115234e+00 -1.242102861404418945e+00 -3.016532659530639648e+00 -1.328595280647277832e+00 -1.502968072891235352e+00 -1.014484524726867676e+00
1.074421644210815430e+00 -4.166758954524993896e-01 4.889319837093353271e-01 -3.255914896726608276e-02 2.551303625106811523e+00 -4.573274552822113037e-01 1.551178574562072754e+00 1.027062296867370605e+00 1.185508728027343750e+00 8.132088780403137207e-01 -1.575469851493835449e+00 -1.226094126701354980e+00 4.266313835978507996e-02 9.213258624076843262e-01 8.508116602897644043e-01
