5.478658080101013184e-01 -3.692593872547149658e-01 5.768825411796569824e-01 8.013524115085601807e-02 -1.321722865104675293e+00 -7.371184229850769043e-01 5.230125784873962402e-01 -2.341601848602294922e+00 -8.609074950218200684e-01 1.739408612251281738e+00 9.871427416801452637e-01 -5.036147832870483398e-01 -8.951506018638610840e-01 9.436149150133132935e-02 7.176654934883117676e-01
1.472988367080688477e+00 3.459165573120117188e+00 1.271243572235107422e+00 -8.079084753990173340e-01 -2.388025045394897461e+00 1.089401721954345703e+00 -6.176849007606506348e-01 -3.735509395599365234e+00 4.110669195652008057e-01 -6.073639392852783203e-01 -1.276638865470886230e+00 -2.042680263519287109e+00 -2.535411357879638672e+00 6.880418062210083008e-01 -9.024084806442260742e-01
1.731801182031631470e-01 -3.176228404045104980e-01 5.666271448135375977e-01 3.519077301025390625e-01 -1.375898122787475586e+00 -8.495001196861267090e-01 4.898637533187866211e-01 -2.211018562316894531e+00 -9.713748693466186523e-01 1.833058357238769531e+00 9.340044856071472168e-01 -5.037326812744140625e-01 -8.781601786613464355e-01 1.089057251811027527e-01 7.323259115219116211e-01
3.365394771099090576e-01 -3.714586794376373291e-01 8.174926638603210449e-01 2.686505615711212158e-01 -1.325286984443664551e+00 -8.694087862968444824e-01 5.377731919288635254e-01 -2.234579086303710938e+00 -1.165104508399963379e+00 1.780677795410156250e+00 8.675191998481750488e-01 -5.328332185745239258e-01 -8.552470207214355469e-01 2.235528826713562012e-01 8.236731886863708496e-01
3.364232301712036133e+00 2.975159168243408203e+00 2.912463188171386719e+00 -2.514127969741821289e+00 -5.165901660919189453e+00 2.684471607208251953e+00 1.342965066432952881e-01 -5.627815723419189453e+00 -4.088934361934661865e-01 1.705445885658264160e+00 -9.624159932136535645e-01 -3.717545986175537109e+00 -3.404256105422973633e+00 -1.393904209136962891e+00 -3.619077801704406738e-01
1.409170269966125488e+00 2.975696623325347900e-01 1.421805262565612793e+00 -1.930640816688537598e+00 -1.182100892066955566e+00 -9.682147949934005737e-02 7.297638654708862305e-01 -2.115017175674438477e+00 -1.145661950111389160e+00 -6.325623393058776855e-02 -1.502564668655395508e+00 -1.712966442108154297e+00 -2.499140262603759766e+00 5.587833523750305176e-01 -4.390599206089973450e-04
4.318504035472869873e-01 -3.127713501453399658e-01 6.080943942070007324e-01 3.580955266952514648e-01 -1.273600339889526367e+00 -8.568527102470397949e-01 2.836053967475891113e-01 -2.372536420822143555e+00 -1.077630519866943359e+00 1.955027818679809570e+00 9.557242393493652344e-01 -4.537368118762969971e-01 -9.964273571968078613e-01 8.544289320707321167e-02 6.691658496856689453e-01
1.023657917976379395e+00 -1.201185211539268494e-01 2.425868988037109375e+00 -2.146124362945556641e+00 -1.842884659767150879e+00 1.827332228422164917e-01 2.249309569597244263e-01 -2.437069416046142578e+00 6.430578231811523438e-01 5.195416212081909180e-01 1.851746253669261932e-02 4.653622508049011230e-01 -1.229982137680053711e+00 8.779755979776382446e-02 -4.185954928398132324e-01
1.374501943588256836e+00 2.863630771636962891e+00 9.933899044990539551e-01 -7.782585024833679199e-01 -2.329371452331542969e+00 9.594868421554565430e-01 -2.328704595565795898e-01 -3.442511320114135742e+00 4.026220142841339111e-01 -3.436865508556365967e-01 -1.287467718124389648e+00 -1.945878028869628906e+00 -2.309171438217163086e+00 3.521346151828765869e-01 -8.370532989501953125e-01
1.253252625465393066e+00 2.922249794006347656e+00 9.148500561714172363e-01 -6.110576987266540527e-01 -2.142443656921386719e+00 7.266945838928222656e-01 -1.206739023327827454e-01 -3.252350807189941406e+00 3.995721638202667236e-01 -5.172736644744873047e-01 -1.348432779312133789e+00 -1.902989864349365234e+00 -2.195583105087280273e+00 5.431283116340637207e-01 -7.234441041946411133e-01
1.070535182952880859e+00 -3.721936792135238647e-02 2.370177745819091797e+00 -2.314528226852416992e+00 -1.894575953483581543e+00 7.376883178949356079e-02 2.486194372177124023e-01 -2.415793180465698242e+00 5.350106954574584961e-01 7.717807888984680176e-01 -1.861175596714019775e-01 4.047428369522094727e-01 -1.151600480079650879e+00 -1.293330341577529907e-01 -4.314136505126953125e-01
3.217280507087707520e-01 -4.586717784404754639e-01 7.868158221244812012e-01 1.943662315607070923e-01 -1.152969241142272949e+00 -6.767360568046569824e-01 2.067529559135437012e-01 -2.249931335449218750e+00 -1.117993712425231934e+00 1.652761816978454590e+00 1.204483032226562500e+00 -3.943102061748504639e-01 -1.116441011428833008e+00 1.071473434567451477e-01 6.624373793601989746e-01
8.880958557128906250e-01 1.557231783866882324e+00 -1.825579553842544556e-01 1.437345147132873535e+00 2.265343517065048218e-01 -3.598076105117797852e-01 9.955459833145141602e-02 -8.426364064216613770e-01 1.641495108604431152e+00 -1.729049161076545715e-02 -1.107823848724365234e-01 9.175940752029418945e-01 -1.052576899528503418e+00 -4.402539432048797607e-01 -9.913671612739562988e-01
1.411128759384155273e+00 2.732240200042724609e+00 9.623088836669921875e-01 -7.605955004692077637e-01 -2.356549739837646484e+00 9.156242012977600098e-01 -2.514942884445190430e-01 -3.418066501617431641e+00 3.550585806369781494e-01 -2.220202684402465820e-01 -1.269294023513793945e+00 -1.915762901306152344e+00 -2.307692289352416992e+00 3.002473711967468262e-01 -7.599011063575744629e-01
5.595750212669372559e-01 -4.954689443111419678e-01 8.627723455429077148e-01 -5.491919443011283875e-02 -1.376221776008605957e+00 -4.166517555713653564e-01 2.464731335639953613e-01 -2.384318351745605469e+00 -1.249321818351745605e+00 1.937586426734924316e+00 1.275499582290649414e+00 -4.144393801689147949e-01 -1.354204535484313965e+00 -1.237628385424613953e-01 6.994657516479492188e-01
-1.863258600234985352e+00 1.055524349212646484e+00 9.477931857109069824e-01 -1.115797400474548340e+00 -2.071574449539184570e+00 -8.751990646123886108e-02 4.038554728031158447e-01 -1.450029611587524414e+00 -4.549031555652618408e-01 -3.800310790538787842e-01 1.097128748893737793e+00 -4.488576054573059082e-01 -1.967153429985046387e+00 1.528269886970520020e+00 7.764572501182556152e-01
2.179619073867797852e+00 1.326222419738769531e+00 1.954200029373168945e+00 -8.975250720977783203e-01 -1.599267840385437012e+00 -2.427206188440322876e-01 9.637740254402160645e-01 -2.512138128280639648e+00 1.314345002174377441e+00 -1.550498902797698975e-01 6.151030957698822021e-02 -8.067938089370727539e-01 -1.029812619090080261e-01 1.235691547393798828e+00 1.581015467643737793e+00
7.393608689308166504e-01 1.465317964553833008e+00 -2.632162868976593018e-01 1.197856545448303223e+00 1.245909854769706726e-01 -4.876922667026519775e-01 2.138550132513046265e-01 -8.021569252014160156e-01 1.436923146247863770e+00 1.564308404922485352e-01 -2.946254014968872070e-01 6.458234190940856934e-01 -7.954306006431579590e-01 -5.544742941856384277e-01 -8.664841651916503906e-01
8.158693909645080566e-01 -1.128738746047019958e-01 2.310670137405395508e+00 -2.167023420333862305e+00 -1.869209170341491699e+00 1.811043471097946167e-01 2.213111966848373413e-01 -2.258006572723388672e+00 4.836694300174713135e-01 5.375784635543823242e-01 -3.276857733726501465e-02 4.597660303115844727e-01 -1.220774054527282715e+00 -2.759474888443946838e-02 -5.175845623016357422e-01
8.941926956176757812e-01 1.626057982444763184e+00 -1.718524470925331116e-02 7.046027183532714844e-01 -2.260682731866836548e-01 -9.630139917135238647e-02 1.008818298578262329e-01 -1.184286713600158691e+00 1.128432869911193848e+00 1.195698976516723633e-01 -4.768018424510955811e-01 2.092470079660415649e-01 -1.213771462440490723e+00 -5.424327254295349121e-01 -9.634451866149902344e-01
1.391867399215698242e+00 1.925011575222015381e-01 1.528604388236999512e+00 -1.586854815483093262e+00 -1.430624485015869141e+00 9.991048574447631836e-01 8.368321508169174194e-02 -1.572761774063110352e+00 -1.077543377876281738e+00 -4.843703284859657288e-02 2.267601899802684784e-02 -1.454324007034301758e+00 -2.493978500366210938e+00 -6.961854547262191772e-02 -4.542256519198417664e-02
5.754743814468383789e-01 6.645825505256652832e-01 1.294881463050842285e+00 -1.433659315109252930e+00 -1.314266443252563477e+00 1.659085005521774292e-01 9.673138707876205444e-02 -9.913574159145355225e-02 -3.879885375499725342e-01 -1.008674874901771545e-02 2.322200834751129150e-01 -2.161663293838500977e+00 -5.936398506164550781e-01 -4.944227635860443115e-01 1.659468859434127808e-01
8.905814886093139648e-01 8.060000091791152954e-02 6.332063078880310059e-01 -7.834606766700744629e-01 -6.606302857398986816e-01 7.178666442632675171e-02 1.161321923136711121e-01 -5.908319950103759766e-01 -4.409554898738861084e-01 -1.797356903553009033e-01 3.740639090538024902e-01 -1.097247242927551270e+00 -1.089198589324951172e+00 2.004546970129013062e-01 2.848051190376281738e-01
1.397841215133666992e+00 3.120925188064575195e+00 9.252088069915771484e-01 -6.356440186500549316e-01 -2.384330272674560547e+00 8.508303165435791016e-01 -3.049992620944976807e-01 -3.634216308593750000e+00 4.632277786731719971e-01 -3.695039153099060059e-01 -1.286365866661071777e+00 -2.049219608306884766e+00 -2.369719028472900391e+00 4.691959917545318604e-01 -8.294763565063476562e-01
1.032847762107849121e+00 8.778861910104751587e-02 2.444911479949951172e+00 -2.242484331130981445e+00 -1.947421908378601074e+00 2.543491423130035400e-01 2.343912720680236816e-01 -2.484268426895141602e+00 4.860532581806182861e-01 6.947996020317077637e-01 -1.865939795970916748e-01 3.105926811695098877e-01 -1.299089670181274414e+00 -1.849400699138641357e-01 -5.428798794746398926e-01
1.043070077896118164e+00 -3.064962476491928101e-02 2.565960884094238281e+00 -2.324784755706787109e+00 -1.855102658271789551e+00 1.807313412427902222e-01 2.055632174015045166e-01 -2.457630157470703125e+00 5.528929233551025391e-01 6.220927834510803223e-01 -1.757596433162689209e-01 4.412078261375427246e-01 -1.285240292549133301e+00 1.006852835416793823e-05 -5.775777101516723633e-01
3.980534672737121582e-01 -3.082030266523361206e-02 7.245128154754638672e-01 1.841844171285629272e-01 -1.593064069747924805e+00 -6.885230541229248047e-01 4.640206694602966309e-01 -2.515168666839599609e+00 -7.893568277359008789e-01 1.849155068397521973e+00 8.580647706985473633e-01 -6.661985516548156738e-01 -1.003186106681823730e+00 4.000058397650718689e-02 8.054783344268798828e-01
-1.654250741004943848e+00 1.122371792793273926e+00 1.203108549118041992e+00 -1.319546580314636230e+00 -2.338977336883544922e+00 1.469981521368026733e-01 4.327873885631561279e-01 -1.722142577171325684e+00 -5.275131464004516602e-01 -3.357047736644744873e-01 1.139003396034240723e+00 -6.143207550048828125e-01 -2.140713691711425781e+00 1.583184242248535156e+00 8.936450481414794922e-01
2.838299274444580078e-01 -4.594542831182479858e-02 7.145631909370422363e-01 1.952783316373825073e-01 -1.538874626159667969e+00 -9.114774465560913086e-01 5.371558070182800293e-01 -2.256993770599365234e+00 -8.136663436889648438e-01 1.669160127639770508e+00 7.317114472389221191e-01 -5.327326059341430664e-01 -7.417058944702148438e-01 3.594112098217010498e-01 7.999262809753417969e-01
-1.752049803733825684e+00 9.802616238594055176e-01 7.227129340171813965e-01 -1.108439803123474121e+00 -1.793063759803771973e+00 -1.078175529837608337e-01 4.690049886703491211e-01 -1.256158947944641113e+00 -3.351977765560150146e-01 -3.545335829257965088e-01 9.595105648040771484e-01 -4.430905580520629883e-01 -1.874868392944335938e+00 1.428277492523193359e+00 7.474299669265747070e-01
1.010634303092956543e+00 1.681147575378417969e+00 -5.441506579518318176e-02 9.964688420295715332e-01 -1.375782638788223267e-01 -2.144120484590530396e-01 1.247115358710289001e-01 -1.124284148216247559e+00 1.237143158912658691e+00 1.984446197748184204e-01 -3.956521451473236084e-01 3.354203701019287109e-01 -1.127248406410217285e+00 -5.757948160171508789e-01 -9.357106089591979980e-01
-1.561080932617187500e+00 8.620586395263671875e-01 7.456249594688415527e-01 -1.036117911338806152e+00 -1.738074183464050293e+00 -9.869613498449325562e-02 4.522666633129119873e-01 -1.430888056755065918e+00 -3.576120436191558838e-01 -2.054240405559539795e-01 9.713721871376037598e-01 -4.423086345195770264e-01 -1.849535703659057617e+00 1.342968702316284180e+00 6.756771802902221680e-01
2.052568674087524414e+00 5.976080298423767090e-01 1.553131580352783203e+00 -1.462951064109802246e+00 -2.279174566268920898e+00 6.204493045806884766e-01 6.852975487709045410e-01 -2.561964035034179688e+00 9.970024824142456055e-01 1.095944166183471680e+00 5.808085799217224121e-01 -1.075640797615051270e+00 -5.448761582374572754e-01 -9.151341915130615234e-01 1.317819714546203613e+00
2.791283130645751953e-01 -4.218803346157073975e-01 5.862448215484619141e-01 2.671926617622375488e-01 -1.325661540031433105e+00 -8.839466571807861328e-01 4.806573987007141113e-01 -2.217134475708007812e+00 -1.056622385978698730e+00 1.892825007438659668e+00 9.815787672996520996e-01 -4.269824326038360596e-01 -9.028928875923156738e-01 1.564033776521682739e-01 7.523216009140014648e-01
1.030521154403686523e+00 1.494054794311523438e+00 -1.512756496667861938e-01 1.292624831199645996e+00 -2.907908707857131958e-02 -2.642073929309844971e-01 6.386695057153701782e-02 -1.018425226211547852e+00 1.326432228088378906e+00 8.086912333965301514e-02 -2.351471185684204102e-01 7.292611598968505859e-01 -1.061269402503967285e+00 -6.065331697463989258e-01 -9.826396703720092773e-01
1.981330960988998413e-01 -2.578266710042953491e-02 5.396048426628112793e-01 3.639068007469177246e-01 -1.397643566131591797e+00 -1.022388219833374023e+00 4.627656936645507812e-01 -2.300446510314941406e+00 -8.078574538230895996e-01 1.793408036231994629e+00 7.426841855049133301e-01 -4.576492011547088623e-01 -8.478298187255859375e-01 2.924500703811645508e-01 7.020876407623291016e-01
2.244897365570068359e+00 1.380773484706878662e-01 1.840517520904541016e+00 -1.948422551155090332e+00 -1.852396368980407715e+00 1.083983182907104492e+00 5.245537757873535156e-01 -2.758179664611816406e+00 4.838408902287483215e-02 1.915763914585113525e-01 9.941632151603698730e-01 -1.359745264053344727e+00 -1.483407139778137207e+00 5.698952674865722656e-01 1.366575837135314941e+00
2.260299444198608398e+00 1.366361618041992188e+00 2.073956012725830078e+00 -7.425456047058105469e-01 -1.713115453720092773e+00 -1.131889447569847107e-01 7.628107666969299316e-01 -2.450605392456054688e+00 1.188014149665832520e+00 -1.185832917690277100e-01 2.702413797378540039e-01 -9.640435576438903809e-01 1.498848795890808105e-01 1.015283346176147461e+00 1.671958804130554199e+00
-2.033373117446899414e+00 1.530342698097229004e+00 1.086985945701599121e+00 -1.022622227668762207e+00 -2.119996070861816406e+00 -6.649997085332870483e-02 3.950680792331695557e-01 -1.396346211433410645e+00 -4.659475386142730713e-01 -6.875669360160827637e-01 1.007367849349975586e+00 -6.951645612716674805e-01 -2.042630434036254883e+00 1.890623569488525391e+00 9.159495830535888672e-01
8.599140644073486328e-01 1.341572880744934082e+00 -7.907597720623016357e-02 1.302096724510192871e+00 1.470453590154647827e-01 -4.379120767116546631e-01 6.455164402723312378e-02 -7.248672842979431152e-01 1.450896143913269043e+00 1.333616673946380615e-01 -2.171465940773487091e-02 9.758611917495727539e-01 -8.373981118202209473e-01 -6.471152901649475098e-01 -1.034961342811584473e+00
-1.953091263771057129e+00 1.275877952575683594e+00 9.671347141265869141e-01 -1.107089161872863770e+00 -2.245030879974365234e+00 6.428477913141250610e-02 3.845969736576080322e-01 -1.643959522247314453e+00 -5.323545932769775391e-01 -5.514971017837524414e-01 1.156384468078613281e+00 -6.365908384323120117e-01 -2.210731029510498047e+00 1.753119349479675293e+00 9.105149507522583008e-01
3.408260643482208252e-01 -9.669645875692367554e-02 7.554947733879089355e-01 3.772961497306823730e-01 -1.370446562767028809e+00 -8.961790800094604492e-01 4.266572594642639160e-01 -2.373326063156127930e+00 -1.130060315132141113e+00 1.784876942634582520e+00 9.421127438545227051e-01 -5.745298862457275391e-01 -8.571548461914062500e-01 2.953239977359771729e-01 9.159085750579833984e-01
1.521014213562011719e+00 2.963810443878173828e+00 1.292954921722412109e+00 -8.460802435874938965e-01 -2.541538238525390625e+00 1.009891748428344727e+00 -2.348974347114562988e-01 -3.579712867736816406e+00 2.793246805667877197e-01 -3.909150063991546631e-01 -1.344257354736328125e+00 -2.069441080093383789e+00 -2.365183591842651367e+00 4.231137037277221680e-01 -7.994869947433471680e-01
3.047363162040710449e-01 -4.123481214046478271e-01 6.348109245300292969e-01 3.472670912742614746e-01 -1.231309890747070312e+00 -8.434431552886962891e-01 4.376617074012756348e-01 -2.150379180908203125e+00 -1.027995228767395020e+00 1.753336668014526367e+00 9.957868456840515137e-01 -4.554684162139892578e-01 -8.824401497840881348e-01 1.426023244857788086e-01 7.429234981536865234e-01
9.246826171875000000e-01 1.342821598052978516e+00 8.627735376358032227e-01 -9.099449515342712402e-01 -2.583479166030883789e+00 1.417966604232788086e+00 -1.084545925259590149e-01 -3.158610343933105469e+00 6.249839067459106445e-01 6.292324066162109375e-01 5.508101582527160645e-01 -1.541962027549743652e+00 -1.788939714431762695e+00 -4.486260712146759033e-01 6.800329089164733887e-01
2.298872709274291992e+00 1.345588207244873047e+00 1.991451263427734375e+00 -6.793765425682067871e-01 -1.480604887008666992e+00 -3.157254755496978760e-01 7.199298739433288574e-01 -2.385235309600830078e+00 1.056159138679504395e+00 -1.597130596637725830e-01 2.026317827403545380e-02 -8.732963800430297852e-01 1.969041824340820312e-01 1.141160845756530762e+00 1.478025555610656738e+00
1.937825083732604980e+00 3.219778239727020264e-01 1.603091478347778320e+00 -1.656243324279785156e+00 -1.892377495765686035e+00 8.935313224792480469e-01 4.705227017402648926e-01 -2.525637626647949219e+00 1.202693209052085876e-01 1.818789541721343994e-01 5.210922956466674805e-01 -1.249208331108093262e+00 -1.375878334045410156e+00 3.009235858917236328e-01 9.390307068824768066e-01
3.133567094802856445e+00 2.757533788681030273e+00 2.825259685516357422e+00 -2.418664693832397461e+00 -4.982563972473144531e+00 2.482084274291992188e+00 1.251320242881774902e-01 -5.275798797607421875e+00 -2.373818010091781616e-01 1.708476543426513672e+00 -7.599802613258361816e-01 -3.368655204772949219e+00 -3.122022628784179688e+00 -1.327656507492065430e+00 -1.921867281198501587e-01
-1.662128210067749023e+00 1.030388832092285156e+00 6.852379441261291504e-01 -1.078620672225952148e+00 -1.682606101036071777e+00 -9.339978545904159546e-02 5.564129948616027832e-01 -1.309447169303894043e+00 -1.358898133039474487e-01 -3.097840249538421631e-01 9.161015152931213379e-01 -4.642344713211059570e-01 -1.737590074539184570e+00 1.364684343338012695e+00 7.298717498779296875e-01
1.679869413375854492e+00 3.911363184452056885e-01 1.461091399192810059e+00 -1.540990233421325684e+00 -1.765257477760314941e+00 8.404661417007446289e-01 5.736638307571411133e-01 -2.350971937179565430e+00 2.865344583988189697e-01 1.452133953571319580e-01 6.365985274314880371e-01 -1.362961530685424805e+00 -1.277972936630249023e+00 3.546972572803497314e-01 1.045878410339355469e+00
6.393153667449951172e-01 -5.364857316017150879e-01 1.005429506301879883e+00 2.765556052327156067e-02 -1.469616889953613281e+00 -7.160416841506958008e-01 4.317964315414428711e-01 -2.634276866912841797e+00 -1.354650616645812988e+00 1.951038002967834473e+00 1.143162131309509277e+00 -5.993530750274658203e-01 -1.186944842338562012e+00 7.840151898562908173e-03 8.741390705108642578e-01
1.455831289291381836e+00 1.562027215957641602e+00 1.315571069717407227e+00 -1.040533661842346191e+00 -3.149616003036499023e+00 2.025225877761840820e+00 1.139184273779392242e-02 -4.013699054718017578e+00 2.284189611673355103e-01 4.519458115100860596e-01 9.223280549049377441e-01 -2.112073421478271484e+00 -2.169242382049560547e+00 -1.871099174022674561e-01 1.198093056678771973e+00
3.809033632278442383e-01 -1.677094399929046631e-01 8.003612160682678223e-01 9.203183464705944061e-03 -1.669806361198425293e+00 -5.652804374694824219e-01 4.739267230033874512e-01 -2.373446464538574219e+00 -8.965250253677368164e-01 1.772571086883544922e+00 1.061252593994140625e+00 -4.489181935787200928e-01 -9.109407067298889160e-01 5.009035393595695496e-02 7.849232554435729980e-01
2.070903778076171875e+00 9.241854548454284668e-01 1.562474966049194336e+00 -1.398750662803649902e+00 -2.232086420059204102e+00 5.808600783348083496e-01 6.805951595306396484e-01 -2.595443964004516602e+00 1.168396592140197754e+00 9.139285683631896973e-01 3.191534578800201416e-01 -1.213164567947387695e+00 -6.295952200889587402e-01 -7.378836274147033691e-01 1.108701586723327637e+00
8.844414353370666504e-01 1.493321359157562256e-01 2.075516700744628906e+00 -1.696360468864440918e+00 -1.587826132774353027e+00 3.356128036975860596e-01 7.973090410232543945e-01 -9.956988692283630371e-01 -2.794073522090911865e-01 1.421840488910675049e-01 4.344191849231719971e-01 -1.421888113021850586e+00 -6.013407111167907715e-01 5.872762799263000488e-01 1.231760382652282715e+00
8.936609029769897461e-01 6.257332395762205124e-03 1.060673117637634277e+00 -1.675831794738769531e+00 -1.030980110168457031e+00 2.291170693933963776e-02 8.045831322669982910e-01 -1.797578573226928711e+00 -8.155061006546020508e-01 -1.143525540828704834e-01 -1.045390486717224121e+00 -1.272588729858398438e+00 -2.239174604415893555e+00 6.547006368637084961e-01 7.551734149456024170e-02
8.431463837623596191e-01 1.361715197563171387e+00 -2.975719869136810303e-01 1.241522550582885742e+00 2.124428600072860718e-01 -4.151830971240997314e-01 2.152111530303955078e-01 -8.398420214653015137e-01 1.492561101913452148e+00 1.308393627405166626e-01 -2.637511193752288818e-01 8.046324253082275391e-01 -9.306944608688354492e-01 -6.685345768928527832e-01 -1.005802989006042480e+00
7.445181608200073242e-01 2.154704034328460693e-01 1.857139110565185547e+00 -1.567682623863220215e+00 -1.589791178703308105e+00 5.263091325759887695e-01 6.743411421775817871e-01 -9.745426774024963379e-01 -1.981264203786849976e-01 1.024847328662872314e-01 4.392675459384918213e-01 -1.538405418395996094e+00 -6.785904765129089355e-01 3.809174299240112305e-01 1.116826176643371582e+00
-1.771510720252990723e+00 1.189255237579345703e+00 1.071516990661621094e+00 -1.338157534599304199e+00 -2.147238731384277344e+00 1.597056239843368530e-01 4.683471918106079102e-01 -1.756899595260620117e+00 -4.071961343288421631e-01 -5.077991485595703125e-01 1.101124286651611328e+00 -6.820983886718750000e-01 -2.307452678680419922e+00 1.663604617118835449e+00 7.931340932846069336e-01
1.428428888320922852e+00 3.052824974060058594e+00 1.073863863945007324e+00 -7.996430993080139160e-01 -2.333799362182617188e+00 1.011391520500183105e+00 -3.191122412681579590e-01 -3.537890911102294922e+00 3.899541199207305908e-01 -5.855257511138916016e-01 -1.221420764923095703e+00 -2.158599853515625000e+00 -2.347662687301635742e+00 5.261116623878479004e-01 -7.533024549484252930e-01
8.799840211868286133e-01 1.435299038887023926e+00 -1.042928248643875122e-01 1.429107666015625000e+00 1.666357368230819702e-01 -2.429785877466201782e-01 -2.049606107175350189e-02 -6.724162101745605469e-01 1.498189568519592285e+00 9.451624006032943726e-03 -4.199504852294921875e-02 1.040267705917358398e+00 -1.073757410049438477e+00 -8.272925615310668945e-01 -1.205082297325134277e+00
9.246926307678222656e-01 2.848154604434967041e-01 2.016596317291259766e+00 -1.899711251258850098e+00 -1.719947695732116699e+00 1.495815366506576538e-01 1.844891309738159180e-01 -2.258747816085815430e+00 4.945721924304962158e-01 6.668069958686828613e-01 -2.647519707679748535e-01 1.296233683824539185e-01 -1.182667136192321777e+00 -6.457058340311050415e-02 -4.058726429939270020e-01
6.144924759864807129e-01 9.317099452018737793e-01 7.743086218833923340e-01 -1.016486525535583496e+00 -2.271062374114990234e+00 1.115685462951660156e+00 1.320033967494964600e-01 -2.769082784652709961e+00 5.525665283203125000e-01 6.019419431686401367e-01 5.189366936683654785e-01 -1.244125127792358398e+00 -1.633318185806274414e+00 -2.796920835971832275e-01 6.291353702545166016e-01
9.146719574928283691e-01 1.568839788436889648e+00 -1.517087370157241821e-01 1.176126122474670410e+00 7.000594586133956909e-02 -2.503382265567779541e-01 1.723591834306716919e-01 -1.007793426513671875e+00 1.401605248451232910e+00 7.460501790046691895e-02 -3.672658503055572510e-01 6.735504865646362305e-01 -1.071403741836547852e+00 -6.763169169425964355e-01 -1.082182765007019043e+00
2.426898628473281860e-01 -4.174218475818634033e-01 7.085689902305603027e-01 2.969333231449127197e-01 -1.332988381385803223e+00 -8.716147541999816895e-01 4.368034005165100098e-01 -2.320278882980346680e+00 -1.093382596969604492e+00 1.830847024917602539e+00 1.090434551239013672e+00 -3.543660938739776611e-01 -9.935916066169738770e-01 2.197238504886627197e-01 7.788016796112060547e-01
6.018556952476501465e-01 2.719852626323699951e-01 1.014853477478027344e+00 -1.312791943550109863e+00 -1.198949456214904785e+00 2.448850311338901520e-02 2.787090539932250977e-01 -1.322021037340164185e-01 -3.028027713298797607e-01 8.383515477180480957e-02 8.265367150306701660e-02 -1.818188905715942383e+00 -5.560917258262634277e-01 -4.630437791347503662e-01 1.410042494535446167e-01
1.409965753555297852e+00 3.829635214060544968e-03 1.568283915519714355e+00 -2.316412210464477539e+00 -1.387346386909484863e+00 2.396345287561416626e-01 8.010224699974060059e-01 -2.120474338531494141e+00 -1.265064358711242676e+00 8.460953831672668457e-02 -1.256534337997436523e+00 -1.697540760040283203e+00 -2.789319038391113281e+00 3.380440771579742432e-01 1.471177786588668823e-01
-2.034961462020874023e+00 1.118449211120605469e+00 8.608980774879455566e-01 -1.139622807502746582e+00 -1.885313153266906738e+00 -1.465006023645401001e-01 4.796891212463378906e-01 -1.354141116142272949e+00 -4.702954590320587158e-01 -6.850323677062988281e-01 1.043361186981201172e+00 -4.027584195137023926e-01 -2.142191410064697266e+00 1.814564108848571777e+00 7.120701074600219727e-01
-1.921027421951293945e+00 1.477789402008056641e+00 1.090880632400512695e+00 -1.083020925521850586e+00 -2.153670310974121094e+00 -1.159974560141563416e-01 3.583330214023590088e-01 -1.438547492027282715e+00 -3.871949613094329834e-01 -5.550512671470642090e-01 1.044909000396728516e+00 -5.709138512611389160e-01 -1.942015290260314941e+00 1.756298065185546875e+00 8.036836385726928711e-01
7.534946203231811523e-01 5.511549115180969238e-01 1.493726849555969238e+00 -1.524320125579833984e+00 -1.376586437225341797e+00 1.317342668771743774e-01 9.470453113317489624e-02 -5.553819239139556885e-02 -5.510668754577636719e-01 6.618347764015197754e-02 4.329424500465393066e-01 -2.300499200820922852e+00 -4.088682830333709717e-01 -6.485883593559265137e-01 3.289043009281158447e-01
6.177097558975219727e-01 3.954843431711196899e-02 1.645706653594970703e+00 -1.527933597564697266e+00 -1.515823960304260254e+00 3.455896675586700439e-01 7.373811602592468262e-01 -9.577865600585937500e-01 -6.547722965478897095e-02 1.278173625469207764e-01 3.915304839611053467e-01 -1.324004292488098145e+00 -6.622477173805236816e-01 4.275639653205871582e-01 9.863263368606567383e-01
-2.043004751205444336e+00 1.182614564895629883e+00 1.110879540443420410e+00 -1.224748492240905762e+00 -2.211917638778686523e+00 -2.442342191934585571e-01 3.849842548370361328e-01 -1.392179131507873535e+00 -5.805227756500244141e-01 -4.022416770458221436e-01 1.138697504997253418e+00 -5.622428059577941895e-01 -1.866979360580444336e+00 1.780819773674011230e+00 9.436600804328918457e-01
7.304511666297912598e-01 1.116709709167480469e+00 9.635226130485534668e-01 -1.141745805740356445e+00 -2.744164466857910156e+00 1.446870207786560059e+00 -2.314586006104946136e-02 -3.087623119354248047e+00 4.487060606479644775e-01 6.705592274665832520e-01 6.324001550674438477e-01 -1.636394977569580078e+00 -1.842005252838134766e+00 -4.331482946872711182e-01 7.179684042930603027e-01
1.896683096885681152e+00 3.498397588729858398e+00 1.102849960327148438e+00 -7.069435715675354004e-01 -2.732305288314819336e+00 1.029062390327453613e+00 -4.100581407546997070e-01 -4.067677021026611328e+00 5.388417243957519531e-01 -4.003326594829559326e-01 -1.410800933837890625e+00 -2.333789825439453125e+00 -2.570268869400024414e+00 4.360143542289733887e-01 -8.036798834800720215e-01
2.363992452621459961e+00 1.531961679458618164e+00 1.963201403617858887e+00 -4.570431113243103027e-01 -1.481234192848205566e+00 -4.543130099773406982e-01 6.910611391067504883e-01 -2.376330375671386719e+00 1.097590088844299316e+00 -2.410456836223602295e-01 1.847551576793193817e-02 -8.572319149971008301e-01 2.696290612220764160e-01 1.090205073356628418e+00 1.594427943229675293e+00
4.612061083316802979e-01 -3.654778897762298584e-01 7.819481492042541504e-01 3.069285154342651367e-01 -1.301085829734802246e+00 -9.284312129020690918e-01 3.951076269149780273e-01 -2.392657041549682617e+00 -1.194930911064147949e+00 1.869845509529113770e+00 9.652839899063110352e-01 -4.682127833366394043e-01 -9.516599774360656738e-01 1.936869174242019653e-01 8.324000835418701172e-01
1.085866928100585938e+00 1.932207494974136353e-02 2.496171474456787109e+00 -2.223328590393066406e+00 -1.966304659843444824e+00 2.345555871725082397e-01 2.139345109462738037e-01 -2.440341472625732422e+00 6.599504947662353516e-01 5.035209059715270996e-01 -2.184187471866607666e-01 3.037601709365844727e-01 -1.190564751625061035e+00 5.127223953604698181e-02 -5.572326183319091797e-01
2.240239143371582031e+00 1.528390407562255859e+00 2.091992378234863281e+00 -6.446346640586853027e-01 -1.523699164390563965e+00 -2.369957119226455688e-01 6.393886208534240723e-01 -2.406728744506835938e+00 1.069832801818847656e+00 -2.390436828136444092e-01 4.217332303524017334e-01 -8.062604069709777832e-01 2.476251125335693359e-01 1.216138839721679688e+00 1.775224566459655762e+00
1.434085845947265625e+00 1.414287388324737549e-01 1.339483857154846191e+00 -2.039263963699340820e+00 -1.107880115509033203e+00 1.480439454317092896e-01 7.023762464523315430e-01 -2.192936658859252930e+00 -1.234099745750427246e+00 -2.543667331337928772e-02 -1.400238752365112305e+00 -1.642448663711547852e+00 -2.803884744644165039e+00 4.902606308460235596e-01 -9.626404941082000732e-02
9.050915837287902832e-01 -1.126092895865440369e-01 2.641673564910888672e+00 -2.403723001480102539e+00 -1.828748583793640137e+00 2.724789679050445557e-01 1.623520553112030029e-01 -2.321951866149902344e+00 2.908882200717926025e-01 6.341129541397094727e-01 -1.249368488788604736e-01 5.034085512161254883e-01 -1.300131201744079590e+00 -7.421144098043441772e-02 -4.902601838111877441e-01
2.321828752756118774e-01 -4.708914458751678467e-01 6.695442795753479004e-01 2.332436293363571167e-01 -1.414253830909729004e+00 -7.010607719421386719e-01 3.774977922439575195e-01 -2.332977294921875000e+00 -1.081273198127746582e+00 1.950192809104919434e+00 1.086908340454101562e+00 -5.428183078765869141e-01 -1.037473201751708984e+00 3.069074079394340515e-02 6.726535558700561523e-01
8.223575353622436523e-01 1.240721106529235840e+00 -3.691650927066802979e-01 1.311528086662292480e+00 2.884571254253387451e-01 -3.505410850048065186e-01 2.062915563583374023e-01 -7.628248333930969238e-01 1.516365647315979004e+00 3.942699357867240906e-02 -1.288162171840667725e-01 8.253082036972045898e-01 -8.740021586418151855e-01 -6.140468716621398926e-01 -9.169062972068786621e-01
1.096567869186401367e+00 3.025737404823303223e-01 5.444054603576660156e-01 -6.605650782585144043e-01 -5.737304091453552246e-01 2.041631489992141724e-01 2.913359403610229492e-01 -8.688573837280273438e-01 -1.497890800237655640e-01 -2.774964869022369385e-01 2.146213352680206299e-01 -1.309658527374267578e+00 -1.090447187423706055e+00 1.547249704599380493e-01 2.899165451526641846e-01
1.213929891586303711e+00 2.833339452743530273e+00 9.264247417449951172e-01 -5.500022768974304199e-01 -2.165416002273559570e+00 7.913964390754699707e-01 -1.831218004226684570e-01 -3.225306987762451172e+00 3.812212049961090088e-01 -4.168440997600555420e-01 -1.322818160057067871e+00 -1.843140363693237305e+00 -2.154354810714721680e+00 4.243620932102203369e-01 -7.417231798171997070e-01
8.455095291137695312e-01 1.167911171913146973e+00 8.473649621009826660e-01 -1.035689592361450195e+00 -2.585505485534667969e+00 1.444769859313964844e+00 9.633757919073104858e-02 -3.167261838912963867e+00 8.002707958221435547e-01 5.588746070861816406e-01 8.274574875831604004e-01 -1.667683959007263184e+00 -1.721278905868530273e+00 -3.691362142562866211e-01 8.764416575431823730e-01
3.408100008964538574e-01 -2.589637935161590576e-01 5.700176358222961426e-01 3.520579934120178223e-01 -1.319964170455932617e+00 -9.356916546821594238e-01 4.175166487693786621e-01 -2.372294902801513672e+00 -9.703664779663085938e-01 1.846905231475830078e+00 9.304512739181518555e-01 -4.835265278816223145e-01 -9.558512568473815918e-01 1.827644556760787964e-01 7.348088026046752930e-01
2.397811651229858398e+00 1.558054447174072266e+00 2.423312187194824219e+00 -9.024747014045715332e-01 -1.683116316795349121e+00 -7.625009864568710327e-02 6.937497258186340332e-01 -2.591009140014648438e+00 1.072600722312927246e+00 -3.085560500621795654e-01 2.895404696464538574e-01 -9.215185642242431641e-01 9.490782767534255981e-02 1.365933418273925781e+00 1.725566506385803223e+00
1.881572961807250977e+00 6.606571674346923828e-01 1.474099159240722656e+00 -1.283470153808593750e+00 -1.838811159133911133e+00 3.401570022106170654e-01 9.039759635925292969e-01 -2.228518724441528320e+00 1.024436116218566895e+00 8.753104805946350098e-01 3.193964362144470215e-01 -9.277242422103881836e-01 -3.229802250862121582e-01 -5.153843760490417480e-01 1.241316318511962891e+00
1.525440573692321777e+00 3.343746662139892578e+00 1.243030071258544922e+00 -7.057433128356933594e-01 -2.407088756561279297e+00 8.540750741958618164e-01 -3.729580640792846680e-01 -3.676146745681762695e+00 3.603247702121734619e-01 -4.575449526309967041e-01 -1.401616692543029785e+00 -1.984214305877685547e+00 -2.342883348464965820e+00 5.705654621124267578e-01 -8.498969674110412598e-01
3.982346057891845703e-01 -4.778135716915130615e-01 7.923319339752197266e-01 3.261571004986763000e-02 -1.331854343414306641e+00 -6.377519369125366211e-01 4.783092737197875977e-01 -2.343941450119018555e+00 -1.201371192932128906e+00 1.704832315444946289e+00 1.164194583892822266e+00 -5.286923646926879883e-01 -1.151777148246765137e+00 1.136924996972084045e-01 8.000636100769042969e-01
1.991618633270263672e+00 1.096525669097900391e+00 1.995016813278198242e+00 -8.117811083793640137e-01 -1.367523670196533203e+00 -2.381136566400527954e-01 7.471256256103515625e-01 -2.132688045501708984e+00 1.075476765632629395e+00 -2.443825900554656982e-01 4.147304296493530273e-01 -6.754019260406494141e-01 1.971209645271301270e-01 1.294388651847839355e+00 1.682409644126892090e+00
-1.550725460052490234e+00 9.739530682563781738e-01 7.841721773147583008e-01 -1.078866481781005859e+00 -1.818197727203369141e+00 -1.016164049506187439e-01 5.266873240470886230e-01 -1.352288126945495605e+00 -1.387282460927963257e-01 -3.191743195056915283e-01 1.012351036071777344e+00 -3.101278245449066162e-01 -1.695093154907226562e+00 1.498272418975830078e+00 7.168676257133483887e-01
1.044290065765380859e+00 1.042881384491920471e-01 2.345704078674316406e+00 -2.151996850967407227e+00 -1.772541522979736328e+00 1.611441820859909058e-01 2.016257941722869873e-01 -2.544087171554565430e+00 4.650765955448150635e-01 6.516692042350769043e-01 -1.889678537845611572e-01 3.770996928215026855e-01 -1.370398759841918945e+00 -4.310989752411842346e-02 -6.301368474960327148e-01
1.545102477073669434e+00 9.348330646753311157e-02 1.654109001159667969e+00 -1.628639101982116699e+00 -1.247155904769897461e+00 1.104481816291809082e+00 2.699994482100009918e-02 -1.533433556556701660e+00 -1.129114985466003418e+00 -2.096114456653594971e-01 1.085895299911499023e-01 -1.331444978713989258e+00 -2.434962987899780273e+00 -1.250966358929872513e-02 5.358480289578437805e-02
3.359897732734680176e-01 -4.732752740383148193e-01 7.260236144065856934e-01 3.179778158664703369e-01 -1.383817195892333984e+00 -8.308727741241455078e-01 3.482041358947753906e-01 -2.435960769653320312e+00 -1.323986768722534180e+00 2.056970357894897461e+00 1.076391339302062988e+00 -4.426722526550292969e-01 -1.113968849182128906e+00 5.332970246672630310e-02 7.612257003784179688e-01
1.511811614036560059e+00 4.235861003398895264e-01 1.147907972335815430e+00 -1.229048848152160645e+00 -1.209712266921997070e+00 8.449142575263977051e-01 9.796664863824844360e-02 -1.634437680244445801e+00 -1.088987231254577637e+00 -2.497044578194618225e-02 -4.838550984859466553e-01 -1.497372150421142578e+00 -2.543842315673828125e+00 -9.133257716894149780e-02 -1.877316087484359741e-01
8.437799215316772461e-01 6.128391027450561523e-01 1.501468181610107422e+00 -1.618929266929626465e+00 -1.328713297843933105e+00 8.421454578638076782e-02 1.295734941959381104e-01 -4.711638391017913818e-02 -5.877627134323120117e-01 5.402657017111778259e-02 3.083234429359436035e-01 -2.292902469635009766e+00 -4.801498055458068848e-01 -5.861940979957580566e-01 1.934435069561004639e-01
1.320361137390136719e+00 7.164249569177627563e-02 1.511563420295715332e+00 -2.198834419250488281e+00 -1.441280245780944824e+00 3.069656789302825928e-01 8.471242785453796387e-01 -2.059207916259765625e+00 -1.300818562507629395e+00 2.242770418524742126e-02 -1.332152128219604492e+00 -1.695213317871093750e+00 -2.802017211914062500e+00 3.135888278484344482e-01 8.376024663448333740e-02
1.855466485023498535e+00 1.082227230072021484e+00 1.956122279167175293e+00 -8.496409058570861816e-01 -1.588358998298645020e+00 -1.963131576776504517e-01 7.694599032402038574e-01 -2.252128124237060547e+00 1.061951875686645508e+00 -3.404906764626502991e-02 3.300630748271942139e-01 -6.967990994453430176e-01 -1.208298653364181519e-02 1.071462988853454590e+00 1.487769126892089844e+00
9.314352869987487793e-01 1.061961427330970764e-01 2.255637884140014648e+00 -2.004379749298095703e+00 -1.588127970695495605e+00 7.273416034877300262e-03 2.254787385463714600e-01 -2.398090600967407227e+00 4.407600462436676025e-01 5.944654345512390137e-01 -2.593669593334197998e-01 3.545217216014862061e-01 -1.179177045822143555e+00 1.192375496029853821e-01 -4.329560399055480957e-01
