-1.655131101608276367e+00 2.528049707412719727e+00 4.085510253906250000e+00 -2.034763097763061523e+00 -2.761026620864868164e+00 -5.728188991546630859e+00 -1.172591090202331543e+00 3.070451021194458008e+00 1.306597709655761719e+00 -1.012395620346069336e+00 8.130884170532226562e+00 2.543368577957153320e+00 2.335847854614257812e+00 -2.031431436538696289e+00 1.544824957847595215e+00
-2.616695642471313477e+00 2.998987436294555664e+00 5.840249538421630859e+00 6.202709674835205078e-01 2.006262779235839844e+00 -6.462767601013183594e+00 3.060105144977569580e-01 5.435309410095214844e+00 -7.160167396068572998e-02 2.726954936981201172e+00 5.555020809173583984e+00 7.682586312294006348e-01 -2.522893667221069336e+00 -4.508766174316406250e+00 -1.581616044044494629e+00
1.792745888233184814e-01 3.257969856262207031e+00 2.749761581420898438e+00 1.933232069015502930e+00 1.556386590003967285e+00 -7.200503349304199219e+00 -5.346201658248901367e-01 4.044167995452880859e+00 6.041937828063964844e+00 -1.416487693786621094e+00 3.688002109527587891e+00 2.419591426849365234e+00 2.848989248275756836e+00 -1.569665223360061646e-01 -3.580136775970458984e+00
-4.474563598632812500e+00 3.297607660293579102e+00 9.188519477844238281e+00 -6.112005710601806641e-01 -5.456092357635498047e-01 -4.109813690185546875e+00 3.656940698623657227e+00 6.003984451293945312e+00 1.579168081283569336e+00 -6.145662665367126465e-01 1.837501287460327148e+00 1.715841770172119141e+00 2.466494798660278320e+00 -5.052223205566406250e+00 1.723390936851501465e+00
-1.764646172523498535e+00 3.669974803924560547e+00 5.424296855926513672e+00 1.484110593795776367e+00 -4.094075560569763184e-01 -6.101245880126953125e+00 4.902917861938476562e+00 7.717088222503662109e+00 3.699055433273315430e+00 1.584898829460144043e+00 4.899360656738281250e+00 -1.418846845626831055e+00 -3.250109434127807617e+00 -1.388636350631713867e+00 7.615228295326232910e-01
-1.635594129562377930e+00 2.968045234680175781e+00 6.098657131195068359e+00 1.248939275741577148e+00 1.007703781127929688e+00 -5.313796997070312500e+00 1.766666531562805176e+00 4.321944236755371094e+00 2.729722976684570312e+00 3.122423171997070312e+00 4.078777313232421875e+00 -2.603019475936889648e-01 -1.169761896133422852e+00 -3.681801080703735352e+00 -1.137090563774108887e+00
-1.738630056381225586e+00 2.897350072860717773e+00 5.573035717010498047e+00 2.321883440017700195e+00 -3.054068088531494141e-01 -7.462388992309570312e+00 -1.078246712684631348e+00 3.414086818695068359e+00 4.943860054016113281e+00 -1.498207569122314453e+00 4.106736660003662109e+00 3.552931547164916992e+00 2.485941171646118164e+00 -3.000202417373657227e+00 -5.486881256103515625e+00
6.847385317087173462e-02 2.587417364120483398e+00 4.927152633666992188e+00 2.613710880279541016e+00 3.652746081352233887e-01 -6.081664562225341797e+00 -1.075237631797790527e+00 2.994331359863281250e+00 5.478402614593505859e+00 -1.925382137298583984e+00 2.249067783355712891e+00 3.607175350189208984e+00 2.031375169754028320e+00 -1.291716456413269043e+00 -3.291325569152832031e+00
-3.176003217697143555e+00 3.695993661880493164e+00 7.570403575897216797e+00 -3.102762699127197266e-01 1.367375612258911133e+00 -3.383003950119018555e+00 1.902056217193603516e+00 7.034808158874511719e+00 2.090885162353515625e+00 -6.386434435844421387e-01 1.011430025100708008e+00 5.279516577720642090e-01 2.610828638076782227e+00 -3.461076974868774414e+00 2.639768600463867188e+00
-2.018028497695922852e+00 2.675309181213378906e+00 3.891237258911132812e+00 1.508647680282592773e+00 -1.980533748865127563e-01 -6.915688514709472656e+00 2.511988401412963867e+00 3.440805912017822266e+00 1.726208448410034180e+00 3.929679155349731445e+00 3.455405950546264648e+00 7.167224287986755371e-01 -2.772202491760253906e+00 -1.656811594963073730e+00 1.092836737632751465e+00
-1.706141531467437744e-01 2.039875268936157227e+00 4.068741798400878906e+00 -9.821944236755371094e-01 -1.395783543586730957e+00 -4.582380294799804688e+00 -2.360251665115356445e+00 1.539182424545288086e+00 3.843816995620727539e+00 -2.037715353071689606e-02 5.924719810485839844e+00 1.974465370178222656e+00 3.158109903335571289e+00 -2.910836935043334961e+00 6.979891061782836914e-01
1.073194742202758789e+00 2.395700693130493164e+00 1.722467064857482910e+00 -3.786777019500732422e+00 -3.214044570922851562e-01 -5.154493331909179688e+00 -4.349115788936614990e-01 1.912872552871704102e+00 2.817250490188598633e+00 -8.694493174552917480e-01 5.538285255432128906e+00 2.799885511398315430e+00 2.527864217758178711e+00 -2.366104364395141602e+00 1.466169953346252441e+00
1.230310574173927307e-01 7.100243568420410156e-01 2.625306606292724609e+00 1.635677576065063477e+00 -3.662440776824951172e-01 -8.569562911987304688e+00 1.425237536430358887e+00 4.886083602905273438e+00 6.687458038330078125e+00 -2.030253410339355469e+00 2.096798658370971680e+00 1.952571630477905273e+00 3.484622240066528320e+00 -1.627057433128356934e+00 -6.252842426300048828e+00
-2.888198137283325195e+00 2.843989849090576172e+00 6.953400135040283203e+00 2.567726850509643555e+00 -7.292896509170532227e-01 -7.048144817352294922e+00 3.173949956893920898e+00 5.039545059204101562e+00 8.820652365684509277e-01 2.197565555572509766e+00 4.056561470031738281e+00 8.396189659833908081e-02 -1.984964132308959961e+00 -3.704137325286865234e+00 -5.510290265083312988e-01
-5.326977729797363281e+00 4.573351860046386719e+00 8.620352745056152344e+00 9.643394947052001953e-01 -9.665932655334472656e-01 -4.083890438079833984e+00 3.430219173431396484e+00 9.667385101318359375e+00 -1.131251573562622070e+00 -2.420149803161621094e+00 1.334448099136352539e+00 1.791673302650451660e-01 2.082123517990112305e+00 -3.087833642959594727e+00 4.303731918334960938e+00
-2.308493137359619141e+00 2.863660573959350586e+00 5.719930648803710938e+00 3.911612033843994141e-01 4.074101448059082031e-01 -6.519243240356445312e+00 2.329603195190429688e+00 4.203475952148437500e+00 2.039175748825073242e+00 3.125884294509887695e+00 3.344001531600952148e+00 1.506817936897277832e-01 -1.738281011581420898e+00 -4.983139038085937500e+00 -2.602501392364501953e+00
-7.385573983192443848e-01 1.968009114265441895e+00 5.341070652008056641e+00 2.285906076431274414e+00 1.676165312528610229e-02 -7.956913471221923828e+00 -6.448006629943847656e-01 7.054390907287597656e+00 3.941980123519897461e+00 -5.813766479492187500e+00 4.177047729492187500e+00 2.403469800949096680e+00 2.601901292800903320e+00 -2.427245378494262695e+00 -5.797119617462158203e+00
-2.735212087631225586e+00 4.762032508850097656e+00 6.778616428375244141e+00 1.895320653915405273e+00 -1.092483282089233398e+00 -5.769351005554199219e+00 3.580261468887329102e+00 4.712733268737792969e+00 1.904495000839233398e+00 1.972201466560363770e+00 3.555554628372192383e+00 -1.900226473808288574e-01 -2.520345926284790039e+00 -2.868725299835205078e+00 -7.146943211555480957e-01
-1.205408930778503418e+00 2.514491796493530273e+00 5.861693859100341797e+00 1.735307455062866211e+00 2.231130450963973999e-01 -6.731358051300048828e+00 2.457471132278442383e+00 3.995608568191528320e+00 1.184190988540649414e+00 2.920622348785400391e+00 3.387049436569213867e+00 -3.581983223557472229e-02 -8.484651446342468262e-01 -4.446233749389648438e+00 -9.494982361793518066e-01
-1.787678718566894531e+00 3.703708410263061523e+00 5.101610183715820312e+00 1.650319814682006836e+00 2.918053865432739258e-01 -6.743500709533691406e+00 3.479088544845581055e+00 5.943140983581542969e+00 2.185019016265869141e+00 2.007813930511474609e+00 3.041322946548461914e+00 -6.719595789909362793e-01 -2.160926103591918945e+00 -2.679520606994628906e+00 -9.949718117713928223e-01
5.550016760826110840e-01 1.666319370269775391e+00 3.475391149520874023e+00 -2.970152139663696289e+00 -2.719150781631469727e+00 -5.625423908233642578e+00 1.051790118217468262e+00 3.308190345764160156e+00 2.825440168380737305e+00 -1.363169908523559570e+00 5.594325065612792969e+00 1.553244709968566895e+00 3.108131647109985352e+00 -2.204642534255981445e+00 1.196200251579284668e+00
-1.424109935760498047e+00 4.821299314498901367e-01 4.499826431274414062e+00 -2.041441679000854492e+00 -4.227728366851806641e+00 -6.406518459320068359e+00 -5.547802448272705078e-01 1.759625792503356934e+00 9.737190604209899902e-01 -1.897492766380310059e+00 6.105546951293945312e+00 2.544320106506347656e+00 3.297398805618286133e+00 -3.708199262619018555e+00 8.929571509361267090e-01
-2.533462762832641602e+00 -5.547325611114501953e-01 6.672209739685058594e+00 1.878928422927856445e+00 -3.897109508514404297e+00 -7.593492984771728516e+00 8.745216131210327148e-01 4.492465972900390625e+00 4.253821372985839844e+00 -2.682619333267211914e+00 3.375462293624877930e+00 -5.407504558563232422e+00 2.072544336318969727e+00 -3.060014963150024414e+00 6.807999014854431152e-01
7.381568551063537598e-01 1.735076904296875000e+00 3.345075845718383789e+00 1.789404153823852539e+00 5.209774971008300781e-01 -7.135038852691650391e+00 2.755471765995025635e-01 4.593680381774902344e+00 6.437170505523681641e+00 -2.491248130798339844e+00 2.891206979751586914e+00 1.664975643157958984e+00 2.993189573287963867e+00 -1.028926253318786621e+00 -4.527208328247070312e+00
-2.758655786514282227e+00 3.885802507400512695e+00 6.187677383422851562e+00 1.832448244094848633e+00 -9.562458992004394531e-01 -6.397072792053222656e+00 2.020113706588745117e+00 5.736073493957519531e+00 6.388687491416931152e-01 1.386276602745056152e+00 3.986535787582397461e+00 -9.298785328865051270e-01 -2.860190868377685547e+00 -3.501946210861206055e+00 -7.160886526107788086e-01
-2.354604244232177734e+00 2.924172163009643555e+00 5.989288806915283203e+00 2.264486789703369141e+00 -1.878178715705871582e+00 -6.279988765716552734e+00 5.848217487335205078e+00 7.938422203063964844e+00 2.094998359680175781e+00 -9.910518303513526917e-03 3.691428422927856445e+00 -1.692278146743774414e+00 -3.137006759643554688e+00 -1.341504454612731934e+00 -1.180594563484191895e+00
-3.272848129272460938e+00 -2.296616077423095703e+00 1.046039390563964844e+01 2.260189294815063477e+00 -6.218329906463623047e+00 -7.876378059387207031e+00 -7.382417917251586914e-01 6.332956314086914062e+00 2.545276403427124023e+00 -4.898683071136474609e+00 4.179731845855712891e+00 -5.725032329559326172e+00 1.977214097976684570e+00 -4.044545173645019531e+00 8.119243979454040527e-01
-3.354179561138153076e-01 3.458374977111816406e+00 3.929351806640625000e+00 7.981312274932861328e-01 7.444413900375366211e-01 -6.384935855865478516e+00 3.130868971347808838e-01 4.619130134582519531e+00 5.431763172149658203e+00 -3.170086145401000977e+00 3.433659553527832031e+00 3.248970746994018555e+00 2.277811765670776367e+00 -1.268736243247985840e+00 -4.430179119110107422e+00
-2.019526243209838867e+00 -5.152641534805297852e-01 8.382805824279785156e+00 3.717916011810302734e-01 -1.547711014747619629e+00 -5.949108123779296875e+00 -1.164480924606323242e+00 5.121516704559326172e+00 4.263833999633789062e+00 -4.300676345825195312e+00 2.877837419509887695e+00 -4.229085922241210938e+00 1.830044984817504883e+00 -4.199118614196777344e+00 1.633863568305969238e+00
1.156481146812438965e+00 7.358261346817016602e-01 3.290738821029663086e+00 1.729595422744750977e+00 6.478848457336425781e-01 -7.425165653228759766e+00 -1.660807251930236816e+00 1.655550360679626465e+00 5.985203742980957031e+00 -6.398883461952209473e-01 3.896075963973999023e+00 2.411625146865844727e+00 3.449067354202270508e+00 -2.591661691665649414e+00 -5.053944110870361328e+00
5.959458947181701660e-01 1.744447469711303711e+00 2.784161090850830078e+00 -1.582670450210571289e+00 -1.266915559768676758e+00 -5.365073204040527344e+00 -1.684264302253723145e+00 1.684483051300048828e+00 2.702603101730346680e+00 -1.478389263153076172e+00 7.537163734436035156e+00 1.737345933914184570e+00 3.620558977127075195e+00 -2.505429029464721680e+00 9.493448138236999512e-01
-9.290021061897277832e-01 3.100590705871582031e+00 4.388016223907470703e+00 1.167264699935913086e+00 6.746881008148193359e-01 -7.093008995056152344e+00 -4.220935702323913574e-02 4.131025314331054688e+00 6.147953510284423828e+00 -1.619056224822998047e+00 4.496130943298339844e+00 2.971254110336303711e+00 2.382559061050415039e+00 -1.465296626091003418e+00 -4.764294147491455078e+00
-4.401176452636718750e+00 3.585365533828735352e+00 7.089657306671142578e+00 6.318981647491455078e-01 -1.240161418914794922e+00 -5.090807914733886719e+00 3.479737758636474609e+00 8.060664176940917969e+00 5.193011164665222168e-01 -1.790197849273681641e+00 1.656371355056762695e+00 1.224529743194580078e+00 2.485324144363403320e+00 -4.174970626831054688e+00 1.378387808799743652e+00
-3.642129421234130859e+00 2.586336374282836914e+00 9.058970451354980469e+00 8.949766159057617188e-01 -2.716185450553894043e-01 -3.170099973678588867e+00 1.933459758758544922e+00 6.866818428039550781e+00 7.939239740371704102e-01 -1.376238107681274414e+00 -3.271265327930450439e-02 1.450765848159790039e+00 2.012660741806030273e+00 -3.858526468276977539e+00 1.389040350914001465e+00
-3.363960266113281250e+00 2.734822034835815430e+00 6.342962741851806641e+00 1.702524423599243164e+00 -1.749643087387084961e+00 -7.800014495849609375e+00 3.790347337722778320e+00 6.230853080749511719e+00 3.773576617240905762e-01 1.773166179656982422e+00 4.270133018493652344e+00 -7.194487452507019043e-01 -2.472360372543334961e+00 -3.851898908615112305e+00 -1.373178601264953613e+00
-1.783107876777648926e+00 2.290097713470458984e+00 6.333379268646240234e+00 -5.044721066951751709e-02 1.279546737670898438e+00 -5.508884429931640625e+00 1.917125344276428223e+00 3.878978729248046875e+00 2.393410444259643555e+00 3.472914695739746094e+00 3.432924032211303711e+00 8.330288529396057129e-01 -1.551777601242065430e+00 -5.352552890777587891e+00 -1.559510350227355957e+00
-6.496220231056213379e-01 8.924294710159301758e-01 3.054136753082275391e+00 -3.649092197418212891e+00 -1.527926683425903320e+00 -3.518493652343750000e+00 -3.916901648044586182e-01 2.388236284255981445e+00 3.902866125106811523e+00 3.744508624076843262e-01 7.146326541900634766e+00 2.627597570419311523e+00 2.529381036758422852e+00 -1.250823855400085449e+00 2.522313833236694336e+00
-1.362679600715637207e+00 3.000338315963745117e+00 3.956362009048461914e+00 1.790439844131469727e+00 -9.655947685241699219e-01 -8.537287712097167969e+00 9.767638444900512695e-01 4.277164459228515625e+00 5.885243415832519531e+00 -2.558828353881835938e+00 3.690942049026489258e+00 3.002403736114501953e+00 2.827606439590454102e+00 -1.458222270011901855e+00 -5.290503501892089844e+00
-3.819019496440887451e-01 3.207030057907104492e+00 4.312917232513427734e+00 3.276026248931884766e+00 -1.440539717674255371e+00 -7.584218978881835938e+00 1.778314471244812012e+00 9.225546836853027344e+00 3.920586109161376953e+00 -8.033401489257812500e+00 3.110293626785278320e+00 2.120476484298706055e+00 3.197607278823852539e+00 9.072963893413543701e-02 -4.873272418975830078e+00
-4.541984498500823975e-01 1.768147468566894531e+00 3.501477718353271484e+00 -2.322209596633911133e+00 -4.347011089324951172e+00 -5.086874008178710938e+00 1.572928786277770996e+00 3.456460714340209961e+00 2.641783714294433594e+00 -2.071790695190429688e+00 7.387086868286132812e+00 1.230698823928833008e+00 2.095867156982421875e+00 -1.276431798934936523e+00 1.478656530380249023e+00
-1.429470896720886230e+00 -3.087511539459228516e+00 7.218491554260253906e+00 1.217306375503540039e+00 -4.270151615142822266e+00 -7.705955028533935547e+00 1.183736622333526611e-01 4.748338699340820312e+00 3.643006563186645508e+00 -1.735775232315063477e+00 3.008342504501342773e+00 -4.731179714202880859e+00 3.413473367691040039e+00 -3.863460302352905273e+00 1.068143725395202637e+00
-2.070110082626342773e+00 3.384680032730102539e+00 7.021072387695312500e+00 2.168308258056640625e+00 -6.120738983154296875e-01 -7.102849960327148438e+00 1.943456649780273438e+00 4.744598865509033203e+00 1.368530631065368652e+00 2.302236080169677734e+00 4.625544548034667969e+00 8.959125727415084839e-02 -1.790207624435424805e+00 -3.222028017044067383e+00 -6.344874501228332520e-01
-3.166815042495727539e+00 3.495642185211181641e+00 7.209521770477294922e+00 1.064121872186660767e-01 5.029176920652389526e-02 -2.658167123794555664e+00 3.208449125289916992e+00 6.679137229919433594e+00 1.697808623313903809e+00 -7.006884813308715820e-01 1.470989465713500977e+00 4.668775200843811035e-01 2.078266859054565430e+00 -2.486770868301391602e+00 2.926553726196289062e+00
-3.144956350326538086e+00 2.368993997573852539e+00 8.287619590759277344e+00 -8.294604718685150146e-02 -3.603700995445251465e-01 -2.691924810409545898e+00 2.303326129913330078e+00 5.359495162963867188e+00 1.512278556823730469e+00 6.004992127418518066e-01 1.145563840866088867e+00 6.627500653266906738e-01 2.373661279678344727e+00 -4.506621360778808594e+00 2.051686286926269531e+00
-1.251062154769897461e+00 2.160336732864379883e+00 5.032310009002685547e+00 1.751178503036499023e+00 -2.585513591766357422e-01 -7.154633045196533203e+00 -1.343046128749847412e-01 5.380448341369628906e+00 5.528558731079101562e+00 -4.284710884094238281e+00 3.558693885803222656e+00 3.151531934738159180e+00 2.390697717666625977e+00 -1.597787261009216309e+00 -5.914839267730712891e+00
-2.159072160720825195e+00 4.233653068542480469e+00 4.599828243255615234e+00 1.633970022201538086e+00 -4.239345341920852661e-02 -7.544558525085449219e+00 3.490865230560302734e+00 7.585010051727294922e+00 2.205359488725662231e-01 1.122906923294067383e+00 3.471031904220581055e+00 -1.071341395378112793e+00 -2.916661024093627930e+00 -3.126016378402709961e+00 -7.507377266883850098e-01
-3.262588500976562500e+00 5.292088508605957031e+00 6.594418525695800781e+00 7.625553607940673828e-01 7.367982864379882812e-01 -5.562425613403320312e+00 2.477822542190551758e+00 4.784693717956542969e+00 2.562403440475463867e+00 3.073853731155395508e+00 3.504979372024536133e+00 4.750948771834373474e-02 -1.977996587753295898e+00 -4.042781829833984375e+00 -5.457897782325744629e-01
-4.274359703063964844e+00 3.366603851318359375e+00 7.201735496520996094e+00 -5.869591236114501953e-01 1.183466836810112000e-01 -3.118005990982055664e+00 2.487290382385253906e+00 3.927670717239379883e+00 1.375683784484863281e+00 1.624073028564453125e+00 7.316787838935852051e-01 1.234558820724487305e+00 1.878912210464477539e+00 -5.537507057189941406e+00 1.042397379875183105e+00
-1.126851916313171387e+00 8.112583160400390625e-01 3.355065345764160156e+00 -3.298338651657104492e+00 -8.129649162292480469e-01 -6.040956497192382812e+00 -2.161205530166625977e+00 1.870422005653381348e+00 2.999911069869995117e+00 5.594295859336853027e-01 6.792138576507568359e+00 3.012894392013549805e+00 3.180486917495727539e+00 -3.942674398422241211e+00 -6.135984063148498535e-01
-5.617850303649902344e+00 4.962484836578369141e+00 9.410593986511230469e+00 3.107645511627197266e-01 -9.658318161964416504e-01 -3.364506006240844727e+00 4.623513221740722656e+00 9.862462997436523438e+00 4.979380965232849121e-01 -3.053170680999755859e+00 2.137933492660522461e+00 7.306610941886901855e-01 2.293977022171020508e+00 -2.679151296615600586e+00 2.255526542663574219e+00
-1.481594681739807129e+00 -1.279075384140014648e+00 7.189713954925537109e+00 1.592954635620117188e+00 -3.409503221511840820e+00 -5.407306671142578125e+00 6.690267324447631836e-01 4.725184440612792969e+00 4.429234981536865234e+00 -3.405707836151123047e+00 3.293436527252197266e+00 -5.406989097595214844e+00 2.639505147933959961e+00 -1.874076008796691895e+00 2.704843044281005859e+00
-3.990931272506713867e+00 2.610715627670288086e+00 8.543709754943847656e+00 -9.331201016902923584e-02 -4.041596651077270508e-01 -2.720319986343383789e+00 2.141747713088989258e+00 8.093312263488769531e+00 9.842349886894226074e-01 -2.620954513549804688e+00 -1.254482567310333252e-02 9.682748913764953613e-01 1.986195802688598633e+00 -5.156270503997802734e+00 5.173675343394279480e-02
-2.338331460952758789e+00 -1.334714412689208984e+00 8.814137458801269531e+00 2.011734724044799805e+00 -3.348517417907714844e+00 -6.257777690887451172e+00 -3.835557401180267334e-01 4.399505615234375000e+00 3.538597822189331055e+00 -1.802354454994201660e+00 3.763152837753295898e+00 -4.505496025085449219e+00 2.327595949172973633e+00 -3.792402029037475586e+00 1.106727480888366699e+00
-4.658061981201171875e+00 4.340388298034667969e+00 7.366034030914306641e+00 -1.122231721878051758e+00 -1.612623214721679688e+00 -3.044969797134399414e+00 5.449081420898437500e+00 9.398691177368164062e+00 -9.793643653392791748e-02 -3.210512876510620117e+00 6.695702672004699707e-01 1.245359182357788086e+00 1.274108171463012695e+00 -2.066810846328735352e+00 2.949513435363769531e+00
-2.848744690418243408e-01 -1.263263463973999023e+00 6.663178920745849609e+00 2.400499105453491211e+00 -3.736126184463500977e+00 -6.305208206176757812e+00 1.213485896587371826e-01 2.265503644943237305e+00 4.696680545806884766e+00 -3.614363670349121094e+00 1.512435197830200195e+00 -4.857059001922607422e+00 2.396550655364990234e+00 -2.937260389328002930e+00 1.290093898773193359e+00
-3.576442226767539978e-02 2.036010980606079102e+00 2.508639335632324219e+00 -1.169616460800170898e+00 -3.228125810623168945e+00 -6.018538475036621094e+00 3.387799561023712158e-01 2.812618494033813477e+00 2.305685758590698242e+00 -2.233166217803955078e+00 6.537386894226074219e+00 9.512465596199035645e-01 2.805556535720825195e+00 -1.897579550743103027e+00 1.212320685386657715e+00
-3.088172912597656250e+00 4.914808750152587891e+00 6.306948184967041016e+00 1.540256738662719727e+00 6.419495344161987305e-01 -6.389245986938476562e+00 2.891527891159057617e+00 7.109637260437011719e+00 5.897592902183532715e-01 7.602152228355407715e-01 4.828678607940673828e+00 -9.183844923973083496e-01 -2.403526544570922852e+00 -2.528059720993041992e+00 -8.909209817647933960e-02
-4.325641095638275146e-01 8.888058662414550781e-01 2.953350305557250977e+00 -2.193405866622924805e+00 -4.033869266510009766e+00 -6.106066703796386719e+00 3.944167196750640869e-01 1.176509261131286621e+00 1.547362804412841797e+00 -1.209634661674499512e+00 6.931126594543457031e+00 1.925100803375244141e+00 2.916674852371215820e+00 -1.293544888496398926e+00 2.310613393783569336e+00
-3.103411436080932617e+00 2.371768474578857422e+00 8.007987022399902344e+00 -7.307784557342529297e-01 -1.010745286941528320e+00 -1.689041376113891602e+00 2.910074710845947266e+00 3.260969400405883789e+00 5.563166737556457520e-01 -2.977051138877868652e-01 3.296845555305480957e-01 1.710522651672363281e+00 1.900837659835815430e+00 -4.630349159240722656e+00 2.107225894927978516e+00
-2.938600301742553711e+00 3.163879632949829102e+00 5.705993652343750000e+00 -1.135609388351440430e+00 6.389693021774291992e-01 -2.739534616470336914e+00 2.614270925521850586e+00 5.228812694549560547e+00 1.725518941879272461e+00 3.952526450157165527e-01 5.516174435615539551e-01 1.730473637580871582e-01 2.318009614944458008e+00 -3.896128892898559570e+00 2.179098606109619141e+00
-1.946096122264862061e-01 -2.678812146186828613e-01 2.975125789642333984e+00 -1.284578561782836914e+00 -3.026527881622314453e+00 -7.243223190307617188e+00 -1.961947560310363770e+00 2.355153799057006836e+00 1.022102117538452148e+00 -1.465822458267211914e+00 7.441739082336425781e+00 1.993997812271118164e+00 3.744102239608764648e+00 -2.353723526000976562e+00 8.347546458244323730e-01
-9.921377301216125488e-01 1.260548710823059082e+00 3.604678630828857422e+00 -1.336583852767944336e+00 -4.122728824615478516e+00 -7.014752864837646484e+00 -1.232004046440124512e+00 2.655549764633178711e+00 1.654159575700759888e-01 -3.408330202102661133e+00 6.477080345153808594e+00 2.021818876266479492e+00 2.375269889831542969e+00 -2.604253768920898438e+00 1.432532429695129395e+00
-6.955501437187194824e-01 1.349948644638061523e+00 4.682791233062744141e+00 2.677305936813354492e+00 4.812132567167282104e-02 -9.363628387451171875e+00 -1.367885470390319824e+00 4.075591087341308594e+00 4.422965049743652344e+00 -1.996212959289550781e+00 4.102719783782958984e+00 3.100319147109985352e+00 3.142433404922485352e+00 -2.594399213790893555e+00 -5.678417682647705078e+00
-1.480981230735778809e+00 -2.097293287515640259e-01 7.063563823699951172e+00 1.068295717239379883e+00 -3.197763681411743164e+00 -4.893011093139648438e+00 1.174892783164978027e+00 6.439925193786621094e+00 5.252260684967041016e+00 -4.405123710632324219e+00 2.315258979797363281e+00 -6.185020923614501953e+00 1.417953729629516602e+00 -1.935018420219421387e+00 2.162446498870849609e+00
-4.249662399291992188e+00 1.004617810249328613e+00 5.497569561004638672e+00 -2.521028995513916016e+00 -1.732596278190612793e+00 -6.030604839324951172e+00 2.667668342590332031e+00 4.849348068237304688e+00 -9.722489118576049805e-01 2.329823970794677734e+00 -3.637394189834594727e+00 1.852971911430358887e+00 9.381790757179260254e-01 -2.910966157913208008e+00 3.814439296722412109e+00
-3.993036985397338867e+00 1.551384925842285156e+00 8.180659294128417969e+00 -1.059991598129272461e+00 -2.218333721160888672e+00 -4.020624160766601562e+00 4.057728767395019531e+00 7.038747787475585938e+00 2.957345843315124512e-01 3.385676741600036621e-01 6.198242306709289551e-01 3.061323985457420349e-02 2.125628709793090820e+00 -5.228311538696289062e+00 1.685341238975524902e+00
4.215874075889587402e-01 1.494256854057312012e+00 5.054823398590087891e+00 3.668060779571533203e+00 -1.133989214897155762e+00 -8.105452537536621094e+00 7.013038992881774902e-01 4.518336296081542969e+00 5.713625907897949219e+00 -3.151979684829711914e+00 2.743098020553588867e+00 2.956240892410278320e+00 2.563741683959960938e+00 -7.538107037544250488e-01 -2.732451915740966797e+00
-1.885932803153991699e+00 4.408871173858642578e+00 6.588141918182373047e+00 2.176731109619140625e+00 1.402657389640808105e+00 -5.684751033782958984e+00 2.057738065719604492e+00 6.275705814361572266e+00 1.861597537994384766e+00 1.412979245185852051e+00 3.512683629989624023e+00 -7.778424620628356934e-01 -1.716013669967651367e+00 -3.019431591033935547e+00 -7.100487351417541504e-01
-2.129180669784545898e+00 -1.144980669021606445e+00 8.038342475891113281e+00 3.146061658859252930e+00 -4.708435058593750000e+00 -6.585234642028808594e+00 9.946116209030151367e-01 5.411185264587402344e+00 2.620404958724975586e+00 -3.471911430358886719e+00 4.383449077606201172e+00 -5.108088493347167969e+00 2.482192039489746094e+00 -1.675394296646118164e+00 2.814956188201904297e+00
-1.445863604545593262e+00 -6.294456720352172852e-01 7.125170230865478516e+00 9.973026812076568604e-02 -2.094041585922241211e+00 -5.761472225189208984e+00 1.623955070972442627e-01 5.295852661132812500e+00 4.572641372680664062e+00 -2.234781265258789062e+00 3.460762739181518555e+00 -4.631436824798583984e+00 2.483792543411254883e+00 -2.855972290039062500e+00 1.916055083274841309e+00
7.218906283378601074e-01 2.519912958145141602e+00 4.441207885742187500e+00 2.785071372985839844e+00 -6.769753247499465942e-02 -6.013094902038574219e+00 -9.005203843116760254e-02 6.059387683868408203e+00 5.260675430297851562e+00 -4.944359779357910156e+00 2.308928489685058594e+00 2.044526338577270508e+00 2.495821952819824219e+00 -2.010478973388671875e+00 -5.652620792388916016e+00
-7.497509121894836426e-01 2.605957508087158203e+00 5.623266696929931641e+00 3.201148271560668945e+00 -7.426191568374633789e-01 -7.444913387298583984e+00 -9.044617414474487305e-01 4.482770919799804688e+00 5.020455837249755859e+00 -3.098598480224609375e+00 3.704820871353149414e+00 2.903974056243896484e+00 2.566327810287475586e+00 -1.380734801292419434e+00 -4.977767467498779297e+00
-2.429558515548706055e+00 4.540214538574218750e+00 7.352256774902343750e+00 1.409349679946899414e+00 -4.274151325225830078e-01 -4.845966339111328125e+00 3.194599390029907227e+00 5.368733406066894531e+00 2.249691724777221680e+00 2.104641199111938477e+00 4.637396812438964844e+00 -5.637914538383483887e-01 -2.202615499496459961e+00 -3.537131309509277344e+00 3.071030676364898682e-01
-3.543487310409545898e+00 3.073219060897827148e+00 7.344830036163330078e+00 4.888036251068115234e-01 -1.618513345718383789e+00 -1.963115930557250977e+00 3.580297708511352539e+00 7.899555206298828125e+00 1.598853990435600281e-02 -2.906938076019287109e+00 -3.097531199455261230e-01 7.555329054594039917e-02 1.396344900131225586e+00 -3.524252176284790039e+00 2.690984725952148438e+00
-2.120298385620117188e+00 -1.914819002151489258e+00 2.464597702026367188e+00 -3.385837316513061523e+00 -6.528229713439941406e+00 -1.254112434387207031e+01 -2.457052230834960938e+00 9.573566913604736328e-01 -1.974209547042846680e+00 -6.230109333992004395e-01 3.612525701522827148e+00 4.764067173004150391e+00 3.509378194808959961e+00 -2.788300037384033203e+00 2.275369167327880859e+00
-3.381442308425903320e+00 2.561905384063720703e+00 7.347969532012939453e+00 -3.874795436859130859e-01 -2.878723144531250000e-01 -3.320514917373657227e+00 2.579833269119262695e+00 6.443702220916748047e+00 7.999412417411804199e-01 -1.619712829589843750e+00 1.239212274551391602e+00 7.955148816108703613e-01 2.545908212661743164e+00 -4.204279899597167969e+00 1.993083119392395020e+00
-8.222033381462097168e-01 2.041686773300170898e+00 5.312608718872070312e+00 2.817986726760864258e+00 -1.471413373947143555e+00 -8.162212371826171875e+00 -3.265357911586761475e-01 3.685910224914550781e+00 4.750955104827880859e+00 -2.285644531250000000e+00 4.005861282348632812e+00 2.496879816055297852e+00 2.923623323440551758e+00 -2.518832445144653320e+00 -5.244383335113525391e+00
-5.486526489257812500e+00 3.665906429290771484e+00 9.290184020996093750e+00 5.520288944244384766e-01 -6.920052766799926758e-01 -3.594215631484985352e+00 1.779533505439758301e+00 8.192028045654296875e+00 -8.379145264625549316e-01 -2.388720035552978516e+00 1.429579496383666992e+00 1.647226095199584961e+00 1.670951128005981445e+00 -4.337679862976074219e+00 1.903885245323181152e+00
-2.302221536636352539e+00 2.245156288146972656e+00 6.944902896881103516e+00 3.104052782058715820e+00 -3.865291595458984375e+00 -9.746236801147460938e+00 1.531582236289978027e+00 8.317495346069335938e+00 4.464005470275878906e+00 -7.716821193695068359e+00 4.936229705810546875e+00 2.908066511154174805e+00 2.994571924209594727e+00 -1.636459708213806152e+00 -6.011894226074218750e+00
-3.173357963562011719e+00 4.207103252410888672e+00 7.399643898010253906e+00 2.161977440118789673e-01 1.876344531774520874e-01 -2.993568181991577148e+00 2.045832395553588867e+00 5.317658424377441406e+00 1.942616224288940430e+00 -1.145616650581359863e+00 4.678080677986145020e-01 9.528798460960388184e-01 2.292284727096557617e+00 -2.985940694808959961e+00 2.461141109466552734e+00
-4.877386093139648438e+00 2.784569740295410156e+00 6.179208278656005859e+00 -1.114736318588256836e+00 3.835424184799194336e-01 -3.386160135269165039e+00 2.786370515823364258e+00 9.432521820068359375e+00 -8.190534710884094238e-01 -9.840572476387023926e-01 1.410347700119018555e+00 3.024535998702049255e-02 1.779854059219360352e+00 -3.607389211654663086e+00 2.251438140869140625e+00
3.701988756656646729e-01 2.091524362564086914e+00 2.989765167236328125e+00 -2.026582002639770508e+00 -2.774406909942626953e+00 -4.354352951049804688e+00 -3.727429807186126709e-01 2.780671119689941406e+00 2.746612310409545898e+00 -5.119472146034240723e-01 7.052133560180664062e+00 1.052116394042968750e+00 2.434041261672973633e+00 -2.074676036834716797e+00 1.215080857276916504e+00
-1.535231947898864746e+00 2.211793661117553711e+00 5.412349700927734375e+00 1.857967615127563477e+00 8.269230723381042480e-01 -5.891080856323242188e+00 2.999255418777465820e+00 5.616117477416992188e+00 2.001249313354492188e+00 2.729827880859375000e+00 5.172731876373291016e+00 2.003439664840698242e-01 -2.327425241470336914e+00 -1.976749062538146973e+00 8.658515810966491699e-01
-1.433566808700561523e+00 3.574940919876098633e+00 5.835586547851562500e+00 1.405070543289184570e+00 1.509861826896667480e+00 -5.713887691497802734e+00 1.431962728500366211e+00 7.939455032348632812e+00 1.414149999618530273e+00 1.080261230468750000e+00 4.621838569641113281e+00 -1.419560432434082031e+00 -2.874612808227539062e+00 -2.888065576553344727e+00 -1.142198324203491211e+00
-2.459697961807250977e+00 2.768664598464965820e+00 5.241002082824707031e+00 -1.518224000930786133e+00 -3.713555812835693359e+00 -6.732796669006347656e+00 3.271904587745666504e-02 2.060184240341186523e+00 1.253071546554565430e+00 -7.618404030799865723e-01 6.333703517913818359e+00 2.692105531692504883e+00 2.795213937759399414e+00 -3.012153387069702148e+00 1.913027167320251465e+00
-2.571785211563110352e+00 -1.613747328519821167e-03 7.850177764892578125e+00 1.741729974746704102e+00 -4.086930751800537109e+00 -7.324569702148437500e+00 4.949947893619537354e-01 5.606009483337402344e+00 3.815847158432006836e+00 -3.302969932556152344e+00 2.934831857681274414e+00 -4.971668243408203125e+00 1.575201272964477539e+00 -2.506130933761596680e+00 1.908244967460632324e+00
-3.278394222259521484e+00 3.323950052261352539e+00 6.782206535339355469e+00 1.322617769241333008e+00 -4.329159259796142578e-01 -6.794260978698730469e+00 3.130404949188232422e+00 5.167108535766601562e+00 1.119832277297973633e+00 3.339019060134887695e+00 4.605899810791015625e+00 9.781914204359054565e-02 -2.086621046066284180e+00 -4.292388439178466797e+00 -1.121726632118225098e+00
-1.479640483856201172e+00 2.786701202392578125e+00 5.246147155761718750e+00 5.278785228729248047e-01 8.318860530853271484e-01 -5.308773040771484375e+00 3.052862644195556641e+00 7.085601329803466797e+00 1.770879268646240234e+00 1.015014886856079102e+00 4.848381042480468750e+00 -1.611630916595458984e+00 -2.146334409713745117e+00 -3.371746063232421875e+00 -7.671962380409240723e-01
2.647593989968299866e-02 1.370787382125854492e+00 3.360101938247680664e+00 -2.116797685623168945e+00 -1.731026172637939453e+00 -3.812604427337646484e+00 -7.862363457679748535e-01 3.083729982376098633e+00 4.362658023834228516e+00 9.730828553438186646e-02 6.101852416992187500e+00 2.079406499862670898e+00 2.489718437194824219e+00 -2.204507589340209961e+00 1.641298174858093262e+00
-1.478325247764587402e+00 2.712316274642944336e+00 4.908020019531250000e+00 1.942819833755493164e+00 -3.151260614395141602e-01 -7.173668384552001953e+00 4.492469787597656250e+00 8.055218696594238281e+00 1.299955397844314575e-01 4.339136481285095215e-01 4.193811416625976562e+00 -2.220012664794921875e+00 -1.994866132736206055e+00 -3.203949213027954102e+00 -4.323063790798187256e-01
-2.459564924240112305e+00 3.273730278015136719e-01 4.821366786956787109e+00 -8.010146617889404297e-01 -4.060105323791503906e+00 -8.254386901855468750e+00 -2.371803522109985352e+00 3.428086042404174805e+00 -5.208027958869934082e-01 -3.150068283081054688e+00 8.914154052734375000e+00 2.150512695312500000e+00 2.682540178298950195e+00 -2.707609891891479492e+00 1.457037329673767090e+00
-1.923223853111267090e+00 1.474035501480102539e+00 1.333369374275207520e+00 -1.776481628417968750e+00 -2.281622886657714844e+00 -6.085511207580566406e+00 2.594411671161651611e-01 3.706015586853027344e+00 3.941945314407348633e+00 5.175030324608087540e-03 6.370681762695312500e+00 1.947782278060913086e+00 1.738399147987365723e+00 -2.204447507858276367e+00 1.691562294960021973e+00
-1.127083897590637207e+00 4.071887969970703125e+00 5.398796558380126953e+00 3.470960855484008789e+00 -2.192107439041137695e+00 -7.957135200500488281e+00 1.656340956687927246e+00 6.555910110473632812e+00 5.935503959655761719e+00 -5.800995826721191406e+00 3.589370965957641602e+00 2.287069559097290039e+00 1.745290994644165039e+00 3.987371325492858887e-01 -3.753858804702758789e+00
-6.018859744071960449e-01 1.919591426849365234e+00 5.979789257049560547e+00 3.532619953155517578e+00 -6.927649974822998047e-01 -6.790750980377197266e+00 -2.159776449203491211e+00 2.982199668884277344e+00 4.144237995147705078e+00 -2.787957191467285156e+00 2.668369531631469727e+00 2.624869346618652344e+00 2.571973085403442383e+00 -2.859777688980102539e+00 -5.218651294708251953e+00
-1.081340909004211426e+00 3.316036462783813477e+00 3.760337829589843750e+00 -2.703698158264160156e+00 -2.064265251159667969e+00 -6.390394210815429688e+00 -1.901211500167846680e+00 2.969303131103515625e+00 5.282441973686218262e-01 -2.357517957687377930e+00 7.027155876159667969e+00 2.295630216598510742e+00 2.505690336227416992e+00 -2.838936090469360352e+00 1.786805987358093262e+00
-1.982777237892150879e+00 -8.535424470901489258e-01 8.094492912292480469e+00 2.063146829605102539e+00 -2.930274009704589844e+00 -5.510438919067382812e+00 3.778423368930816650e-01 3.515228033065795898e+00 5.001023292541503906e+00 -5.557369589805603027e-01 2.992921829223632812e+00 -4.395693302154541016e+00 2.558979272842407227e+00 -2.762815713882446289e+00 1.136665225028991699e+00
-1.916731476783752441e+00 -5.150257349014282227e-01 7.957987785339355469e+00 2.485573530197143555e+00 -2.793154954910278320e+00 -6.805032730102539062e+00 -1.450008749961853027e+00 4.053143501281738281e+00 3.044910192489624023e+00 -3.639888286590576172e+00 4.086370468139648438e+00 -4.607187747955322266e+00 2.391524314880371094e+00 -2.736134290695190430e+00 2.456746339797973633e+00
-2.573892354965209961e+00 -1.828215479850769043e+00 7.451620101928710938e+00 1.590693235397338867e+00 -4.082744121551513672e+00 -7.277533531188964844e+00 -6.554636359214782715e-02 4.866111755371093750e+00 3.495692968368530273e+00 -2.116661071777343750e+00 3.070320367813110352e+00 -5.066862583160400391e+00 2.326590776443481445e+00 -3.758285284042358398e+00 1.238499522209167480e+00
-3.154547929763793945e+00 5.892382621765136719e+00 5.265892505645751953e+00 4.439303874969482422e-01 -2.124099880456924438e-01 -5.180636882781982422e+00 5.953228950500488281e+00 9.420639038085937500e+00 2.345470666885375977e+00 2.072884440422058105e-01 5.215898990631103516e+00 -1.689910650253295898e+00 -4.374608516693115234e+00 -1.812120229005813599e-01 1.154804110527038574e+00
-4.269745826721191406e+00 -3.528773546218872070e+00 6.811755657196044922e+00 1.721710443496704102e+00 -6.178001880645751953e+00 -9.936206817626953125e+00 1.670235037803649902e+00 4.035987377166748047e+00 3.710967302322387695e+00 -4.202473163604736328e+00 2.129189252853393555e+00 -3.671789884567260742e+00 3.274616599082946777e-02 -3.814629077911376953e+00 2.199305534362792969e+00
