-7.898113727569580078e+00 1.001316308975219727e+00 -4.678643643856048584e-01 4.492743015289306641e+00 -2.328334450721740723e-01 -2.509055376052856445e+00 -6.042350769042968750e+00 -9.164810180664062500e-01 -7.572613358497619629e-01 4.047161102294921875e+00 2.088098526000976562e+00 6.783744692802429199e-01 -9.075764417648315430e-01 -1.875636100769042969e+00 2.487869262695312500e+00
-3.484713315963745117e+00 -4.462082386016845703e+00 6.281452178955078125e+00 2.411961078643798828e+00 1.504349231719970703e+00 1.827240586280822754e+00 -6.380982398986816406e+00 -5.703808307647705078e+00 2.592968344688415527e-01 1.070300459861755371e+00 -1.885386347770690918e+00 1.479395389556884766e+00 -3.630106210708618164e+00 9.137634038925170898e-01 7.747366428375244141e-01
-7.425541877746582031e+00 1.649892091751098633e+00 -1.429084181785583496e+00 3.659931659698486328e+00 -1.842786073684692383e+00 -2.554819822311401367e+00 -5.612224102020263672e+00 -2.740771770477294922e-01 -8.046227097511291504e-01 3.056624174118041992e+00 2.091243505477905273e+00 8.327729105949401855e-01 -1.232707977294921875e+00 -3.713480472564697266e+00 1.904633164405822754e+00
-8.569592475891113281e+00 7.898327112197875977e-01 -9.407968521118164062e-01 3.445279359817504883e+00 -6.437468528747558594e-01 -1.192423224449157715e+00 -6.838648796081542969e+00 -1.342615604400634766e+00 -1.660762786865234375e+00 3.538250446319580078e+00 2.193207502365112305e+00 1.300409555435180664e+00 -5.995780825614929199e-01 -2.983860015869140625e+00 1.714130282402038574e+00
-6.239439487457275391e+00 1.912438869476318359e+00 4.647393226623535156e+00 2.950106859207153320e+00 -1.411898851394653320e+00 6.631272315979003906e+00 -4.002001762390136719e+00 -4.735847949981689453e+00 -1.575040817260742188e+00 4.266423702239990234e+00 -7.006497383117675781e+00 2.251720428466796875e+00 -6.410528659820556641e+00 -4.010272026062011719e+00 7.446345090866088867e-01
-5.445775985717773438e+00 -3.665587902069091797e+00 1.012638807296752930e+00 3.885646343231201172e+00 -1.328972339630126953e+00 -5.695446208119392395e-02 -6.638551354408264160e-01 -6.503456592559814453e+00 1.530086874961853027e+00 2.751935243606567383e+00 2.984139204025268555e+00 3.822574913501739502e-01 -2.483536303043365479e-01 -3.318001270294189453e+00 -1.706537842750549316e+00
-7.542176246643066406e+00 1.626353502273559570e+00 -1.865019917488098145e+00 3.826655149459838867e+00 8.536623716354370117e-01 -2.294888496398925781e+00 -7.804193496704101562e+00 -1.980316758155822754e+00 -1.043663263320922852e+00 3.618705511093139648e+00 3.849633455276489258e+00 1.247181653976440430e+00 -3.321314811706542969e+00 -1.666942596435546875e+00 1.898994088172912598e+00
-3.223666429519653320e+00 1.467474699020385742e+00 -1.617881417274475098e+00 2.533047914505004883e+00 -8.955930471420288086e-01 -8.986289799213409424e-02 -4.025424957275390625e+00 -3.891309499740600586e+00 -1.770906746387481689e-01 -5.892158031463623047e+00 -3.062325239181518555e+00 3.199153900146484375e+00 -2.136298656463623047e+00 -2.557735443115234375e+00 -2.941553592681884766e+00
-4.725319385528564453e+00 -3.762948036193847656e+00 3.715905666351318359e+00 2.766587734222412109e+00 1.561710834503173828e-01 2.124142169952392578e+00 -5.767742156982421875e+00 -4.773092746734619141e+00 1.683068633079528809e+00 1.091814756393432617e+00 -1.935925126075744629e+00 2.486804485321044922e+00 -2.365498542785644531e+00 1.128895878791809082e-01 -1.573727130889892578e+00
-3.748589754104614258e+00 -3.270736217498779297e+00 3.873428344726562500e+00 3.177252531051635742e+00 -9.294146895408630371e-01 1.499381422996520996e+00 -5.559402465820312500e+00 -4.623762607574462891e+00 1.971436500549316406e+00 1.126957893371582031e+00 -2.590544462203979492e+00 3.859811305999755859e+00 -4.251419305801391602e-01 1.393833756446838379e-01 -1.671070337295532227e+00
-4.832676887512207031e+00 8.669968843460083008e-01 -6.692559719085693359e-01 2.622036933898925781e+00 -1.147778034210205078e+00 3.812628090381622314e-01 -2.992248296737670898e+00 -3.152118682861328125e+00 -1.970227360725402832e+00 -4.780795574188232422e+00 -1.978837251663208008e+00 1.715794563293457031e+00 -3.876700162887573242e+00 -1.815879344940185547e+00 -2.497452497482299805e+00
-6.542222976684570312e+00 1.137974262237548828e+00 3.193639814853668213e-01 2.242078542709350586e+00 7.108259797096252441e-01 -3.182271718978881836e+00 -8.177144050598144531e+00 4.490342140197753906e-01 -1.983417868614196777e+00 2.880394458770751953e+00 3.919759988784790039e+00 2.350342720746994019e-01 -1.116055846214294434e+00 -2.859045267105102539e+00 4.514980792999267578e+00
-1.846156120300292969e+00 6.940414428710937500e+00 4.528903067111968994e-01 6.516615390777587891e+00 -2.824918746948242188e+00 1.174634337425231934e+00 -2.182635307312011719e+00 -4.785578727722167969e+00 4.934487819671630859e+00 2.327866315841674805e+00 1.128335952758789062e+00 6.024823784828186035e-01 -1.694003343582153320e+00 -8.771796822547912598e-01 3.486775159835815430e-01
-3.459104061126708984e+00 -3.242102146148681641e+00 3.205574989318847656e+00 7.940453290939331055e-01 -6.186019778251647949e-01 5.498083829879760742e-01 -6.865076065063476562e+00 -5.060311794281005859e+00 1.490576148033142090e+00 1.542783975601196289e+00 -9.861204624176025391e-01 3.928091764450073242e+00 -2.320529937744140625e+00 3.787124529480934143e-02 -1.041666030883789062e+00
-7.118350028991699219e+00 9.520258903503417969e-01 -9.985853433609008789e-01 2.921752929687500000e+00 2.683594465255737305e+00 -4.977739810943603516e+00 -7.503670692443847656e+00 -1.790781378746032715e+00 -2.512382745742797852e+00 2.199654817581176758e+00 5.665354728698730469e+00 -8.997811675071716309e-01 -3.666018247604370117e+00 -2.971555471420288086e+00 5.424877643585205078e+00
-1.374863743782043457e+00 1.691944360733032227e+00 2.272529125213623047e+00 1.864207744598388672e+00 -3.533958196640014648e+00 -3.852926254272460938e+00 -3.736458063125610352e+00 -2.978676557540893555e+00 5.953949317336082458e-02 5.322996139526367188e+00 -6.750453710556030273e-01 -2.583766460418701172e+00 -2.369697093963623047e-01 -2.350198030471801758e+00 -1.752036660909652710e-01
-5.882580280303955078e+00 -9.308696985244750977e-01 -1.994239449501037598e+00 7.264401912689208984e+00 -2.620701313018798828e+00 3.750922441482543945e+00 -6.915163040161132812e+00 -6.839476108551025391e+00 -1.316564440727233887e+00 -1.274190068244934082e+00 -6.576101183891296387e-01 -3.344161212444305420e-01 2.152221679687500000e+00 -2.344746589660644531e+00 -5.865396261215209961e-01
-2.991162061691284180e+00 5.309357166290283203e+00 -2.035939216613769531e+00 5.050004959106445312e+00 -3.728164911270141602e+00 5.349429845809936523e-01 -2.595537424087524414e+00 -4.449365615844726562e+00 5.075971603393554688e+00 2.334654331207275391e+00 1.052913516759872437e-01 2.724045753479003906e+00 -1.771343126893043518e-02 -2.388022899627685547e+00 9.742347002029418945e-01
-4.270747184753417969e+00 1.813164472579956055e+00 -1.078669548034667969e+00 1.439522862434387207e+00 -1.251921772956848145e+00 1.100925654172897339e-01 -4.925031661987304688e+00 -3.121844291687011719e+00 -3.378779292106628418e-01 -6.632194042205810547e+00 -2.259842157363891602e+00 2.545926570892333984e+00 -3.053932428359985352e+00 -3.252285242080688477e+00 -1.816072583198547363e+00
-2.796056032180786133e+00 5.068852901458740234e+00 -2.023957967758178711e+00 4.647646427154541016e+00 -3.918110132217407227e+00 1.190772175788879395e+00 -3.664494037628173828e+00 -5.724104404449462891e+00 4.582410335540771484e+00 3.235250949859619141e+00 8.266548812389373779e-02 3.068257331848144531e+00 -1.944123148918151855e+00 -1.839752078056335449e+00 1.569083809852600098e+00
-5.732405185699462891e+00 -1.486476182937622070e+00 5.325474739074707031e+00 -1.024764299392700195e+00 -1.701357364654541016e-01 1.522723078727722168e+00 -3.327455759048461914e+00 -1.134619593620300293e+00 3.995285749435424805e+00 2.947534084320068359e+00 -1.528095364570617676e+00 1.243870705366134644e-01 -9.189104437828063965e-01 -7.638623237609863281e+00 9.338276863098144531e+00
-5.279668331146240234e+00 2.898924589157104492e+00 -1.551691055297851562e+00 1.883363962173461914e+00 -4.741274833679199219e+00 5.610888481140136719e+00 -2.156756162643432617e+00 -9.616181373596191406e+00 -5.969038605690002441e-01 3.798224925994873047e+00 -7.253718376159667969e-01 -1.684241890907287598e+00 -1.331636667251586914e+00 7.586030364036560059e-01 5.523253917694091797e+00
-4.032464504241943359e+00 2.624090671539306641e+00 -8.175906538963317871e-01 -9.135836958885192871e-01 -9.209362268447875977e-01 -4.631403923034667969e+00 -6.680010318756103516e+00 -4.001054763793945312e+00 2.763123989105224609e+00 -1.170854687690734863e+00 2.289238929748535156e+00 8.390277028083801270e-01 4.826222896575927734e+00 -1.807690262794494629e+00 6.134246349334716797e+00
-2.899166345596313477e+00 -1.530506849288940430e+00 4.525734901428222656e+00 1.223703980445861816e+00 9.824061393737792969e-02 -2.696975767612457275e-01 -6.595231056213378906e+00 -4.729221820831298828e+00 1.422206282615661621e+00 -1.461380571126937866e-01 -1.080489039421081543e+00 3.428992748260498047e+00 -2.771713256835937500e+00 1.162026882171630859e+00 -1.010171890258789062e+00
-3.169147253036499023e+00 2.056896209716796875e+00 -4.096079766750335693e-01 9.741551876068115234e-01 -1.400792598724365234e-01 2.918504774570465088e-01 -3.313732624053955078e+00 -3.371079921722412109e+00 -1.002492904663085938e+00 -5.081472873687744141e+00 -2.677054166793823242e+00 3.791502714157104492e+00 -4.056091785430908203e+00 -2.379090070724487305e+00 -2.482935190200805664e+00
-4.936666011810302734e+00 1.207130432128906250e+00 -3.774640262126922607e-01 2.050673484802246094e+00 1.219838857650756836e-01 8.326508402824401855e-01 -3.348609924316406250e+00 -3.560043811798095703e+00 -1.474038243293762207e+00 -4.835080623626708984e+00 -1.910232305526733398e+00 3.334293842315673828e+00 -4.482468128204345703e+00 -1.917057156562805176e+00 -1.816747546195983887e+00
-8.353871345520019531e+00 2.217963218688964844e+00 4.340383112430572510e-01 4.996262073516845703e+00 -2.320405244827270508e+00 -1.855995804071426392e-01 -8.125339508056640625e+00 -2.622811794281005859e-01 -2.180781602859497070e+00 4.175323009490966797e+00 -6.104607507586479187e-02 4.977060854434967041e-01 -6.147527098655700684e-01 -4.785022735595703125e+00 2.011044740676879883e+00
-1.148508638143539429e-01 4.186012595891952515e-02 2.851576805114746094e+00 1.132680296897888184e+00 -3.418973207473754883e+00 -2.768533706665039062e+00 -7.280070304870605469e+00 -2.970789194107055664e+00 7.402533292770385742e-02 4.774951457977294922e+00 -1.549034476280212402e+00 -2.588916778564453125e+00 -1.506487727165222168e-01 -2.845225334167480469e+00 1.594761252403259277e+00
-7.287668704986572266e+00 1.729876399040222168e+00 -8.267544507980346680e-01 4.782778263092041016e+00 2.102105617523193359e-01 -1.548308014869689941e+00 -5.865509510040283203e+00 -2.368635177612304688e+00 -1.473595380783081055e+00 4.738321304321289062e+00 1.145431518554687500e+00 1.659008860588073730e+00 -2.141375243663787842e-01 -1.957392692565917969e+00 8.659912347793579102e-01
-1.469213843345642090e+00 1.538707375526428223e+00 -8.572044372558593750e-01 1.446026444435119629e+00 -4.650834560394287109e+00 -3.267389059066772461e+00 -3.704208374023437500e+00 -3.258632421493530273e+00 1.616479396820068359e+00 5.230645656585693359e+00 4.305087327957153320e-01 -2.557656288146972656e+00 6.370306611061096191e-01 -1.007191538810729980e+00 8.594585210084915161e-02
-2.161140680313110352e+00 6.284540176391601562e+00 -6.377151608467102051e-01 5.557255744934082031e+00 -2.196950674057006836e+00 7.860006093978881836e-01 -3.338478803634643555e+00 -4.841069221496582031e+00 4.427402019500732422e+00 2.998331069946289062e+00 -5.759166479110717773e-01 3.239017248153686523e+00 -1.416831731796264648e+00 -2.157922744750976562e+00 -2.731977701187133789e-01
-2.841008901596069336e-01 2.144534587860107422e+00 1.587272644042968750e+00 1.704170346260070801e+00 -4.625966072082519531e+00 -2.168867111206054688e+00 -5.226331710815429688e+00 -3.111597061157226562e+00 1.923997998237609863e-01 4.778063297271728516e+00 2.076543420553207397e-01 -2.046525478363037109e+00 1.862344264984130859e+00 -1.169223070144653320e+00 -9.034399986267089844e-01
-2.371003150939941406e+00 2.924439907073974609e+00 -2.977501630783081055e+00 -1.102292299270629883e+00 5.099449157714843750e+00 1.753051519393920898e+00 -7.241190433502197266e+00 -7.871085166931152344e+00 -1.940575242042541504e-01 4.364399015903472900e-01 4.484723880887031555e-02 1.089402794837951660e+00 -7.452608585357666016e+00 -3.256263732910156250e+00 4.089712142944335938e+00
-7.664078712463378906e+00 7.218172550201416016e-01 -8.928357362747192383e-01 3.478123903274536133e+00 -2.890847921371459961e-01 -2.181509494781494141e+00 -6.312272071838378906e+00 -1.437240123748779297e+00 -9.755759835243225098e-01 4.262951850891113281e+00 2.010879516601562500e+00 2.028660535812377930e+00 -2.215329170227050781e+00 -2.694688558578491211e+00 1.955326318740844727e+00
-5.343030691146850586e-01 7.393354415893554688e+00 -1.812606751918792725e-01 4.459340095520019531e+00 -1.658793687820434570e+00 9.581903219223022461e-01 -4.774168968200683594e+00 -5.072263717651367188e+00 5.703557491302490234e+00 1.539147615432739258e+00 -3.955361247062683105e-01 3.121197938919067383e+00 -2.252716302871704102e+00 -1.738845705986022949e+00 1.199143767356872559e+00
-8.130413055419921875e+00 2.432771444320678711e+00 -8.637807369232177734e-01 4.640132904052734375e+00 -1.711878418922424316e+00 -9.507344961166381836e-01 -6.360375404357910156e+00 -9.508500099182128906e-01 -1.514141440391540527e+00 4.842667102813720703e+00 1.088989377021789551e+00 8.859968781471252441e-01 -1.793522834777832031e+00 -2.949046611785888672e+00 3.788095712661743164e-01
-5.804340839385986328e-01 -3.502213478088378906e+00 -3.088514506816864014e-01 5.947909832000732422e+00 2.291674375534057617e+00 -2.999305725097656250e+00 -4.431129097938537598e-01 -7.427453517913818359e+00 2.730694532394409180e+00 3.133048772811889648e+00 -1.631811499595642090e+00 3.589060068130493164e+00 -7.074839621782302856e-02 -8.389382362365722656e-01 7.987166881561279297e+00
-4.787747859954833984e+00 -5.082745552062988281e-01 -2.318112373352050781e+00 6.064628124237060547e+00 -1.470247030258178711e+00 4.138859272003173828e+00 -8.004779815673828125e+00 -7.652738571166992188e+00 -1.754657983779907227e+00 6.523003429174423218e-02 -1.400216221809387207e+00 2.117143154144287109e+00 2.027474880218505859e+00 -1.829742074012756348e+00 -1.575072854757308960e-01
1.262487322092056274e-01 4.554238617420196533e-01 1.290925860404968262e+00 2.607481002807617188e+00 -2.598400831222534180e+00 -2.167648792266845703e+00 -7.627178668975830078e+00 -4.791742801666259766e+00 4.582064747810363770e-01 5.470372676849365234e+00 2.181262016296386719e+00 -5.491076469421386719e+00 -1.621040582656860352e+00 -4.021115303039550781e-01 1.583440661430358887e+00
-2.988922357559204102e+00 7.065104961395263672e+00 -6.690462827682495117e-01 4.224321842193603516e+00 -1.959406733512878418e+00 9.522756338119506836e-01 -3.375588655471801758e+00 -4.899765491485595703e+00 4.439433097839355469e+00 1.032042145729064941e+00 -7.389374375343322754e-01 2.665673732757568359e+00 -2.579710483551025391e+00 -2.604018449783325195e+00 2.624461174011230469e+00
-8.114194869995117188e-01 2.437875986099243164e+00 1.998818993568420410e+00 1.249836087226867676e+00 -3.094824075698852539e+00 -3.479562997817993164e+00 -6.709435939788818359e+00 -3.931243419647216797e+00 4.218553900718688965e-01 4.859046459197998047e+00 6.317961029708385468e-03 -5.404944896697998047e+00 4.414806962013244629e-01 -1.780709981918334961e+00 2.322407245635986328e+00
-7.635661602020263672e+00 9.758036136627197266e-01 5.647896528244018555e-01 3.794166088104248047e+00 -8.505797386169433594e-02 -2.479078769683837891e+00 -6.451569080352783203e+00 3.882050514221191406e-01 -1.277657270431518555e+00 3.503139972686767578e+00 2.216596364974975586e+00 1.781782358884811401e-01 9.095192551612854004e-01 -2.940047979354858398e+00 1.933387875556945801e+00
-3.980551958084106445e+00 -4.105930328369140625e+00 4.588423728942871094e+00 2.534839630126953125e+00 -1.588163375854492188e-01 2.199685573577880859e+00 -6.241675853729248047e+00 -4.974726200103759766e+00 -1.627193093299865723e-01 2.110978364944458008e+00 -3.325157165527343750e+00 4.431324958801269531e+00 -2.026855468750000000e+00 -2.215098962187767029e-02 -2.049592584371566772e-01
-7.778805255889892578e+00 1.173551797866821289e+00 -1.724559426307678223e+00 4.346031665802001953e+00 -1.950144395232200623e-02 -1.719123244285583496e+00 -6.525104522705078125e+00 -1.370384693145751953e+00 -2.005668401718139648e+00 3.559671878814697266e+00 3.118234395980834961e+00 4.726741611957550049e-01 -1.249080777168273926e+00 -2.485413551330566406e+00 2.868188619613647461e+00
4.362157583236694336e-01 4.956911563873291016e+00 3.291162103414535522e-02 -6.979662179946899414e-01 -2.961605548858642578e+00 7.053239643573760986e-02 -6.711238384246826172e+00 -3.276083230972290039e+00 2.475847005844116211e+00 -4.656693458557128906e+00 -4.106595993041992188e+00 -1.049906730651855469e+00 -1.585734128952026367e+00 -2.036942481994628906e+00 -1.367320656776428223e+00
-5.620868206024169922e+00 -1.000358819961547852e+00 -1.066781163215637207e+00 5.971991062164306641e+00 -1.305237770080566406e+00 4.575483322143554688e+00 -6.030063152313232422e+00 -6.018555641174316406e+00 -3.277138471603393555e+00 -1.005095601081848145e+00 -2.371411174535751343e-01 1.091040611267089844e+00 1.340875744819641113e+00 -1.538753867149353027e+00 1.768316179513931274e-01
-2.510214805603027344e+00 -2.036590337753295898e+00 9.029021114110946655e-02 6.404511451721191406e+00 -1.513122320175170898e-01 -1.555025935173034668e+00 -1.428450703620910645e+00 -4.825553417205810547e+00 1.350321173667907715e+00 3.044014692306518555e+00 -3.729612112045288086e+00 4.632879257202148438e+00 1.932603359222412109e+00 -1.724212288856506348e+00 4.108907699584960938e+00
-6.604501247406005859e+00 1.953153610229492188e+00 3.663344144821166992e+00 3.823612213134765625e+00 -3.579378128051757812e-01 5.279702186584472656e+00 -6.555361747741699219e+00 -4.885672092437744141e+00 -1.805469393730163574e+00 3.963240146636962891e+00 -5.833647727966308594e+00 2.284300327301025391e+00 -6.487250804901123047e+00 -4.088310241699218750e+00 -5.934964418411254883e-01
-1.473723500967025757e-01 2.356294155120849609e+00 -1.317699432373046875e+00 1.904718160629272461e+00 -4.395052909851074219e+00 -3.009226322174072266e+00 -5.014226913452148438e+00 -4.992352962493896484e+00 9.134013056755065918e-01 5.301805973052978516e+00 -2.881478071212768555e-01 -1.138323664665222168e+00 1.243033289909362793e+00 -1.028874635696411133e+00 -1.132728934288024902e+00
-2.296090364456176758e+00 -1.448892474174499512e+00 -1.466087698936462402e+00 5.810297012329101562e+00 -1.308963537216186523e+00 -1.359967947006225586e+00 -2.574408769607543945e+00 -6.948356628417968750e+00 1.525563597679138184e+00 3.342045783996582031e+00 -2.511838912963867188e+00 4.333232402801513672e+00 2.698758125305175781e+00 -1.065234661102294922e+00 3.369380950927734375e+00
-8.204356193542480469e+00 1.451868534088134766e+00 1.914489626884460449e+00 2.998588800430297852e+00 4.680836573243141174e-02 -1.119102001190185547e+00 -8.714284896850585938e+00 7.072753906250000000e-01 -3.652888536453247070e+00 3.109179019927978516e+00 1.440048813819885254e+00 -5.869075655937194824e-01 -2.584895849227905273e+00 -5.100649833679199219e+00 5.035947322845458984e+00
-3.086773157119750977e-01 2.883910894393920898e+00 2.805085182189941406e+00 -1.187509536743164062e+00 -3.071265935897827148e+00 2.783061027526855469e+00 -1.030786514282226562e+01 -5.340683937072753906e+00 -9.177888631820678711e-01 -4.955501556396484375e+00 -6.715969085693359375e+00 -4.828072547912597656e+00 -5.232505321502685547e+00 -3.124730348587036133e+00 3.736952304840087891e+00
-9.086051940917968750e+00 1.316540718078613281e+00 -1.739869832992553711e+00 3.642392635345458984e+00 -4.885175228118896484e-01 -2.672188580036163330e-01 -7.969548702239990234e+00 -2.488479614257812500e+00 -1.819300770759582520e+00 4.139024257659912109e+00 2.236122846603393555e+00 4.780153557658195496e-02 -2.167798042297363281e+00 -2.010465621948242188e+00 2.212125062942504883e+00
-1.438287615776062012e+00 4.067280769348144531e+00 -2.324144840240478516e+00 -7.189174890518188477e-01 5.719508647918701172e+00 6.385031342506408691e-01 -6.993391990661621094e+00 -7.485678195953369141e+00 1.881665706634521484e+00 1.671600699424743652e+00 1.291343569755554199e+00 1.972573161125183105e+00 -5.725069999694824219e+00 -4.836981773376464844e+00 9.444595575332641602e-01
-7.651183605194091797e+00 1.975262165069580078e+00 -3.050565242767333984e+00 1.445688247680664062e+00 -4.969477280974388123e-02 3.323723971843719482e-01 -4.621230125427246094e+00 -1.019475555419921875e+01 -3.715426102280616760e-02 -1.013058200478553772e-01 -5.717678666114807129e-01 1.463649630546569824e+00 -1.140798211097717285e+00 -7.023292541503906250e+00 1.878218531608581543e+00
-5.035208702087402344e+00 -2.530105590820312500e+00 -5.992286801338195801e-01 3.818789958953857422e+00 -1.789567589759826660e+00 -3.213427960872650146e-01 -6.759646534919738770e-01 -5.167173862457275391e+00 3.400843381881713867e+00 2.688352346420288086e+00 2.715365171432495117e+00 1.371074914932250977e+00 2.416121959686279297e-01 -3.573005676269531250e+00 -1.229515433311462402e+00
-3.370430707931518555e+00 6.108929634094238281e+00 -2.069069862365722656e+00 4.973127365112304688e+00 -1.632834434509277344e+00 2.353672981262207031e+00 -2.281002759933471680e+00 -5.835330963134765625e+00 5.288692951202392578e+00 2.163820028305053711e+00 5.568054914474487305e-01 2.692955970764160156e+00 -3.132362127304077148e+00 -1.666051149368286133e+00 1.246764779090881348e+00
-6.681563377380371094e+00 7.307479381561279297e-01 -3.148354530334472656e+00 -4.976627975702285767e-02 6.960725784301757812e-01 3.341764509677886963e-01 -3.737943172454833984e+00 -9.613394737243652344e+00 1.558959245681762695e+00 5.987943410873413086e-01 -9.754671454429626465e-01 1.130224466323852539e+00 -7.291861176490783691e-01 -7.251724720001220703e+00 2.453799724578857422e+00
9.641014337539672852e-01 1.277146220207214355e+00 2.098930835723876953e+00 2.793071031570434570e+00 -4.287293434143066406e+00 -2.331776857376098633e+00 -6.349775791168212891e+00 -3.703361034393310547e+00 1.355223774909973145e+00 4.553936481475830078e+00 5.008815601468086243e-02 -4.290885925292968750e+00 1.258753538131713867e+00 -2.118879556655883789e+00 2.901746034622192383e-01
-2.917125463485717773e+00 -4.131444454193115234e+00 3.562697410583496094e+00 2.480611801147460938e+00 4.916155338287353516e-01 9.811635017395019531e-01 -4.783838748931884766e+00 -6.486105918884277344e+00 9.922494292259216309e-01 1.806881427764892578e+00 -1.340996980667114258e+00 2.278266668319702148e+00 -2.204585790634155273e+00 2.255876064300537109e+00 -5.295486450195312500e-01
-3.657124996185302734e+00 7.774710655212402344e+00 4.816609919071197510e-01 5.989897251129150391e+00 -2.169106721878051758e+00 2.328501701354980469e+00 -3.580033779144287109e+00 -3.937578439712524414e+00 3.088109254837036133e+00 1.098644971847534180e+00 -1.085042476654052734e+00 1.045741289854049683e-01 -4.988887786865234375e+00 -3.772129058837890625e+00 3.457268238067626953e+00
-3.952695608139038086e+00 2.227970361709594727e+00 -1.706557869911193848e+00 2.536844015121459961e+00 -8.337026834487915039e-01 4.600414931774139404e-01 -3.343085050582885742e+00 -3.363499641418457031e+00 6.774804592132568359e-01 -5.000021934509277344e+00 -1.954641461372375488e+00 3.337900400161743164e+00 -1.771852970123291016e+00 -7.818959951400756836e-01 -4.221823692321777344e+00
-1.467856526374816895e+00 3.069216966629028320e+00 -1.403844237327575684e+00 5.150001049041748047e-01 -4.238127231597900391e+00 -1.824963837862014771e-01 -6.160892009735107422e+00 -3.573632955551147461e+00 2.324384689331054688e+00 -3.089975595474243164e+00 -4.627489566802978516e+00 -1.487437039613723755e-01 2.560203894972801208e-02 -2.428976535797119141e+00 -2.762408971786499023e+00
-2.429829835891723633e+00 5.888577938079833984e+00 3.587611615657806396e-01 6.073323726654052734e+00 -3.404669284820556641e+00 1.620037794113159180e+00 -2.291145563125610352e+00 -4.080186367034912109e+00 3.507206678390502930e+00 1.817593455314636230e+00 -1.417734980583190918e+00 1.613915324211120605e+00 -1.366134405136108398e+00 -1.638065218925476074e+00 1.003699660301208496e+00
-8.991799354553222656e+00 1.326339721679687500e+00 -6.122125387191772461e-01 3.975360870361328125e+00 -2.244746685028076172e-01 -1.799531340599060059e+00 -6.897906303405761719e+00 -1.293275833129882812e+00 -2.754774332046508789e+00 4.119777202606201172e+00 1.934666156768798828e+00 3.734109699726104736e-01 -2.027563333511352539e+00 -2.774069309234619141e+00 2.592317581176757812e+00
-6.448576450347900391e+00 2.656544446945190430e+00 -6.796997189521789551e-01 2.506349563598632812e+00 -5.265974998474121094e+00 5.618637084960937500e+00 -1.892998337745666504e+00 -5.526072978973388672e+00 -2.944811105728149414e+00 3.073327064514160156e+00 -1.290602922439575195e+00 -7.658854126930236816e-01 -2.210108041763305664e-01 -4.088278412818908691e-01 4.270466804504394531e+00
-4.716802120208740234e+00 -3.707103252410888672e+00 1.167150735855102539e+00 2.467571496963500977e+00 1.411892771720886230e-01 -6.362574696540832520e-01 2.922786772251129150e-02 -7.428051471710205078e+00 1.606340885162353516e+00 3.495049953460693359e+00 3.842142343521118164e+00 1.726801842451095581e-01 -1.569632768630981445e+00 -5.007704257965087891e+00 -1.064244434237480164e-01
1.594850182533264160e+00 1.825630187988281250e+00 2.865641355514526367e+00 1.770982503890991211e+00 -2.493195533752441406e+00 -4.485718250274658203e+00 -5.466891288757324219e+00 -2.618664503097534180e+00 1.390445232391357422e+00 4.509119033813476562e+00 -4.362112283706665039e-01 -3.289832592010498047e+00 3.763702511787414551e-01 -3.351840019226074219e+00 1.666582971811294556e-01
1.188694953918457031e+00 1.741392850875854492e+00 1.662274479866027832e+00 1.338188767433166504e+00 -2.841049432754516602e+00 -2.732839822769165039e+00 -5.640764236450195312e+00 -4.038906574249267578e+00 2.263353466987609863e-01 5.419593334197998047e+00 2.504303455352783203e-01 -3.613749027252197266e+00 -4.288907647132873535e-01 -7.940458059310913086e-01 2.531249523162841797e-01
-6.116407871246337891e+00 2.061426162719726562e+00 -2.685008011758327484e-02 4.422040283679962158e-01 -3.847778558731079102e+00 5.487213134765625000e+00 -3.504267454147338867e+00 -8.640025138854980469e+00 -2.555766105651855469e+00 3.220722913742065430e+00 -1.806382179260253906e+00 -1.304808855056762695e+00 -3.817474603652954102e+00 -7.758858799934387207e-01 7.007752418518066406e+00
-6.840617179870605469e+00 9.930695295333862305e-01 -3.586601972579956055e+00 1.054491519927978516e+00 -1.698345065116882324e+00 9.269810914993286133e-01 -3.304168224334716797e+00 -8.336298942565917969e+00 9.504339098930358887e-01 3.388895094394683838e-01 -1.996751070022583008e+00 7.437072992324829102e-01 1.157926797866821289e+00 -6.880745887756347656e+00 1.383568644523620605e+00
-7.798384428024291992e-01 1.164790034294128418e+00 5.039384216070175171e-02 2.664131879806518555e+00 -4.066069126129150391e+00 -3.259754896163940430e+00 -4.858729839324951172e+00 -5.019890308380126953e+00 -7.943633198738098145e-01 5.330608844757080078e+00 8.221844434738159180e-01 -4.075701236724853516e+00 -1.680956602096557617e+00 -7.328590154647827148e-01 2.025330215692520142e-01
-1.788692593574523926e+00 3.438713550567626953e+00 -8.866001367568969727e-01 -6.836898326873779297e-01 -4.130699634552001953e+00 1.903799325227737427e-01 -7.136246681213378906e+00 -3.542646884918212891e+00 1.129030346870422363e+00 -3.085696697235107422e+00 -4.498353958129882812e+00 -2.164046317338943481e-01 -2.165410757064819336e+00 -3.061251163482666016e+00 -1.214317202568054199e+00
-3.228204250335693359e+00 -2.891372203826904297e+00 4.385797977447509766e+00 1.721039295196533203e+00 1.214193344116210938e+00 5.880985260009765625e-01 -8.515583038330078125e+00 -6.464587688446044922e+00 1.777668714523315430e+00 2.106151103973388672e+00 -1.545157551765441895e+00 3.264234304428100586e+00 -3.952272176742553711e+00 1.295046091079711914e+00 5.164740085601806641e-01
-6.223080635070800781e+00 -1.010747432708740234e+00 -8.219457231462001801e-03 5.130039691925048828e+00 -1.690957069396972656e+00 4.971094131469726562e+00 -8.215614318847656250e+00 -6.264950275421142578e+00 -3.799165248870849609e+00 -8.548682928085327148e-01 -9.674877524375915527e-01 -2.799945883452892303e-03 2.250556468963623047e+00 -2.627339839935302734e+00 1.376636862754821777e+00
-8.094827651977539062e+00 2.178003937005996704e-01 1.958607733249664307e-01 3.473991394042968750e+00 -7.966073751449584961e-01 -2.161209583282470703e+00 -5.639025688171386719e+00 1.998541355133056641e-01 -2.182030200958251953e+00 4.049357891082763672e+00 1.911036610603332520e+00 1.077651500701904297e+00 -9.145836830139160156e-01 -2.528254032135009766e+00 3.788531780242919922e+00
-4.656367778778076172e+00 1.705064535140991211e+00 -2.886762142181396484e+00 2.628051280975341797e+00 -1.813776373863220215e+00 -3.585690557956695557e-01 -4.303195953369140625e+00 -4.790561676025390625e+00 -1.287236690521240234e+00 -6.152355670928955078e+00 -5.772045850753784180e-01 1.868850708007812500e+00 -3.084774732589721680e+00 -4.244551658630371094e-01 -2.828460693359375000e+00
-5.734393596649169922e+00 -2.250279426574707031e+00 -1.989368081092834473e+00 5.273241519927978516e+00 2.234793901443481445e-01 4.956999778747558594e+00 -7.662289142608642578e+00 -6.491173744201660156e+00 -2.637162923812866211e+00 -1.634838104248046875e+00 -2.263379283249378204e-03 -6.818604469299316406e-01 1.057329773902893066e+00 -2.163341999053955078e+00 2.855221986770629883e+00
-3.053127050399780273e+00 -2.557301759719848633e+00 2.462257146835327148e+00 4.044142246246337891e+00 2.478363923728466034e-03 -1.264166712760925293e+00 3.340908288955688477e-01 -6.156197071075439453e+00 4.255110263824462891e+00 2.933026790618896484e+00 4.590026855468750000e+00 5.487044453620910645e-01 -8.528947234153747559e-01 -4.928289890289306641e+00 -3.579541444778442383e-01
-5.705072402954101562e+00 8.063638210296630859e-01 -1.711537122726440430e+00 2.155333757400512695e+00 5.750355720520019531e-01 3.402847349643707275e-01 -2.917323589324951172e+00 -3.500949144363403320e+00 -1.857516050338745117e+00 -5.303205490112304688e+00 -2.193981647491455078e+00 2.097259521484375000e+00 -6.265847206115722656e+00 -2.948981761932373047e+00 -8.662532567977905273e-01
-6.679111957550048828e+00 1.730005621910095215e+00 -6.581965684890747070e-01 3.524314641952514648e+00 -4.810236692428588867e-01 -3.275103330612182617e+00 -6.582548141479492188e+00 -3.275623321533203125e-01 -1.067155838012695312e+00 3.561308622360229492e+00 1.822776436805725098e+00 1.841578245162963867e+00 -2.126095056533813477e+00 -4.479204177856445312e+00 2.048954010009765625e+00
-2.415118932723999023e+00 5.598176479339599609e+00 -1.149367809295654297e+00 4.980780601501464844e+00 -2.313820600509643555e+00 1.566588640213012695e+00 -2.771994829177856445e+00 -5.023035526275634766e+00 5.814976215362548828e+00 1.663946628570556641e+00 -3.258650600910186768e-01 1.927569627761840820e+00 -5.545210242271423340e-01 -1.990873456001281738e+00 2.916199207305908203e+00
-2.479381322860717773e+00 2.702288627624511719e+00 -2.643741667270660400e-01 -8.614789247512817383e-01 -1.454638719558715820e+00 -4.845374107360839844e+00 -8.135931015014648438e+00 -4.432337284088134766e+00 3.215795040130615234e+00 -1.807938665151596069e-01 1.597656846046447754e+00 1.834089279174804688e+00 3.514942169189453125e+00 -1.105813264846801758e+00 4.515082836151123047e+00
-3.503682374954223633e+00 -2.279043436050415039e+00 3.970326900482177734e+00 3.160375595092773438e+00 -6.122531294822692871e-01 1.579818844795227051e+00 -5.811983108520507812e+00 -4.653593540191650391e+00 4.654254317283630371e-01 1.517413496971130371e+00 -1.646627187728881836e+00 2.920394420623779297e+00 -9.587323069572448730e-01 1.408032774925231934e+00 -1.461159348487854004e+00
-2.399482578039169312e-01 2.439584016799926758e+00 -1.116136685013771057e-01 5.876879692077636719e-01 -3.021210908889770508e+00 5.435627102851867676e-01 -6.812027454376220703e+00 -5.276737213134765625e+00 1.505035877227783203e+00 -4.188595294952392578e+00 -4.993023872375488281e+00 -1.873281478881835938e+00 2.320009097456932068e-02 -1.721158862113952637e+00 -1.400383472442626953e+00
-8.739148139953613281e+00 1.108124494552612305e+00 -6.718969438225030899e-03 4.483482837677001953e+00 -8.127213120460510254e-01 1.268616765737533569e-01 -6.346058845520019531e+00 -7.862830162048339844e-01 -1.268365144729614258e+00 5.188391208648681641e+00 6.022264361381530762e-01 1.567417383193969727e+00 -2.065169334411621094e+00 -2.914045095443725586e+00 1.976086020469665527e+00
-4.985836505889892578e+00 -2.420077562332153320e+00 -6.547633409500122070e-01 7.251602649688720703e+00 2.161226272583007812e-01 5.102287769317626953e+00 -7.491034507751464844e+00 -8.341417312622070312e+00 -3.607691049575805664e+00 -1.696063399314880371e+00 2.890011072158813477e-01 -7.253654599189758301e-01 1.545388340950012207e+00 -1.480178952217102051e+00 2.479103803634643555e+00
-2.913187742233276367e+00 2.393440961837768555e+00 -3.887098550796508789e+00 4.354323446750640869e-01 4.781854152679443359e+00 2.359256744384765625e+00 -5.904883384704589844e+00 -7.670611858367919922e+00 9.091582894325256348e-01 7.006834745407104492e-01 3.176741674542427063e-02 3.450932264328002930e+00 -4.070477962493896484e+00 -1.812928676605224609e+00 1.271159887313842773e+00
-4.275502204895019531e+00 -2.970200538635253906e+00 5.631373405456542969e+00 2.413863658905029297e+00 -2.952802181243896484e-01 1.611480355262756348e+00 -5.837827682495117188e+00 -4.816344738006591797e+00 -8.066236972808837891e-01 8.445897102355957031e-01 -1.950606346130371094e+00 1.890734791755676270e+00 -2.498745203018188477e+00 9.504927396774291992e-01 -1.554750371724367142e-02
-8.866005897521972656e+00 -3.555051982402801514e-01 -3.364150226116180420e-01 4.550021648406982422e+00 3.901943564414978027e-01 -2.087893962860107422e+00 -7.331874847412109375e+00 -1.300457239151000977e+00 -1.478631019592285156e+00 2.842224359512329102e+00 3.468524217605590820e+00 -1.816082835197448730e+00 -1.201285839080810547e+00 -2.858577489852905273e+00 4.814884185791015625e+00
-4.496964931488037109e+00 -1.413647651672363281e+00 -8.396698236465454102e-01 6.254721164703369141e+00 -5.908238887786865234e-01 5.074158668518066406e+00 -6.023525714874267578e+00 -6.231626510620117188e+00 -2.569496393203735352e+00 -1.934272289276123047e+00 -9.675341844558715820e-01 8.667619228363037109e-01 1.990842342376708984e+00 -1.337932944297790527e+00 1.272822767496109009e-01
-2.582837343215942383e-01 1.313937664031982422e+00 -2.517861723899841309e-01 1.875357627868652344e+00 -4.097995758056640625e+00 -4.007310867309570312e+00 -4.581265449523925781e+00 -3.797301054000854492e+00 5.623918175697326660e-01 3.786450386047363281e+00 -4.782090187072753906e-01 -1.473391056060791016e+00 8.665828108787536621e-01 -1.690994739532470703e+00 -4.504834413528442383e-01
-2.759294271469116211e+00 9.179170131683349609e-01 4.622914642095565796e-02 1.702092885971069336e+00 7.626063823699951172e-01 -2.210608273744583130e-01 -3.602906942367553711e+00 -3.983309507369995117e+00 -1.232477307319641113e+00 -5.294699192047119141e+00 -2.371945142745971680e+00 3.265568256378173828e+00 -4.479440689086914062e+00 -1.666262865066528320e+00 -1.845800399780273438e+00
-5.690041542053222656e+00 -8.100132942199707031e-01 5.590308666229248047e+00 -1.336916923522949219e+00 9.407287836074829102e-01 2.425802946090698242e+00 -4.672339439392089844e+00 -1.415208816528320312e+00 3.504337310791015625e+00 3.012189865112304688e+00 -8.815079331398010254e-01 -1.596782952547073364e-01 -1.313620209693908691e+00 -6.488009452819824219e+00 1.016525363922119141e+01
-9.615283012390136719e+00 1.127169251441955566e+00 -1.091799791902303696e-02 2.109758615493774414e+00 2.059893012046813965e-01 -9.398219585418701172e-01 -7.698008537292480469e+00 -6.619935035705566406e-01 -3.461287736892700195e+00 4.295376777648925781e+00 2.610544443130493164e+00 4.658314287662506104e-01 -4.822010517120361328e+00 -2.477958679199218750e+00 3.192012786865234375e+00
-3.888395547866821289e+00 -6.733629703521728516e-01 4.337198734283447266e+00 -1.467013239860534668e+00 9.566990733146667480e-01 1.547548055648803711e+00 -2.571186542510986328e+00 -1.979011297225952148e+00 6.148780345916748047e+00 4.078276157379150391e+00 -1.768688708543777466e-01 2.038492679595947266e+00 6.452688574790954590e-01 -6.230631351470947266e+00 8.321622848510742188e+00
-6.151584148406982422e+00 2.308091640472412109e+00 -1.062117457389831543e+00 1.187971591949462891e+00 -3.762660503387451172e+00 4.043671607971191406e+00 -3.013482809066772461e+00 -7.322241783142089844e+00 -1.797024846076965332e+00 2.774852275848388672e+00 -1.061267495155334473e+00 -5.718873739242553711e-01 -7.597966194152832031e-01 -8.423153162002563477e-01 7.517648220062255859e+00
-5.859639644622802734e+00 -4.195704460144042969e+00 -5.976624488830566406e-01 2.089304924011230469e+00 -1.913389682769775391e+00 -4.380132853984832764e-01 -1.511895775794982910e+00 -7.777920722961425781e+00 2.278833627700805664e+00 2.728658676147460938e+00 4.901396751403808594e+00 6.448777318000793457e-01 -1.150294780731201172e+00 -3.067787647247314453e+00 4.742088317871093750e-01
-4.981868267059326172e+00 -9.247081279754638672e-01 -6.675351858139038086e-01 5.502215385437011719e+00 -1.827302336692810059e+00 4.512129306793212891e+00 -6.810340404510498047e+00 -5.120435237884521484e+00 -1.806726932525634766e+00 -1.311899185180664062e+00 -2.027676343917846680e+00 1.846761465072631836e+00 2.212938070297241211e+00 -2.542246341705322266e+00 -5.738452672958374023e-01
-3.531290054321289062e+00 1.297477245330810547e+00 4.947647154331207275e-01 2.672179698944091797e+00 -5.889708995819091797e-01 8.954752683639526367e-01 -2.117039918899536133e+00 -1.816567420959472656e+00 -1.145454525947570801e+00 -5.649761199951171875e+00 -2.992347002029418945e+00 2.763085842132568359e+00 -2.045156478881835938e+00 -2.518743038177490234e+00 -3.097990036010742188e+00
