5.962885856628417969e+00 -1.616970002651214600e-01 -5.049030780792236328e+00 2.175864934921264648e+00 -3.966800689697265625e+00 -7.190510630607604980e-01 9.529354095458984375e+00 3.717641830444335938e+00 -6.114630222320556641e+00 -2.131297349929809570e+00 -2.697747945785522461e+00 1.312558054924011230e-01 1.684514403343200684e+00 -3.237416744232177734e+00 -7.284678459167480469e+00
-2.854753255844116211e+00 6.255150794982910156e+00 -1.086838436126708984e+01 -6.565694808959960938e+00 -8.532384872436523438e+00 -7.075389385223388672e+00 2.818881034851074219e+00 6.707346439361572266e+00 3.057440280914306641e+00 -2.063749313354492188e+00 4.677004337310791016e+00 4.207279205322265625e+00 2.582874298095703125e+00 6.413646697998046875e+00 7.595235705375671387e-01
5.462779521942138672e+00 -2.642879784107208252e-01 -4.621960639953613281e+00 1.911908030509948730e+00 -4.310219764709472656e+00 -1.081294059753417969e+00 8.941082000732421875e+00 2.470099449157714844e+00 -4.744863033294677734e+00 -1.944371938705444336e+00 -4.371195793151855469e+00 2.694791555404663086e-02 1.373755931854248047e+00 -2.696411848068237305e+00 -7.801263332366943359e+00
5.270114898681640625e+00 -1.602966189384460449e-01 -4.548483371734619141e+00 1.685152173042297363e+00 -3.934873580932617188e+00 -1.804440498352050781e+00 9.543798446655273438e+00 3.529050350189208984e+00 -4.521853923797607422e+00 -1.550470829010009766e+00 -3.028373241424560547e+00 7.027410864830017090e-01 1.311165690422058105e+00 -4.051112174987792969e+00 -7.534037113189697266e+00
-8.267614245414733887e-01 2.476500511169433594e+00 -8.114390373229980469e+00 -6.471550464630126953e-01 -3.982998609542846680e+00 -5.816296100616455078e+00 6.246506214141845703e+00 4.706874370574951172e+00 2.671154975891113281e+00 -4.905662536621093750e+00 -1.681409001350402832e+00 4.040608882904052734e+00 5.122754096984863281e+00 8.327118873596191406e+00 -2.617375612258911133e+00
1.410172343254089355e+00 3.839344263076782227e+00 -8.250979423522949219e+00 -2.360655367374420166e-01 -1.652354240417480469e+00 -6.499772071838378906e+00 7.111281394958496094e+00 2.748038768768310547e+00 -5.517651081085205078e+00 -6.675518035888671875e+00 4.869307041168212891e+00 6.981903076171875000e+00 4.971631050109863281e+00 2.011146306991577148e+00 -8.237963676452636719e+00
6.973133563995361328e+00 -3.179534375667572021e-01 -6.057769298553466797e+00 2.591602087020874023e+00 -4.878362655639648438e+00 -1.284017682075500488e+00 9.222465515136718750e+00 1.832509398460388184e+00 -6.289226055145263672e+00 -1.237949132919311523e+00 -3.548355817794799805e+00 9.033383727073669434e-01 7.356462478637695312e-01 -3.874750375747680664e+00 -7.339730739593505859e+00
1.903641104698181152e+00 -3.303549528121948242e+00 -2.938547849655151367e+00 -2.804048538208007812e+00 -6.212617874145507812e+00 -4.298763751983642578e+00 9.996085613965988159e-02 6.519080638885498047e+00 -3.260491371154785156e+00 1.163495540618896484e+00 -7.501222610473632812e+00 6.766669750213623047e+00 -2.255818128585815430e+00 4.368412494659423828e-01 4.516363739967346191e-01
-1.113770246505737305e+00 4.153982162475585938e+00 -7.055218219757080078e+00 -3.842464208602905273e+00 -6.459056377410888672e+00 -8.828598976135253906e+00 4.605738639831542969e+00 7.847836017608642578e+00 2.940323114395141602e+00 -1.995510220527648926e+00 4.595045089721679688e+00 4.178590774536132812e+00 3.336719036102294922e+00 5.889160633087158203e+00 5.374901890754699707e-01
-7.228621244430541992e-01 3.373576879501342773e+00 -5.818077564239501953e+00 -2.956249713897705078e+00 -5.223287105560302734e+00 -8.565124511718750000e+00 4.099502086639404297e+00 7.983570098876953125e+00 3.073367595672607422e+00 -2.474266767501831055e+00 5.918500900268554688e+00 3.951642513275146484e+00 3.418591737747192383e+00 5.768407821655273438e+00 2.390388846397399902e-01
1.627744078636169434e+00 -3.615126132965087891e+00 -2.684084653854370117e+00 -2.908373832702636719e+00 -5.961365222930908203e+00 -4.865219116210937500e+00 8.283452987670898438e-01 7.657237529754638672e+00 -4.578479290008544922e+00 1.121706724166870117e+00 -6.172350883483886719e+00 5.987738132476806641e+00 -2.347010135650634766e+00 3.256756365299224854e-01 -1.776322722434997559e-01
8.353331565856933594e+00 -5.903234481811523438e-01 -6.730166912078857422e+00 3.003046512603759766e+00 -4.654378890991210938e+00 -1.257768750190734863e+00 9.589685440063476562e+00 1.955861210823059082e+00 -4.421126842498779297e+00 -1.556711673736572266e+00 -3.074911355972290039e+00 1.611539721488952637e-01 1.523903608322143555e+00 -3.232659578323364258e+00 -7.479591846466064453e+00
4.197725772857666016e+00 4.037772655487060547e+00 -5.563986301422119141e+00 -8.730986714363098145e-01 -6.646721839904785156e+00 5.541222691535949707e-01 6.261047363281250000e+00 -2.058200120925903320e+00 -6.371715068817138672e+00 -8.256576538085937500e+00 -1.608342409133911133e+00 2.050137519836425781e+00 7.734178066253662109e+00 3.140120744705200195e+00 2.139464616775512695e+00
-1.153158783912658691e+00 4.453098773956298828e+00 -7.552150249481201172e+00 -4.051099777221679688e+00 -6.686202526092529297e+00 -8.811388969421386719e+00 4.634236335754394531e+00 7.803118705749511719e+00 2.730024337768554688e+00 -2.344278097152709961e+00 3.779317378997802734e+00 4.864984989166259766e+00 3.418577432632446289e+00 6.974449634552001953e+00 -6.688683032989501953e-01
1.015867328643798828e+01 -5.915372967720031738e-01 -9.224709510803222656e+00 3.744619369506835938e+00 -5.250585556030273438e+00 -2.329713821411132812e+00 1.085203933715820312e+01 2.175823926925659180e+00 -6.586584091186523438e+00 -2.900267362594604492e+00 -4.405571460723876953e+00 -2.460835576057434082e-01 1.327682495117187500e+00 -2.746767759323120117e+00 -6.489520072937011719e+00
4.282232284545898438e+00 1.547360062599182129e+00 -3.862512826919555664e+00 -4.372591495513916016e+00 -3.422870159149169922e+00 1.452155709266662598e+00 4.683263778686523438e+00 6.709461688995361328e+00 -3.383419036865234375e+00 -5.968439579010009766e+00 -5.079083442687988281e+00 2.835060954093933105e-01 1.739359378814697266e+00 -3.491412878036499023e+00 4.685828089714050293e-01
3.401967048645019531e+00 -1.493937134742736816e+00 -4.686333656311035156e+00 -4.164659678936004639e-01 -5.126473903656005859e+00 -7.490194320678710938e+00 6.169113636016845703e+00 9.557351112365722656e+00 -5.435525894165039062e+00 -1.048917412757873535e+00 -3.131675124168395996e-01 7.013450145721435547e+00 7.059881091117858887e-02 -3.797848939895629883e+00 -4.527336120605468750e+00
2.907067060470581055e+00 1.803542852401733398e+00 -3.285832643508911133e+00 -5.604014396667480469e-01 -4.414562702178955078e+00 -1.028853297233581543e+00 4.610537528991699219e+00 -3.359038352966308594e+00 -6.114603996276855469e+00 -8.183008193969726562e+00 -1.891791701316833496e+00 3.051381349563598633e+00 8.347439765930175781e+00 3.343990802764892578e+00 8.879199624061584473e-01
1.965720772743225098e+00 -4.207297801971435547e+00 -3.062742471694946289e+00 -3.661687850952148438e+00 -7.113375186920166016e+00 -4.079322814941406250e+00 5.492240190505981445e-01 6.752233982086181641e+00 -3.486533641815185547e+00 1.596486806869506836e+00 -7.363539218902587891e+00 6.404440879821777344e+00 -1.609018921852111816e+00 9.617823958396911621e-01 4.755465388298034668e-01
3.464626789093017578e+00 2.340346813201904297e+00 -3.974701166152954102e+00 -1.362671554088592529e-01 -5.319833278656005859e+00 -9.245537519454956055e-01 4.863561153411865234e+00 -2.658184528350830078e+00 -7.688283443450927734e+00 -9.325898170471191406e+00 -2.321071386337280273e+00 2.900021791458129883e+00 8.220531463623046875e+00 4.284979343414306641e+00 -2.151260972023010254e-01
4.020590305328369141e+00 8.157001137733459473e-01 -8.157554626464843750e+00 -8.753002882003784180e-01 -3.037003755569458008e+00 -7.418013572692871094e+00 5.669612884521484375e+00 -1.081006050109863281e+00 -1.592715263366699219e+00 -2.052249908447265625e+00 6.538267135620117188e+00 3.567494750022888184e-01 2.485636472702026367e+00 3.811488389968872070e+00 -7.523886680603027344e+00
2.193157434463500977e+00 1.177111983299255371e+00 -5.769608974456787109e+00 -1.913840651512145996e+00 -5.509279727935791016e+00 -5.383499622344970703e+00 1.939552783966064453e+00 2.747072458267211914e+00 -6.639307141304016113e-01 -7.460628032684326172e+00 2.601473093032836914e+00 -3.611510276794433594e+00 8.795261383056640625e+00 4.401130676269531250e+00 -2.108457326889038086e+00
3.538078546524047852e+00 -2.387186586856842041e-01 -3.803547143936157227e+00 -1.006159901618957520e+00 -3.108505725860595703e+00 -9.896205067634582520e-01 5.309384346008300781e+00 1.390764594078063965e+00 -3.844587087631225586e+00 -3.596130371093750000e+00 1.556285500526428223e+00 4.159039258956909180e-02 5.539032936096191406e+00 -5.261425971984863281e+00 -4.655364990234375000e+00
-1.792749404907226562e+00 4.744442462921142578e+00 -8.590348243713378906e+00 -4.660687923431396484e+00 -7.288830757141113281e+00 -7.038225650787353516e+00 2.300097942352294922e+00 7.381092548370361328e+00 3.075323104858398438e+00 -2.746973991394042969e+00 3.398288726806640625e+00 4.935912609100341797e+00 3.534425497055053711e+00 7.728257656097412109e+00 3.530674278736114502e-01
1.081688761711120605e+00 -4.035953998565673828e+00 -2.657080173492431641e+00 -3.283412933349609375e+00 -5.876152515411376953e+00 -4.543667793273925781e+00 2.542096972465515137e-01 6.309257984161376953e+00 -4.016701221466064453e+00 5.915082097053527832e-01 -7.327703952789306641e+00 6.744028091430664062e+00 -1.794350385665893555e+00 4.998115003108978271e-01 1.879158616065979004e-01
1.070455312728881836e+00 -4.220470428466796875e+00 -2.662901163101196289e+00 -3.593332290649414062e+00 -6.143990516662597656e+00 -4.945221900939941406e+00 1.564502596855163574e+00 7.485986232757568359e+00 -4.406541824340820312e+00 1.693629860877990723e+00 -6.332556247711181641e+00 6.594985485076904297e+00 -1.835988521575927734e+00 8.937786221504211426e-01 4.993382096290588379e-01
5.835308074951171875e+00 -1.837789863348007202e-01 -4.912359714508056641e+00 1.583227038383483887e+00 -5.091832160949707031e+00 -2.851929426193237305e+00 9.458181381225585938e+00 4.072251796722412109e+00 -2.426425933837890625e+00 -1.608450412750244141e+00 -4.462026596069335938e+00 4.376911520957946777e-01 1.186314821243286133e+00 -3.944625854492187500e+00 -7.898500442504882812e+00
4.837482452392578125e+00 2.131791114807128906e+00 -5.041436672210693359e+00 -6.062333106994628906e+00 -3.554870367050170898e+00 6.157959699630737305e-01 4.462158203125000000e+00 7.450020313262939453e+00 -3.607985019683837891e+00 -5.091633796691894531e+00 -5.536179542541503906e+00 5.338129401206970215e-01 1.215539336204528809e+00 -4.023379325866699219e+00 -9.051459282636642456e-02
4.611619472503662109e+00 -1.094362586736679077e-01 -4.192686557769775391e+00 1.406908750534057617e+00 -3.851280689239501953e+00 -1.390222191810607910e+00 8.459376335144042969e+00 3.068939685821533203e+00 -3.907781124114990234e+00 -2.632310867309570312e+00 -2.857012510299682617e+00 8.337897062301635742e-02 1.768983602523803711e+00 -3.388879776000976562e+00 -8.072847366333007812e+00
3.200637102127075195e+00 1.178986668586730957e+00 -3.127088069915771484e+00 -3.706757545471191406e+00 -2.592761993408203125e+00 3.832902610301971436e-01 4.055432319641113281e+00 5.469469547271728516e+00 -3.614064455032348633e+00 -6.262269973754882812e+00 -5.324853420257568359e+00 3.844844698905944824e-01 1.661822676658630371e+00 -3.676724672317504883e+00 4.378874897956848145e-01
3.554805278778076172e+00 2.670693635940551758e+00 -4.211185455322265625e+00 -6.631321310997009277e-01 -5.605137348175048828e+00 3.956094682216644287e-01 6.690070629119873047e+00 -2.510837793350219727e+00 -6.814931392669677734e+00 -8.726631164550781250e+00 -1.524130463600158691e+00 2.975730657577514648e+00 8.357370376586914062e+00 3.611204147338867188e+00 9.311456084251403809e-01
3.186760187149047852e+00 1.166271209716796875e+00 -2.885316371917724609e+00 -3.626047611236572266e+00 -2.537422657012939453e+00 7.122210264205932617e-01 4.363772869110107422e+00 6.569523811340332031e+00 -3.910034179687500000e+00 -5.746356964111328125e+00 -5.649837970733642578e+00 1.330550193786621094e+00 1.068019270896911621e+00 -3.397847414016723633e+00 -2.783738970756530762e-01
3.300433635711669922e+00 -6.719762086868286133e-01 -7.654947757720947266e+00 -4.397662162780761719e+00 -4.767963409423828125e+00 -1.060064983367919922e+01 2.569275856018066406e+00 3.830725193023681641e+00 -4.273740291595458984e+00 -8.362926244735717773e-01 -1.713702082633972168e+00 3.890503644943237305e+00 4.816939353942871094e+00 -2.214361727237701416e-01 -8.375735282897949219e+00
5.845709800720214844e+00 -1.291367113590240479e-01 -4.903836727142333984e+00 1.936445116996765137e+00 -4.390863895416259766e+00 -1.934105753898620605e+00 9.682977676391601562e+00 3.232321977615356445e+00 -5.480364322662353516e+00 -1.493551373481750488e+00 -3.639193296432495117e+00 9.080535769462585449e-01 7.677415609359741211e-01 -2.997874498367309570e+00 -7.849040985107421875e+00
4.123561382293701172e+00 3.892231225967407227e+00 -5.534679889678955078e+00 -7.067856192588806152e-01 -6.683063507080078125e+00 3.330014646053314209e-01 5.698869228363037109e+00 -2.156706333160400391e+00 -6.345327854156494141e+00 -7.681815147399902344e+00 -1.958462834358215332e+00 3.257083415985107422e+00 8.718191146850585938e+00 4.085577487945556641e+00 4.871509671211242676e-01
4.340305805206298828e+00 -2.655088528990745544e-02 -3.979305028915405273e+00 1.287734866142272949e+00 -4.116862773895263672e+00 -1.461029648780822754e+00 1.060983467102050781e+01 2.487152576446533203e+00 -4.543935298919677734e+00 -2.658640384674072266e+00 -4.151072978973388672e+00 4.231151938438415527e-01 1.039343357086181641e+00 -3.676348447799682617e+00 -7.452497959136962891e+00
1.669271111488342285e+00 -1.014892339706420898e+00 -9.336777687072753906e+00 -1.743359327316284180e+00 -4.854798316955566406e+00 8.804184794425964355e-01 4.545712947845458984e+00 5.431897640228271484e+00 -6.495545864105224609e+00 -1.186800599098205566e+00 1.560679078102111816e+00 8.246900558471679688e+00 5.414269924163818359e+00 2.857181072235107422e+00 -1.206351757049560547e+00
3.111900091171264648e+00 -1.388120651245117188e+00 -4.735030174255371094e+00 -2.345443665981292725e-01 -4.682647228240966797e+00 -7.423468112945556641e+00 5.461666584014892578e+00 9.495915412902832031e+00 -4.809827804565429688e+00 -1.675264239311218262e+00 -5.506700873374938965e-01 7.817334651947021484e+00 4.608269035816192627e-01 -3.847198486328125000e+00 -6.149705886840820312e+00
5.354982852935791016e+00 2.872444391250610352e+00 -5.955172061920166016e+00 -7.054761886596679688e+00 -3.739131450653076172e+00 -3.051078021526336670e-01 4.414720535278320312e+00 5.904119014739990234e+00 -3.754477977752685547e+00 -6.397773742675781250e+00 -5.936332225799560547e+00 9.073728322982788086e-02 1.318513274192810059e+00 -4.259438514709472656e+00 1.209176257252693176e-01
3.905064582824707031e+00 3.817079782485961914e+00 -5.177273273468017578e+00 -9.616170525550842285e-01 -6.851992130279541016e+00 -9.749223589897155762e-01 6.085659027099609375e+00 -2.763470649719238281e+00 -6.713397026062011719e+00 -8.795395851135253906e+00 -1.938684821128845215e+00 3.319083690643310547e+00 8.803339958190917969e+00 4.322600364685058594e+00 6.496034264564514160e-01
5.191035747528076172e+00 2.573750972747802734e+00 -5.674212932586669922e+00 -6.881586074829101562e+00 -3.429204225540161133e+00 5.146240592002868652e-01 4.980081558227539062e+00 6.258795261383056641e+00 -3.779353141784667969e+00 -5.727479934692382812e+00 -5.954473018646240234e+00 7.095374464988708496e-01 1.526217579841613770e+00 -4.137500762939453125e+00 -2.341206185519695282e-03
6.227703571319580078e+00 -2.475229799747467041e-01 -5.065077304840087891e+00 2.069248676300048828e+00 -4.402243614196777344e+00 -1.751619935035705566e+00 8.347211837768554688e+00 3.180486679077148438e+00 -4.027215003967285156e+00 -2.031444072723388672e+00 -2.496247529983520508e+00 -3.139830231666564941e-01 1.881529569625854492e+00 -3.781886100769042969e+00 -7.917060375213623047e+00
-1.535246491432189941e+00 3.777411460876464844e+00 -6.922920703887939453e+00 -4.399683475494384766e+00 -6.156626224517822266e+00 -8.407950401306152344e+00 5.336742401123046875e+00 8.293698310852050781e+00 3.080520629882812500e+00 -1.780781865119934082e+00 4.774385452270507812e+00 4.637577056884765625e+00 3.160405397415161133e+00 7.406105518341064453e+00 1.207420304417610168e-01
6.511779785156250000e+00 -4.066156446933746338e-01 -5.401799201965332031e+00 2.499589204788208008e+00 -4.319670200347900391e+00 -1.498989105224609375e+00 9.037753105163574219e+00 2.985979557037353516e+00 -5.067498683929443359e+00 -1.588119149208068848e+00 -3.162628889083862305e+00 1.441854238510131836e-02 2.063059091567993164e+00 -2.878629446029663086e+00 -7.348515510559082031e+00
2.227802515029907227e+00 -7.764728069305419922e-01 -4.276358127593994141e+00 -5.016210079193115234e+00 -7.189973354339599609e+00 -1.778643727302551270e+00 -1.089967370033264160e+00 3.002703189849853516e+00 -9.319346427917480469e+00 -5.671509742736816406e+00 -7.167818546295166016e+00 5.664083003997802734e+00 3.279585599899291992e+00 2.395883798599243164e+00 -8.224480748176574707e-01
2.690327882766723633e+00 -1.980421185493469238e+00 -4.428842544555664062e+00 -1.856679618358612061e-01 -4.135888576507568359e+00 -6.930544853210449219e+00 6.012997627258300781e+00 9.430964469909667969e+00 -4.495795249938964844e+00 -1.513535261154174805e+00 4.701460003852844238e-01 7.316340923309326172e+00 7.727448344230651855e-01 -3.019258737564086914e+00 -4.720886707305908203e+00
1.570554614067077637e+00 -4.953324794769287109e-01 -5.508512020111083984e+00 -8.882834911346435547e-01 -3.545050382614135742e+00 2.207675457000732422e+00 4.054269790649414062e+00 8.061775207519531250e+00 -6.714523792266845703e+00 -3.568999469280242920e-01 1.264517545700073242e+00 7.985525131225585938e+00 4.826118946075439453e+00 2.479228973388671875e+00 -5.164119601249694824e-01
-6.588938236236572266e-01 2.758730173110961914e+00 -8.757019996643066406e+00 -6.797539591789245605e-01 -4.482388973236083984e+00 -6.359496593475341797e+00 7.281370162963867188e+00 5.954218387603759766e+00 1.677135467529296875e+00 -4.572720050811767578e+00 -2.494866132736206055e+00 4.773508548736572266e+00 4.291840076446533203e+00 7.440258026123046875e+00 -2.692530155181884766e+00
3.173646926879882812e+00 9.398885369300842285e-01 -2.991376876831054688e+00 -3.039414644241333008e+00 -3.041513919830322266e+00 4.402703344821929932e-01 4.437769889831542969e+00 6.464376926422119141e+00 -3.748637199401855469e+00 -6.595161914825439453e+00 -5.563748836517333984e+00 6.055778861045837402e-01 1.792608022689819336e+00 -3.666018724441528320e+00 4.180147051811218262e-01
2.122168302536010742e+00 -2.573746442794799805e-01 -4.713820934295654297e+00 -4.994442760944366455e-01 -3.644041538238525391e+00 1.811507701873779297e+00 3.647105216979980469e+00 6.203006267547607422e+00 -6.323618412017822266e+00 -1.955116152763366699e+00 1.052995920181274414e+00 8.372511863708496094e+00 5.204442024230957031e+00 3.147304296493530273e+00 -7.775698304176330566e-01
8.435211181640625000e+00 -3.977130055427551270e-01 -7.364395618438720703e+00 3.190182209014892578e+00 -5.515123844146728516e+00 -4.211693763732910156e+00 1.067476463317871094e+01 4.776393890380859375e+00 -3.643228054046630859e+00 -1.926550745964050293e+00 -3.252230882644653320e+00 -3.615289926528930664e-02 1.454138755798339844e+00 -3.522051334381103516e+00 -7.607373237609863281e+00
4.424860954284667969e+00 -2.263614177703857422e+00 -9.679735183715820312e+00 -1.050458049774169922e+01 -1.474906921386718750e+01 -5.067906975746154785e-01 -1.472536683082580566e+00 3.182046890258789062e+00 -9.543780326843261719e+00 -6.000351428985595703e+00 -7.699137210845947266e+00 6.245327472686767578e+00 3.331913709640502930e+00 2.485685586929321289e+00 -1.212464332580566406e+00
6.146604061126708984e+00 -3.378646969795227051e-01 -5.337687015533447266e+00 1.974905610084533691e+00 -5.001358032226562500e+00 -2.319686412811279297e+00 8.057428359985351562e+00 3.231464862823486328e+00 -4.726971149444580078e+00 -9.413983225822448730e-01 -2.499340295791625977e+00 1.326252818107604980e-01 1.576439380645751953e+00 -3.503791809082031250e+00 -7.099783897399902344e+00
2.850816011428833008e+00 -2.405179589986801147e-01 -6.422109127044677734e+00 -3.814621925354003906e+00 -4.163861274719238281e+00 -9.398240089416503906e+00 3.812122106552124023e+00 3.866807937622070312e+00 -4.389892578125000000e+00 -9.429559707641601562e-01 -1.416235327720642090e+00 3.765837192535400391e+00 4.940580368041992188e+00 5.775317177176475525e-02 -8.532523155212402344e+00
3.126711368560791016e+00 5.058640837669372559e-01 -5.169384956359863281e+00 -4.000866711139678955e-01 -5.712399959564208984e+00 -6.090328693389892578e+00 3.987119436264038086e+00 6.175477504730224609e+00 -8.853759765625000000e+00 -3.034905910491943359e+00 9.379949569702148438e+00 2.692617177963256836e+00 8.665714263916015625e+00 -3.263905286788940430e+00 -2.836336135864257812e+00
1.692886114120483398e+00 3.197495460510253906e+00 -6.479519844055175781e+00 -3.591741621494293213e-01 -1.755342364311218262e+00 -6.159161090850830078e+00 5.830656051635742188e+00 2.830248355865478516e+00 -5.237425804138183594e+00 -5.507393836975097656e+00 4.687680244445800781e+00 6.689768314361572266e+00 5.113580703735351562e+00 2.091965675354003906e+00 -7.618856430053710938e+00
3.415969371795654297e+00 3.008580923080444336e+00 -4.066992759704589844e+00 -7.299595475196838379e-01 -5.188893795013427734e+00 -7.791467308998107910e-01 4.710714340209960938e+00 -2.717289924621582031e+00 -9.591943740844726562e+00 -9.751337051391601562e+00 -1.276493310928344727e+00 2.700480461120605469e+00 8.796461105346679688e+00 4.002859115600585938e+00 7.181810736656188965e-01
2.851372003555297852e+00 9.407880902290344238e-01 -5.251332759857177734e+00 -2.553225457668304443e-01 -5.440316677093505859e+00 -4.998930931091308594e+00 3.735290765762329102e+00 5.302192211151123047e+00 -8.404158592224121094e+00 -3.431147336959838867e+00 9.735009193420410156e+00 2.936293840408325195e+00 8.502389907836914062e+00 -3.004878282546997070e+00 -2.846896886825561523e+00
4.579689979553222656e+00 2.318539142608642578e+00 -4.983850479125976562e+00 -6.121753215789794922e+00 -3.608613729476928711e+00 2.063129663467407227e+00 3.376238584518432617e+00 6.682383537292480469e+00 -3.383451938629150391e+00 -5.927119255065917969e+00 -5.532562732696533203e+00 9.342826008796691895e-01 1.487017154693603516e+00 -3.572507858276367188e+00 6.719601750373840332e-01
-2.496928691864013672e+00 4.830531597137451172e+00 -8.153832435607910156e+00 -5.265594482421875000e+00 -6.434672355651855469e+00 -7.692124843597412109e+00 3.501596927642822266e+00 7.726633548736572266e+00 3.042167663574218750e+00 -2.583587646484375000e+00 4.563327312469482422e+00 4.372117996215820312e+00 3.282001256942749023e+00 6.170507431030273438e+00 -5.080099217593669891e-03
4.559263229370117188e+00 5.336830615997314453e+00 -7.037973880767822266e+00 -1.065945982933044434e+00 -8.268961906433105469e+00 -1.770922780036926270e+00 6.928669929504394531e+00 -3.340980052947998047e+00 -6.205991268157958984e+00 -8.560560226440429688e+00 -2.274103164672851562e+00 2.688904762268066406e+00 8.503188133239746094e+00 3.935105562210083008e+00 7.264100909233093262e-01
1.521849632263183594e+00 -1.850745320320129395e+00 -2.080782175064086914e+00 -1.775127172470092773e+00 -4.084984302520751953e+00 -4.563229560852050781e+00 4.290007352828979492e-01 6.963410854339599609e+00 -3.150850296020507812e+00 2.340215444564819336e+00 -6.303326606750488281e+00 6.070747375488281250e+00 -2.149419546127319336e+00 8.017400503158569336e-01 1.495954394340515137e-01
2.124682188034057617e+00 -4.532943964004516602e-01 -2.570209264755249023e+00 -2.105836153030395508e+00 -4.185328483581542969e+00 -2.490653514862060547e+00 -3.948927521705627441e-01 2.195104837417602539e+00 -8.901230812072753906e+00 -5.829896926879882812e+00 -7.409397602081298828e+00 5.718807697296142578e+00 3.051153421401977539e+00 9.886314272880554199e-01 -1.771382451057434082e+00
3.387516736984252930e+00 3.330355167388916016e+00 -4.574293613433837891e+00 -6.777004599571228027e-01 -5.618517398834228516e+00 -1.544851422309875488e+00 6.649359703063964844e+00 -2.458160400390625000e+00 -5.549978256225585938e+00 -9.019412994384765625e+00 -1.687013745307922363e+00 2.709879398345947266e+00 8.108932495117187500e+00 3.270890474319458008e+00 1.969677329063415527e+00
6.372211933135986328e+00 -3.172274827957153320e-01 -5.410793304443359375e+00 2.353982686996459961e+00 -4.291077136993408203e+00 -1.009239792823791504e+00 1.048159885406494141e+01 3.238334417343139648e+00 -5.162286281585693359e+00 -1.666672110557556152e+00 -3.484083175659179688e+00 2.097067236900329590e-01 1.793539881706237793e+00 -3.366689205169677734e+00 -7.501495838165283203e+00
1.700175404548645020e+00 6.487100124359130859e-01 -3.350309371948242188e+00 -1.080239892005920410e+00 -3.338568449020385742e+00 -4.609874248504638672e+00 2.746113538742065430e+00 4.391079425811767578e+00 -2.073067128658294678e-01 -6.161210060119628906e+00 2.651017665863037109e+00 -3.994968891143798828e+00 8.403076171875000000e+00 4.204846382141113281e+00 -2.614904642105102539e+00
1.652254462242126465e+00 4.805408477783203125e+00 -1.062695980072021484e+01 -5.009619593620300293e-01 -1.252107143402099609e+00 -6.458066940307617188e+00 7.324526786804199219e+00 3.280191421508789062e+00 -5.552152156829833984e+00 -5.923057079315185547e+00 4.227429866790771484e+00 6.791752338409423828e+00 5.550963878631591797e+00 2.324571609497070312e+00 -9.068037986755371094e+00
4.699893474578857422e+00 2.161762952804565430e+00 -4.887141704559326172e+00 -5.901403903961181641e+00 -3.153290987014770508e+00 2.146477222442626953e+00 4.323679447174072266e+00 5.400107383728027344e+00 -3.523589849472045898e+00 -6.013793468475341797e+00 -5.267429351806640625e+00 1.135700941085815430e+00 1.505725145339965820e+00 -3.777208089828491211e+00 8.305466771125793457e-01
4.089643001556396484e+00 2.430341482162475586e+00 -4.772778034210205078e+00 -6.104749679565429688e+00 -2.608588933944702148e+00 1.098663687705993652e+00 3.551003456115722656e+00 5.708670139312744141e+00 -2.679364919662475586e+00 -5.768469810485839844e+00 -6.072679519653320312e+00 7.206904292106628418e-01 1.226513028144836426e+00 -3.850525617599487305e+00 -3.196217417716979980e-01
2.786827802658081055e+00 7.632060647010803223e-01 -6.460609436035156250e+00 -2.266040802001953125e+00 -6.195044994354248047e+00 -6.244248867034912109e+00 1.995065212249755859e+00 3.087679862976074219e+00 2.588951289653778076e-01 -7.474609851837158203e+00 1.987886667251586914e+00 -3.570411682128906250e+00 7.824351310729980469e+00 4.739478111267089844e+00 -3.261230230331420898e+00
2.465241193771362305e+00 3.632538616657257080e-01 -3.477111101150512695e+00 -4.053591489791870117e-01 -4.297459602355957031e+00 -5.274318218231201172e+00 4.753266811370849609e+00 6.106338024139404297e+00 -8.798991203308105469e+00 -3.054394483566284180e+00 9.454791069030761719e+00 2.245722770690917969e+00 8.777373313903808594e+00 -2.869720935821533203e+00 -2.675108671188354492e+00
4.882247447967529297e+00 2.391355037689208984e+00 -5.223369598388671875e+00 -5.974999904632568359e+00 -3.836754798889160156e+00 9.792940616607666016e-01 2.981960058212280273e+00 5.210906505584716797e+00 -3.319468021392822266e+00 -5.624278545379638672e+00 -5.488668918609619141e+00 -3.695600628852844238e-01 1.486375808715820312e+00 -3.407222032546997070e+00 5.369539856910705566e-01
1.867778182029724121e+00 -7.638385891914367676e-01 -3.537180900573730469e+00 -4.239824771881103516e+00 -6.403146266937255859e+00 -2.347929954528808594e+00 -1.300792932510375977e+00 2.683847188949584961e+00 -1.006872463226318359e+01 -5.914455890655517578e+00 -6.941124916076660156e+00 5.481259822845458984e+00 3.181715488433837891e+00 1.930297732353210449e+00 -1.780182600021362305e+00
-1.982842087745666504e+00 5.502884387969970703e+00 -1.012869071960449219e+01 -5.406786918640136719e+00 -8.406157493591308594e+00 -8.976204872131347656e+00 3.845501184463500977e+00 8.672052383422851562e+00 3.470413208007812500e+00 -3.124563217163085938e+00 4.109067916870117188e+00 5.105424404144287109e+00 3.502220630645751953e+00 7.784047603607177734e+00 -2.712495326995849609e-01
3.154116392135620117e+00 -2.148671388626098633e+00 -5.332759380340576172e+00 -3.500191271305084229e-01 -4.948124885559082031e+00 -7.488567829132080078e+00 6.354704380035400391e+00 9.229902267456054688e+00 -3.801994323730468750e+00 -1.678771853446960449e+00 -1.416289061307907104e-01 7.367131233215332031e+00 3.772989809513092041e-01 -3.820886611938476562e+00 -5.406996726989746094e+00
6.478326320648193359e+00 -4.580065906047821045e-01 -5.500684261322021484e+00 2.647107601165771484e+00 -3.954151153564453125e+00 -1.194270968437194824e+00 9.308543205261230469e+00 3.739484310150146484e+00 -4.751605510711669922e+00 -1.941015243530273438e+00 -2.814465761184692383e+00 7.551481127738952637e-01 1.654132723808288574e+00 -3.148893833160400391e+00 -8.438433647155761719e+00
2.016831874847412109e+00 -3.799588203430175781e+00 -3.041001319885253906e+00 -3.275093078613281250e+00 -6.631338119506835938e+00 -5.433598041534423828e+00 1.439870953559875488e+00 7.433120250701904297e+00 -4.233821392059326172e+00 1.819695711135864258e+00 -6.027293682098388672e+00 5.906667232513427734e+00 -2.184987783432006836e+00 1.668955683708190918e-01 2.364501357078552246e-01
3.681349277496337891e+00 -3.102233409881591797e+00 -6.592487812042236328e+00 -6.443716883659362793e-01 -5.661471843719482422e+00 -6.612493515014648438e+00 5.426880836486816406e+00 8.220037460327148438e+00 -4.294746875762939453e+00 -1.105727553367614746e+00 1.199856922030448914e-01 7.032031059265136719e+00 5.304843187332153320e-01 -3.273212432861328125e+00 -6.328168869018554688e+00
1.680317997932434082e+00 4.627198696136474609e+00 -1.052137279510498047e+01 -1.632942855358123779e-01 -1.096955418586730957e+00 -6.234616756439208984e+00 8.503559112548828125e+00 9.315095543861389160e-01 -5.263141155242919922e+00 -6.722536087036132812e+00 4.852313041687011719e+00 6.924016475677490234e+00 5.385713577270507812e+00 2.109765529632568359e+00 -7.565061092376708984e+00
1.496713399887084961e+00 -4.694249629974365234e+00 -3.232943296432495117e+00 -3.824578762054443359e+00 -6.917695522308349609e+00 -6.121684551239013672e+00 1.597602605819702148e+00 7.798930644989013672e+00 -5.685042381286621094e+00 1.576121687889099121e+00 -7.168228149414062500e+00 6.508134365081787109e+00 -2.560881376266479492e+00 2.560582458972930908e-01 -7.325093150138854980e-01
6.620950698852539062e+00 -2.300235629081726074e-01 -5.449236392974853516e+00 2.212857246398925781e+00 -4.507452487945556641e+00 -1.241844534873962402e+00 9.769397735595703125e+00 2.016764163970947266e+00 -5.307957172393798828e+00 -2.787724494934082031e+00 -5.125844478607177734e+00 3.883356451988220215e-01 5.095290541648864746e-01 -3.329518079757690430e+00 -8.328032493591308594e+00
3.681057453155517578e+00 3.579877376556396484e+00 -4.994939804077148438e+00 -6.624939441680908203e-01 -6.232055187225341797e+00 -1.312573671340942383e+00 4.701860904693603516e+00 -2.363122463226318359e+00 -5.852209091186523438e+00 -7.519596099853515625e+00 -2.363241434097290039e+00 3.450502634048461914e+00 8.894401550292968750e+00 3.482302904129028320e+00 1.166483044624328613e+00
3.413610458374023438e+00 1.407589912414550781e-01 -4.023743629455566406e+00 -1.084432721138000488e+00 -3.459298133850097656e+00 -2.191072940826416016e+00 6.331847190856933594e+00 3.315797090530395508e+00 -4.470482826232910156e+00 -3.550158023834228516e+00 6.614627242088317871e-01 3.322104811668395996e-01 5.940331935882568359e+00 -4.544233322143554688e+00 -3.513824224472045898e+00
-8.930814266204833984e-01 3.332582950592041016e+00 -5.809347629547119141e+00 -3.592120885848999023e+00 -5.421717643737792969e+00 -7.427733898162841797e+00 3.956424951553344727e+00 8.579672813415527344e+00 3.766113281250000000e+00 -2.223549127578735352e+00 5.526941776275634766e+00 4.118428230285644531e+00 3.528629541397094727e+00 6.148822307586669922e+00 -3.853472694754600525e-02
2.211151123046875000e+00 -1.139746904373168945e+00 -4.349925994873046875e+00 -5.486207962036132812e+00 -7.705427646636962891e+00 -1.958482503890991211e+00 -8.069832921028137207e-01 3.216681480407714844e+00 -7.402632236480712891e+00 -5.542233943939208984e+00 -6.696436405181884766e+00 6.289984703063964844e+00 3.335278272628784180e+00 1.613323330879211426e+00 -8.351717591285705566e-01
5.205325126647949219e+00 -1.687172055244445801e-01 -4.396231174468994141e+00 1.602734208106994629e+00 -4.079703807830810547e+00 -1.229208350181579590e+00 9.531127929687500000e+00 3.740032672882080078e+00 -4.403809070587158203e+00 -2.040290117263793945e+00 -3.028674125671386719e+00 7.075938582420349121e-01 1.011479854583740234e+00 -4.010166168212890625e+00 -8.247928619384765625e+00
3.874953031539916992e+00 -3.608949661254882812e+00 -6.772347450256347656e+00 -8.683096170425415039e-01 -6.243902683258056641e+00 -7.122821807861328125e+00 5.921290397644042969e+00 1.034782600402832031e+01 -5.605381488800048828e+00 -2.033718585968017578e+00 5.971872806549072266e-01 6.941129684448242188e+00 4.874825775623321533e-01 -3.767949104309082031e+00 -5.125207901000976562e+00
1.852783322334289551e+00 -1.619775593280792236e-01 -4.715817451477050781e+00 -2.714750766754150391e+00 -2.845556020736694336e+00 -1.239124202728271484e+01 3.184259891510009766e+00 4.937963008880615234e+00 -3.836817264556884766e+00 -1.121658086776733398e+00 -1.096921563148498535e+00 4.216583251953125000e+00 4.488935947418212891e+00 -3.220601379871368408e-01 -7.931231498718261719e+00
-2.147230863571166992e+00 4.828457832336425781e+00 -8.382971763610839844e+00 -4.818874359130859375e+00 -7.074125766754150391e+00 -7.147727489471435547e+00 3.157818317413330078e+00 6.893069744110107422e+00 3.173544406890869141e+00 -2.008180379867553711e+00 5.170194625854492188e+00 4.211111545562744141e+00 2.796519517898559570e+00 6.798017501831054688e+00 5.450105667114257812e-01
8.805867195129394531e+00 -4.477586746215820312e-01 -7.891993045806884766e+00 3.424416542053222656e+00 -5.544952869415283203e+00 -1.687654614448547363e+00 9.036020278930664062e+00 3.675468444824218750e+00 -5.593532085418701172e+00 -1.292936086654663086e+00 -2.794819593429565430e+00 -9.668523073196411133e-02 1.790777683258056641e+00 -3.860276937484741211e+00 -6.235017776489257812e+00
2.715281009674072266e+00 -2.253745317459106445e+00 -4.866461753845214844e+00 -6.341194510459899902e-01 -4.097202777862548828e+00 -6.468352794647216797e+00 5.976585388183593750e+00 8.761520385742187500e+00 -4.179224491119384766e+00 -2.166216850280761719e+00 2.844560742378234863e-01 7.189171791076660156e+00 7.100961208343505859e-01 -3.600160598754882812e+00 -4.249476432800292969e+00
3.497723340988159180e+00 1.128083705902099609e+00 -3.055822372436523438e+00 -3.642119169235229492e+00 -2.904959678649902344e+00 -2.416349351406097412e-01 5.147341728210449219e+00 7.227227687835693359e+00 -4.290650844573974609e+00 -5.787787437438964844e+00 -4.724865436553955078e+00 9.614453911781311035e-01 1.853117704391479492e+00 -3.159156084060668945e+00 1.361465215682983398e+00
1.556137681007385254e+00 -4.532384395599365234e+00 -2.900173664093017578e+00 -3.489989757537841797e+00 -6.585380077362060547e+00 -4.537998199462890625e+00 1.044473052024841309e+00 7.246483325958251953e+00 -4.706511020660400391e+00 9.850160479545593262e-01 -6.884991645812988281e+00 6.799818515777587891e+00 -1.852024197578430176e+00 9.210363030433654785e-01 7.743375897407531738e-01
4.393144130706787109e+00 8.671919703483581543e-01 -8.329278945922851562e+00 -8.379399776458740234e-01 -3.436779260635375977e+00 -9.820338249206542969e+00 6.785826683044433594e+00 -2.943522632122039795e-01 -1.390309214591979980e+00 -2.394543170928955078e+00 6.007198810577392578e+00 1.878375411033630371e-01 2.945851325988769531e+00 2.701617240905761719e+00 -7.055315971374511719e+00
6.660061836242675781e+00 -5.204455852508544922e-01 -5.995656967163085938e+00 2.828611373901367188e+00 -4.729834079742431641e+00 -1.192155480384826660e+00 1.122334194183349609e+01 2.647365808486938477e+00 -5.986862659454345703e+00 -1.624747157096862793e+00 -2.569697380065917969e+00 8.870968222618103027e-01 1.264682650566101074e+00 -3.806492328643798828e+00 -7.864221096038818359e+00
3.381049156188964844e+00 8.109432458877563477e-01 -6.985077381134033203e+00 -5.695161223411560059e-01 -2.803764343261718750e+00 -9.642182350158691406e+00 4.968164443969726562e+00 -1.746806025505065918e+00 -1.638942241668701172e+00 -3.616076469421386719e+00 5.953985214233398438e+00 2.694057822227478027e-01 3.066603899002075195e+00 2.666641473770141602e+00 -8.187357902526855469e+00
2.531881093978881836e+00 1.076663374900817871e+00 -6.245612621307373047e+00 -2.048979282379150391e+00 -6.070329189300537109e+00 -4.397232055664062500e+00 1.502843976020812988e+00 2.694575548171997070e+00 8.286163955926895142e-02 -6.277038574218750000e+00 3.385243177413940430e+00 -3.936443328857421875e+00 7.768993854522705078e+00 4.613926887512207031e+00 -2.977688074111938477e+00
2.153405666351318359e+00 4.929673194885253906e+00 -1.030110645294189453e+01 -1.721133887767791748e-01 -2.007007598876953125e+00 -7.187899112701416016e+00 6.404839515686035156e+00 2.726504802703857422e+00 -6.216840267181396484e+00 -5.904747962951660156e+00 5.148191452026367188e+00 6.950916290283203125e+00 5.270636081695556641e+00 2.228003501892089844e+00 -8.771822929382324219e+00
2.804429769515991211e+00 -1.543594121932983398e+00 -4.157433509826660156e+00 -4.529498815536499023e-01 -4.336580276489257812e+00 -5.652877330780029297e+00 5.117802143096923828e+00 8.460545539855957031e+00 -4.131819248199462891e+00 -1.572312593460083008e+00 -1.308312267065048218e-01 7.147846698760986328e+00 3.739618360996246338e-01 -3.951057434082031250e+00 -6.069029808044433594e+00
1.248498201370239258e+00 -3.142906427383422852e+00 -2.320462703704833984e+00 -2.531245708465576172e+00 -4.969771862030029297e+00 -3.064594268798828125e+00 -8.286376297473907471e-02 7.321074008941650391e+00 -4.361120700836181641e+00 9.681506752967834473e-01 -6.483319759368896484e+00 6.278687477111816406e+00 -2.554554700851440430e+00 1.165720447897911072e-01 -2.982856631278991699e-01
