2.988293170928955078e-01 -4.112627357244491577e-04 1.482093185186386108e-01 1.855599135160446167e-01 -1.888344883918762207e-01 -2.376642823219299316e-01 1.026337295770645142e-01 -1.944785118103027344e-01 -8.414061367511749268e-02 -2.742033004760742188e-01 -2.045656889677047729e-01 -5.167983472347259521e-02 -3.211846649646759033e-01 -1.266204118728637695e-01 3.793687373399734497e-02
2.072949260473251343e-01 -6.218763440847396851e-02 -3.855313733220100403e-02 2.151024639606475830e-01 -2.473136037588119507e-01 -3.698662668466567993e-02 2.182256877422332764e-01 2.079641222953796387e-01 5.588643625378608704e-02 -1.174847856163978577e-01 -2.689719498157501221e-01 2.964313030242919922e-01 -1.486567705869674683e-01 4.077435135841369629e-01 1.145193874835968018e-01
2.406527400016784668e-01 6.787957996129989624e-02 1.537614315748214722e-01 2.286849617958068848e-01 -1.116469949483871460e-01 -2.712888717651367188e-01 1.740051247179508209e-02 -2.948317527770996094e-01 -6.421773880720138550e-02 -2.593286335468292236e-01 -3.324889242649078369e-01 3.230273257941007614e-03 -3.202574849128723145e-01 -2.404207140207290649e-01 4.228916019201278687e-02
1.959283053874969482e-01 -5.406000465154647827e-02 1.679143123328685760e-02 2.494981139898300171e-01 -5.201454833149909973e-02 -1.661270260810852051e-01 1.526187956333160400e-01 -2.441807985305786133e-01 -4.887064918875694275e-02 -3.412471711635589600e-01 -2.655722498893737793e-01 -1.469765696674585342e-02 -3.456591665744781494e-01 2.041630074381828308e-02 1.722143590450286865e-02
4.484640359878540039e-01 -4.271789640188217163e-02 -2.188413441181182861e-01 2.971044182777404785e-01 1.481548650190234184e-03 -4.674879014492034912e-01 -1.734591871500015259e-01 2.605085074901580811e-01 -5.102952942252159119e-02 -2.298283725976943970e-01 -5.533314943313598633e-01 4.121943842619657516e-03 -2.928988039493560791e-01 1.709695458412170410e-01 -3.092155158519744873e-01
-6.888825446367263794e-02 3.767033666372299194e-02 -3.703664541244506836e-01 3.996118009090423584e-01 2.824003994464874268e-01 -6.013776063919067383e-01 -9.756319224834442139e-02 2.866748273372650146e-01 2.015599980950355530e-02 -4.319931268692016602e-01 -2.836098372936248779e-01 3.586244881153106689e-01 -1.025258898735046387e-01 4.541232287883758545e-01 -1.486404091119766235e-01
2.356905192136764526e-01 -4.744882881641387939e-02 3.228490799665451050e-02 1.964273601770401001e-01 -2.507423460483551025e-01 -2.292212098836898804e-01 1.194461584091186523e-01 -1.622235625982284546e-01 1.439069584012031555e-02 -3.183639049530029297e-01 -3.196430504322052002e-01 -1.686145365238189697e-02 -3.939154744148254395e-01 1.255942881107330322e-01 6.917454767972230911e-03
2.212519049644470215e-01 -4.564030095934867859e-03 -5.062879323959350586e-01 1.273613870143890381e-01 5.925664305686950684e-02 -2.971713542938232422e-01 -2.462275475263595581e-01 2.830274701118469238e-01 2.309729456901550293e-01 1.722468808293342590e-02 -3.293662965297698975e-01 -9.610298275947570801e-02 -3.224208950996398926e-01 3.057231605052947998e-01 -8.127114735543727875e-03
1.651960760354995728e-01 5.596606060862541199e-03 -1.719262599945068359e-01 2.356207519769668579e-01 -1.745177954435348511e-01 -1.271838545799255371e-01 1.884360760450363159e-01 7.029771059751510620e-02 1.387120410799980164e-02 -3.214654698967933655e-02 -1.808055490255355835e-01 1.245231181383132935e-01 -9.711968153715133667e-02 3.897862732410430908e-01 3.120505809783935547e-02
1.691371435299515724e-03 -1.361668258905410767e-01 -2.264659851789474487e-01 2.959346175193786621e-01 -1.123194918036460876e-01 -1.312576681375503540e-01 1.894439011812210083e-01 2.967585921287536621e-01 -4.903324320912361145e-02 1.160724759101867676e-01 -2.855540812015533447e-01 2.665401399135589600e-01 -2.786815166473388672e-01 4.417965114116668701e-01 -6.473061442375183105e-02
1.730100363492965698e-01 2.497913874685764313e-02 -3.791499733924865723e-01 -2.299052290618419647e-02 -1.146174296736717224e-01 -1.669142544269561768e-01 -1.701286882162094116e-01 1.459554731845855713e-01 2.196669131517410278e-01 1.234407648444175720e-01 -1.791776418685913086e-01 1.308915019035339355e-01 -1.644600629806518555e-01 4.192317426204681396e-01 2.794680371880531311e-02
4.073936343193054199e-01 3.182806074619293213e-02 1.404879242181777954e-01 4.568601250648498535e-01 -1.159356683492660522e-01 -2.047469615936279297e-01 2.173338979482650757e-01 -7.699812203645706177e-02 -7.656176388263702393e-02 -4.189140796661376953e-01 -3.399898707866668701e-01 -7.361797988414764404e-02 -3.806730210781097412e-01 1.596358045935630798e-02 3.792689740657806396e-02
2.323590517044067383e-01 -2.006875127553939819e-01 4.737922176718711853e-02 3.137654066085815430e-01 -1.006783470511436462e-01 -4.557218253612518311e-01 8.653493225574493408e-02 3.938812315464019775e-01 -6.880935281515121460e-02 -1.277480125427246094e-01 -1.120965778827667236e-01 3.784462809562683105e-01 -5.516330525279045105e-02 3.122006356716156006e-01 -2.083177417516708374e-01
1.088027954101562500e-01 -2.009524554014205933e-01 -1.790465861558914185e-01 1.939528733491897583e-01 -3.018188523128628731e-03 -6.070198863744735718e-02 1.861201673746109009e-01 9.528841823339462280e-02 -6.557711213827133179e-02 4.150332137942314148e-02 -9.690737724304199219e-02 7.918909192085266113e-02 -1.322290152311325073e-01 2.238115966320037842e-01 3.369098901748657227e-02
3.831077516078948975e-01 4.193513095378875732e-02 -2.574275247752666473e-02 5.347831249237060547e-01 -1.860970854759216309e-01 -3.263996839523315430e-01 2.764054536819458008e-01 -1.161438152194023132e-01 3.072333708405494690e-02 -4.680857956409454346e-01 -4.045571386814117432e-01 -7.333405315876007080e-02 -4.711410105228424072e-01 1.281515955924987793e-01 2.157550603151321411e-01
2.968103289604187012e-01 1.416143961250782013e-02 -4.807467758655548096e-02 2.398946285247802734e-01 2.068907320499420166e-01 -4.072895050048828125e-01 9.892569482326507568e-02 3.468193709850311279e-01 -1.214800328016281128e-01 -4.020841121673583984e-01 -4.082430005073547363e-01 1.906828582286834717e-02 3.694629296660423279e-02 3.338319063186645508e-01 -4.416301380842924118e-03
9.618364274501800537e-02 -1.942663937807083130e-01 -2.404017597436904907e-01 9.272962063550949097e-02 -2.291066050529479980e-01 -2.817258238792419434e-01 -4.369959235191345215e-02 1.951286196708679199e-01 5.970706418156623840e-02 -6.535624153912067413e-03 3.239430114626884460e-02 1.739603132009506226e-01 -2.521919906139373779e-01 2.938139438629150391e-01 1.344466358423233032e-01
1.203416660428047180e-01 -7.829342782497406006e-02 2.434143982827663422e-02 1.466854512691497803e-01 -1.128543391823768616e-01 -2.396888583898544312e-01 -1.183101236820220947e-01 3.171170353889465332e-01 9.434621781110763550e-03 -1.010485365986824036e-01 -1.840146183967590332e-01 1.979062110185623169e-01 1.103876307606697083e-01 3.909563720226287842e-01 -6.395348906517028809e-02
3.041464686393737793e-01 -7.833896204829216003e-03 -4.400517046451568604e-01 1.363458335399627686e-01 2.261689305305480957e-02 -1.600323319435119629e-01 -2.953418903052806854e-02 1.697525084018707275e-01 7.983911037445068359e-02 -1.178705412894487381e-02 -1.842760741710662842e-01 2.855785191059112549e-02 -2.908311784267425537e-01 3.978737294673919678e-01 6.997181475162506104e-02
1.925740092992782593e-01 -1.619719564914703369e-01 1.161673218011856079e-01 1.400333940982818604e-01 -1.675400435924530029e-01 -4.299311041831970215e-01 -1.701133698225021362e-01 3.594200909137725830e-01 1.276873648166656494e-01 -1.727683991193771362e-01 -2.856544554233551025e-01 1.695257574319839478e-01 -9.502106346189975739e-03 3.879967629909515381e-01 -1.339070051908493042e-01
3.737155795097351074e-01 -2.266564816236495972e-01 -6.546900421380996704e-02 1.473895646631717682e-02 -1.649191081523895264e-01 -5.297927260398864746e-01 -3.533238172531127930e-01 3.014602661132812500e-01 9.314034134149551392e-02 -6.970831006765365601e-02 -2.218579202890396118e-01 2.891852557659149170e-01 1.889161914587020874e-01 3.498163819313049316e-01 -1.011639554053544998e-02
-9.975850582122802734e-03 -5.410248786211013794e-02 -1.649728864431381226e-01 2.077951729297637939e-01 -3.994698077440261841e-02 -2.771683931350708008e-01 -3.044128231704235077e-02 4.851669073104858398e-01 1.174280419945716858e-02 1.417638212442398071e-01 -3.379915654659271240e-01 6.432025432586669922e-01 -2.576532661914825439e-01 3.395801186561584473e-01 -1.488416641950607300e-01
2.334660440683364868e-01 -4.706013202667236328e-02 -6.715194135904312134e-02 1.303744465112686157e-01 1.031374633312225342e-01 -9.663533419370651245e-02 1.110114250332117081e-02 5.993505567312240601e-02 -3.663541004061698914e-02 -1.061740815639495850e-01 -2.083963155746459961e-01 8.908529579639434814e-02 -6.690745055675506592e-02 7.803281396627426147e-02 2.703088149428367615e-02
1.341739147901535034e-01 -5.402754992246627808e-02 -4.113753512501716614e-02 2.012561559677124023e-01 -1.037405282258987427e-01 -7.586610317230224609e-02 1.823009699583053589e-01 2.360101342201232910e-01 -6.256014853715896606e-02 -5.425310507416725159e-02 -1.860258430242538452e-01 1.903545558452606201e-01 1.917499117553234100e-03 3.950605690479278564e-01 8.506089448928833008e-02
1.949300616979598999e-01 7.261807471513748169e-02 -5.014063119888305664e-01 1.765750348567962646e-01 2.160296542569994926e-03 -2.396105825901031494e-01 -1.901520937681198120e-01 2.362851947546005249e-01 1.261580586433410645e-01 -6.797616183757781982e-02 -3.243745863437652588e-01 -1.231382880359888077e-02 -2.112366408109664917e-01 2.994297742843627930e-01 7.452929764986038208e-02
1.501971036195755005e-01 1.199037656188011169e-01 -4.680516123771667480e-01 1.271013468503952026e-01 8.079943805932998657e-02 -2.485430538654327393e-01 -1.146009862422943115e-01 2.244071960449218750e-01 3.607371821999549866e-02 -1.137155517935752869e-01 -2.442142367362976074e-01 8.324043452739715576e-02 -2.107770144939422607e-01 4.246815741062164307e-01 1.386183053255081177e-01
1.690256446599960327e-01 1.921273209154605865e-02 2.064995914697647095e-01 3.250399231910705566e-01 -1.275285035371780396e-01 -1.620988696813583374e-01 2.945233285427093506e-01 -3.233815431594848633e-01 -1.970389634370803833e-01 -3.267029225826263428e-01 -2.384555637836456299e-01 -4.400894045829772949e-02 -4.709160923957824707e-01 -1.718124300241470337e-01 -5.758948624134063721e-02
3.683625459671020508e-01 -7.771823555231094360e-02 -1.868056803941726685e-01 2.669616043567657471e-01 8.023380488157272339e-02 -4.585419297218322754e-01 1.276680380105972290e-01 1.576222181320190430e-01 -6.557267159223556519e-02 -3.686848282814025879e-01 -2.602530717849731445e-01 -6.817676126956939697e-02 -1.985700801014900208e-04 2.824348509311676025e-01 9.179256856441497803e-02
1.442207843065261841e-01 -8.125368505716323853e-02 1.664593666791915894e-01 2.841592431068420410e-01 -1.604316681623458862e-01 -1.730132997035980225e-01 1.875733584165573120e-01 -2.570230066776275635e-01 -7.430309802293777466e-02 -1.943639665842056274e-01 -1.290449947118759155e-01 4.979267250746488571e-03 -2.930665910243988037e-01 -8.831997960805892944e-02 8.206480741500854492e-02
2.305464595556259155e-01 4.881629347801208496e-02 -7.101354002952575684e-02 -2.933187410235404968e-03 5.778807774186134338e-02 -4.591536819934844971e-01 -2.970867045223712921e-02 1.313438117504119873e-01 1.104635670781135559e-01 -3.493830561637878418e-01 -3.234857618808746338e-01 -6.983757484704256058e-03 7.457989268004894257e-03 1.192588210105895996e-01 1.648293584585189819e-01
1.018631830811500549e-01 -1.423847228288650513e-01 4.863575473427772522e-02 1.403332799673080444e-01 -1.130091547966003418e-01 -4.688289463520050049e-01 1.731565780937671661e-02 3.346161842346191406e-01 1.924705877900123596e-02 -2.021180838346481323e-01 -1.902716904878616333e-01 3.918246924877166748e-01 -5.325638689100742340e-03 5.714442729949951172e-01 -1.968024522066116333e-01
1.388565301895141602e-01 1.177658662199974060e-01 -1.932323426008224487e-01 1.777662932872772217e-01 1.287634670734405518e-01 -4.440630078315734863e-01 1.419883966445922852e-01 2.104100435972213745e-01 2.015808224678039551e-02 -3.379892110824584961e-01 -3.170002400875091553e-01 1.663665473461151123e-02 -4.900718107819557190e-02 2.962050139904022217e-01 -1.001667138189077377e-02
5.618695020675659180e-01 -1.048274710774421692e-01 1.472795456647872925e-01 2.655388414859771729e-01 -1.587119698524475098e-01 -2.234310358762741089e-01 -1.703321784734725952e-01 5.839973092079162598e-01 -6.750144064426422119e-02 3.519133850932121277e-02 -2.369904220104217529e-01 3.636249005794525146e-01 5.746102891862392426e-03 3.383427858352661133e-01 -1.350117474794387817e-01
1.793852299451828003e-01 4.424432665109634399e-02 8.579745143651962280e-02 3.653273582458496094e-01 -1.612097322940826416e-01 -2.161477357149124146e-01 1.593558043241500854e-01 -3.054408431053161621e-01 -3.025085106492042542e-02 -2.862795591354370117e-01 -4.045129120349884033e-01 -3.479708731174468994e-02 -2.855470776557922363e-01 -9.709496051073074341e-02 4.404326528310775757e-02
2.229684442281723022e-01 -9.982923418283462524e-02 -5.432183668017387390e-02 1.566988229751586914e-01 -1.427405476570129395e-01 -5.438543558120727539e-01 1.222249958664178848e-02 3.043054342269897461e-01 4.351443424820899963e-02 -1.199612691998481750e-01 -1.438064277172088623e-01 4.773937761783599854e-01 -3.095693513751029968e-02 5.456553697586059570e-01 -2.972661852836608887e-01
-2.984329825267195702e-03 6.950064003467559814e-02 1.405399590730667114e-01 3.222227394580841064e-01 -1.428692936897277832e-01 -2.432073652744293213e-01 1.273232549428939819e-01 -2.949590086936950684e-01 -1.646113544702529907e-01 -4.910413622856140137e-01 -2.194989919662475586e-01 -8.249033987522125244e-02 -3.453448116779327393e-01 -1.516418308019638062e-01 9.282984584569931030e-02
2.865424752235412598e-01 3.470414876937866211e-02 -2.025827914476394653e-01 4.878462105989456177e-02 -3.146049380302429199e-02 -2.592009007930755615e-01 -2.479973286390304565e-01 2.619097232818603516e-01 1.792719513177871704e-01 1.284031104296445847e-02 -3.663210868835449219e-01 -1.261013001203536987e-01 -1.611247807741165161e-01 2.298639118671417236e-01 1.399297863245010376e-01
-2.181021869182586670e-02 -3.528999090194702148e-01 -1.135694831609725952e-01 8.535450696945190430e-02 -2.318340092897415161e-01 -2.384229600429534912e-01 5.595514178276062012e-02 3.409373164176940918e-01 1.535211950540542603e-01 2.829537913203239441e-02 -3.248234093189239502e-02 1.502464115619659424e-01 -4.171340763568878174e-01 3.343482911586761475e-01 1.108767017722129822e-01
4.749126434326171875e-01 -8.778273314237594604e-02 1.357132494449615479e-01 1.561537683010101318e-01 7.997737266123294830e-03 -6.041627526283264160e-01 -7.705382257699966431e-02 2.873602807521820068e-01 -4.627865180373191833e-02 -4.848460555076599121e-01 -3.736828565597534180e-01 5.486233532428741455e-02 1.947642415761947632e-01 2.424077391624450684e-01 7.640790939331054688e-02
1.157003790140151978e-01 -1.719220131635665894e-01 4.345949366688728333e-02 3.325315117835998535e-01 -5.055993795394897461e-02 -4.498167037963867188e-01 1.397641301155090332e-01 2.931807637214660645e-01 -6.455869972705841064e-02 -1.796535402536392212e-01 -1.911886632442474365e-01 3.536187410354614258e-01 -4.793979600071907043e-02 4.500060975551605225e-01 -3.087745010852813721e-01
4.925901293754577637e-01 1.864322572946548462e-01 7.804225385189056396e-02 1.018242835998535156e-01 2.175862789154052734e-01 -4.666136503219604492e-01 -1.872985623776912689e-03 2.887529730796813965e-01 -1.165448948740959167e-01 -4.463304281234741211e-01 -3.634737133979797363e-01 1.582029461860656738e-02 2.313664853572845459e-01 3.104008436203002930e-01 -1.484290417283773422e-02
1.777708828449249268e-01 -1.145255491137504578e-01 1.091460883617401123e-01 3.430507779121398926e-01 -1.145000606775283813e-01 -1.980679035186767578e-01 1.172617450356483459e-01 -1.659468710422515869e-01 -8.194448798894882202e-02 -3.520424962043762207e-01 -2.606575191020965576e-01 2.681763470172882080e-02 -3.141404390335083008e-01 1.476531028747558594e-01 -5.446863919496536255e-02
1.556268334388732910e-02 -2.087761312723159790e-01 -1.598659008741378784e-01 4.396132230758666992e-01 -7.212634198367595673e-03 8.353804005309939384e-04 2.660789787769317627e-01 2.283114343881607056e-01 -8.906229585409164429e-02 4.736171290278434753e-02 -6.381040811538696289e-02 1.947136670351028442e-01 -1.636451333761215210e-01 3.065790235996246338e-01 5.059402901679277420e-03
1.977421939373016357e-01 6.359199434518814087e-02 2.484786063432693481e-01 3.147953152656555176e-01 -3.637276291847229004e-01 -2.984562218189239502e-01 2.196744680404663086e-01 -2.669161558151245117e-01 -3.832161799073219299e-02 -3.252191543579101562e-01 -3.336829245090484619e-01 1.233004778623580933e-01 -3.152820169925689697e-01 1.137186363339424133e-01 1.878356933593750000e-02
2.584860324859619141e-01 -5.596222728490829468e-02 1.717444062232971191e-01 3.574951738119125366e-02 -3.663729131221771240e-02 -3.293325304985046387e-01 -7.761803269386291504e-02 1.770298629999160767e-01 7.428138703107833862e-02 -2.880841493606567383e-01 -3.185504972934722900e-01 2.033538818359375000e-01 1.158043891191482544e-01 4.637327194213867188e-01 1.104865372180938721e-01
5.524438247084617615e-02 -1.956233829259872437e-01 -2.307565659284591675e-01 1.028459370136260986e-01 -2.407151162624359131e-01 -2.553390860557556152e-01 2.519031055271625519e-03 2.256763279438018799e-01 7.916478067636489868e-02 5.338518694043159485e-02 3.295330330729484558e-02 1.985845714807510376e-01 -2.154879719018936157e-01 2.809748351573944092e-01 1.080473884940147400e-01
4.187549650669097900e-02 -1.446203738451004028e-01 -2.279861271381378174e-01 2.992906607687473297e-02 -3.099934384226799011e-02 -2.808303833007812500e-01 -3.526101261377334595e-02 1.729969084262847900e-01 1.929006278514862061e-01 -4.622768983244895935e-02 -2.383281141519546509e-01 1.496201753616333008e-01 -3.402564227581024170e-01 5.241855978965759277e-01 8.237951993942260742e-02
1.630087792873382568e-01 -3.870039433240890503e-02 -2.964293956756591797e-01 2.172226905822753906e-01 -6.191284954547882080e-02 -4.317746162414550781e-01 -1.973906457424163818e-01 2.708199918270111084e-01 1.805819422006607056e-01 -1.102583333849906921e-01 -5.288060307502746582e-01 3.532223403453826904e-02 -4.406223595142364502e-01 1.366043835878372192e-01 -3.312392830848693848e-01
2.501209080219268799e-02 4.666350781917572021e-02 -1.491426862776279449e-02 8.971650898456573486e-02 1.280883848667144775e-01 -3.940435647964477539e-01 1.538179665803909302e-01 3.276739120483398438e-01 2.628135308623313904e-02 -4.006259441375732422e-01 -4.600135087966918945e-01 2.734266221523284912e-02 -1.188380345702171326e-01 3.177310526371002197e-01 1.377036124467849731e-01
4.690353572368621826e-02 -1.139827147126197815e-01 -9.156775474548339844e-02 -4.171846434473991394e-03 -1.088093668222427368e-01 -2.950543761253356934e-01 -1.866382211446762085e-01 1.851280927658081055e-01 2.433884143829345703e-01 7.952618598937988281e-02 -2.991238534450531006e-01 1.365469545125961304e-01 -2.601868212223052979e-01 3.120316565036773682e-01 8.270395547151565552e-02
4.367267489433288574e-01 3.150649368762969971e-02 9.800948202610015869e-02 4.341382086277008057e-01 -1.948884725570678711e-01 -2.798307836055755615e-01 2.478250563144683838e-01 -1.446972489356994629e-01 -1.631702631711959839e-01 -3.279798328876495361e-01 -1.804951578378677368e-01 -7.800896465778350830e-02 -3.237794041633605957e-01 3.733354434370994568e-02 1.368351373821496964e-02
6.406051516532897949e-01 -7.450269907712936401e-02 3.896514773368835449e-01 1.770710200071334839e-01 -1.604562848806381226e-01 -2.684619426727294922e-01 -6.702851504087448120e-02 5.067939758300781250e-01 1.339630335569381714e-01 -4.340865015983581543e-01 -4.466902315616607666e-01 2.176302224397659302e-01 4.249205291271209717e-01 4.220173358917236328e-01 1.121817827224731445e-01
1.951675117015838623e-01 -5.681481957435607910e-02 1.344354003667831421e-01 3.507452309131622314e-01 -2.018274068832397461e-01 -2.694908976554870605e-01 2.068363428115844727e-01 -1.453667283058166504e-01 3.746141213923692703e-03 -3.266611993312835693e-01 -2.916397750377655029e-01 1.792149245738983154e-02 -3.984954059123992920e-01 4.194596782326698303e-02 4.832021147012710571e-02
4.207716286182403564e-01 -3.918761014938354492e-02 1.836940199136734009e-01 2.188857793807983398e-01 -1.463859975337982178e-01 -3.325608670711517334e-01 -7.353588007390499115e-03 3.025731146335601807e-01 -1.341489404439926147e-01 2.131482586264610291e-02 -3.707988560199737549e-01 2.218786627054214478e-01 -3.007356822490692139e-02 4.304181635379791260e-01 -1.589892953634262085e-01
-4.426407814025878906e-02 -1.432028859853744507e-01 -2.478801161050796509e-01 1.231002733111381531e-01 8.428003638982772827e-02 -4.211875498294830322e-01 -2.959964238107204437e-02 1.076919212937355042e-01 -1.205591559410095215e-01 -2.183234319090843201e-02 5.114463716745376587e-02 2.283593267202377319e-01 -1.104111894965171814e-01 1.021681353449821472e-01 -1.204361245036125183e-01
-1.565194502472877502e-02 1.906075924634933472e-01 -3.779827952384948730e-01 3.193522095680236816e-01 -2.305028587579727173e-02 -6.558114290237426758e-01 -9.415844082832336426e-02 1.209888681769371033e-01 -6.828415207564830780e-04 -4.751626253128051758e-01 -4.314760267734527588e-01 4.797253608703613281e-01 -1.906461641192436218e-02 4.649520218372344971e-01 1.191370282322168350e-02
1.870759427547454834e-01 -1.808642297983169556e-01 7.322108000516891479e-02 2.004399597644805908e-01 -2.223166525363922119e-01 -5.593407154083251953e-01 -8.951115608215332031e-02 2.377979755401611328e-01 -1.720609143376350403e-02 -7.494405657052993774e-02 -1.742939502000808716e-01 3.502644300460815430e-01 1.191562712192535400e-01 3.995076715946197510e-01 -2.214521616697311401e-01
-6.226673722267150879e-03 -9.546282142400741577e-02 -2.263942658901214600e-01 8.875745534896850586e-02 3.830720484256744385e-02 -4.031324982643127441e-01 -1.628890782594680786e-01 1.554952859878540039e-01 -7.640402764081954956e-02 9.456364065408706665e-02 -5.566274002194404602e-02 2.264685034751892090e-01 -8.778462558984756470e-02 1.773162037134170532e-01 -1.190969124436378479e-01
3.864864110946655273e-01 -5.620765686035156250e-02 -2.198141068220138550e-01 2.968181371688842773e-01 3.313547372817993164e-02 -5.710640549659729004e-01 5.800640583038330078e-02 1.797005385160446167e-01 -1.052048504352569580e-01 -3.446015715599060059e-01 -3.061338365077972412e-01 4.821543395519256592e-02 -5.189135298132896423e-02 2.859233021736145020e-01 -6.385265290737152100e-02
2.138908803462982178e-01 5.717848986387252808e-02 8.529527112841606140e-03 2.425821125507354736e-01 -1.602518856525421143e-01 -6.801662594079971313e-02 2.416105717420578003e-01 2.964493334293365479e-01 -1.046694442629814148e-01 -1.469558179378509521e-01 -2.839601337909698486e-01 1.296082884073257446e-01 -1.133882850408554077e-01 5.359416007995605469e-01 -2.539705019444227219e-03
2.955076098442077637e-01 -1.916857808828353882e-01 8.495326340198516846e-02 2.235837280750274658e-01 -1.528885811567306519e-01 -6.744061112403869629e-01 -3.980346024036407471e-02 3.407575786113739014e-01 -3.104464709758758545e-02 -1.966769844293594360e-01 -2.286009937524795532e-01 4.073063433170318604e-01 5.265890061855316162e-02 4.278129339218139648e-01 -2.837948501110076904e-01
-7.412634789943695068e-03 -2.128542959690093994e-02 -4.193432331085205078e-01 1.311347819864749908e-02 -9.652833640575408936e-02 -1.594263166189193726e-01 -5.775534734129905701e-02 2.337054759263992310e-01 1.071404591202735901e-01 3.874052315950393677e-02 -1.722927391529083252e-01 1.108563095331192017e-01 -3.411956727504730225e-01 3.634553253650665283e-01 2.081012427806854248e-01
-1.875881701707839966e-01 -5.421473085880279541e-02 -1.746920682489871979e-02 -5.253350362181663513e-03 4.190661758184432983e-02 -3.129407167434692383e-01 -2.078484557569026947e-02 1.139951124787330627e-01 1.139525398612022400e-01 6.092769280076026917e-02 -1.506156027317047119e-01 1.204316914081573486e-01 -6.509509868919849396e-03 2.794221937656402588e-01 -9.560416638851165771e-02
2.701392173767089844e-01 -1.648856103420257568e-01 4.385168431326746941e-04 2.473991811275482178e-01 -1.429233253002166748e-01 -4.798786640167236328e-01 -1.216127537190914154e-03 3.163530230522155762e-01 -5.870666727423667908e-02 -2.147146910429000854e-01 -7.714842259883880615e-02 2.941910922527313232e-01 6.707126647233963013e-02 4.901400804519653320e-01 -1.671731621026992798e-01
2.378342896699905396e-01 4.708164185285568237e-02 1.320070028305053711e-01 3.093792796134948730e-01 -1.800566613674163818e-01 -3.352801799774169922e-01 1.773585528135299683e-01 -2.584057450294494629e-01 -7.922422885894775391e-02 -4.524016976356506348e-01 -2.822197079658508301e-01 -6.623931229114532471e-02 -3.706138432025909424e-01 -1.936257630586624146e-02 3.773470222949981689e-02
8.013121783733367920e-02 -1.599303483963012695e-01 4.283873364329338074e-03 9.892170131206512451e-02 -1.114655435085296631e-01 -1.690232604742050171e-01 2.606526203453540802e-02 2.867666184902191162e-01 -7.982190698385238647e-02 2.428171411156654358e-02 -2.334385216236114502e-01 3.692044317722320557e-01 -3.402844071388244629e-02 2.492768913507461548e-01 -9.054213017225265503e-02
1.771309524774551392e-01 1.497859805822372437e-01 -4.071974158287048340e-01 3.869546949863433838e-01 9.989236295223236084e-02 -7.426165938377380371e-01 -1.751808226108551025e-01 1.435305476188659668e-01 -1.365437954664230347e-01 -6.473405957221984863e-01 -2.502457797527313232e-01 3.486400544643402100e-01 8.555644005537033081e-02 5.328085422515869141e-01 -5.976583063602447510e-02
3.175544738769531250e-01 8.862087875604629517e-02 -1.094880104064941406e-01 2.301066815853118896e-01 7.362233102321624756e-02 -6.084501743316650391e-01 9.910432994365692139e-02 2.234236299991607666e-01 -9.189415723085403442e-03 -5.302351713180541992e-01 -4.455408751964569092e-01 1.057564020156860352e-01 1.732688844203948975e-01 4.141789376735687256e-01 1.223091781139373779e-01
4.693959653377532959e-01 -6.523270905017852783e-02 -8.087266236543655396e-02 1.559336185455322266e-01 1.037752032279968262e-01 -5.729966759681701660e-01 -2.007125131785869598e-02 1.282901167869567871e-01 6.338697392493486404e-03 -4.582061171531677246e-01 -3.173977136611938477e-01 -1.166953146457672119e-01 9.974491596221923828e-02 2.465528547763824463e-01 4.924318194389343262e-02
9.256502240896224976e-02 -6.730417907238006592e-02 -1.759567558765411377e-01 4.161025285720825195e-01 -1.627847105264663696e-01 -2.014210224151611328e-01 4.469846561551094055e-02 1.392773240804672241e-01 -1.808132380247116089e-01 7.500717788934707642e-02 -1.423666924238204956e-01 3.146037459373474121e-01 -4.052514210343360901e-02 1.246488466858863831e-01 -1.569631695747375488e-02
1.987740397453308105e-02 -1.314476132392883301e-01 -3.096125125885009766e-01 -4.953990131616592407e-02 4.351766407489776611e-02 -3.715925514698028564e-01 -2.118295878171920776e-01 2.145010679960250854e-01 -8.318825066089630127e-02 1.436994224786758423e-01 -8.066891878843307495e-02 1.968639791011810303e-01 -2.868680059909820557e-01 6.344370543956756592e-02 -8.939214795827865601e-02
3.954207599163055420e-01 -7.896183431148529053e-02 3.603238612413406372e-02 3.476242348551750183e-02 2.288647741079330444e-02 -4.888738393783569336e-01 5.611332505941390991e-02 4.244402647018432617e-01 2.266768366098403931e-02 -2.652643322944641113e-01 -3.362629711627960205e-01 2.780590951442718506e-02 7.931829988956451416e-02 3.106661736965179443e-01 4.378114640712738037e-02
1.877554953098297119e-01 -8.014313131570816040e-02 1.818407326936721802e-01 3.822830319404602051e-02 3.088235389441251755e-04 -2.936922907829284668e-01 -2.686230652034282684e-02 1.353298127651214600e-01 1.120361611247062683e-01 -2.505671083927154541e-01 -3.039006292819976807e-01 -4.095357656478881836e-02 8.572872728109359741e-02 2.435923218727111816e-01 6.599998474121093750e-02
1.973296403884887695e-01 -1.001206412911415100e-01 -9.839433431625366211e-02 2.154908776283264160e-01 -2.302409708499908447e-01 -3.282953798770904541e-02 1.325452923774719238e-01 2.225186526775360107e-01 2.344867214560508728e-02 -8.385045081377029419e-02 -1.736571490764617920e-01 9.247715771198272705e-02 -9.710961580276489258e-02 3.756477236747741699e-01 9.031875431537628174e-02
7.271580398082733154e-02 -2.490324676036834717e-01 -1.756764650344848633e-01 1.850404739379882812e-01 -1.772645711898803711e-01 -2.774406969547271729e-01 1.951171308755874634e-01 4.421377480030059814e-01 1.351431459188461304e-01 -6.807496398687362671e-02 -9.262547641992568970e-02 3.286015689373016357e-01 -2.959400117397308350e-01 5.088170766830444336e-01 7.362178713083267212e-02
2.052825689315795898e-01 4.887621104717254639e-02 9.112127870321273804e-02 3.593222498893737793e-01 -1.314299106597900391e-01 -1.801147609949111938e-01 2.835296392440795898e-01 -3.050291538238525391e-01 -1.350307092070579529e-02 -2.917522490024566650e-01 -3.326716721057891846e-01 -8.746418356895446777e-02 -4.773045778274536133e-01 -9.144142270088195801e-02 -4.581788182258605957e-02
1.553712785243988037e-01 -2.834306843578815460e-02 -3.587827682495117188e-01 1.318111866712570190e-01 -1.631779223680496216e-01 -1.775974482297897339e-01 4.662723839282989502e-02 6.281749159097671509e-02 1.464398652315139771e-01 -1.008607745170593262e-01 -1.789024174213409424e-01 4.203669726848602295e-02 -2.418298274278640747e-01 4.277557134628295898e-01 1.532887816429138184e-01
1.110336259007453918e-01 -1.878399103879928589e-01 -2.117749303579330444e-01 1.804025620222091675e-01 -3.386411368846893311e-01 -3.414171934127807617e-01 1.499733030796051025e-01 2.260503023862838745e-01 7.971926778554916382e-02 3.312390670180320740e-02 -6.462180614471435547e-02 3.336236178874969482e-01 -1.681153476238250732e-01 5.930019617080688477e-01 -1.254973467439413071e-02
1.739904433488845825e-01 1.611605584621429443e-01 -2.613326013088226318e-01 3.168955743312835693e-01 -4.795959591865539551e-02 -8.365505337715148926e-01 -1.956974267959594727e-01 3.153889775276184082e-01 4.118930920958518982e-02 -6.974723935127258301e-01 -3.284958302974700928e-01 6.524692177772521973e-01 1.193566024303436279e-01 7.004318237304687500e-01 -1.333560645580291748e-01
3.507655858993530273e-01 8.123727142810821533e-02 -4.415630698204040527e-01 2.937893867492675781e-01 1.921736896038055420e-01 -2.643186450004577637e-01 -2.962843887507915497e-02 3.152646124362945557e-02 4.170269891619682312e-02 -2.955817058682441711e-02 -1.829433590173721313e-01 -2.235783785581588745e-01 -2.151072472333908081e-01 2.558513581752777100e-01 -8.336791396141052246e-02
1.171321347355842590e-01 6.369462609291076660e-02 1.223946437239646912e-01 3.035709857940673828e-01 -2.039246261119842529e-01 -1.899932622909545898e-01 2.524988651275634766e-01 -3.979514539241790771e-01 -8.819495886564254761e-02 -2.625285685062408447e-01 -1.736741214990615845e-01 -2.025620788335800171e-01 -3.855420649051666260e-01 -2.070836275815963745e-01 6.194763351231813431e-03
1.193691492080688477e-01 -1.997564136981964111e-01 -7.202717661857604980e-02 2.428258359432220459e-01 -1.268841624259948730e-01 -5.186049938201904297e-01 5.560011602938175201e-03 2.835325002670288086e-01 -3.000227734446525574e-02 -7.244766503572463989e-02 -2.172133028507232666e-01 1.913546174764633179e-01 -5.338709056377410889e-02 3.954378664493560791e-01 -2.600710690021514893e-01
1.210267245769500732e-01 -2.109523564577102661e-01 -1.368859899230301380e-03 2.713715434074401855e-01 -1.253746598958969116e-01 -2.418054938316345215e-01 1.877532601356506348e-01 2.225949466228485107e-01 -2.204023487865924835e-02 -6.692086346447467804e-03 -1.093637943267822266e-01 2.063696235418319702e-01 3.596945106983184814e-02 1.720613986253738403e-01 -1.624743919819593430e-03
1.019093394279479980e-01 -1.011200696229934692e-01 -3.841405734419822693e-02 2.424530982971191406e-01 -1.690842211246490479e-01 -1.913380175828933716e-01 3.143791258335113525e-01 7.794006168842315674e-02 -7.829109579324722290e-02 -8.769295364618301392e-02 -1.447030603885650635e-01 3.028557598590850830e-01 -6.603904068470001221e-02 4.032144546508789062e-01 9.733147919178009033e-02
1.265024989843368530e-01 -1.334562450647354126e-01 7.437857240438461304e-02 1.817795820534229279e-02 -1.345485746860504150e-01 -2.273854315280914307e-01 1.013921648263931274e-01 1.536616683006286621e-01 7.738996297121047974e-02 -1.802679300308227539e-01 -3.690243065357208252e-01 2.254170924425125122e-01 4.136044532060623169e-02 5.645235776901245117e-01 1.423636525869369507e-01
1.350903064012527466e-01 2.459503896534442902e-02 8.834409713745117188e-02 2.540733218193054199e-01 -1.648544818162918091e-01 -1.991137564182281494e-01 1.453921943902969360e-01 -2.983728647232055664e-01 -9.489142149686813354e-02 -2.636085450649261475e-01 -2.335238456726074219e-01 -3.680615127086639404e-02 -3.915549814701080322e-01 -1.247945800423622131e-01 -4.954294860363006592e-02
4.066786170005798340e-02 -2.308312356472015381e-01 -2.692393660545349121e-01 2.638518810272216797e-01 -4.657056331634521484e-01 -3.987782895565032959e-01 4.133142530918121338e-02 5.795112252235412598e-01 1.566182076930999756e-01 4.929004237055778503e-02 -4.668567702174186707e-02 5.088618993759155273e-01 -4.012941122055053711e-01 5.694309473037719727e-01 1.937299966812133789e-02
7.552405446767807007e-02 -7.320800423622131348e-02 -9.241665899753570557e-02 9.891496598720550537e-02 -1.590834707021713257e-01 -2.605128586292266846e-01 3.399041295051574707e-02 2.976266741752624512e-01 1.452214568853378296e-01 1.024124305695295334e-02 -2.278664410114288330e-01 2.263731807470321655e-01 -1.596362143754959106e-01 5.388882160186767578e-01 3.219415992498397827e-02
1.726543158292770386e-01 -6.174418330192565918e-02 -1.035518273711204529e-01 2.607342004776000977e-01 -1.362667083740234375e-01 -9.925451129674911499e-02 1.520029753446578979e-01 2.365480065345764160e-01 4.958402831107378006e-03 -1.409720778465270996e-01 -2.667856514453887939e-01 2.742659449577331543e-01 -2.431680634617805481e-02 4.142665863037109375e-01 1.869177222251892090e-01
3.591839373111724854e-01 4.067809134721755981e-02 5.034024268388748169e-02 3.976143002510070801e-01 -1.589312553405761719e-01 -3.243617117404937744e-01 2.502990365028381348e-01 -2.352581620216369629e-01 -8.573139458894729614e-02 -5.005545616149902344e-01 -3.203866481781005859e-01 -1.652267128229141235e-01 -5.518409013748168945e-01 1.497631520032882690e-01 2.363131195306777954e-02
-3.429389744997024536e-02 -2.383661866188049316e-01 -1.186421364545822144e-01 1.894968152046203613e-01 -3.484333455562591553e-01 -3.274682462215423584e-01 1.890746504068374634e-01 4.327013492584228516e-01 6.477264314889907837e-02 -5.090701952576637268e-02 -1.258304119110107422e-01 5.034124851226806641e-01 -3.224351108074188232e-01 5.995811223983764648e-01 5.607819557189941406e-02
3.519347906112670898e-01 -4.594977945089340210e-02 2.040620744228363037e-01 4.272706806659698486e-02 -7.811462134122848511e-02 -5.625271797180175781e-01 2.819091267883777618e-02 1.718813776969909668e-01 6.537128705531358719e-03 -3.751826286315917969e-01 -2.627370655536651611e-01 -5.070380866527557373e-02 3.719368577003479004e-02 1.268694400787353516e-01 2.022722512483596802e-01
2.301896214485168457e-01 1.818063557147979736e-01 -4.591814279556274414e-01 -1.210910640656948090e-02 -7.064332813024520874e-02 -2.012007236480712891e-01 -1.602125912904739380e-01 2.369300723075866699e-01 1.952587962150573730e-01 -1.273464262485504150e-01 -3.289432525634765625e-01 5.118818581104278564e-02 -1.426135301589965820e-01 3.031601607799530029e-01 1.691639870405197144e-01
3.827836513519287109e-01 -2.269231379032135010e-01 2.959830872714519501e-02 1.272992789745330811e-01 -1.243843063712120056e-01 -3.325123488903045654e-01 -3.731149435043334961e-01 2.733156383037567139e-01 8.721698075532913208e-03 6.967744976282119751e-02 -1.228447258472442627e-01 3.565041422843933105e-01 2.771067619323730469e-01 3.097002804279327393e-01 -6.043769419193267822e-02
1.342650353908538818e-01 1.405377238988876343e-01 3.206109255552291870e-02 2.647689580917358398e-01 -2.246797531843185425e-01 -1.843912899494171143e-01 1.843851655721664429e-01 -2.873746752738952637e-01 2.468547597527503967e-02 -1.963410079479217529e-01 -1.779008209705352783e-01 -9.782955981791019440e-03 -4.246743917465209961e-01 -4.546865820884704590e-03 7.715514302253723145e-02
2.594462037086486816e-01 -1.468187421560287476e-01 -6.754605472087860107e-02 -5.727843195199966431e-02 -9.957301430404186249e-03 -4.963040947914123535e-01 -4.102568924427032471e-01 3.611378073692321777e-01 3.822335228323936462e-02 -2.775807864964008331e-03 -2.380936145782470703e-01 3.594882190227508545e-01 9.791156649589538574e-02 3.640160858631134033e-01 -2.450564131140708923e-02
4.008531570434570312e-03 -9.749439358711242676e-02 -7.492722943425178528e-03 5.134949684143066406e-01 1.139433011412620544e-01 -9.786404669284820557e-02 2.110496349632740021e-02 2.959164977073669434e-01 -1.378980576992034912e-01 -3.796977922320365906e-02 -2.000839859247207642e-01 3.179565072059631348e-01 -1.999721676111221313e-01 2.329771518707275391e-01 -5.610529333353042603e-02
1.820818483829498291e-01 1.562054008245468140e-01 -4.865344762802124023e-01 2.461668252944946289e-01 8.853141963481903076e-02 -7.874028682708740234e-01 -2.616463601589202881e-01 8.221413940191268921e-02 -2.551790699362754822e-02 -5.863761901855468750e-01 -3.886392414569854736e-01 4.054491817951202393e-01 9.643139690160751343e-02 6.071794033050537109e-01 -7.904109358787536621e-02
-7.369311898946762085e-02 -3.328473269939422607e-01 -2.872726917266845703e-01 9.018879383802413940e-02 -1.719174087047576904e-01 -2.815936803817749023e-01 1.545331329107284546e-01 3.322296738624572754e-01 3.309272602200508118e-02 1.029225438833236694e-01 -4.562861844897270203e-02 2.039586901664733887e-01 -3.126535713672637939e-01 4.105812907218933105e-01 9.951397031545639038e-02
1.406961083412170410e-01 -1.165742985904216766e-02 -4.311307072639465332e-01 1.169133372604846954e-02 -3.753262804821133614e-03 -2.951297461986541748e-01 2.538716979324817657e-02 1.783140301704406738e-01 1.614382416009902954e-01 -1.267382595688104630e-02 -2.767065465450286865e-01 9.464204311370849609e-02 -2.289283424615859985e-01 4.065296947956085205e-01 -4.168215673416852951e-03
