6.038689136505126953e+00 -8.876269459724426270e-01 3.156454801559448242e+00 -3.172274112701416016e+00 7.930971980094909668e-01 -1.642379462718963623e-01 -1.920132994651794434e+00 -4.125607013702392578e+00 6.572890877723693848e-01 -3.819953918457031250e+00
2.648842573165893555e+00 -1.562956929206848145e+00 9.226544499397277832e-01 1.006673574447631836e+00 -2.592507600784301758e+00 1.164309382438659668e+00 -7.647723704576492310e-02 -6.515654563903808594e+00 1.359675049781799316e+00 2.734433174133300781e+00
3.152794122695922852e+00 1.608162283897399902e+00 -3.641715288162231445e+00 -1.444383978843688965e+00 1.748701572418212891e+00 -1.833115518093109131e-01 -1.577079415321350098e+00 -1.602002501487731934e+00 3.902162551879882812e+00 9.484644532203674316e-01
-4.515610635280609131e-01 -1.486158370971679688e+00 2.000828266143798828e+00 1.483225107192993164e+00 -3.430582761764526367e+00 -3.270539522171020508e+00 -2.882291078567504883e+00 -8.530093431472778320e-01 7.554622650146484375e+00 -2.081306695938110352e+00
-6.133611798286437988e-01 6.070244312286376953e+00 8.683049082756042480e-01 3.811861872673034668e-01 -1.669039249420166016e+00 -1.134846448898315430e+00 3.408327341079711914e+00 -2.774660110473632812e+00 1.147492170333862305e+00 4.851578176021575928e-01
5.079797267913818359e+00 7.754281163215637207e-01 -1.070936560630798340e+00 -2.470447778701782227e+00 2.054638862609863281e+00 -1.158689975738525391e+00 -2.147582292556762695e+00 -2.868944168090820312e+00 1.899962186813354492e+00 -1.682960391044616699e-01
2.169735193252563477e+00 5.754344940185546875e+00 2.537407398223876953e+00 1.684787392616271973e+00 -2.356971025466918945e+00 2.939851045608520508e+00 -1.578360199928283691e+00 -3.507712125778198242e+00 9.482329487800598145e-01 7.082680463790893555e-01
4.594704627990722656e+00 3.825918734073638916e-01 -2.812846422195434570e+00 5.470437929034233093e-02 2.042331695556640625e+00 -1.308533549308776855e+00 -1.502069592475891113e+00 -2.923587560653686523e+00 2.436519384384155273e+00 1.539952039718627930e+00
8.678848147392272949e-01 5.164072990417480469e+00 4.521462321281433105e-01 6.067946553230285645e-01 -3.291494607925415039e+00 1.665483117103576660e+00 -3.880712270736694336e+00 -2.556001424789428711e+00 6.550969481468200684e-01 -2.617357075214385986e-01
2.903688430786132812e+00 -3.328172683715820312e+00 -1.462495684623718262e+00 -2.063585519790649414e+00 -2.472381830215454102e+00 -4.773513793945312500e+00 -4.930329322814941406e-01 -2.569594860076904297e+00 1.471812725067138672e+00 -4.254140853881835938e+00
1.191341161727905273e+00 -4.009404182434082031e+00 -9.222099781036376953e-01 1.755643129348754883e+00 -3.565800905227661133e+00 2.838120698928833008e+00 -2.924418210983276367e+00 -4.317504882812500000e+00 2.763481855392456055e+00 -8.006200790405273438e-01
3.759712934494018555e+00 1.578556060791015625e+00 3.613263845443725586e+00 -2.624398708343505859e+00 -8.950678110122680664e-01 1.213371515274047852e+00 3.245334029197692871e-01 -3.209849119186401367e+00 4.340491771697998047e+00 -6.514857292175292969e+00
4.751892983913421631e-01 1.159078121185302734e+00 -5.283327698707580566e-01 -1.680381298065185547e+00 -4.936331748962402344e+00 3.565376996994018555e+00 2.412738084793090820e+00 -2.493535280227661133e+00 -1.673935413360595703e+00 -2.748673915863037109e+00
1.636267900466918945e+00 2.478204965591430664e+00 -4.497591018676757812e+00 -3.171279430389404297e+00 2.119652032852172852e-01 1.013473749160766602e+00 -2.487695455551147461e+00 -2.709125280380249023e+00 3.386723518371582031e+00 2.219598770141601562e+00
4.357659339904785156e+00 -1.340948939323425293e+00 1.906675219535827637e+00 5.939802527427673340e-01 -2.147979497909545898e+00 1.529026508331298828e+00 -1.355726599693298340e+00 -5.340473651885986328e+00 1.483213424682617188e+00 1.646074891090393066e+00
2.384076356887817383e+00 -3.446034431457519531e+00 -1.135196566581726074e+00 3.859721183776855469e+00 -3.693840742111206055e+00 4.139712810516357422e+00 -1.275921344757080078e+00 -4.424460411071777344e+00 3.676800012588500977e+00 -9.860950112342834473e-01
4.652894437313079834e-01 3.282765865325927734e+00 -2.020501375198364258e+00 -4.687687397003173828e+00 -3.809915542602539062e+00 -1.556252121925354004e+00 -1.293765306472778320e-01 -2.822462081909179688e+00 5.622549533843994141e+00 -8.501442074775695801e-01
1.854275465011596680e+00 4.441327095031738281e+00 3.351276397705078125e+00 -5.830229520797729492e-01 -2.419182538986206055e+00 1.673195123672485352e+00 -2.741768121719360352e+00 -4.018410682678222656e+00 8.468027710914611816e-01 -7.328129410743713379e-01
3.821981906890869141e+00 4.134909152984619141e+00 1.785987019538879395e+00 3.495704174041748047e+00 -1.867262840270996094e+00 1.017008423805236816e+00 -2.035963773727416992e+00 -2.331593275070190430e+00 5.667999386787414551e-01 8.095346093177795410e-01
2.031232118606567383e+00 2.908858358860015869e-01 -7.455046474933624268e-02 -3.267599105834960938e+00 -3.716798305511474609e+00 -2.364232242107391357e-01 1.438754916191101074e+00 -4.552294731140136719e+00 -2.108858346939086914e+00 7.751354575157165527e-02
9.962615966796875000e-01 3.182541131973266602e+00 2.639972686767578125e+00 2.442757368087768555e+00 -2.556889295578002930e+00 5.200788974761962891e-01 -2.615445375442504883e+00 -3.962107419967651367e+00 1.660109162330627441e+00 -9.165028929710388184e-01
4.453192234039306641e+00 -3.320768117904663086e+00 1.723969817161560059e+00 2.166034698486328125e+00 -1.659924507141113281e+00 3.271700620651245117e+00 -1.218237996101379395e+00 -3.841565370559692383e+00 1.627372741699218750e+00 -1.005496144294738770e+00
4.007213592529296875e+00 9.829079732298851013e-03 3.679887294769287109e+00 -4.120093822479248047e+00 5.013875365257263184e-01 -3.785147368907928467e-01 -1.450303673744201660e+00 -3.610029697418212891e+00 1.388346195220947266e+00 -3.343101978302001953e+00
3.164810180664062500e+00 4.855044364929199219e+00 1.947464585304260254e+00 2.269415378570556641e+00 -2.783875226974487305e+00 2.115850210189819336e+00 -1.424269318580627441e+00 -2.949511528015136719e+00 2.583194971084594727e+00 4.456047117710113525e-01
4.396390914916992188e+00 6.336477398872375488e-01 -2.004415988922119141e+00 -1.746477842330932617e+00 2.744195938110351562e+00 4.059599936008453369e-01 -7.956488728523254395e-01 -1.628073811531066895e+00 1.951614499092102051e+00 1.306081414222717285e-01
5.786926746368408203e-01 3.921282291412353516e+00 2.182494163513183594e+00 -2.088673561811447144e-01 -1.240239977836608887e+00 -1.158739566802978516e+00 2.807327985763549805e+00 -3.120247602462768555e+00 -1.256578087806701660e+00 -4.878365695476531982e-01
4.730717658996582031e+00 2.344007968902587891e+00 -7.251648306846618652e-01 -2.070611000061035156e+00 2.157578706741333008e+00 -5.476428270339965820e-01 -3.020412683486938477e+00 -2.080481767654418945e+00 2.239047765731811523e+00 -1.095982670783996582e+00
-8.398371934890747070e-01 3.643524944782257080e-01 2.661910772323608398e+00 -1.330492496490478516e+00 -3.271072626113891602e+00 -2.858294010162353516e+00 -9.866080880165100098e-01 -1.238067269325256348e+00 6.746112346649169922e+00 -1.597200036048889160e+00
3.404113531112670898e+00 1.109469652175903320e+00 2.251597642898559570e+00 -2.593323230743408203e+00 -1.298469211906194687e-02 6.706435680389404297e-01 -9.497629851102828979e-02 -4.766532421112060547e+00 3.482305765151977539e+00 -6.457428455352783203e+00
3.211527824401855469e+00 -2.011507749557495117e+00 1.461728930473327637e+00 4.875141978263854980e-01 -2.405658960342407227e+00 3.153018236160278320e+00 -1.916030943393707275e-01 -5.003098964691162109e+00 2.204138755798339844e+00 6.473912596702575684e-01
1.632357001304626465e+00 -4.233691692352294922e-01 1.579702734947204590e+00 1.202715158462524414e+00 -2.623099088668823242e+00 -4.023396015167236328e+00 -1.722173571586608887e+00 -2.835893869400024414e+00 5.589011192321777344e+00 1.545220240950584412e-02
3.814613103866577148e+00 2.237373352050781250e+00 3.487650752067565918e-01 -2.401993989944458008e+00 8.518308401107788086e-02 2.001027107238769531e+00 1.004833221435546875e+00 -3.165988683700561523e+00 2.426303148269653320e+00 -9.549515724182128906e+00
5.261281967163085938e+00 -5.395120978355407715e-01 2.229923486709594727e+00 -2.294923782348632812e+00 -6.156333088874816895e-01 -9.882175922393798828e-01 -2.682007074356079102e+00 -4.350852012634277344e+00 1.963131785392761230e+00 -6.611582279205322266e+00
-2.364468574523925781e+00 3.522381305694580078e+00 5.468658804893493652e-01 7.097582221031188965e-01 -1.361651897430419922e+00 -3.059414863586425781e+00 2.900457859039306641e+00 -3.104499816894531250e+00 8.010882735252380371e-01 -1.165649890899658203e+00
6.431592106819152832e-01 8.901156783103942871e-01 -2.116076469421386719e+00 -1.049202203750610352e+00 -3.974107027053833008e+00 8.209849596023559570e-01 3.803295850753784180e+00 -4.161776542663574219e+00 -1.682665824890136719e+00 -3.367642462253570557e-01
-1.581128239631652832e+00 -8.936453461647033691e-01 6.946820020675659180e-01 -5.359797477722167969e+00 -1.963035583496093750e+00 8.354312181472778320e-01 -2.603943824768066406e+00 -4.287927150726318359e-01 2.792151212692260742e+00 -2.575013637542724609e+00
-2.127650499343872070e+00 5.329827666282653809e-01 1.465161323547363281e+00 -5.196730613708496094e+00 3.705374300479888916e-01 -3.768524900078773499e-02 -7.820064425468444824e-01 -1.357726335525512695e+00 1.507812380790710449e+00 -3.020608425140380859e-01
-5.846516489982604980e-01 4.373884677886962891e+00 1.250564694404602051e+00 -8.787899464368820190e-02 -1.920239806175231934e+00 -2.153978109359741211e+00 1.320822834968566895e+00 -3.475560188293457031e+00 7.224968075752258301e-01 -1.316854834556579590e+00
-1.870940446853637695e+00 -3.230932652950286865e-01 1.331092715263366699e+00 -4.315579891204833984e+00 -3.914512991905212402e-01 1.055110096931457520e+00 -7.962197065353393555e-01 5.253490060567855835e-02 1.496301770210266113e+00 -2.792213916778564453e+00
2.853988409042358398e+00 -3.377447128295898438e+00 -1.409748196601867676e+00 3.013853788375854492e+00 -2.531529188156127930e+00 2.081748723983764648e+00 -1.721687316894531250e+00 -5.049428939819335938e+00 3.380381822586059570e+00 6.788089275360107422e-01
2.143629789352416992e+00 -5.725623607635498047e+00 -3.643662214279174805e+00 -1.505003213882446289e+00 3.334389925003051758e-01 -4.004394531250000000e+00 3.100912570953369141e-01 -2.315735816955566406e+00 1.198461532592773438e+00 -4.510541915893554688e+00
-1.745687872171401978e-01 4.982463359832763672e+00 6.417443752288818359e-01 9.008271098136901855e-01 -1.399723768234252930e+00 -1.070047616958618164e+00 3.568752050399780273e+00 -3.996291875839233398e+00 -1.624754965305328369e-01 2.715846538543701172e+00
-5.089484453201293945e-01 1.944705724716186523e+00 4.147950410842895508e-01 1.094556570053100586e+00 -3.749334812164306641e-01 -3.421370267868041992e+00 3.691664934158325195e+00 -4.435843944549560547e+00 -1.118427872657775879e+00 4.537516534328460693e-01
-2.540080845355987549e-01 -6.826492398977279663e-02 -5.344213843345642090e-01 -2.951160192489624023e+00 -2.870870113372802734e+00 1.318213105201721191e+00 2.333725690841674805e+00 -4.207963943481445312e+00 -2.139257907867431641e+00 2.028724849224090576e-01
-2.717506647109985352e+00 -1.876510083675384521e-01 7.689653038978576660e-01 -4.215641975402832031e+00 -4.678367637097835541e-03 3.269743025302886963e-01 -1.047619506716728210e-01 2.068915404379367828e-02 1.954395413398742676e+00 -2.648549556732177734e+00
2.715875387191772461e+00 -2.399017848074436188e-02 -5.349684238433837891e+00 -5.964768528938293457e-01 1.488369464874267578e+00 1.171836137771606445e+00 -1.429794669151306152e+00 -1.788141846656799316e+00 4.504573345184326172e+00 5.847129821777343750e-01
4.696340560913085938e+00 -2.003453731536865234e+00 -1.248460888862609863e+00 2.732619762420654297e+00 -3.629396200180053711e+00 2.885541200637817383e+00 5.750296711921691895e-01 -4.446352005004882812e+00 1.958553910255432129e+00 8.759863972663879395e-01
-7.278620600700378418e-01 5.528378009796142578e+00 1.105699419975280762e+00 1.436643123626708984e+00 -4.114692211151123047e+00 2.597988367080688477e+00 -1.687873721122741699e+00 -3.244972229003906250e+00 3.347848653793334961e+00 -9.105561971664428711e-01
4.430902004241943359e+00 -4.985305368900299072e-01 -5.635668754577636719e+00 -1.025714397430419922e+00 6.825615167617797852e-01 7.610642910003662109e-01 1.195214763283729553e-01 -2.303521394729614258e+00 2.679269313812255859e+00 2.759601771831512451e-01
3.816922903060913086e+00 -5.650923848152160645e-01 -1.270775675773620605e+00 -2.116491794586181641e+00 -3.630570411682128906e+00 1.952193081378936768e-01 9.151416420936584473e-01 -3.968837976455688477e+00 -3.217716455459594727e+00 -1.585266709327697754e+00
-3.672470092773437500e+00 8.013380169868469238e-01 -7.487674057483673096e-02 -3.215617179870605469e+00 1.784887611865997314e-01 1.283751249313354492e+00 1.312004327774047852e-01 7.735300064086914062e-01 1.089982151985168457e+00 -2.824942111968994141e+00
2.495053857564926147e-01 -2.327136695384979248e-01 2.396787405014038086e+00 -6.456987261772155762e-01 -1.976696848869323730e+00 -3.576806068420410156e+00 -6.193814799189567566e-02 -1.491657614707946777e+00 5.478556156158447266e+00 -3.120913505554199219e+00
1.970865249633789062e+00 -3.383047103881835938e+00 6.252937018871307373e-02 8.040289282798767090e-01 -3.191751241683959961e+00 2.113725662231445312e+00 -2.043427526950836182e-01 -5.327468872070312500e+00 2.215434074401855469e+00 -4.411353170871734619e-01
4.081801474094390869e-01 4.119541645050048828e+00 1.377735972404479980e+00 4.119534417986869812e-02 -7.445570230484008789e-01 -1.421757459640502930e+00 3.142328739166259766e+00 -4.212047100067138672e+00 -1.232500910758972168e+00 1.389883399009704590e+00
2.686858177185058594e+00 6.385307312011718750e-01 -4.654822826385498047e+00 -3.003201961517333984e+00 1.097209930419921875e+00 -3.764869868755340576e-01 -2.612854242324829102e-01 -1.779415965080261230e+00 2.890159368515014648e+00 2.703456401824951172e+00
-8.826934099197387695e-01 -4.525492489337921143e-01 2.409961700439453125e+00 1.554781675338745117e+00 -4.312361717224121094e+00 -3.003461837768554688e+00 2.181867137551307678e-02 -2.310971021652221680e+00 6.482689380645751953e+00 -5.672115683555603027e-01
3.874649524688720703e+00 -2.577749252319335938e+00 1.550388455390930176e+00 1.143296435475349426e-01 -2.889469623565673828e+00 3.074914932250976562e+00 -3.133982896804809570e+00 -5.034879207611083984e+00 2.984208345413208008e+00 -1.523516535758972168e+00
3.929911375045776367e+00 -3.808526039123535156e+00 -1.691580653190612793e+00 -2.972194671630859375e+00 -2.829530477523803711e+00 -3.130368947982788086e+00 -7.993318885564804077e-02 -6.858770251274108887e-01 2.783690690994262695e+00 -3.215782165527343750e+00
-1.758346676826477051e+00 -9.948934912681579590e-01 1.341061949729919434e+00 -4.752851009368896484e+00 -5.427778363227844238e-01 1.161949872970581055e+00 -8.417716622352600098e-01 2.845369279384613037e-01 2.206356048583984375e+00 -3.278151988983154297e+00
1.554146647453308105e+00 4.234758853912353516e+00 3.648719191551208496e-01 1.770305395126342773e+00 -4.307393074035644531e+00 6.124038696289062500e-01 -3.024757862091064453e+00 -3.672281742095947266e+00 2.224886417388916016e+00 4.346300363540649414e-01
7.197761535644531250e-01 -4.691523075103759766e+00 4.219155907630920410e-01 -9.911613911390304565e-02 -2.992479562759399414e+00 2.524094820022583008e+00 -2.964478731155395508e+00 -5.649227619171142578e+00 1.344462871551513672e+00 -6.841931939125061035e-01
3.773487806320190430e+00 2.597541093826293945e+00 -1.521297693252563477e+00 -2.386995077133178711e+00 3.816915750503540039e+00 -4.774448648095130920e-02 4.842622876167297363e-01 -2.077467203140258789e+00 1.091617822647094727e+00 1.587679743766784668e+00
4.191225051879882812e+00 5.923240780830383301e-01 3.255772590637207031e+00 -4.309741020202636719e+00 2.553588747978210449e-01 -1.269892454147338867e+00 -1.173887252807617188e+00 -3.890053510665893555e+00 1.568357348442077637e+00 -4.114412784576416016e+00
3.070699453353881836e+00 -2.463159263134002686e-01 9.041277766227722168e-01 -2.054975986480712891e+00 -8.255514502525329590e-01 -4.169237315654754639e-01 -5.115274786949157715e-01 -4.401100635528564453e+00 2.657953977584838867e+00 -8.495255470275878906e+00
-3.120082318782806396e-01 4.501516342163085938e+00 -8.172845244407653809e-01 2.279563903808593750e+00 -3.554478883743286133e+00 2.371372938156127930e+00 -3.703397274017333984e+00 -3.306441068649291992e+00 2.378632307052612305e+00 -2.837479412555694580e-01
9.446482658386230469e-01 -4.128717422485351562e+00 -4.269703388214111328e+00 5.621383190155029297e+00 -4.861901760101318359e+00 4.464334011077880859e+00 8.494250774383544922e-01 -4.064805030822753906e+00 3.428570032119750977e+00 -2.182802438735961914e+00
1.971218228340148926e+00 9.647459387779235840e-01 -5.570749282836914062e+00 -7.271251082420349121e-01 2.254634857177734375e+00 1.800120592117309570e+00 3.926581740379333496e-01 -5.590801239013671875e-01 3.593961954116821289e+00 3.321376800537109375e+00
-2.881150722503662109e+00 3.894318580627441406e+00 -5.818791687488555908e-02 9.938172101974487305e-01 -5.266291499137878418e-01 -1.918380856513977051e+00 4.570826053619384766e+00 -2.525420904159545898e+00 -1.005522727966308594e+00 -7.878717780113220215e-01
3.979758739471435547e+00 -2.447018861770629883e+00 1.147848844528198242e+00 2.193442821502685547e+00 -1.534571647644042969e+00 3.235216379165649414e+00 -3.835452497005462646e-01 -4.282049179077148438e+00 5.227459073066711426e-01 1.217716455459594727e+00
2.460719823837280273e+00 -4.923529148101806641e+00 -1.287717580795288086e+00 -1.907873868942260742e+00 -4.852944016456604004e-01 -4.790511608123779297e+00 5.570476055145263672e-01 -2.641259431838989258e+00 4.274152517318725586e-01 -3.231529235839843750e+00
2.907908916473388672e+00 -2.086841821670532227e+00 8.158026337623596191e-01 9.073770642280578613e-01 -2.492758035659790039e+00 1.962527990341186523e+00 -9.722217917442321777e-01 -5.092411994934082031e+00 2.438606739044189453e+00 5.614997744560241699e-01
1.949939846992492676e+00 4.116699695587158203e+00 1.718410730361938477e+00 4.475354194641113281e+00 -3.619257211685180664e+00 1.250359535217285156e+00 -1.374630451202392578e+00 -9.255734682083129883e-01 2.861620664596557617e+00 -3.048887729644775391e+00
3.819569349288940430e+00 -5.108588337898254395e-01 -3.961544036865234375e+00 -1.402934551239013672e+00 2.076120376586914062e+00 1.599808037281036377e-01 -3.094467639923095703e+00 -1.635119676589965820e+00 3.098184347152709961e+00 -9.220629334449768066e-01
2.421707630157470703e+00 2.926670610904693604e-01 -6.444626808166503906e+00 -1.448522567749023438e+00 3.386776685714721680e+00 4.667663276195526123e-01 4.154745042324066162e-01 1.093217059969902039e-01 1.569969415664672852e+00 -9.262426495552062988e-01
-9.931851923465728760e-02 3.664325714111328125e+00 -5.187724590301513672e+00 -3.442356109619140625e+00 -5.298686504364013672e+00 -1.534868597984313965e+00 1.234521150588989258e+00 -5.288621187210083008e-01 5.853695392608642578e+00 -2.255477428436279297e+00
3.279697656631469727e+00 1.872313022613525391e+00 -2.946192979812622070e+00 -1.384970903396606445e+00 1.141718626022338867e+00 -6.191464066505432129e-01 -3.244576692581176758e+00 -1.782798767089843750e+00 4.838237285614013672e+00 2.300369441509246826e-01
3.801440715789794922e+00 -8.291544914245605469e-01 2.842203378677368164e+00 -4.850496053695678711e-01 -2.591640055179595947e-01 -4.367261409759521484e+00 -2.652072429656982422e+00 6.561171263456344604e-02 3.959846019744873047e+00 -2.418977260589599609e+00
-1.256587386131286621e+00 -3.404506295919418335e-02 2.783721446990966797e+00 6.918913125991821289e-01 -3.548923254013061523e+00 -2.713952302932739258e+00 -1.430907368659973145e+00 -1.948482990264892578e+00 7.113422870635986328e+00 -3.203695774078369141e+00
4.113514900207519531e+00 1.468910932540893555e+00 -1.237453103065490723e+00 -2.648529767990112305e+00 1.648693323135375977e+00 6.562631130218505859e-01 -2.573930978775024414e+00 -3.354491949081420898e+00 2.862454891204833984e+00 7.496803402900695801e-01
4.817862033843994141e+00 1.431005001068115234e+00 -4.922054767608642578e+00 -1.852628946304321289e+00 1.538091421127319336e+00 1.592623233795166016e+00 -7.859743833541870117e-01 -1.246086135506629944e-01 2.529249429702758789e+00 -2.907449722290039062e+00
-1.513678431510925293e+00 -1.087646007537841797e+00 3.610956192016601562e+00 -1.516844034194946289e+00 -5.339730739593505859e+00 -3.241072893142700195e+00 8.321375399827957153e-02 -1.924186944961547852e+00 6.283756732940673828e+00 -2.296429157257080078e+00
-1.334055304527282715e+00 4.559638977050781250e+00 5.351571738719940186e-02 2.098487764596939087e-01 -2.718606948852539062e+00 -2.573235750198364258e+00 1.346528887748718262e+00 -3.576444625854492188e+00 1.427596688270568848e+00 2.786479890346527100e-01
-3.715462446212768555e+00 2.267150163650512695e+00 5.250000357627868652e-01 -3.336943387985229492e+00 -2.993275880813598633e+00 3.429607152938842773e+00 -1.018057584762573242e+00 2.011948108673095703e+00 4.163324356079101562e+00 -4.835262775421142578e+00
1.216583847999572754e+00 -5.308349132537841797e+00 -3.278201818466186523e+00 -5.986226797103881836e-01 -3.421924114227294922e+00 -3.820322751998901367e+00 6.362708210945129395e-01 -2.139731645584106445e+00 3.694118976593017578e+00 -5.506177902221679688e+00
3.922669410705566406e+00 9.474601149559020996e-01 -2.184530735015869141e+00 -3.203447103500366211e+00 1.999422550201416016e+00 -1.637813329696655273e+00 -1.012841463088989258e+00 -1.782079339027404785e+00 2.469552040100097656e+00 4.482878148555755615e-01
2.004286289215087891e+00 1.516520738601684570e+00 -4.440103530883789062e+00 -3.252551078796386719e+00 2.739316701889038086e+00 2.380689859390258789e+00 -7.211505770683288574e-01 -2.983865022659301758e+00 1.636251091957092285e+00 1.479835867881774902e+00
-2.826421260833740234e+00 4.947357654571533203e+00 -2.289232015609741211e+00 4.144156932830810547e+00 -5.810688972473144531e+00 3.276330232620239258e+00 -5.270223617553710938e-01 -2.260748147964477539e+00 3.894289970397949219e+00 -2.325505495071411133e+00
6.698815345764160156e+00 6.527531743049621582e-01 3.333087205886840820e+00 -2.772625207901000977e+00 1.021246194839477539e+00 2.930429205298423767e-02 -1.068911671638488770e+00 -3.127172231674194336e+00 3.061404466629028320e+00 -4.694731235504150391e+00
1.140278935432434082e+00 -1.927762985229492188e+00 2.570968866348266602e+00 -1.181493043899536133e+00 -1.722257018089294434e+00 -4.006469726562500000e+00 -2.027986049652099609e+00 -2.244791507720947266e+00 5.635349273681640625e+00 -1.551323533058166504e+00
2.646726369857788086e+00 1.097910404205322266e+00 -2.872092962265014648e+00 -2.955323696136474609e+00 2.303024530410766602e+00 -4.784403741359710693e-01 -1.327044844627380371e+00 -1.633101344108581543e+00 3.427960157394409180e+00 9.119525551795959473e-01
3.034638166427612305e+00 -2.230915307998657227e+00 -1.590393334627151489e-01 1.824366331100463867e+00 -2.696169137954711914e+00 1.799853801727294922e+00 -3.745480179786682129e-01 -5.897902488708496094e+00 2.378473281860351562e+00 -1.565602123737335205e-01
7.575379610061645508e-01 3.073785543441772461e+00 7.225401997566223145e-01 1.162857770919799805e+00 -2.962381124496459961e+00 6.497581005096435547e-01 -5.472155570983886719e+00 -3.557959079742431641e+00 9.049230217933654785e-01 -1.945794939994812012e+00
4.614205360412597656e+00 -2.366157807409763336e-02 2.141802310943603516e+00 -3.227121114730834961e+00 -1.231308579444885254e+00 6.803152561187744141e-01 -1.412541151046752930e+00 -2.703690767288208008e+00 4.788153648376464844e+00 -6.745798110961914062e+00
7.303840517997741699e-01 -1.005249843001365662e-01 -4.724258422851562500e+00 -1.545319080352783203e+00 -4.611260414123535156e+00 1.916352629661560059e+00 2.008709192276000977e+00 -3.046252965927124023e+00 -1.966821908950805664e+00 -4.071236610412597656e+00
3.335351705551147461e+00 3.806036949157714844e+00 2.098434209823608398e+00 4.302884936332702637e-01 -1.869048833847045898e+00 8.511319160461425781e-01 -4.299065589904785156e+00 -4.028474330902099609e+00 6.538757681846618652e-01 -3.509404659271240234e-01
7.394683361053466797e-01 -2.100497722625732422e+00 -1.824640631675720215e+00 -3.411855220794677734e+00 -3.362885951995849609e+00 7.994618415832519531e-01 9.647479653358459473e-01 -4.574592590332031250e+00 -2.668058156967163086e+00 -1.163208484649658203e+00
3.144263327121734619e-01 1.271186113357543945e+00 3.755915403366088867e+00 4.744977355003356934e-01 -3.444392442703247070e+00 -2.330560207366943359e+00 -2.426801919937133789e-01 -1.093307375907897949e+00 6.228623867034912109e+00 -3.354983806610107422e+00
3.593465566635131836e+00 5.195124745368957520e-01 -3.114603281021118164e+00 -1.080034375190734863e+00 2.138337373733520508e+00 -5.313712358474731445e-01 -1.348920464515686035e+00 -1.975069165229797363e+00 3.758382081985473633e+00 1.207005739212036133e+00
-1.586962580680847168e+00 4.913784503936767578e+00 9.437415003776550293e-01 6.563090682029724121e-01 -8.540479540824890137e-01 -8.325593471527099609e-01 3.047063112258911133e+00 -3.474709749221801758e+00 -1.770205050706863403e-01 9.099941849708557129e-01
-2.053888797760009766e+00 -7.702977657318115234e-01 6.196869611740112305e-01 -4.356821060180664062e+00 -1.104270339012145996e+00 1.023871779441833496e+00 -4.154693782329559326e-01 9.306890964508056641e-01 2.849895000457763672e+00 -3.635884761810302734e+00
