-4.113581180572509766e+00 2.164586067199707031e+00 1.868626177310943604e-01 3.409814357757568359e+00 1.664620161056518555e+00 -4.230949878692626953e+00 2.857331037521362305e+00 -6.496299743652343750e+00 -4.827070236206054688e+00 2.318154811859130859e+00
-8.162331581115722656e-01 -4.704168438911437988e-01 1.848612070083618164e+00 5.464953899383544922e+00 5.577111721038818359e+00 -3.984040260314941406e+00 -1.286685019731521606e-01 -7.999562740325927734e+00 8.022618293762207031e-01 -2.186438560485839844e+00
-5.286127567291259766e+00 -3.568512916564941406e+00 1.512179374694824219e+00 3.559013366699218750e+00 6.176640391349792480e-01 5.838724613189697266e+00 8.566616058349609375e+00 -6.586020469665527344e+00 2.168707847595214844e-01 6.696957111358642578e+00
-7.028834342956542969e+00 4.558444023132324219e+00 -6.418223381042480469e+00 5.303293704986572266e+00 4.736925125122070312e+00 9.064796447753906250e+00 -1.004821181297302246e+00 -3.062859922647476196e-02 8.026275634765625000e+00 2.630454003810882568e-01
-1.779639959335327148e+00 -1.425504326820373535e+00 -7.448425292968750000e+00 3.873085498809814453e+00 -1.915457099676132202e-01 7.568737030029296875e+00 -9.040662646293640137e-01 -2.367404460906982422e+00 7.317283153533935547e+00 -5.184155464172363281e+00
-4.064797401428222656e+00 -1.984633088111877441e+00 7.394318580627441406e-01 3.299076318740844727e+00 1.009429931640625000e+00 4.922104358673095703e+00 8.227310180664062500e+00 -6.783702373504638672e+00 -1.701038777828216553e-01 6.403702735900878906e+00
-8.064444065093994141e-01 -2.151460170745849609e+00 -1.263384103775024414e+00 6.779950618743896484e+00 6.467444419860839844e+00 -2.670210599899291992e-01 -4.714160919189453125e+00 2.838704884052276611e-01 6.340250372886657715e-01 -5.568502426147460938e+00
-4.735937118530273438e+00 -2.542772293090820312e+00 9.252256155014038086e-01 3.328946113586425781e+00 9.744913578033447266e-01 5.897087574005126953e+00 8.201733589172363281e+00 -6.633219242095947266e+00 2.995249629020690918e-01 6.877148628234863281e+00
-3.421798646450042725e-01 -1.880490779876708984e+00 -1.148342728614807129e+00 6.005679607391357422e+00 6.788225173950195312e+00 1.588037848472595215e+00 -3.622071743011474609e+00 8.529706597328186035e-01 -2.294736504554748535e-01 -5.438271999359130859e+00
-4.332038402557373047e+00 1.341579109430313110e-01 1.037072420120239258e+00 7.001486301422119141e+00 8.982741355895996094e+00 3.965834140777587891e+00 1.960369586944580078e+00 -3.282721281051635742e+00 7.969955921173095703e+00 5.005068302154541016e+00
1.336167007684707642e-01 -1.501457571983337402e+00 3.519448995590209961e+00 7.892966747283935547e+00 6.404640197753906250e+00 -3.038663148880004883e+00 -2.899452149868011475e-01 -6.486085891723632812e+00 -8.022195845842361450e-02 -2.585587978363037109e+00
-6.506136894226074219e+00 5.072080135345458984e+00 5.113921761512756348e-01 5.605492115020751953e+00 -9.689958095550537109e-01 -3.962302446365356445e+00 3.898786306381225586e+00 -5.922040939331054688e+00 -4.879755496978759766e+00 2.017305374145507812e+00
-1.538837909698486328e+00 3.442077159881591797e+00 -1.218006730079650879e+00 6.935972690582275391e+00 6.904354095458984375e+00 -1.563693642616271973e+00 2.778846263885498047e+00 -6.315618038177490234e+00 5.432651042938232422e+00 -1.704153299331665039e+00
-5.145006179809570312e+00 -3.933444738388061523e+00 2.086358070373535156e+00 3.834239482879638672e+00 -6.089793518185615540e-02 6.628024578094482422e+00 9.284067153930664062e+00 -6.896035194396972656e+00 7.735890746116638184e-01 7.387789726257324219e+00
-1.310762524604797363e+00 -5.951805710792541504e-01 1.482067108154296875e+00 5.245452404022216797e+00 7.134860038757324219e+00 -4.144118309020996094e+00 -1.625626832246780396e-01 -7.628111839294433594e+00 5.205857753753662109e-01 -2.141943931579589844e+00
8.018565177917480469e-01 -1.948643922805786133e+00 4.350797653198242188e+00 9.153061866760253906e+00 7.812287330627441406e+00 -3.859202146530151367e+00 -8.375987410545349121e-01 -7.536377906799316406e+00 3.114023804664611816e-01 -2.708898305892944336e+00
-6.582919120788574219e+00 4.934380054473876953e-01 -1.827960252761840820e+00 3.900962352752685547e+00 5.377460956573486328e+00 6.995788097381591797e+00 5.483964920043945312e+00 -7.011412620544433594e+00 4.235591888427734375e+00 3.808527469635009766e+00
-1.042559146881103516e+00 -1.495695590972900391e+00 -9.579011201858520508e-01 5.829206943511962891e+00 6.178731441497802734e+00 1.075057864189147949e+00 -2.724286317825317383e+00 4.511476159095764160e-01 6.057998538017272949e-01 -5.574142456054687500e+00
-7.800972461700439453e-01 -1.614499449729919434e+00 -1.004612922668457031e+00 5.582048892974853516e+00 6.584293365478515625e+00 -1.280817240476608276e-01 -5.286786079406738281e+00 -3.351436555385589600e-01 2.247105598449707031e+00 -5.693489551544189453e+00
-1.478088498115539551e+00 1.543715000152587891e+00 -4.042715728282928467e-01 5.667500019073486328e+00 7.127427577972412109e+00 -4.476670920848846436e-01 2.467023372650146484e+00 -6.742210388183593750e+00 5.681267738342285156e+00 -1.155168414115905762e+00
-9.615452289581298828e-01 -1.589549660682678223e+00 -9.664589166641235352e-01 6.431804180145263672e+00 4.926767826080322266e+00 1.062711551785469055e-01 -3.642247676849365234e+00 -2.567432820796966553e-01 1.883598923683166504e+00 -5.944788455963134766e+00
-4.766151607036590576e-01 -8.933260440826416016e-01 2.422312974929809570e+00 6.308689594268798828e+00 7.784023284912109375e+00 -3.876656293869018555e+00 -3.359316289424896240e-01 -6.842926025390625000e+00 8.653216809034347534e-02 -2.749184846878051758e+00
-4.180861949920654297e+00 2.335887908935546875e+00 -1.433827280998229980e-01 3.459026098251342773e+00 6.725722551345825195e-01 -4.202338695526123047e+00 3.423945665359497070e+00 -5.687144279479980469e+00 -4.522109031677246094e+00 1.784078359603881836e+00
-7.246818542480468750e-01 -2.110594987869262695e+00 -1.402181744575500488e+00 6.850035667419433594e+00 6.860105514526367188e+00 -8.530645817518234253e-02 -4.729166984558105469e+00 -4.791541993618011475e-01 2.370341539382934570e+00 -5.712204933166503906e+00
-4.255306243896484375e+00 -2.263728618621826172e+00 1.080173730850219727e+00 2.885049819946289062e+00 1.706189513206481934e+00 4.146777629852294922e+00 7.720090866088867188e+00 -6.324904441833496094e+00 1.577374339103698730e-01 6.715099334716796875e+00
-1.461329936981201172e+00 -9.113404154777526855e-01 -5.919125556945800781e+00 4.032868385314941406e+00 -2.147524833679199219e+00 5.960864543914794922e+00 2.760305702686309814e-01 -2.257120132446289062e+00 6.772641181945800781e+00 -5.006865501403808594e+00
-3.959879159927368164e+00 -1.878477096557617188e+00 7.781562805175781250e-01 3.208935260772705078e+00 1.620388269424438477e+00 4.240885257720947266e+00 8.145174980163574219e+00 -6.300524711608886719e+00 1.911089420318603516e-01 6.484500408172607422e+00
-5.855975151062011719e+00 4.210014820098876953e+00 -5.784745216369628906e+00 4.135058403015136719e+00 4.145349979400634766e+00 9.101769447326660156e+00 1.121739506721496582e+00 -2.847218811511993408e-01 8.722703933715820312e+00 3.339367806911468506e-01
-6.320022106170654297e+00 4.859521389007568359e+00 3.293158411979675293e-01 5.487337589263916016e+00 4.914056062698364258e-01 -4.409823417663574219e+00 3.139930009841918945e+00 -5.995520591735839844e+00 -4.494394302368164062e+00 1.803561329841613770e+00
-6.457067728042602539e-01 -7.417375445365905762e-01 2.301649570465087891e+00 6.250818729400634766e+00 5.832085609436035156e+00 -4.451064109802246094e+00 3.840445578098297119e-01 -6.773843765258789062e+00 4.135528206825256348e-01 -2.908619403839111328e+00
-5.756424903869628906e+00 3.627866268157958984e+00 -4.876930236816406250e+00 4.213832378387451172e+00 4.449534416198730469e+00 1.059402942657470703e+01 1.298025131225585938e+00 3.722056001424789429e-02 8.005447387695312500e+00 4.051466882228851318e-01
-7.522076606750488281e+00 6.599023818969726562e+00 1.084373712539672852e+00 6.296214103698730469e+00 1.625302076339721680e+00 -4.371197223663330078e+00 3.049308538436889648e+00 -5.795731544494628906e+00 -4.303163528442382812e+00 1.446562409400939941e+00
-5.416331291198730469e+00 3.739886999130249023e+00 4.170566052198410034e-02 4.446190357208251953e+00 1.598415136337280273e+00 -4.130598545074462891e+00 2.510791063308715820e+00 -6.537375450134277344e+00 -5.096397399902343750e+00 2.112440586090087891e+00
-1.361851215362548828e+00 -1.191858172416687012e+00 -8.101620674133300781e+00 4.262597560882568359e+00 -9.857058525085449219e-01 8.270856857299804688e+00 2.154845476150512695e+00 -2.709746360778808594e+00 7.485297679901123047e+00 -5.104152202606201172e+00
-1.218540787696838379e+00 2.615559339523315430e+00 -7.816357612609863281e-01 6.880352497100830078e+00 7.014863967895507812e+00 -5.914027094841003418e-01 2.760964155197143555e+00 -6.027863979339599609e+00 5.067124366760253906e+00 -1.583039760589599609e+00
-5.773195743560791016e+00 5.865185260772705078e+00 -1.989587068557739258e+00 2.204467296600341797e+00 1.979568004608154297e+00 -1.656839013099670410e+00 6.862738609313964844e+00 7.523242831230163574e-01 1.686092972755432129e+00 5.201498508453369141e+00
-4.548833847045898438e+00 4.486944198608398438e+00 -1.409321188926696777e+00 1.837274789810180664e+00 6.873885393142700195e-01 -1.716297864913940430e+00 6.336396217346191406e+00 2.586184024810791016e+00 -1.342501640319824219e-01 4.521292209625244141e+00
-1.588328361511230469e+00 -7.576991915702819824e-01 -6.648460865020751953e+00 3.903590440750122070e+00 -4.736728370189666748e-01 8.289228439331054688e+00 3.170543015003204346e-01 -2.704419612884521484e+00 7.193365573883056641e+00 -5.084178924560546875e+00
-5.562558174133300781e+00 6.758836269378662109e+00 -1.928927659988403320e+00 2.139221191406250000e+00 2.117589712142944336e+00 -2.149190425872802734e+00 6.389235019683837891e+00 1.478300571441650391e+00 1.159499526023864746e+00 4.951240062713623047e+00
-1.199238076806068420e-01 -1.263463735580444336e+00 3.397699594497680664e+00 7.841936111450195312e+00 5.888208389282226562e+00 -3.419668436050415039e+00 -1.240095257759094238e+00 -7.726552486419677734e+00 7.370546460151672363e-01 -2.298172950744628906e+00
-5.283230781555175781e+00 3.275220394134521484e-01 1.204514861106872559e+00 7.553530693054199219e+00 8.419419288635253906e+00 3.686925172805786133e+00 2.003917455673217773e+00 -2.827448129653930664e+00 7.175221443176269531e+00 4.804511547088623047e+00
-1.892353057861328125e+00 -1.111319184303283691e+00 -6.527588367462158203e+00 3.808083534240722656e+00 -2.501071691513061523e-01 8.938673973083496094e+00 -1.057635426521301270e+00 -2.249777793884277344e+00 7.004000663757324219e+00 -5.283188343048095703e+00
-1.588442802429199219e+00 -1.179387450218200684e+00 -6.860751628875732422e+00 3.758729934692382812e+00 -1.507976174354553223e+00 9.296463012695312500e+00 3.230854988098144531e+00 -2.022191286087036133e+00 6.831824779510498047e+00 -4.784989833831787109e+00
-1.564873456954956055e+00 1.780844688415527344e+00 -4.128245711326599121e-01 5.263854980468750000e+00 7.150435447692871094e+00 -8.613533973693847656e-01 3.022427797317504883e+00 -6.816836833953857422e+00 6.064236640930175781e+00 -1.571572899818420410e+00
-5.525925636291503906e+00 6.425733566284179688e+00 -1.943078994750976562e+00 2.106952667236328125e+00 9.882782697677612305e-01 -1.420878529548645020e+00 6.172162055969238281e+00 1.765403747558593750e+00 8.243156671524047852e-01 5.104791641235351562e+00
-5.797569751739501953e+00 -5.034345626831054688e+00 2.188157320022583008e+00 4.008154869079589844e+00 8.156801462173461914e-01 5.819578647613525391e+00 8.102905273437500000e+00 -6.541746616363525391e+00 2.576687335968017578e-01 6.718892574310302734e+00
1.017680391669273376e-01 -1.090614080429077148e+00 3.394462585449218750e+00 7.668507099151611328e+00 7.054741859436035156e+00 -3.435821294784545898e+00 -7.143803834915161133e-01 -7.653791427612304688e+00 8.007706999778747559e-01 -2.317236423492431641e+00
1.373922973871231079e-01 -3.458446264266967773e+00 -1.902343034744262695e+00 9.257979393005371094e+00 5.688080787658691406e+00 6.183716058731079102e-01 -4.226966381072998047e+00 9.077100157737731934e-01 -3.150141835212707520e-01 -5.753691673278808594e+00
-6.024821758270263672e+00 -4.363103389739990234e+00 1.932708740234375000e+00 3.213004589080810547e+00 8.396558761596679688e-01 4.694013118743896484e+00 8.002606391906738281e+00 -7.265429496765136719e+00 4.004333019256591797e-01 6.955711841583251953e+00
-1.423357844352722168e+00 1.233790397644042969e+00 -3.411908149719238281e-01 6.074359416961669922e+00 7.008852958679199219e+00 -8.278683423995971680e-01 3.008235216140747070e+00 -6.098900794982910156e+00 5.213517665863037109e+00 -1.593964695930480957e+00
-6.176755428314208984e+00 7.786065101623535156e+00 -2.430439233779907227e+00 2.380513191223144531e+00 1.065234899520874023e+00 -1.084340929985046387e+00 6.603399276733398438e+00 2.467502117156982422e+00 -8.923161029815673828e-01 4.397063732147216797e+00
-6.635209560394287109e+00 4.424432277679443359e+00 -6.098349571228027344e+00 4.252280712127685547e+00 4.767067909240722656e+00 8.429068565368652344e+00 3.198395073413848877e-01 -4.244717657566070557e-01 7.815901279449462891e+00 -3.619958460330963135e-01
-4.321664273738861084e-01 -8.892362117767333984e-01 2.803870201110839844e+00 7.066584587097167969e+00 5.645255565643310547e+00 -4.852402210235595703e+00 9.149176478385925293e-01 -7.546014308929443359e+00 6.639111638069152832e-01 -2.533707141876220703e+00
-2.040627002716064453e+00 -1.134028911590576172e+00 -6.081192493438720703e+00 3.748512268066406250e+00 -1.199329257011413574e+00 7.933319568634033203e+00 1.344782590866088867e+00 -2.320711612701416016e+00 7.343232154846191406e+00 -5.466907501220703125e+00
-5.395769596099853516e+00 -3.953589200973510742e+00 1.879433035850524902e+00 3.791276216506958008e+00 3.410048782825469971e-01 6.243018627166748047e+00 8.129019737243652344e+00 -6.615939140319824219e+00 5.634154677391052246e-01 7.310793399810791016e+00
-7.304584980010986328e+00 4.906678676605224609e+00 -7.063205242156982422e+00 4.858027458190917969e+00 4.402666091918945312e+00 8.970955848693847656e+00 -3.733181655406951904e-01 -2.366574108600616455e-01 8.504415512084960938e+00 4.480901658535003662e-01
-9.941376447677612305e-01 -8.244804143905639648e-01 2.549463510513305664e+00 7.295144557952880859e+00 7.114695549011230469e+00 -4.295642852783203125e+00 -5.186744779348373413e-02 -6.809335231781005859e+00 -5.974826216697692871e-01 -3.456131696701049805e+00
-4.336549282073974609e+00 1.434046775102615356e-01 8.478270769119262695e-01 6.382899761199951172e+00 8.380192756652832031e+00 3.486796617507934570e+00 1.569514155387878418e+00 -3.509982347488403320e+00 7.687644958496093750e+00 5.799196243286132812e+00
-6.166953563690185547e+00 7.169830799102783203e+00 -2.080311536788940430e+00 2.172662734985351562e+00 1.926814556121826172e+00 -2.528601408004760742e+00 6.161794185638427734e+00 1.302156567573547363e+00 1.244852900505065918e+00 5.451189517974853516e+00
-9.109065532684326172e-01 -2.207028627395629883e+00 -1.395976543426513672e+00 7.314469814300537109e+00 6.184851646423339844e+00 1.316192984580993652e+00 -3.403069257736206055e+00 -3.156473934650421143e-01 1.861453175544738770e+00 -5.402591705322265625e+00
-7.156032323837280273e-01 -9.881616234779357910e-01 2.834913969039916992e+00 7.367129802703857422e+00 5.900673389434814453e+00 -4.359495162963867188e+00 9.043284058570861816e-01 -7.041583061218261719e+00 -9.682745486497879028e-02 -2.542469739913940430e+00
-4.366209030151367188e+00 -2.106877088546752930e+00 7.889882922172546387e-01 3.110186100006103516e+00 -3.730869591236114502e-01 4.527875900268554688e+00 7.902304649353027344e+00 -5.787054538726806641e+00 1.291213035583496094e-01 6.450764656066894531e+00
-4.722033977508544922e+00 2.711188316345214844e+00 -4.263550788164138794e-02 3.579971313476562500e+00 -5.246676206588745117e-01 -4.058137893676757812e+00 3.144703388214111328e+00 -5.976261138916015625e+00 -4.884320735931396484e+00 2.099313974380493164e+00
-7.083189964294433594e+00 5.655723094940185547e+00 5.083001852035522461e-01 6.068974494934082031e+00 2.310959815979003906e+00 -4.261631965637207031e+00 2.750035285949707031e+00 -5.905664443969726562e+00 -5.002913475036621094e+00 2.025925159454345703e+00
2.020630985498428345e-01 -3.150507450103759766e+00 -1.719997286796569824e+00 8.302039146423339844e+00 7.249331474304199219e+00 6.340693831443786621e-01 -3.529580354690551758e+00 3.444828391075134277e-01 2.072693705558776855e-01 -5.471625804901123047e+00
2.131517171859741211e+00 -2.934290885925292969e+00 6.626943588256835938e+00 1.106861209869384766e+01 6.832474708557128906e+00 -3.534192085266113281e+00 -9.652560353279113770e-01 -7.812386035919189453e+00 5.517277121543884277e-01 -2.351395130157470703e+00
-5.176489353179931641e+00 -4.681138992309570312e+00 2.659461736679077148e+00 3.234579086303710938e+00 5.335433483123779297e-01 5.645894527435302734e+00 7.762742042541503906e+00 -6.566257953643798828e+00 6.957224011421203613e-01 7.384809017181396484e+00
-7.790501117706298828e-01 -1.416279077529907227e+00 -8.537598609924316406e+00 3.919172525405883789e+00 -2.134481906890869141e+00 8.934600830078125000e+00 2.419748783111572266e+00 -1.939533591270446777e+00 6.515528678894042969e+00 -5.101583003997802734e+00
-5.110142230987548828e-01 -8.670290708541870117e-01 2.328583478927612305e+00 6.161585330963134766e+00 5.642597198486328125e+00 -2.933484554290771484e+00 -8.143174648284912109e-01 -6.909165382385253906e+00 3.936768770217895508e-01 -2.544005393981933594e+00
-4.170904636383056641e+00 7.216985523700714111e-02 7.824069261550903320e-01 5.926459789276123047e+00 8.958321571350097656e+00 4.265956401824951172e+00 1.915034890174865723e+00 -3.144538879394531250e+00 7.791974067687988281e+00 5.472115993499755859e+00
-5.592211484909057617e-01 -7.643536925315856934e-01 2.354472398757934570e+00 6.030704975128173828e+00 4.695940971374511719e+00 -4.006320953369140625e+00 -3.053422830998897552e-02 -7.584351539611816406e+00 1.254298090934753418e-01 -2.382127761840820312e+00
4.473209679126739502e-01 -2.784500360488891602e+00 -1.655914783477783203e+00 7.400129318237304688e+00 5.222929954528808594e+00 3.637181818485260010e-01 -4.764435291290283203e+00 1.396298408508300781e-01 8.330611586570739746e-01 -5.455319881439208984e+00
-5.207157611846923828e+00 -3.705041170120239258e+00 1.713902473449707031e+00 4.041467189788818359e+00 1.327722549438476562e+00 5.070688247680664062e+00 8.324020385742187500e+00 -6.280748844146728516e+00 3.648208379745483398e-01 6.838349342346191406e+00
-5.321051597595214844e+00 -5.004991054534912109e+00 2.431103467941284180e+00 2.749182701110839844e+00 -1.250175088644027710e-01 4.775537967681884766e+00 8.235218048095703125e+00 -6.453629493713378906e+00 -1.610194146633148193e-01 6.668497085571289062e+00
-7.851534366607666016e+00 5.540497899055480957e-01 -2.414172649383544922e+00 4.314402580261230469e+00 5.506804943084716797e+00 6.142137050628662109e+00 5.283330917358398438e+00 -7.726839542388916016e+00 4.741899013519287109e+00 4.147859096527099609e+00
-5.333090782165527344e+00 -3.256885766983032227e+00 1.643054246902465820e+00 4.597973823547363281e+00 1.295272946357727051e+00 5.474465847015380859e+00 8.046950340270996094e+00 -6.382943153381347656e+00 3.680078089237213135e-01 6.891184329986572266e+00
-4.552777290344238281e+00 2.608950614929199219e+00 -3.008759975433349609e+00 3.478778839111328125e+00 5.421794414520263672e+00 8.648522377014160156e+00 8.662089705467224121e-01 -3.182595074176788330e-01 7.571418762207031250e+00 -3.730329573154449463e-01
-6.857761859893798828e+00 5.043162822723388672e+00 -6.843344211578369141e+00 4.595879554748535156e+00 4.215066909790039062e+00 1.076926898956298828e+01 9.076976180076599121e-01 -2.472048699855804443e-01 8.152730941772460938e+00 -8.909263461828231812e-02
-4.317836284637451172e+00 -2.253604650497436523e+00 1.025559544563293457e+00 3.591322422027587891e+00 1.115112662315368652e+00 5.522958755493164062e+00 8.111328125000000000e+00 -6.985665798187255859e+00 1.468366980552673340e-01 6.722757816314697266e+00
-5.864737033843994141e+00 -4.385921001434326172e+00 1.740087270736694336e+00 3.548378944396972656e+00 1.846158504486083984e+00 2.853401899337768555e+00 7.269273281097412109e+00 -6.149618625640869141e+00 1.825335621833801270e-01 6.789410114288330078e+00
-7.634558200836181641e+00 5.442608356475830078e+00 -7.745793342590332031e+00 5.108533382415771484e+00 4.450326919555664062e+00 8.184736251831054688e+00 9.334269911050796509e-02 -4.925946146249771118e-02 9.043447494506835938e+00 5.418611764907836914e-01
-1.493705749511718750e+00 -8.911654353141784668e-01 -6.427961826324462891e+00 4.084248542785644531e+00 1.660055667161941528e-01 8.418354988098144531e+00 -6.211233735084533691e-01 -2.626086235046386719e+00 7.660166740417480469e+00 -4.969741821289062500e+00
-9.045928001403808594e+00 1.118038082122802734e+01 -3.518409490585327148e+00 3.621674776077270508e+00 2.537252008914947510e-01 -1.330450654029846191e+00 6.456670761108398438e+00 1.913804292678833008e+00 6.703462600708007812e-01 5.412381172180175781e+00
-5.871445178985595703e+00 3.615857958793640137e-01 1.026511907577514648e+00 8.516510009765625000e+00 9.013636589050292969e+00 4.339278221130371094e+00 1.657303571701049805e+00 -3.271576404571533203e+00 7.911365985870361328e+00 5.426876068115234375e+00
-4.384207725524902344e+00 -2.334757804870605469e+00 8.532549738883972168e-01 3.013858795166015625e+00 -6.372284293174743652e-01 5.782933712005615234e+00 8.414772033691406250e+00 -7.169553279876708984e+00 5.656030774116516113e-01 7.229806423187255859e+00
-5.503202915191650391e+00 -3.797006130218505859e+00 1.896108627319335938e+00 3.958528995513916016e+00 1.195212751626968384e-01 6.082863330841064453e+00 8.731791496276855469e+00 -5.920995712280273438e+00 -1.658082753419876099e-02 6.339820384979248047e+00
1.702976226806640625e+00 -5.926198482513427734e+00 -2.787525892257690430e+00 1.207424831390380859e+01 7.060945510864257812e+00 1.495100975036621094e+00 -3.869520187377929688e+00 4.676661789417266846e-01 6.625782251358032227e-01 -5.368410587310791016e+00
-5.182737827301025391e+00 3.063748359680175781e+00 7.055433839559555054e-02 4.266297817230224609e+00 1.620683312416076660e+00 -4.496328830718994141e+00 3.145608901977539062e+00 -5.811000823974609375e+00 -4.529405117034912109e+00 2.020132541656494141e+00
-6.004940509796142578e+00 3.866944074630737305e+00 -5.111856937408447266e+00 4.703511714935302734e+00 5.243031501770019531e+00 8.936440467834472656e+00 4.890731871128082275e-01 -4.982463270425796509e-02 7.537566184997558594e+00 -5.275241136550903320e-01
-4.860408306121826172e+00 -2.916269779205322266e+00 1.438748240470886230e+00 3.276222705841064453e+00 -8.103007674217224121e-01 5.221787929534912109e+00 8.924687385559082031e+00 -6.426319122314453125e+00 6.191770434379577637e-01 7.106178760528564453e+00
-5.055086612701416016e-01 -7.924869656562805176e-01 2.770715475082397461e+00 7.145007133483886719e+00 6.269599914550781250e+00 -4.351978302001953125e+00 3.334123194217681885e-01 -7.589184284210205078e+00 5.023773312568664551e-01 -2.702615737915039062e+00
-7.253950834274291992e-01 -1.891122341156005859e+00 -1.215198278427124023e+00 6.302542209625244141e+00 7.097024440765380859e+00 7.240611314773559570e-01 -2.574438810348510742e+00 7.553405761718750000e-01 -2.131991982460021973e-01 -5.425486087799072266e+00
-6.109627723693847656e+00 4.722157955169677734e+00 4.047479629516601562e-01 5.260646820068359375e+00 1.927757859230041504e+00 -4.769878864288330078e+00 3.892750024795532227e+00 -5.950319290161132812e+00 -4.500107288360595703e+00 2.140131950378417969e+00
-1.600150823593139648e+00 4.423373699188232422e+00 -1.614027738571166992e+00 8.096440315246582031e+00 6.463503360748291016e+00 -8.283212184906005859e-01 3.056080818176269531e+00 -6.389324188232421875e+00 5.376276969909667969e+00 -1.459797739982604980e+00
-1.391102075576782227e+00 -1.264330625534057617e+00 -8.325282335281372070e-01 6.314626216888427734e+00 6.144633769989013672e+00 2.539133429527282715e-01 -2.906634092330932617e+00 5.443107336759567261e-02 8.554881215095520020e-01 -5.564043998718261719e+00
-1.552805304527282715e+00 1.595815658569335938e+00 -4.173580706119537354e-01 6.455354690551757812e+00 7.519135951995849609e+00 -1.192409038543701172e+00 3.401038169860839844e+00 -6.530300140380859375e+00 5.658926963806152344e+00 -1.563415169715881348e+00
-6.482321262359619141e+00 4.345295906066894531e+00 -6.991902351379394531e+00 4.451542377471923828e+00 3.942011356353759766e+00 8.942877769470214844e+00 -9.423931688070297241e-02 -3.284949958324432373e-01 7.964147567749023438e+00 -1.746666729450225830e-01
-4.959740161895751953e+00 -3.167541742324829102e+00 1.445011496543884277e+00 3.543318986892700195e+00 5.370346307754516602e-01 5.167364597320556641e+00 8.047048568725585938e+00 -6.695813179016113281e+00 4.212890267372131348e-01 7.412477970123291016e+00
-1.159473061561584473e+00 -1.071759462356567383e+00 -6.845447540283203125e+00 3.285330533981323242e+00 -4.402556419372558594e-01 8.989609718322753906e+00 2.490618675947189331e-01 -2.421873807907104492e+00 6.984663963317871094e+00 -5.273688793182373047e+00
-6.299085617065429688e+00 7.683833599090576172e+00 -2.332431077957153320e+00 2.360015869140625000e+00 8.267910480499267578e-01 -2.183516263961791992e+00 6.282838821411132812e+00 1.380032062530517578e+00 1.773545145988464355e+00 5.311595439910888672e+00
