2.663409709930419922e+00 -6.284340023994445801e-01 1.163005113601684570e+00 -5.145164489746093750e+00 -3.870720624923706055e+00 -1.050455570220947266e+00 6.670732975006103516e+00 5.063446044921875000e+00 9.449076652526855469e+00 -3.648900985717773438e+00
3.413405895233154297e+00 -4.029964447021484375e+00 -6.682103872299194336e-01 -5.085519790649414062e+00 2.802047252655029297e+00 4.316644668579101562e+00 -2.453893661499023438e+00 2.019607067108154297e+00 1.246907472610473633e+00 7.401761531829833984e+00
4.810984611511230469e+00 3.526974916458129883e+00 9.594613313674926758e-01 -4.013453006744384766e+00 -4.289084434509277344e+00 -1.954410910606384277e+00 -1.327234983444213867e+00 -5.277024269104003906e+00 6.900974273681640625e+00 2.230414152145385742e+00
8.301018714904785156e+00 -1.519711256027221680e+00 1.910657048225402832e+00 -3.686081886291503906e+00 -4.525586128234863281e+00 6.601287364959716797e+00 1.234995126724243164e+00 6.723157882690429688e+00 7.145260810852050781e+00 2.156142711639404297e+00
3.877631187438964844e+00 -2.329548120498657227e+00 6.287927627563476562e+00 -1.694333910942077637e+00 1.623929858207702637e+00 6.104838371276855469e+00 4.251370906829833984e+00 -6.969999670982360840e-01 -4.107304573059082031e+00 4.410819530487060547e+00
4.094317436218261719e+00 1.458717465400695801e+00 8.259207010269165039e-01 -3.631622552871704102e+00 -3.551770687103271484e+00 -2.549082040786743164e+00 -1.416853189468383789e+00 -5.163599014282226562e+00 7.166991233825683594e+00 2.298529148101806641e+00
5.716951370239257812e+00 -5.906097888946533203e+00 1.712336897850036621e+00 -3.552404880523681641e+00 -3.807939291000366211e+00 3.607628583908081055e+00 -2.687447071075439453e+00 8.107922554016113281e+00 9.818626195192337036e-02 1.750147581100463867e+00
4.289384365081787109e+00 2.251500606536865234e+00 7.326211929321289062e-01 -3.544399499893188477e+00 -3.331753015518188477e+00 -1.785889387130737305e+00 -2.759599208831787109e+00 -5.377893924713134766e+00 6.964327812194824219e+00 2.459795236587524414e+00
4.854513168334960938e+00 -5.553707122802734375e+00 1.452429175376892090e+00 -2.949490547180175781e+00 -3.683404684066772461e+00 3.673038005828857422e+00 -2.522950649261474609e+00 8.010661125183105469e+00 2.421088367700576782e-01 1.842474460601806641e+00
4.676256179809570312e+00 -1.289330959320068359e+00 4.429840087890625000e+00 -5.948376655578613281e+00 -3.101479768753051758e+00 4.172046184539794922e+00 6.297266960144042969e+00 8.218180537223815918e-01 9.856287956237792969e+00 5.024502277374267578e-01
3.636268377304077148e+00 -6.554810047149658203e+00 -1.829254746437072754e+00 -6.550514221191406250e+00 2.886232852935791016e+00 3.636347293853759766e+00 -2.635995388031005859e+00 2.339642286300659180e+00 1.303314208984375000e+00 7.121523857116699219e+00
2.808168649673461914e+00 3.183784484863281250e-01 1.297390818595886230e+00 -8.744088172912597656e+00 -5.365592479705810547e+00 -1.001783370971679688e+00 6.551338195800781250e+00 5.095009803771972656e+00 9.252269744873046875e+00 -3.971567630767822266e+00
1.498406410217285156e+00 -3.750813245773315430e+00 4.358537197113037109e+00 -6.448494434356689453e+00 8.818205595016479492e-01 5.418143272399902344e+00 -5.952133536338806152e-01 -3.999606847763061523e+00 -3.239675760269165039e-01 5.713405609130859375e+00
5.284008979797363281e+00 3.539859533309936523e+00 1.046642541885375977e+00 -4.397636413574218750e+00 -4.560668945312500000e+00 -2.271856307983398438e+00 -1.194245219230651855e+00 -5.568865299224853516e+00 7.507790565490722656e+00 2.457461833953857422e+00
3.653375148773193359e+00 -3.390371561050415039e+00 -5.276929587125778198e-02 -4.923582077026367188e+00 3.024221420288085938e+00 4.385761737823486328e+00 -3.312090635299682617e+00 2.196927309036254883e+00 1.341090917587280273e+00 7.320493221282958984e+00
3.806356668472290039e+00 -7.810631752014160156e+00 -2.198416233062744141e+00 -7.812869071960449219e+00 3.191155672073364258e+00 3.794427394866943359e+00 -3.875125646591186523e+00 2.381108045578002930e+00 1.526468038558959961e+00 7.741459846496582031e+00
2.557720184326171875e+00 2.283538341522216797e+00 4.668851852416992188e+00 -3.238315582275390625e+00 -3.771238923072814941e-01 4.251340866088867188e+00 4.322576045989990234e+00 -2.071908712387084961e+00 7.291585445404052734e+00 -4.464499652385711670e-01
4.841816902160644531e+00 -5.040017127990722656e+00 1.410451292991638184e+00 -3.826006412506103516e+00 -3.348023891448974609e+00 3.896434307098388672e+00 -1.898433446884155273e+00 8.080553054809570312e+00 1.728792339563369751e-01 1.841056823730468750e+00
4.663104057312011719e+00 -5.078102111816406250e+00 1.274754405021667480e+00 -3.315346717834472656e+00 -3.910633563995361328e+00 3.122513294219970703e+00 -3.228233337402343750e+00 7.208972930908203125e+00 -6.676914691925048828e-01 1.307574510574340820e+00
2.493039369583129883e+00 -3.354990243911743164e+00 2.758386135101318359e+00 -5.346006393432617188e+00 -1.506717652082443237e-01 5.806738376617431641e+00 -3.047803342342376709e-01 -3.958651542663574219e+00 -1.808547042310237885e-02 5.797794342041015625e+00
5.344507217407226562e+00 -5.439119815826416016e+00 1.766398787498474121e+00 -3.589488744735717773e+00 -3.201210737228393555e+00 2.560994863510131836e+00 -2.419167280197143555e+00 8.186602592468261719e+00 -2.346973270177841187e-01 1.752381324768066406e+00
3.479026794433593750e+00 -5.108653068542480469e+00 -1.026939749717712402e+00 -5.604625701904296875e+00 3.055365800857543945e+00 3.294576168060302734e+00 -4.059978008270263672e+00 2.400042772293090820e+00 1.346023321151733398e+00 7.365247249603271484e+00
2.689356088638305664e+00 -5.659609436988830566e-01 1.328846216201782227e+00 -5.192243099212646484e+00 -4.331347465515136719e+00 -1.606396555900573730e+00 7.089465618133544922e+00 5.232989788055419922e+00 8.674279212951660156e+00 -3.533782005310058594e+00
5.680315017700195312e+00 -6.017976760864257812e+00 1.520886540412902832e+00 -3.523073673248291016e+00 -3.777535438537597656e+00 3.112922191619873047e+00 -2.993990182876586914e+00 7.262119293212890625e+00 -6.920597553253173828e-01 1.271629571914672852e+00
4.007457733154296875e+00 2.212216615676879883e+00 6.772095561027526855e-01 -3.324233293533325195e+00 -3.517685174942016602e+00 -1.447847843170166016e+00 -1.556211829185485840e+00 -5.208702564239501953e+00 6.431604385375976562e+00 2.245657682418823242e+00
3.724959850311279297e+00 -2.399272441864013672e+00 5.030292987823486328e+00 -2.088246345520019531e+00 2.091233491897583008e+00 5.661412715911865234e+00 3.728263616561889648e+00 3.905314579606056213e-02 -3.999933719635009766e+00 4.340912342071533203e+00
4.018102645874023438e+00 1.323020577430725098e+00 8.967018127441406250e-01 -3.621257543563842773e+00 -3.067609310150146484e+00 -2.862451076507568359e+00 -1.394110679626464844e+00 -4.931902885437011719e+00 6.749489784240722656e+00 2.126782655715942383e+00
6.936431884765625000e+00 -1.484657168388366699e+00 1.238181710243225098e+00 -2.588065147399902344e+00 -4.108809947967529297e+00 6.295327186584472656e+00 1.618183970451354980e+00 6.556927204132080078e+00 7.435587406158447266e+00 2.409958839416503906e+00
3.031489610671997070e+00 -3.816413283348083496e-01 1.087833762168884277e+00 -8.647214889526367188e+00 -4.672725677490234375e+00 -1.343614578247070312e+00 7.257799148559570312e+00 5.379599094390869141e+00 9.015404701232910156e+00 -3.894232034683227539e+00
3.727780342102050781e+00 -4.961262702941894531e+00 -1.082612872123718262e+00 -5.589639663696289062e+00 3.104018926620483398e+00 4.834294795989990234e+00 -2.446235418319702148e+00 2.007245302200317383e+00 1.100446820259094238e+00 7.341138362884521484e+00
6.534756660461425781e+00 -1.283635973930358887e+00 1.302974820137023926e+00 -3.329963207244873047e+00 -4.598032474517822266e+00 6.720698356628417969e+00 1.065208554267883301e+00 6.115242958068847656e+00 7.196253776550292969e+00 2.456820011138916016e+00
2.544571399688720703e+00 1.116390824317932129e+00 7.285350561141967773e-01 -9.815774917602539062e+00 -4.910310745239257812e+00 -1.536663055419921875e+00 6.784435749053955078e+00 5.066505432128906250e+00 8.456460952758789062e+00 -4.024314403533935547e+00
2.890111923217773438e+00 -2.630436420440673828e-01 1.031141519546508789e+00 -7.140941143035888672e+00 -3.614148139953613281e+00 -7.784151434898376465e-01 6.736795425415039062e+00 5.372923374176025391e+00 1.005261039733886719e+01 -4.042818546295166016e+00
4.005922794342041016e+00 -2.544060707092285156e+00 6.580413341522216797e+00 -1.832400560379028320e+00 1.944734334945678711e+00 6.060890197753906250e+00 4.355561733245849609e+00 -6.738429516553878784e-02 -3.772370338439941406e+00 5.123116970062255859e+00
1.948873519897460938e+00 -4.310249805450439453e+00 3.558970928192138672e+00 -6.216767311096191406e+00 -1.799841374158859253e-01 5.741845130920410156e+00 -1.135124787688255310e-01 -4.068008899688720703e+00 -3.366197347640991211e-01 5.194282531738281250e+00
5.213404178619384766e+00 -9.079064726829528809e-01 -1.504047989845275879e+00 -4.643785953521728516e+00 -6.080831527709960938e+00 7.007286697626113892e-02 2.108223199844360352e+00 -5.734214186668395996e-01 4.654244899749755859e+00 4.539812564849853516e+00
3.941072940826416016e+00 -1.110676169395446777e+00 -9.700900316238403320e-01 -3.955481767654418945e+00 -6.332163810729980469e+00 -5.453322529792785645e-01 2.053319454193115234e+00 -6.772533059120178223e-01 5.026227474212646484e+00 4.887785911560058594e+00
3.681833028793334961e+00 -1.984033107757568359e+00 5.448606014251708984e+00 -1.768125295639038086e+00 1.282394170761108398e+00 6.505895614624023438e+00 4.516376495361328125e+00 3.893646970391273499e-02 -3.946546077728271484e+00 4.675015449523925781e+00
5.033604621887207031e+00 -1.160634875297546387e+00 -2.751081705093383789e+00 -4.563284873962402344e+00 -6.215071678161621094e+00 1.988480389118194580e-01 2.307401418685913086e+00 -2.396485358476638794e-01 4.906902313232421875e+00 4.856039524078369141e+00
3.731352329254150391e+00 -6.166112422943115234e+00 -1.887770771980285645e+00 -6.812642574310302734e+00 3.097307443618774414e+00 3.236841440200805664e+00 -2.964529752731323242e+00 2.031917810440063477e+00 6.389657258987426758e-01 7.464423179626464844e+00
4.641664505004882812e+00 -7.289510369300842285e-01 4.980417728424072266e+00 -6.925968647003173828e+00 -2.359717607498168945e+00 4.111383438110351562e+00 5.716885089874267578e+00 1.039314746856689453e+00 9.606107711791992188e+00 1.947655975818634033e-01
3.807828903198242188e+00 -2.259799480438232422e+00 5.673251628875732422e+00 -1.788424968719482422e+00 1.971359729766845703e+00 7.530494689941406250e+00 4.861052513122558594e+00 -1.623106300830841064e-01 -4.381012916564941406e+00 4.626334667205810547e+00
3.771573781967163086e+00 -2.048383474349975586e+00 5.841296672821044922e+00 -1.896399974822998047e+00 1.540537238121032715e+00 6.549803733825683594e+00 4.118681907653808594e+00 3.542310893535614014e-01 -4.093744754791259766e+00 4.252856254577636719e+00
2.278394699096679688e+00 -3.503653764724731445e+00 2.832366466522216797e+00 -4.892732143402099609e+00 4.023846387863159180e-01 5.738019943237304688e+00 -7.182773202657699585e-02 -4.498483180999755859e+00 1.220419481396675110e-01 5.879566669464111328e+00
4.886321067810058594e+00 -1.228153586387634277e+00 -2.355370283126831055e+00 -4.627969264984130859e+00 -5.394867420196533203e+00 3.031533360481262207e-01 1.487186431884765625e+00 -6.053227782249450684e-01 5.155506134033203125e+00 4.656406402587890625e+00
5.538529396057128906e+00 4.747291088104248047e+00 1.042807459831237793e+00 -4.565533638000488281e+00 -4.045161724090576172e+00 -1.723823547363281250e+00 -1.880495429039001465e+00 -5.308436870574951172e+00 6.928973197937011719e+00 2.464358329772949219e+00
3.633971452713012695e+00 -6.347245216369628906e+00 -1.979207634925842285e+00 -6.865921020507812500e+00 2.734585285186767578e+00 3.294226169586181641e+00 -3.696902036666870117e+00 1.953831195831298828e+00 1.202971339225769043e+00 7.683207511901855469e+00
7.606790542602539062e+00 -8.652111053466796875e+00 2.022173404693603516e+00 -3.565116405487060547e+00 -4.345575332641601562e+00 2.894911766052246094e+00 -2.577821969985961914e+00 8.337107658386230469e+00 2.963168621063232422e-01 1.901264905929565430e+00
4.872303009033203125e+00 4.760330200195312500e+00 9.320812225341796875e-01 -4.177645206451416016e+00 -3.041193962097167969e+00 -2.155883789062500000e+00 -1.719448089599609375e+00 -5.511375904083251953e+00 6.997387886047363281e+00 2.318382263183593750e+00
2.763478040695190430e+00 -3.589501142501831055e+00 2.861646890640258789e+00 -5.519042968750000000e+00 3.513141274452209473e-01 5.293651103973388672e+00 1.171712018549442291e-02 -4.021338462829589844e+00 -3.269439935684204102e-01 5.365868568420410156e+00
5.815462112426757812e+00 -1.394274234771728516e+00 -2.739873886108398438e+00 -5.230291843414306641e+00 -5.688752174377441406e+00 6.187657117843627930e-01 1.915761470794677734e+00 -7.441689372062683105e-01 4.405625820159912109e+00 4.365536689758300781e+00
7.305967330932617188e+00 -1.108385920524597168e+00 1.220808386802673340e+00 -2.872208833694458008e+00 -3.882755756378173828e+00 6.419802665710449219e+00 1.577307820320129395e+00 6.140098571777343750e+00 6.734976291656494141e+00 2.110974073410034180e+00
3.713366985321044922e+00 -5.658676624298095703e+00 -1.322995543479919434e+00 -6.288203239440917969e+00 3.433359384536743164e+00 4.697838306427001953e+00 -1.904253840446472168e+00 2.289975166320800781e+00 1.376669883728027344e+00 7.742390632629394531e+00
3.793706417083740234e+00 -1.953353166580200195e+00 5.439302444458007812e+00 -1.931835055351257324e+00 2.602753162384033203e+00 6.950534820556640625e+00 4.243034839630126953e+00 -5.928357243537902832e-01 -4.600620746612548828e+00 4.723509311676025391e+00
5.280145645141601562e+00 3.604158878326416016e+00 7.394247055053710938e-01 -4.204994678497314453e+00 -4.123870849609375000e+00 -1.570776462554931641e+00 -7.638677358627319336e-01 -5.569211483001708984e+00 7.190572738647460938e+00 2.399666786193847656e+00
8.246705055236816406e+00 -1.432047486305236816e+00 1.641393065452575684e+00 -2.697462558746337891e+00 -3.969858169555664062e+00 6.787340164184570312e+00 1.095168590545654297e+00 6.550678253173828125e+00 7.535734653472900391e+00 2.420427799224853516e+00
4.125569343566894531e+00 -5.678126811981201172e+00 -6.745930910110473633e-01 -6.295230865478515625e+00 3.241665601730346680e+00 4.383543968200683594e+00 -3.178518772125244141e+00 2.631215810775756836e+00 1.707759976387023926e+00 7.952659606933593750e+00
4.231284141540527344e+00 -1.035290837287902832e+00 4.084941387176513672e+00 -5.635307788848876953e+00 -3.176029920578002930e+00 3.912362098693847656e+00 5.169799327850341797e+00 6.971709132194519043e-01 1.030913543701171875e+01 3.944974243640899658e-01
5.428448677062988281e+00 -1.111396789550781250e+00 -2.754454612731933594e+00 -4.938935279846191406e+00 -6.319752693176269531e+00 1.747944355010986328e-01 3.262509822845458984e+00 -8.046321272850036621e-01 5.424607276916503906e+00 4.706063270568847656e+00
5.804536819458007812e+00 -6.384419918060302734e+00 1.895359396934509277e+00 -3.642916679382324219e+00 -3.465016365051269531e+00 2.976602792739868164e+00 -2.382452249526977539e+00 7.455010414123535156e+00 -3.762521743774414062e-01 2.056234359741210938e+00
4.100793838500976562e+00 -5.910835742950439453e+00 -1.195602297782897949e+00 -6.406620502471923828e+00 3.292119264602661133e+00 4.437702178955078125e+00 -1.788285613059997559e+00 2.574782133102416992e+00 1.450147628784179688e+00 7.149778366088867188e+00
4.144308090209960938e+00 1.726814746856689453e+00 5.861355066299438477e-01 -3.666000366210937500e+00 -3.763489246368408203e+00 -2.416357517242431641e+00 -7.145453095436096191e-01 -5.002414703369140625e+00 6.326484203338623047e+00 2.219507217407226562e+00
2.768402576446533203e+00 -2.502860426902770996e-01 1.303142666816711426e+00 -5.567747116088867188e+00 -3.362735986709594727e+00 -2.462069988250732422e+00 7.545416831970214844e+00 5.194328308105468750e+00 9.519371032714843750e+00 -3.881943464279174805e+00
2.967437744140625000e+00 2.559171617031097412e-01 1.265771746635437012e+00 -9.199068069458007812e+00 -3.865591287612915039e+00 -5.876419544219970703e-01 6.918889045715332031e+00 5.154891014099121094e+00 9.262318611145019531e+00 -4.017621517181396484e+00
6.825893402099609375e+00 -7.477912902832031250e+00 2.155112981796264648e+00 -3.156677722930908203e+00 -3.837615013122558594e+00 2.619210004806518555e+00 -3.511966228485107422e+00 7.767256736755371094e+00 -4.233383387327194214e-02 1.664171695709228516e+00
3.701422691345214844e+00 -1.002683734893798828e+01 -3.770717144012451172e+00 -8.797695159912109375e+00 2.804577112197875977e+00 3.499482154846191406e+00 -3.552260398864746094e+00 2.041852474212646484e+00 1.018256783485412598e+00 7.668851852416992188e+00
5.110904693603515625e+00 4.441163063049316406e+00 6.340775489807128906e-01 -4.396079063415527344e+00 -3.555561780929565430e+00 -1.640241980552673340e+00 -1.476442813873291016e+00 -5.468818187713623047e+00 7.031098365783691406e+00 2.430348396301269531e+00
3.720483779907226562e+00 -2.582036256790161133e+00 6.905228614807128906e+00 -1.191531777381896973e+00 2.791356563568115234e+00 6.968851089477539062e+00 4.228861331939697266e+00 5.925366282463073730e-01 -3.935657501220703125e+00 4.057976245880126953e+00
3.869048595428466797e+00 -5.229317665100097656e+00 -1.157753348350524902e+00 -5.342366695404052734e+00 2.662229299545288086e+00 2.800427913665771484e+00 -3.209294795989990234e+00 2.275255441665649414e+00 9.802600145339965820e-01 7.304033756256103516e+00
3.921104431152343750e+00 -8.703148961067199707e-01 4.152558326721191406e+00 -5.380439281463623047e+00 -2.489158868789672852e+00 5.320933341979980469e+00 6.319450855255126953e+00 1.153949022293090820e+00 1.035070991516113281e+01 5.161602497100830078e-01
3.491778373718261719e+00 -4.643443584442138672e+00 -1.109583497047424316e+00 -5.407498359680175781e+00 2.999312639236450195e+00 3.402648925781250000e+00 -2.425446987152099609e+00 2.466537475585937500e+00 1.454883337020874023e+00 7.394620895385742188e+00
6.394597053527832031e+00 -7.722340583801269531e+00 1.493128895759582520e+00 -2.640511989593505859e+00 -3.795862436294555664e+00 3.000529289245605469e+00 -2.114856719970703125e+00 7.389530658721923828e+00 -4.922745227813720703e-01 1.648022174835205078e+00
5.228984832763671875e+00 3.306442499160766602e+00 1.282544016838073730e+00 -4.495424747467041016e+00 -3.674600362777709961e+00 -2.276749372482299805e+00 -1.450375318527221680e+00 -5.139647483825683594e+00 6.580916881561279297e+00 2.294645309448242188e+00
4.846648693084716797e+00 4.905339241027832031e+00 7.510752677917480469e-01 -4.011353492736816406e+00 -3.241541385650634766e+00 -2.690401792526245117e+00 -1.080755233764648438e+00 -5.296451091766357422e+00 6.811752319335937500e+00 2.185217618942260742e+00
1.962709546089172363e+00 2.872150182723999023e+00 6.396072387695312500e+00 -3.441596508026123047e+00 -8.037514090538024902e-01 4.004712104797363281e+00 3.706386089324951172e+00 -2.243213176727294922e+00 7.397339344024658203e+00 -4.921831786632537842e-01
5.506841182708740234e+00 2.861810207366943359e+00 1.273778796195983887e+00 -4.596547126770019531e+00 -3.940162658691406250e+00 -1.891748070716857910e+00 -1.454928278923034668e+00 -5.446622848510742188e+00 6.778149604797363281e+00 2.336820840835571289e+00
5.000892639160156250e+00 -9.760264754295349121e-01 1.076419591903686523e+00 -3.463768005371093750e+00 -4.685737609863281250e+00 6.072896480560302734e+00 2.293088674545288086e+00 6.093788146972656250e+00 6.379736900329589844e+00 2.126441001892089844e+00
7.833674907684326172e+00 -1.356963992118835449e+00 1.385512232780456543e+00 -2.667442560195922852e+00 -4.393887519836425781e+00 7.201406478881835938e+00 1.522921442985534668e+00 6.830447673797607422e+00 7.190813541412353516e+00 2.544654607772827148e+00
4.397875785827636719e+00 1.602407336235046387e+00 9.940234422683715820e-01 -4.009009361267089844e+00 -4.007506370544433594e+00 -2.151735782623291016e+00 -1.184312462806701660e+00 -5.566158294677734375e+00 6.935479164123535156e+00 2.720041036605834961e+00
5.104892730712890625e+00 4.437852382659912109e+00 1.114133358001708984e+00 -4.385306358337402344e+00 -3.586510658264160156e+00 -2.817134857177734375e+00 4.016131758689880371e-01 -5.316474914550781250e+00 6.386420249938964844e+00 2.392716646194458008e+00
8.920783042907714844e+00 -1.797666072845458984e+00 1.416484236717224121e+00 -2.936482906341552734e+00 -3.860739469528198242e+00 6.499031066894531250e+00 1.747088670730590820e+00 7.006827354431152344e+00 7.358424186706542969e+00 2.822101116180419922e+00
4.020209312438964844e+00 -2.128679752349853516e+00 5.417231082916259766e+00 -1.815363526344299316e+00 1.552822709083557129e+00 6.836963653564453125e+00 4.467031002044677734e+00 -2.610819935798645020e-01 -4.268718242645263672e+00 4.806822776794433594e+00
8.038634300231933594e+00 -1.366485595703125000e+00 -4.154045581817626953e+00 -7.011786937713623047e+00 -5.517809391021728516e+00 7.716180682182312012e-01 1.205282211303710938e+00 -6.351521015167236328e-01 5.000885963439941406e+00 5.117170810699462891e+00
4.822944641113281250e+00 -1.225106000900268555e+00 5.419526576995849609e+00 -7.079758644104003906e+00 -2.931434869766235352e+00 4.627224445343017578e+00 5.437685012817382812e+00 9.647297263145446777e-01 1.012895774841308594e+01 3.885772526264190674e-01
4.056772232055664062e+00 2.228265523910522461e+00 7.236973643302917480e-01 -3.334174871444702148e+00 -3.761868715286254883e+00 -2.700302124023437500e+00 -7.690142989158630371e-01 -5.524645328521728516e+00 7.308682918548583984e+00 2.285664558410644531e+00
5.281247615814208984e+00 3.335064172744750977e+00 1.169413924217224121e+00 -4.519464015960693359e+00 -4.600148200988769531e+00 -2.419383049011230469e+00 -1.019254326820373535e+00 -5.151202678680419922e+00 6.557956218719482422e+00 2.259660720825195312e+00
9.014456748962402344e+00 -1.131386184692382812e+01 2.595100879669189453e+00 -2.628654003143310547e+00 -3.987293004989624023e+00 4.256241798400878906e+00 -2.542935132980346680e+00 7.658395767211914062e+00 -2.047573588788509369e-02 1.912566184997558594e+00
3.154888868331909180e+00 -3.337438702583312988e-01 1.360487341880798340e+00 -6.517401218414306641e+00 -4.663590431213378906e+00 -6.162734627723693848e-01 7.097940921783447266e+00 4.984386444091796875e+00 8.864923477172851562e+00 -3.594826459884643555e+00
7.269634723663330078e+00 -1.580509543418884277e+00 1.811941266059875488e+00 -3.938817977905273438e+00 -4.570973396301269531e+00 5.940778255462646484e+00 1.915896534919738770e+00 6.205701351165771484e+00 6.580755233764648438e+00 2.224503993988037109e+00
4.564711570739746094e+00 2.838148832321166992e+00 8.191996812820434570e-01 -3.735928773880004883e+00 -3.977078676223754883e+00 -2.556876420974731445e+00 -1.234410285949707031e+00 -5.364299774169921875e+00 6.771755218505859375e+00 2.354809522628784180e+00
3.871665000915527344e+00 -5.535386085510253906e+00 -1.308431982994079590e+00 -6.214073657989501953e+00 3.158153772354125977e+00 4.378826141357421875e+00 -2.774554729461669922e+00 2.251986026763916016e+00 1.273976445198059082e+00 7.893406391143798828e+00
5.264122486114501953e+00 -5.918601036071777344e+00 1.180871844291687012e+00 -3.521734714508056641e+00 -3.128310918807983398e+00 1.959711909294128418e+00 -3.608638763427734375e+00 8.203327178955078125e+00 3.327420949935913086e-01 1.776854276657104492e+00
2.784277915954589844e+00 7.815447449684143066e-02 1.258608460426330566e+00 -8.288259506225585938e+00 -5.200137615203857422e+00 -1.461012512445449829e-01 7.417800426483154297e+00 4.792291641235351562e+00 9.081256866455078125e+00 -3.644370555877685547e+00
1.254820346832275391e+00 -4.812747478485107422e+00 4.550878047943115234e+00 -7.474469184875488281e+00 4.825379252433776855e-01 4.896883010864257812e+00 -3.666890561580657959e-01 -4.191229820251464844e+00 -1.965626925230026245e-01 5.461319446563720703e+00
5.091190338134765625e+00 -4.776724338531494141e+00 1.390172123908996582e+00 -4.285288333892822266e+00 -3.135921478271484375e+00 2.512483119964599609e+00 -2.660721302032470703e+00 7.550769805908203125e+00 -3.501517772674560547e-01 1.754761099815368652e+00
2.643658876419067383e+00 -3.589612722396850586e+00 3.096516132354736328e+00 -6.089001655578613281e+00 3.172047734260559082e-01 5.711212158203125000e+00 -3.662839233875274658e-01 -4.394771575927734375e+00 -1.225885674357414246e-01 5.802698612213134766e+00
7.827775001525878906e+00 -2.007717132568359375e+00 1.392095327377319336e+00 -2.490241527557373047e+00 -4.147897720336914062e+00 6.230413436889648438e+00 1.005025267601013184e+00 6.768434524536132812e+00 6.960337638854980469e+00 2.600311756134033203e+00
4.827782630920410156e+00 3.049940347671508789e+00 8.738561868667602539e-01 -3.851926565170288086e+00 -3.696927070617675781e+00 -1.914627790451049805e+00 -1.530707836151123047e+00 -5.506662368774414062e+00 6.952994823455810547e+00 2.495683908462524414e+00
3.381109952926635742e+00 -2.132451534271240234e+00 5.528154850006103516e+00 -1.278599381446838379e+00 2.089375734329223633e+00 7.134930610656738281e+00 4.580070495605468750e+00 -3.787716627120971680e-01 -4.622544288635253906e+00 4.756174087524414062e+00
5.826116561889648438e+00 -1.270703315734863281e+00 -2.777351379394531250e+00 -5.042739868164062500e+00 -6.016744613647460938e+00 6.939997896552085876e-03 2.809207439422607422e+00 -6.811375021934509277e-01 5.157582283020019531e+00 4.819992065429687500e+00
