1.895138323307037354e-01 -2.516601085662841797e-01 1.092560738325119019e-01 1.850780546665191650e-01 -5.538564175367355347e-02 1.927207782864570618e-02 6.911969184875488281e-02 6.771449744701385498e-02 1.537196040153503418e-01 1.656014025211334229e-01
2.956777811050415039e-01 7.859439402818679810e-02 1.495154015719890594e-02 -6.406678259372711182e-02 -5.912834778428077698e-03 8.731127530336380005e-02 2.261596769094467163e-01 -1.567428559064865112e-02 1.590174138545989990e-01 3.132116049528121948e-02
-6.081873551011085510e-02 -2.039708197116851807e-01 -2.898004837334156036e-02 1.623380035161972046e-01 -3.107433021068572998e-01 -1.987840086221694946e-01 7.083179056644439697e-02 -1.767255514860153198e-01 -6.031362339854240417e-02 2.320892512798309326e-01
4.142841100692749023e-01 -5.865541100502014160e-02 -2.552040517330169678e-01 1.324800401926040649e-01 -1.549791730940341949e-02 8.597240597009658813e-02 -1.056687831878662109e-01 -8.575149811804294586e-03 2.649689652025699615e-02 1.332502663135528564e-01
1.997038424015045166e-01 2.703530788421630859e-01 -1.338823586702346802e-01 1.906328797340393066e-01 1.134786568582057953e-02 3.500746488571166992e-01 4.218111559748649597e-02 1.482276171445846558e-01 1.855077743530273438e-01 8.061316609382629395e-02
2.352844923734664917e-02 -1.253502070903778076e-02 -1.504204720258712769e-01 2.516763806343078613e-01 -4.425311982631683350e-01 -7.718666642904281616e-02 -2.765943761914968491e-03 -1.061097607016563416e-01 -2.051267176866531372e-01 3.006678521633148193e-01
2.761717140674591064e-01 2.844682633876800537e-01 2.215956300497055054e-01 1.973108053207397461e-01 -2.925857342779636383e-02 2.393852323293685913e-01 1.848265677690505981e-01 -1.804958432912826538e-01 4.126898944377899170e-02 3.052544593811035156e-02
8.141775429248809814e-02 -2.273987978696823120e-02 -3.759949281811714172e-02 1.442797482013702393e-01 -3.610489964485168457e-01 -7.822031527757644653e-02 8.957149088382720947e-02 -1.377273444086313248e-02 4.039816558361053467e-02 1.136165335774421692e-01
2.086768299341201782e-01 2.940877974033355713e-01 1.484013646841049194e-01 1.851079761981964111e-01 1.436937451362609863e-01 2.962740063667297363e-01 3.377314805984497070e-01 -2.194718271493911743e-01 9.754080325365066528e-02 -1.138477325439453125e-01
4.093177914619445801e-01 -4.030614495277404785e-01 -1.254898160696029663e-01 4.108441770076751709e-01 3.723955899477005005e-02 -9.719597548246383667e-02 -1.564800739288330078e-01 6.026788614690303802e-03 -6.707464158535003662e-02 1.811979413032531738e-01
-1.363259404897689819e-01 2.450215220451354980e-01 5.142171382904052734e-01 1.891659758985042572e-02 2.790457308292388916e-01 8.429736644029617310e-02 4.919438436627388000e-02 -7.159780710935592651e-02 3.184230625629425049e-01 2.385887354612350464e-01
4.225761294364929199e-01 -3.379745781421661377e-01 9.773668646812438965e-02 2.796091735363006592e-01 4.460845142602920532e-02 -2.908780574798583984e-01 -2.393846027553081512e-02 -2.026034742593765259e-01 1.170774474740028381e-01 3.795549869537353516e-01
3.525738790631294250e-02 -8.321461826562881470e-02 4.174724519252777100e-01 2.550556659698486328e-01 3.191503584384918213e-01 2.274766415357589722e-01 -8.246043324470520020e-02 1.032946705818176270e-01 2.694852054119110107e-01 -2.189946621656417847e-01
7.173512876033782959e-02 -1.208558902144432068e-01 -1.949418783187866211e-01 -3.936944901943206787e-02 -4.757246673107147217e-01 -1.630181372165679932e-01 8.707647025585174561e-02 -2.553387582302093506e-01 -1.810031980276107788e-01 3.638635873794555664e-01
1.254053413867950439e-01 1.279312968254089355e-01 2.337063252925872803e-01 -2.195102572441101074e-01 -1.732745207846164703e-02 1.393449753522872925e-01 1.797380298376083374e-01 3.430905938148498535e-02 1.077226847410202026e-01 1.429478824138641357e-01
-1.661991178989410400e-01 7.463391125202178955e-02 4.188818335533142090e-01 6.278868019580841064e-02 3.143313825130462646e-01 -1.671751141548156738e-01 5.223007127642631531e-02 -1.726928204298019409e-01 1.944363117218017578e-01 1.043584495782852173e-01
3.048523887991905212e-02 -6.891893595457077026e-02 -1.799015849828720093e-01 2.976045310497283936e-01 -2.701100707054138184e-01 -1.389245688915252686e-01 9.899419546127319336e-02 -2.067728191614151001e-01 2.046363651752471924e-01 -5.981206893920898438e-03
1.931035965681076050e-01 1.156474649906158447e-01 1.253290027379989624e-01 8.531983196735382080e-02 -9.830201044678688049e-03 1.915648132562637329e-01 3.182342052459716797e-01 -1.310306042432785034e-01 3.440288454294204712e-02 -1.022803485393524170e-01
3.745594918727874756e-01 2.501412034034729004e-01 1.426316350698471069e-01 7.797865569591522217e-02 -2.877050079405307770e-02 4.036434590816497803e-01 1.107673346996307373e-01 1.322695463895797729e-01 8.951065689325332642e-02 5.541940033435821533e-02
1.338663846254348755e-01 -1.448988914489746094e-01 2.300840169191360474e-01 2.411912381649017334e-01 1.972601711750030518e-01 2.527266144752502441e-01 -1.666027009487152100e-01 1.868725866079330444e-01 6.772612035274505615e-02 -2.469061613082885742e-01
2.242104709148406982e-01 3.257372379302978516e-01 1.991159282624721527e-02 8.764805644750595093e-02 -1.506162136793136597e-01 3.917894959449768066e-01 4.203125536441802979e-01 5.484244786202907562e-03 1.453600972890853882e-01 -1.244214177131652832e-01
7.754800468683242798e-02 3.643738031387329102e-01 3.762324154376983643e-01 -1.677171885967254639e-01 2.917597293853759766e-01 1.256011873483657837e-01 1.712417900562286377e-01 -9.142037481069564819e-02 2.040721327066421509e-01 1.351152360439300537e-01
2.996250689029693604e-01 -2.533101439476013184e-01 3.985163941979408264e-02 1.844295263290405273e-01 1.520509086549282074e-02 -1.383996903896331787e-01 -3.916157409548759460e-02 -4.756717756390571594e-02 -9.178513661026954651e-03 4.018276631832122803e-01
1.110773533582687378e-01 3.621287941932678223e-01 4.719949886202812195e-02 -3.118641860783100128e-02 -3.698065131902694702e-02 3.071034550666809082e-01 3.935911059379577637e-01 -1.626073122024536133e-01 2.000544071197509766e-01 -7.589107751846313477e-02
8.689746260643005371e-02 -5.800428241491317749e-02 -8.970589935779571533e-02 3.103603720664978027e-01 -5.160320401191711426e-01 -2.577219605445861816e-01 2.830309607088565826e-02 -2.266504019498825073e-01 1.993646658957004547e-02 2.946857213973999023e-01
7.217320799827575684e-02 1.151444837450981140e-01 -1.897931694984436035e-01 4.735095798969268799e-01 5.728624016046524048e-02 1.504690945148468018e-01 -5.212129279971122742e-02 2.192270606756210327e-01 3.177150189876556396e-01 2.683693170547485352e-01
2.723675966262817383e-02 -1.178657189011573792e-01 -8.239352703094482422e-02 9.510279446840286255e-02 -4.301556944847106934e-01 -8.000425994396209717e-02 -5.449590738862752914e-03 -8.363555371761322021e-02 -1.949885487556457520e-01 4.424123167991638184e-01
2.135367542505264282e-01 8.346284180879592896e-02 -2.704759538173675537e-01 2.916089892387390137e-01 3.052387200295925140e-02 6.742571294307708740e-02 -1.009249091148376465e-01 -1.293749432079493999e-03 6.170466542243957520e-02 7.562696933746337891e-02
2.799241840839385986e-01 -1.298561096191406250e-01 -8.415045216679573059e-03 2.013777196407318115e-01 7.281929999589920044e-02 -1.169966235756874084e-01 -5.869374796748161316e-02 -1.231705769896507263e-01 8.752018213272094727e-02 1.942596584558486938e-01
2.048558592796325684e-01 2.667697966098785400e-01 3.193217813968658447e-01 -1.374100297689437866e-01 1.648616492748260498e-01 1.498655136674642563e-02 1.217352449893951416e-01 -1.337594240903854370e-01 5.215030908584594727e-02 -1.398674398660659790e-02
5.029268860816955566e-01 -6.705172359943389893e-03 -2.940025031566619873e-01 2.374918311834335327e-01 -8.287698775529861450e-02 2.791324853897094727e-01 -1.568490564823150635e-01 -4.978774487972259521e-02 -1.391017995774745941e-02 2.147278487682342529e-01
1.842135488986968994e-01 -2.615733146667480469e-01 1.596813350915908813e-01 2.799941003322601318e-01 2.181284427642822266e-01 -1.800212264060974121e-01 5.890442803502082825e-02 -1.182303652167320251e-01 2.034956067800521851e-01 1.910161674022674561e-01
1.410618126392364502e-01 -3.989229798316955566e-01 -1.363501138985157013e-02 2.340893894433975220e-01 3.094626031816005707e-02 -5.575624480843544006e-02 -6.616611033678054810e-02 4.397832602262496948e-02 3.968412801623344421e-02 2.179179191589355469e-01
4.193656519055366516e-02 2.060422897338867188e-01 -1.018967553973197937e-01 2.625327408313751221e-01 9.456659108400344849e-02 2.540774941444396973e-01 -1.080539673566818237e-01 1.833841055631637573e-01 3.524084985256195068e-01 9.111551940441131592e-02
1.033145263791084290e-01 -2.030453383922576904e-01 2.018107324838638306e-01 2.815341651439666748e-01 2.698347866535186768e-01 2.198135703802108765e-01 -2.577677965164184570e-01 4.645445197820663452e-02 6.626283377408981323e-02 -1.060978770256042480e-01
-1.708554849028587341e-02 -1.829113811254501343e-02 9.685893356800079346e-02 3.807421028614044189e-01 5.877397209405899048e-02 -2.817945554852485657e-02 3.745653629302978516e-01 -2.279804795980453491e-01 3.187829256057739258e-02 -2.301762998104095459e-01
8.461148291826248169e-02 7.593584805727005005e-02 1.044300496578216553e-01 4.541897773742675781e-01 3.688579425215721130e-03 -2.202713862061500549e-02 2.583699226379394531e-01 -2.007908821105957031e-01 1.588931381702423096e-01 -3.074075281620025635e-01
1.028786301612854004e-01 2.556701302528381348e-01 4.773386940360069275e-02 2.967448234558105469e-01 8.713818341493606567e-02 3.739593029022216797e-01 -9.071558713912963867e-02 2.145154327154159546e-01 2.964780628681182861e-01 8.886067569255828857e-02
-2.872989699244499207e-02 1.810669898986816406e-03 1.401466131210327148e-01 4.448572695255279541e-01 -2.846353687345981598e-02 -3.995798155665397644e-02 2.209860682487487793e-01 -1.608593016862869263e-01 -3.770376741886138916e-02 -1.222414374351501465e-01
1.291325967758893967e-02 1.047417446970939636e-01 2.613043785095214844e-01 1.158108860254287720e-01 5.478525906801223755e-02 1.371268182992935181e-01 6.359313428401947021e-02 2.291206270456314087e-02 2.713744044303894043e-01 1.852193176746368408e-01
2.744501531124114990e-01 -1.630331575870513916e-01 -7.837743312120437622e-02 3.060649931430816650e-01 7.801508530974388123e-03 -6.788834929466247559e-02 -9.036441892385482788e-02 -9.321609884500503540e-02 -7.042030990123748779e-02 2.760952115058898926e-01
2.520804107189178467e-01 2.502484023571014404e-01 -2.163582891225814819e-01 4.664145410060882568e-01 7.595797628164291382e-02 3.466933667659759521e-01 -5.881373211741447449e-02 2.385533303022384644e-01 4.084457457065582275e-01 1.140353977680206299e-01
1.428370475769042969e-01 3.011772036552429199e-01 -1.490499228239059448e-01 3.942051231861114502e-01 5.026368051767349243e-02 2.876306772232055664e-01 -8.576640486717224121e-02 3.548092842102050781e-01 5.218753218650817871e-01 4.338786005973815918e-02
1.573436409235000610e-01 8.424678444862365723e-02 3.455255925655364990e-01 2.084965109825134277e-01 2.111293077468872070e-01 1.035732850432395935e-01 -1.349794417619705200e-01 2.021863311529159546e-02 6.281810998916625977e-02 -1.417716741561889648e-01
-9.346054494380950928e-02 8.024665713310241699e-02 2.189712375402450562e-01 4.558893144130706787e-01 8.846411854028701782e-02 -7.604331523180007935e-02 1.937909126281738281e-01 -1.106414347887039185e-01 3.371152281761169434e-02 -1.194985657930374146e-01
1.478884648531675339e-02 -4.319561719894409180e-01 -3.833051398396492004e-02 4.119757711887359619e-01 -3.392582833766937256e-01 -2.018030881881713867e-01 -4.253652319312095642e-02 -1.499064564704895020e-01 1.512371450662612915e-01 2.979210019111633301e-01
-1.892648339271545410e-01 1.738008856773376465e-01 2.112539559602737427e-01 -1.291904449462890625e-01 2.801240980625152588e-01 -3.282999992370605469e-02 1.400904208421707153e-01 -8.779288083314895630e-02 9.888727962970733643e-02 8.381114900112152100e-02
1.625391840934753418e-01 3.360070884227752686e-01 1.666391640901565552e-01 -4.314067307859659195e-03 1.936987601220607758e-02 1.805628687143325806e-01 3.243583738803863525e-01 -3.378081321716308594e-01 1.390632241964340210e-01 -2.896282076835632324e-02
-7.919035851955413818e-02 -2.863864898681640625e-01 2.231953199952840805e-03 1.630927473306655884e-01 -5.650270581245422363e-01 -1.343932151794433594e-01 1.090786159038543701e-01 -2.053722292184829712e-01 8.434185758233070374e-03 2.208438813686370850e-01
1.057766228914260864e-01 -6.739024817943572998e-02 2.111466675996780396e-01 3.004758954048156738e-01 1.536685228347778320e-01 1.940282732248306274e-01 -9.777559340000152588e-02 5.869173258543014526e-02 1.294268071651458740e-01 -9.145715832710266113e-02
-3.319935128092765808e-02 -1.212924569845199585e-01 8.215640485286712646e-02 3.623051941394805908e-01 3.279895335435867310e-02 -8.990705013275146484e-02 7.857429236173629761e-02 1.029290482401847839e-01 2.511570788919925690e-02 -6.870992481708526611e-02
3.754132688045501709e-01 1.764744520187377930e-03 -2.802459299564361572e-01 2.685621678829193115e-01 -1.629245579242706299e-01 -2.213747426867485046e-02 -1.533449888229370117e-01 -8.153980970382690430e-02 -1.795327812433242798e-01 3.948056399822235107e-01
4.381494596600532532e-02 1.418309211730957031e-01 3.052039444446563721e-01 -1.562407016754150391e-01 1.464379392564296722e-02 5.710755661129951477e-02 1.116096824407577515e-01 -2.109459042549133301e-01 2.143578976392745972e-01 2.054983228445053101e-01
1.938104033470153809e-01 1.654960513114929199e-01 -2.065699100494384766e-01 2.707915604114532471e-01 5.318992584943771362e-02 3.479684591293334961e-01 3.103824798017740250e-03 1.577103286981582642e-01 2.163920104503631592e-01 9.296435117721557617e-02
1.803216040134429932e-01 -1.616244614124298096e-01 -1.340596228837966919e-01 3.523878157138824463e-01 -4.203294217586517334e-01 -1.914465278387069702e-01 1.229570806026458740e-01 -2.544332742691040039e-01 6.636046618223190308e-02 2.072802186012268066e-01
3.744470775127410889e-01 1.740029454231262207e-02 -3.049184978008270264e-01 3.265019655227661133e-01 -3.325595706701278687e-02 1.518648415803909302e-01 -3.148718178272247314e-01 -7.234423607587814331e-02 1.235099434852600098e-01 1.972244083881378174e-01
1.629970669746398926e-01 7.256894558668136597e-02 3.143915832042694092e-01 -1.762143969535827637e-01 -5.661064758896827698e-03 -7.668735831975936890e-02 2.355590015649795532e-01 -2.768352925777435303e-01 9.324750304222106934e-02 1.298618018627166748e-01
4.045206904411315918e-01 -2.750850319862365723e-01 -4.724170640110969543e-02 3.195773661136627197e-01 5.236739665269851685e-02 -3.659207001328468323e-02 -1.619071811437606812e-01 -1.509991381317377090e-02 -9.164606034755706787e-02 1.663820892572402954e-01
-1.250055432319641113e-01 -6.954833865165710449e-02 8.369895815849304199e-02 4.832924306392669678e-01 -1.030286587774753571e-02 -2.125312834978103638e-01 1.964481621980667114e-01 -1.822042763233184814e-01 1.157024800777435303e-01 -2.140895128250122070e-01
1.507946848869323730e-01 3.051136434078216553e-01 8.701287209987640381e-02 2.896220795810222626e-02 5.243296176195144653e-02 3.161247372627258301e-01 2.338534146547317505e-01 -9.000891447067260742e-02 4.711031168699264526e-02 -1.419314146041870117e-01
1.232060194015502930e-01 1.249276474118232727e-01 2.571236789226531982e-01 1.987229846417903900e-02 1.014505103230476379e-01 8.664253354072570801e-02 3.176978603005409241e-02 -6.309786438941955566e-02 3.007167875766754150e-01 1.396740823984146118e-01
2.418490499258041382e-01 -1.140380278229713440e-01 -4.335992410778999329e-02 1.847219914197921753e-01 -3.191105425357818604e-01 -2.378406375646591187e-01 1.239623427391052246e-01 -7.102501392364501953e-02 -7.885982841253280640e-02 2.844991683959960938e-01
3.419914841651916504e-01 -2.956465184688568115e-01 -5.085852369666099548e-02 1.901418566703796387e-01 -2.524429000914096832e-02 -1.900547295808792114e-01 -7.924300432205200195e-02 7.858174294233322144e-02 -9.515426307916641235e-02 2.524543106555938721e-01
1.421652734279632568e-01 -3.304992914199829102e-01 -4.058565571904182434e-02 2.940154671669006348e-01 9.943341836333274841e-03 -1.767173707485198975e-01 -1.286983489990234375e-01 2.925092726945877075e-02 1.659213453531265259e-01 3.172475695610046387e-01
6.751902401447296143e-02 3.252668380737304688e-01 2.642665207386016846e-01 1.837547868490219116e-01 4.454187303781509399e-02 4.272408485412597656e-01 3.205190300941467285e-01 -4.639208316802978516e-02 -2.794893458485603333e-02 -1.172648072242736816e-01
-2.602389752864837646e-01 -1.100788787007331848e-01 4.228803217411041260e-01 1.556791365146636963e-01 3.201850354671478271e-01 3.352982923388481140e-02 -1.174076423048973083e-01 3.759634867310523987e-02 1.984200924634933472e-01 3.391051590442657471e-01
4.493372514843940735e-02 -1.584190428256988525e-01 6.000117585062980652e-02 7.188157737255096436e-02 -2.978944480419158936e-01 -1.488622128963470459e-01 -3.982701525092124939e-02 -1.934380382299423218e-01 1.397861726582050323e-02 4.639866054058074951e-01
1.264825761318206787e-01 1.793554127216339111e-01 -1.458080708980560303e-01 4.771705567836761475e-01 8.165923506021499634e-02 3.058882057666778564e-01 -2.051062732934951782e-01 2.300769835710525513e-01 3.964514732360839844e-01 8.583953976631164551e-02
1.321890354156494141e-01 2.097718119621276855e-01 2.225602716207504272e-01 -2.218741774559020996e-01 2.060118317604064941e-01 1.622237637639045715e-02 1.611706614494323730e-01 -5.003118515014648438e-02 2.620814926922321320e-02 7.049425691366195679e-02
3.000205159187316895e-01 -1.231478154659271240e-01 -5.579927563667297363e-02 2.485113441944122314e-01 1.569805741310119629e-01 -3.461832553148269653e-02 -1.326421350240707397e-01 -1.072070822119712830e-01 -4.611885640770196915e-03 1.411503851413726807e-01
3.704569637775421143e-01 1.572615802288055420e-01 1.802280992269515991e-01 -7.767225150018930435e-03 5.160198360681533813e-02 1.748402267694473267e-01 1.383040547370910645e-01 -5.155641585588455200e-02 5.304244160652160645e-02 5.865335464477539062e-02
7.798226177692413330e-02 2.263318896293640137e-01 1.076252572238445282e-02 1.384670883417129517e-01 8.782724291086196899e-02 2.595996558666229248e-01 3.449581861495971680e-01 -9.088122099637985229e-02 -1.077304482460021973e-01 -1.615945100784301758e-01
-3.675453737378120422e-02 -1.767143309116363525e-01 -3.985375538468360901e-02 3.442144691944122314e-01 -4.953862428665161133e-01 -2.468579411506652832e-01 6.075685098767280579e-02 -2.133359909057617188e-01 1.330280490219593048e-02 2.144279032945632935e-01
-3.138643875718116760e-02 -3.808195888996124268e-01 -7.220236957073211670e-02 2.007206082344055176e-01 -5.043204426765441895e-01 -3.677676916122436523e-01 -5.312454327940940857e-02 -2.507566213607788086e-01 -2.237238436937332153e-01 3.690363764762878418e-01
-5.166569724678993225e-02 -2.664328217506408691e-01 -1.918579488992691040e-01 2.941389679908752441e-01 -9.460898488759994507e-02 -2.287919968366622925e-01 3.325209021568298340e-02 -2.299105376005172729e-01 9.394193440675735474e-02 7.189393043518066406e-02
4.406569898128509521e-02 -1.595568358898162842e-01 -2.017848640680313110e-01 4.936203360557556152e-02 -4.256343841552734375e-01 -3.677849425002932549e-03 7.260248064994812012e-02 -1.534782350063323975e-01 -8.465769141912460327e-02 2.336083948612213135e-01
4.162225425243377686e-01 5.858824402093887329e-02 -2.161464244127273560e-01 3.573079705238342285e-01 -2.516340650618076324e-02 1.828334853053092957e-02 -9.679794311523437500e-02 -6.914148479700088501e-02 -8.673950284719467163e-02 2.645724415779113770e-01
4.072559773921966553e-01 1.585309207439422607e-02 -3.713242113590240479e-01 2.344589680433273315e-01 -4.333586245775222778e-02 1.725993007421493530e-01 -3.357880413532257080e-01 1.136431749910116196e-02 6.114484369754791260e-02 2.291884273290634155e-01
1.573174148797988892e-01 -8.610534667968750000e-02 -1.471670567989349365e-01 1.957037448883056641e-01 -4.316588938236236572e-01 -1.170310601592063904e-01 7.017908990383148193e-02 -1.700548380613327026e-01 -2.285452932119369507e-01 2.706999182701110840e-01
-1.259721815586090088e-01 -3.433109521865844727e-01 -7.040639221668243408e-02 3.763726055622100830e-01 -5.388129353523254395e-01 -3.370735645294189453e-01 3.730962797999382019e-02 -3.068898022174835205e-01 -1.443868689239025116e-02 5.005244612693786621e-01
3.163110911846160889e-01 5.565658211708068848e-02 -1.071636453270912170e-01 3.667455911636352539e-01 -7.893540710210800171e-02 4.927373677492141724e-02 -1.187460273504257202e-01 3.816985338926315308e-02 1.790392994880676270e-01 2.941317856311798096e-01
-9.286337345838546753e-02 2.745234668254852295e-01 -2.467476017773151398e-02 2.844036221504211426e-01 1.956977508962154388e-02 1.434899121522903442e-01 -1.188334226608276367e-01 4.811490327119827271e-02 2.855243384838104248e-01 2.648506462574005127e-01
-3.257003128528594971e-01 -2.313169538974761963e-01 2.286563813686370850e-01 4.831668436527252197e-01 3.204522430896759033e-01 -1.656616479158401489e-01 1.004948914051055908e-01 -2.247969806194305420e-01 7.113750278949737549e-02 -1.931892633438110352e-01
3.957750201225280762e-01 -1.623454391956329346e-01 -1.558524519205093384e-01 3.825917243957519531e-01 -9.858047217130661011e-02 -1.025803685188293457e-01 -2.154590487480163574e-01 -7.993080653250217438e-03 -2.005383931100368500e-02 2.013324201107025146e-01
1.108341962099075317e-01 -1.256096065044403076e-01 -1.419462859630584717e-01 2.438022494316101074e-01 -5.575257539749145508e-01 -6.208859756588935852e-02 -2.113668434321880341e-02 -1.829247623682022095e-01 -4.145876318216323853e-02 2.673692107200622559e-01
-3.016709908843040466e-02 -3.743240833282470703e-01 -4.479319229722023010e-02 1.070099622011184692e-01 -5.053266882896423340e-01 -2.429155260324478149e-01 7.584764063358306885e-02 -1.958830803632736206e-01 -1.470210850238800049e-01 5.095703601837158203e-01
2.265552058815956116e-02 1.013406813144683838e-01 1.717447489500045776e-01 6.629819422960281372e-02 2.075460255146026611e-01 2.416962683200836182e-01 2.939292192459106445e-01 -1.598325669765472412e-01 2.054061889648437500e-01 -2.311283946037292480e-01
2.350008487701416016e-01 -2.764694094657897949e-01 6.488738209009170532e-02 9.421891719102859497e-02 7.036540657281875610e-02 -7.514085620641708374e-02 -7.518265396356582642e-02 9.787000715732574463e-02 -2.107052505016326904e-02 3.490233421325683594e-01
2.649400532245635986e-01 1.918874680995941162e-03 -1.877267360687255859e-01 2.962683737277984619e-01 7.556394487619400024e-02 5.640201643109321594e-02 -5.714733526110649109e-02 -3.292181342840194702e-02 -9.281106293201446533e-02 1.930442899465560913e-01
8.240436017513275146e-02 -8.053071051836013794e-02 -6.603819131851196289e-02 1.566649675369262695e-01 -4.219529926776885986e-01 1.958694681525230408e-02 1.072393655776977539e-01 -2.627809643745422363e-01 -1.147316619753837585e-01 2.858211994171142578e-01
1.166709661483764648e-01 2.119622826576232910e-01 1.448806673288345337e-01 -1.443758457899093628e-01 -9.483062475919723511e-02 1.818221658468246460e-01 1.164363399147987366e-01 -5.967914685606956482e-02 1.777751296758651733e-01 1.038201749324798584e-01
1.730740368366241455e-01 2.178056538105010986e-01 1.177558526396751404e-01 9.319358505308628082e-03 2.142856083810329437e-02 4.672231674194335938e-01 4.703950881958007812e-01 -8.242746442556381226e-02 1.908581256866455078e-01 5.337893962860107422e-02
2.855136990547180176e-01 -2.255282104015350342e-01 -1.442655473947525024e-01 2.102266401052474976e-01 -7.149510830640792847e-02 -2.542581260204315186e-01 -3.621293976902961731e-02 -7.765021175146102905e-02 2.870007790625095367e-02 2.438923120498657227e-01
8.146519772708415985e-03 -3.227006494998931885e-01 4.171528518199920654e-01 2.274412065744400024e-01 2.050839960575103760e-01 3.349376916885375977e-01 -1.043242514133453369e-01 8.469240367412567139e-02 4.369279742240905762e-02 -2.102798223495483398e-01
1.945755779743194580e-01 3.292374312877655029e-01 1.080357208847999573e-01 -5.463689193129539490e-02 1.961455307900905609e-02 1.971791386604309082e-01 2.659786939620971680e-01 -1.589565724134445190e-01 1.221283376216888428e-01 -9.926152229309082031e-02
5.423392727971076965e-02 -5.698750168085098267e-02 4.162738621234893799e-01 2.256524860858917236e-01 2.230542898178100586e-01 2.806341052055358887e-01 -5.513110663741827011e-03 6.460120528936386108e-02 2.389576882123947144e-01 -7.781589031219482422e-02
5.214402079582214355e-01 -1.512882858514785767e-02 -2.673664987087249756e-01 2.602404654026031494e-01 -3.949975222349166870e-02 7.321188598871231079e-02 -1.841092407703399658e-01 -1.043891459703445435e-01 1.587128825485706329e-02 2.396494001150131226e-01
1.532436311244964600e-01 -3.114064782857894897e-02 -1.089443117380142212e-01 2.296745628118515015e-01 -4.634091556072235107e-01 -4.015391692519187927e-02 1.401868928223848343e-02 -1.929736137390136719e-01 8.192825317382812500e-02 1.821940392255783081e-01
1.334143280982971191e-01 2.387105822563171387e-01 -1.583631783723831177e-01 4.279400408267974854e-01 5.003283917903900146e-02 3.216170966625213623e-01 -6.435149908065795898e-02 9.082473814487457275e-02 3.250955939292907715e-01 8.802124857902526855e-02
-1.740556582808494568e-02 -4.749365523457527161e-02 1.498788595199584961e-01 3.540040850639343262e-01 3.902842849493026733e-02 -5.990360304713249207e-02 2.864114046096801758e-01 -8.046074211597442627e-02 7.933149486780166626e-02 -2.081309854984283447e-01
