-1.555293947458267212e-01 2.260644286870956421e-01 2.305731773376464844e-01 3.225684762001037598e-01 1.207661628723144531e-01 4.459826648235321045e-01 3.007741570472717285e-01 -6.094222068786621094e-01 -8.500885963439941406e-02 1.366423722356557846e-02 -7.864164561033248901e-02 3.629866838455200195e-01 1.800320446491241455e-01 -3.130408823490142822e-01 -1.408626437187194824e-01
-5.499758198857307434e-02 -1.408440321683883667e-01 3.645499944686889648e-01 1.334755718708038330e-01 1.498422324657440186e-01 -6.169571354985237122e-02 2.224999070167541504e-01 1.877640932798385620e-01 1.552734673023223877e-01 -1.011775955557823181e-01 -1.906051784753799438e-01 1.215339750051498413e-01 1.124228257685899734e-02 -2.243418693542480469e-01 -1.498313993215560913e-01
-1.265045851469039917e-01 -1.092896535992622375e-01 4.205664694309234619e-01 7.688777893781661987e-02 2.322395332157611847e-02 -2.092105150222778320e-01 1.947109848260879517e-01 -1.334274411201477051e-01 1.759535968303680420e-01 1.949431598186492920e-01 2.124911844730377197e-01 6.752055883407592773e-02 -1.502762883901596069e-01 -1.307984292507171631e-01 -2.234523743391036987e-01
-1.406665518879890442e-02 -3.340893089771270752e-01 1.454913169145584106e-01 1.870688050985336304e-01 3.890274465084075928e-02 -6.239686161279678345e-02 7.908374071121215820e-02 -2.042167931795120239e-01 -1.293296180665493011e-02 1.737639755010604858e-01 -9.459341317415237427e-02 8.654235303401947021e-02 1.618801206350326538e-01 -3.415309265255928040e-02 -3.432272076606750488e-01
-1.801897734403610229e-01 -2.613190747797489166e-02 3.813518881797790527e-01 8.134153485298156738e-02 3.214244917035102844e-02 1.960695087909698486e-01 8.705583959817886353e-02 -2.175184041261672974e-01 1.853007972240447998e-01 3.480664193630218506e-01 -5.313356593251228333e-02 1.097566634416580200e-01 1.512188017368316650e-01 -5.255542695522308350e-02 -3.971219062805175781e-03
-2.645623087882995605e-01 -5.876095220446586609e-02 3.213694393634796143e-01 2.715194784104824066e-02 1.334975063800811768e-01 -1.823256462812423706e-01 1.321487724781036377e-01 -1.130516752600669861e-01 -6.184583157300949097e-02 1.855202615261077881e-01 1.225466206669807434e-01 5.142252519726753235e-02 -1.088726148009300232e-01 -1.079708188772201538e-01 -1.175206899642944336e-01
-8.539098501205444336e-02 1.808351092040538788e-02 4.402962625026702881e-01 -1.940304972231388092e-02 2.347325235605239868e-01 2.036261856555938721e-01 2.847419679164886475e-01 -1.732694059610366821e-01 3.106685578823089600e-01 3.041453361511230469e-01 -4.562011361122131348e-01 2.547619640827178955e-01 2.214082777500152588e-01 -8.486540615558624268e-02 -2.741911709308624268e-01
-2.023222148418426514e-01 -8.910781145095825195e-02 3.783395290374755859e-01 1.881425827741622925e-01 8.167420327663421631e-02 -8.209113776683807373e-02 2.649793624877929688e-01 -1.314652711153030396e-01 9.520689398050308228e-02 2.058800458908081055e-01 1.583099365234375000e-01 1.182967051863670349e-01 -1.895034462213516235e-01 -6.429448723793029785e-02 -1.815257370471954346e-01
-1.743541210889816284e-01 -1.127995736896991730e-02 3.102651536464691162e-01 1.111488938331604004e-01 3.040614128112792969e-01 3.392034173011779785e-01 2.266750484704971313e-01 -2.192919403314590454e-01 3.582789301872253418e-01 3.487286865711212158e-01 -4.858749806880950928e-01 1.571106463670730591e-01 2.286034226417541504e-01 -7.303100079298019409e-02 -1.410689055919647217e-01
-3.405808508396148682e-01 -2.777737975120544434e-01 3.625620603561401367e-01 2.884332537651062012e-01 1.897020936012268066e-01 3.666892647743225098e-01 -7.320618629455566406e-02 -5.820637941360473633e-01 -2.798219025135040283e-01 2.423232235014438629e-02 -3.311568796634674072e-01 3.007223308086395264e-01 1.130717471241950989e-01 1.754668205976486206e-01 1.707120239734649658e-01
9.391306340694427490e-02 -1.368839889764785767e-01 2.866175472736358643e-01 4.209095612168312073e-02 9.941702336072921753e-02 5.116480588912963867e-02 2.013932019472122192e-01 1.889892071485519409e-01 2.940880060195922852e-01 -1.386569440364837646e-01 -2.434570193290710449e-01 -1.270191092044115067e-02 1.270372122526168823e-01 -4.162772595882415771e-01 -2.606434822082519531e-01
-8.934970200061798096e-02 2.664996385574340820e-01 3.287606239318847656e-01 2.404864877462387085e-01 -7.089164573699235916e-03 2.863472104072570801e-01 1.776785552501678467e-01 -5.987188220024108887e-01 1.075017675757408142e-01 7.291386276483535767e-02 -1.918216943740844727e-01 4.035003781318664551e-01 3.480579853057861328e-01 -2.781164646148681641e-01 -3.570005595684051514e-01
-3.047066032886505127e-01 -3.471488654613494873e-01 3.571632206439971924e-01 4.230276048183441162e-01 2.026527076959609985e-01 4.006020724773406982e-02 1.570443063974380493e-01 3.191573917865753174e-02 1.438796669244766235e-01 -1.681662499904632568e-01 -1.090207230299711227e-02 1.868060529232025146e-01 8.493971824645996094e-02 -9.616691619157791138e-02 -1.652622371912002563e-01
-1.089613512158393860e-02 -1.546493917703628540e-01 2.996107637882232666e-01 1.524566709995269775e-01 1.047501415014266968e-01 -3.018402457237243652e-01 2.034334540367126465e-01 -7.684282027184963226e-03 1.095568612217903137e-01 3.758466988801956177e-02 2.492824643850326538e-01 3.761418536305427551e-02 -8.641286939382553101e-02 -7.748499512672424316e-03 -2.044716626405715942e-01
2.317374572157859802e-02 -1.207192614674568176e-01 2.879033386707305908e-01 1.263465136289596558e-01 1.285141110420227051e-01 -4.531741142272949219e-03 1.812837719917297363e-01 2.046772986650466919e-01 6.689435243606567383e-02 -1.609507389366626740e-02 -2.307806164026260376e-01 -7.273536175489425659e-02 8.288452774286270142e-02 -1.800720244646072388e-01 -1.807233989238739014e-01
9.436081349849700928e-02 -2.724921107292175293e-01 3.245934844017028809e-01 2.861558496952056885e-01 2.034463584423065186e-01 -3.295006603002548218e-02 4.928032681345939636e-02 2.285576909780502319e-01 3.909630179405212402e-01 -3.089681267738342285e-01 -2.269406914710998535e-01 9.075946360826492310e-02 1.770750731229782104e-01 -3.853501379489898682e-01 -2.803536951541900635e-01
-1.665465086698532104e-01 -1.812415756285190582e-02 1.092742383480072021e-01 5.289859324693679810e-02 1.397202312946319580e-01 -2.250014245510101318e-02 -7.002952694892883301e-02 3.454330563545227051e-01 2.555710375308990479e-01 -1.746305823326110840e-01 -2.354838885366916656e-02 9.221272915601730347e-02 7.379593700170516968e-02 -1.421077102422714233e-01 -4.925107955932617188e-02
-1.271659284830093384e-01 -5.826665088534355164e-03 2.464944869279861450e-01 -8.997282013297080994e-03 1.761921048164367676e-01 2.510254383087158203e-01 3.537923097610473633e-01 -1.524166911840438843e-01 3.541849851608276367e-01 5.046816468238830566e-01 -4.131239950656890869e-01 2.449543029069900513e-01 1.646850854158401489e-01 -1.815146058797836304e-01 -2.457522004842758179e-01
-6.651270389556884766e-02 5.698196589946746826e-02 3.276326358318328857e-01 -1.005695201456546783e-02 7.399550825357437134e-02 3.638437986373901367e-01 2.559116482734680176e-01 -2.404447942972183228e-01 1.509142220020294189e-01 3.521031141281127930e-01 -4.682112634181976318e-01 1.955777555704116821e-01 2.634743452072143555e-01 1.333452016115188599e-02 -2.046699374914169312e-01
-4.290020763874053955e-01 -2.004366070032119751e-01 1.680583059787750244e-01 2.606074512004852295e-01 1.371662318706512451e-01 1.971983909606933594e-02 8.264805190265178680e-03 4.666942358016967773e-02 6.050237268209457397e-02 -1.599630899727344513e-02 1.665675453841686249e-02 -2.141998335719108582e-02 1.497292369604110718e-01 -2.990864962339401245e-02 -2.949950098991394043e-02
-1.898744106292724609e-01 4.170009121298789978e-02 3.137994706630706787e-01 -1.566863246262073517e-02 2.228767573833465576e-01 2.808412909507751465e-01 4.329218566417694092e-01 -1.861841231584548950e-01 2.794737517833709717e-01 3.908210694789886475e-01 -4.614386856555938721e-01 9.248910844326019287e-02 2.670305967330932617e-01 -6.360758095979690552e-02 -2.727178931236267090e-01
1.091756969690322876e-01 -2.627246379852294922e-01 3.170125186443328857e-01 2.289777845144271851e-01 1.447339504957199097e-01 -1.619358956813812256e-01 1.959116309881210327e-01 3.289065361022949219e-01 2.283487170934677124e-01 -1.716284453868865967e-01 -1.710880100727081299e-01 -2.495088875293731689e-01 2.049740254878997803e-01 -4.822206497192382812e-01 -2.274545431137084961e-01
-1.823498010635375977e-01 2.298374772071838379e-01 1.562004983425140381e-01 2.419457882642745972e-01 7.017982751131057739e-02 2.617463469505310059e-01 2.035862654447555542e-01 -5.145579576492309570e-01 1.453248597681522369e-02 1.742779314517974854e-01 -8.309742808341979980e-02 2.827037572860717773e-01 6.258190423250198364e-02 -2.486829608678817749e-01 -1.653084009885787964e-01
-2.938621640205383301e-01 -1.415430195629596710e-02 3.964755833148956299e-01 -5.541577190160751343e-02 8.046079427003860474e-03 2.895141243934631348e-01 1.110803857445716858e-01 -2.339647263288497925e-01 4.007646441459655762e-01 3.983330428600311279e-01 -2.836402356624603271e-01 1.688439100980758667e-01 2.060101181268692017e-01 -1.377331912517547607e-01 -2.910160124301910400e-01
-2.006082385778427124e-01 -1.662863185629248619e-03 4.384625554084777832e-01 1.197622641921043396e-01 1.018745824694633484e-01 -1.929079443216323853e-01 1.274883300065994263e-01 -6.195463985204696655e-02 2.346826717257499695e-03 3.846914768218994141e-01 1.928378492593765259e-01 -3.586937114596366882e-02 -5.835550371557474136e-03 -1.979438811540603638e-01 -5.900263786315917969e-02
-1.646843999624252319e-01 -9.390576928853988647e-02 3.074140250682830811e-01 3.607845306396484375e-02 1.082616448402404785e-01 3.754385709762573242e-01 9.004961699247360229e-02 -1.576059162616729736e-01 1.732814759016036987e-01 2.600748538970947266e-01 -4.165333136916160583e-02 1.230491995811462402e-01 6.293993443250656128e-02 3.010299801826477051e-02 1.057577133178710938e-02
-4.066227748990058899e-02 2.062207311391830444e-01 2.332410961389541626e-01 8.738069981336593628e-02 1.627571582794189453e-01 -1.850706040859222412e-01 5.825303122401237488e-02 -1.127145066857337952e-01 8.095372468233108521e-02 2.418743968009948730e-01 2.890542745590209961e-01 1.568131521344184875e-02 8.999933488667011261e-03 -2.807609438896179199e-01 -1.796290725469589233e-01
-1.667205542325973511e-01 -2.497856169939041138e-01 1.288053840398788452e-01 1.280901432037353516e-01 -5.956779792904853821e-02 2.355516329407691956e-02 2.704298496246337891e-01 -1.947745233774185181e-01 3.003611974418163300e-02 3.427197635173797607e-01 1.224762126803398132e-01 2.766964957118034363e-02 -4.003367945551872253e-02 9.435144811868667603e-02 -3.166148662567138672e-01
-5.053297057747840881e-02 4.081439375877380371e-01 3.582186400890350342e-01 3.232451379299163818e-01 1.211908683180809021e-01 2.790873944759368896e-01 1.738322973251342773e-01 -5.240533351898193359e-01 2.013321220874786377e-01 1.566348671913146973e-01 -2.682686746120452881e-01 4.606196880340576172e-01 1.129690483212471008e-01 -3.692194819450378418e-01 -3.108267784118652344e-01
1.590604633092880249e-01 -2.630087733268737793e-01 2.710495293140411377e-01 1.628163605928421021e-01 -5.839452147483825684e-02 -9.041436761617660522e-02 -1.111367810517549515e-02 3.298586010932922363e-01 3.049661815166473389e-01 -2.147823274135589600e-01 -3.648130297660827637e-01 -5.624776706099510193e-02 1.158083081245422363e-01 -3.184253871440887451e-01 -2.925826907157897949e-01
-1.147233545780181885e-01 -2.333517223596572876e-01 1.682404428720474243e-01 1.171046569943428040e-01 4.985358566045761108e-02 1.027864366769790649e-01 2.462363690137863159e-01 -3.920579254627227783e-01 -2.029148638248443604e-01 2.409765422344207764e-01 -1.825372688472270966e-03 2.845828607678413391e-02 1.517419666051864624e-01 2.128318399190902710e-01 -3.143112361431121826e-01
-1.480608731508255005e-01 6.552799046039581299e-02 2.448608428239822388e-01 2.090752869844436646e-01 -7.328883558511734009e-02 3.979468941688537598e-01 2.724578380584716797e-01 -7.368077039718627930e-01 1.013514772057533264e-01 -2.049650549888610840e-01 -1.883548945188522339e-01 6.012138128280639648e-01 2.598218321800231934e-01 -2.244487851858139038e-01 -3.095276653766632080e-01
-1.256511956453323364e-01 3.543763160705566406e-01 1.884607523679733276e-01 3.791590332984924316e-01 2.800138890743255615e-01 2.877595424652099609e-01 7.183198630809783936e-02 -4.863245487213134766e-01 -5.109659582376480103e-02 -5.476270616054534912e-02 -2.748711407184600830e-01 3.466618955135345459e-01 2.189271897077560425e-01 -2.252012789249420166e-01 -2.088344097137451172e-01
-3.243138268589973450e-02 -3.186144530773162842e-01 3.361244499683380127e-01 -5.605880916118621826e-02 9.788832068443298340e-02 4.104826450347900391e-01 1.408499032258987427e-01 -3.206811845302581787e-01 9.203436225652694702e-02 2.888915836811065674e-01 -1.037205830216407776e-01 3.147801160812377930e-01 3.608932020142674446e-03 4.175116121768951416e-02 -1.792204678058624268e-01
-2.712587118148803711e-01 -4.001335203647613525e-01 2.292447984218597412e-01 2.480713427066802979e-01 1.260437667369842529e-01 7.208760827779769897e-02 -6.229741871356964111e-02 1.699964255094528198e-01 2.642158567905426025e-01 -1.082307025790214539e-01 -1.194889396429061890e-01 -3.627313300967216492e-02 1.369374841451644897e-01 -5.261386930942535400e-02 -3.518560528755187988e-02
-2.409065365791320801e-01 1.651507467031478882e-01 1.627296507358551025e-01 2.598471045494079590e-01 -3.328600898385047913e-02 2.199119031429290771e-01 9.996895492076873779e-02 -4.940423667430877686e-01 -5.127538740634918213e-02 -1.165187284350395203e-01 -1.344891488552093506e-01 1.927384287118911743e-01 2.522118985652923584e-01 4.667478054761886597e-02 1.229971945285797119e-01
-2.125158011913299561e-01 1.221690103411674500e-01 1.060357838869094849e-01 2.369310706853866577e-01 3.082468733191490173e-02 4.323285073041915894e-02 6.443674117326736450e-02 -3.212686479091644287e-01 -9.093696251511573792e-03 5.553139001131057739e-02 1.768227219581604004e-01 -1.658567488193511963e-01 3.529381453990936279e-01 -1.954034417867660522e-01 2.318228334188461304e-01
-7.329644262790679932e-02 -8.023660629987716675e-02 2.399861067533493042e-01 2.374915331602096558e-01 1.812986433506011963e-01 2.636311650276184082e-01 2.679765596985816956e-02 -7.694185525178909302e-02 1.323105096817016602e-01 2.899655401706695557e-01 -5.204864963889122009e-02 -2.738058939576148987e-02 2.350129187107086182e-01 -1.637937873601913452e-02 -1.655963957309722900e-01
-3.255542516708374023e-01 5.861009657382965088e-02 1.185862347483634949e-01 1.256502568721771240e-01 -1.058251336216926575e-01 1.408181190490722656e-01 1.984282284975051880e-01 -4.493156373500823975e-01 -2.765177004039287567e-02 1.195544525980949402e-01 -9.067336469888687134e-02 -5.064023658633232117e-02 2.381821721792221069e-01 -2.490781480446457863e-03 2.518728971481323242e-01
1.222025454044342041e-01 -2.970109283924102783e-01 2.568939626216888428e-01 1.789067387580871582e-01 6.612087041139602661e-02 8.280531316995620728e-02 6.996584683656692505e-02 1.588388383388519287e-01 1.958001405000686646e-01 -2.134666889905929565e-01 -3.818251192569732666e-01 4.248825088143348694e-02 2.023554146289825439e-01 -3.816228806972503662e-01 -2.317067384719848633e-01
-3.782280385494232178e-01 -2.168857306241989136e-01 3.515948951244354248e-01 3.144811689853668213e-01 1.891038566827774048e-01 3.890446424484252930e-01 -1.083983480930328369e-01 -4.924659132957458496e-01 -2.626441121101379395e-01 1.104457303881645203e-01 -1.255069077014923096e-01 1.821083575487136841e-01 3.077293336391448975e-01 1.187975704669952393e-01 -4.638731479644775391e-05
-1.519405692815780640e-01 -9.130961447954177856e-02 3.813171684741973877e-01 1.444459408521652222e-01 1.323364675045013428e-01 1.858848333358764648e-01 2.390235289931297302e-02 -9.065378457307815552e-02 2.953216433525085449e-01 2.531055808067321777e-01 -2.740276791155338287e-02 1.488446891307830811e-01 -1.018914654850959778e-01 -1.009522378444671631e-01 9.774371981620788574e-03
-1.356017440557479858e-01 -5.459830164909362793e-02 1.919606178998947144e-01 1.798459738492965698e-01 1.048851162195205688e-01 3.816668689250946045e-01 1.528473645448684692e-01 -1.231748312711715698e-01 1.616361290216445923e-01 3.465729355812072754e-01 -2.148866206407546997e-01 1.723532527685165405e-01 1.803745748475193977e-03 -2.243892848491668701e-02 -4.621820151805877686e-02
-3.418221771717071533e-01 -1.824626475572586060e-01 1.946817636489868164e-01 3.194139897823333740e-01 1.170668825507164001e-01 4.837796092033386230e-02 3.195184841752052307e-02 1.148041039705276489e-01 6.243415176868438721e-02 -1.283400356769561768e-01 3.902354091405868530e-02 -2.137948200106620789e-02 6.140667572617530823e-02 -5.223114788532257080e-02 -8.333706855773925781e-02
-2.073201984167098999e-01 -3.702335804700851440e-02 3.951793909072875977e-02 2.389876395463943481e-01 1.624401658773422241e-02 2.148181498050689697e-01 1.467332839965820312e-01 -4.015386402606964111e-01 -9.734077379107475281e-03 -2.970441617071628571e-02 -3.282262757420539856e-02 -7.205326855182647705e-02 2.827692925930023193e-01 -2.431140840053558350e-01 1.406238079071044922e-01
-1.092443317174911499e-01 -1.993089765310287476e-01 3.888976573944091797e-01 1.022907942533493042e-01 1.125526651740074158e-01 -1.073225140571594238e-01 2.772884964942932129e-01 -3.247659206390380859e-01 -4.287601262331008911e-02 2.703987061977386475e-01 8.928618580102920532e-02 -3.275975957512855530e-02 -6.171461567282676697e-02 -1.341843754053115845e-01 -1.731803715229034424e-01
8.808796107769012451e-02 -1.847957968711853027e-01 3.531232774257659912e-01 1.587553620338439941e-01 1.887224018573760986e-01 -1.454888284206390381e-01 3.487354144454002380e-02 2.208165377378463745e-01 2.822288274765014648e-01 -2.778570950031280518e-01 -3.486379981040954590e-01 -1.037551164627075195e-01 1.513941437005996704e-01 -3.304494619369506836e-01 -7.733829319477081299e-02
-9.262379258871078491e-03 -4.367693141102790833e-02 4.936534464359283447e-01 1.198521116748452187e-03 1.960159540176391602e-01 3.200367987155914307e-01 2.507577836513519287e-01 -2.358896583318710327e-01 3.251401782035827637e-01 3.660056889057159424e-01 -5.396698713302612305e-01 3.156270086765289307e-01 3.035898804664611816e-01 -2.174780070781707764e-01 -3.833742141723632812e-01
-1.242917329072952271e-01 -2.616602182388305664e-01 4.442413151264190674e-01 7.946906983852386475e-02 2.559075057506561279e-01 -1.846784055233001709e-01 3.641848862171173096e-01 -7.637824863195419312e-02 3.095702268183231354e-02 -1.021940354257822037e-02 7.338616251945495605e-02 1.852917522192001343e-01 -9.618022292852401733e-02 3.726051747798919678e-02 -2.015288472175598145e-01
-1.992691308259963989e-01 -1.816937327384948730e-01 2.586870193481445312e-01 3.796393275260925293e-01 2.313826382160186768e-01 1.471147686243057251e-02 1.172266826033592224e-01 1.886045336723327637e-01 9.386297315359115601e-02 -1.424417048692703247e-01 -1.232905238866806030e-01 2.211805060505867004e-02 3.200441002845764160e-01 -1.176793128252029419e-01 2.652695775032043457e-02
-1.748616993427276611e-01 2.102828323841094971e-01 8.424678444862365723e-02 2.734391391277313232e-01 1.967126503586769104e-02 5.318067967891693115e-02 1.008384898304939270e-01 -3.773011267185211182e-01 8.331189304590225220e-02 -4.955112189054489136e-02 5.381644144654273987e-02 -1.112739462405443192e-02 2.469876110553741455e-01 -1.282864511013031006e-01 1.549150198698043823e-01
4.162864014506340027e-02 -3.697825670242309570e-01 1.553770750761032104e-01 2.028722912073135376e-01 6.029114499688148499e-02 1.335375607013702393e-01 2.831152081489562988e-01 -2.806996405124664307e-01 -7.939475029706954956e-02 1.963298767805099487e-01 -2.593915462493896484e-01 9.945784509181976318e-02 9.774646908044815063e-02 8.920903503894805908e-02 -2.519261240959167480e-01
1.829849630594253540e-01 -2.731883227825164795e-01 4.202317595481872559e-01 5.775679647922515869e-02 3.197740390896797180e-02 -1.233541965484619141e-02 2.695762515068054199e-01 1.545415371656417847e-01 3.095484375953674316e-01 -1.691090613603591919e-01 -2.725711762905120850e-01 7.546881586313247681e-02 1.651768088340759277e-01 -3.939943015575408936e-01 -2.638256847858428955e-01
-1.955686509609222412e-01 -3.792909532785415649e-02 3.119100630283355713e-01 1.607744256034493446e-03 6.566400825977325439e-02 3.664062917232513428e-01 1.002826094627380371e-01 -2.183223664760589600e-01 2.544954717159271240e-01 2.708881497383117676e-01 2.774930931627750397e-02 2.419722527265548706e-01 4.171920195221900940e-02 -5.360773205757141113e-02 1.346280574798583984e-01
-1.130007505416870117e-01 -1.725018471479415894e-01 3.408155739307403564e-01 1.813352108001708984e-01 1.247901096940040588e-01 -4.932411015033721924e-02 9.770747274160385132e-02 -6.648729741573333740e-02 1.096215173602104187e-01 1.888713538646697998e-01 9.339791536331176758e-02 1.699767410755157471e-01 -7.509262114763259888e-02 -7.835112512111663818e-02 -1.393861323595046997e-01
-1.024885773658752441e-01 -2.108155339956283569e-01 3.313289582729339600e-02 4.335277676582336426e-01 1.809424459934234619e-01 -3.896182775497436523e-02 1.469677835702896118e-01 -3.339872062206268311e-01 -1.410682201385498047e-01 1.311803609132766724e-01 3.809483721852302551e-02 -2.516236528754234314e-02 9.292351454496383667e-02 6.260855495929718018e-02 -2.730869650840759277e-01
5.784955248236656189e-02 -9.874086081981658936e-02 3.726619184017181396e-01 9.485417604446411133e-02 1.699354797601699829e-01 -8.432978391647338867e-02 1.622126847505569458e-01 3.122227191925048828e-01 3.090758323669433594e-01 -8.817390352487564087e-02 -1.450273543596267700e-01 -4.147295281291007996e-02 2.116638273000717163e-01 -2.468928694725036621e-01 -2.563830912113189697e-01
-3.353922367095947266e-01 -2.287203222513198853e-01 3.299169242382049561e-01 2.346426397562026978e-01 2.625180780887603760e-01 2.156694382429122925e-01 -1.586903482675552368e-01 -4.510973989963531494e-01 -2.833712100982666016e-01 2.319376319646835327e-01 -1.770769655704498291e-01 4.419961944222450256e-02 2.265746444463729858e-01 1.737838238477706909e-01 3.874823451042175293e-02
-3.953279554843902588e-01 -8.361256122589111328e-02 1.300988048315048218e-01 1.944425851106643677e-01 -7.447534799575805664e-02 1.222486346960067749e-01 1.267268210649490356e-01 -3.737883269786834717e-01 2.238164469599723816e-02 -5.235084332525730133e-03 -1.010934785008430481e-01 3.108731284737586975e-02 2.233462482690811157e-01 8.208528161048889160e-02 2.724270224571228027e-01
-9.022115170955657959e-02 1.526207923889160156e-01 3.549520671367645264e-01 1.479463130235671997e-01 2.509661614894866943e-01 1.668490171432495117e-01 4.578159451484680176e-01 -1.445090025663375854e-01 1.798529624938964844e-01 3.400531411170959473e-01 -3.652681410312652588e-01 1.042441874742507935e-01 2.248752862215042114e-01 -1.438157707452774048e-01 -1.386070251464843750e-01
4.922912642359733582e-02 -8.022959530353546143e-02 3.031747341156005859e-01 2.031479030847549438e-01 1.776563227176666260e-01 1.065369546413421631e-01 2.590796947479248047e-01 5.744478851556777954e-02 2.815270125865936279e-01 -2.050327956676483154e-01 -2.476305365562438965e-01 1.037109792232513428e-01 2.183349579572677612e-01 -2.085991948843002319e-01 -2.761226594448089600e-01
-2.446962743997573853e-01 4.900879412889480591e-02 4.385389387607574463e-01 6.586766242980957031e-02 1.409691572189331055e-01 -1.425893008708953857e-01 3.071539103984832764e-01 -1.779799759387969971e-01 -1.310795359313488007e-02 2.977299690246582031e-01 1.293828785419464111e-01 8.987477421760559082e-02 -4.093138501048088074e-02 -4.582838714122772217e-02 -1.113125830888748169e-01
-6.144322827458381653e-02 2.112868130207061768e-01 2.458975464105606079e-01 2.274829745292663574e-01 8.114162832498550415e-02 1.813276708126068115e-01 2.110729515552520752e-01 -4.437706470489501953e-01 6.450209021568298340e-02 4.242371767759323120e-02 -1.283843219280242920e-01 2.534458041191101074e-01 1.020552143454551697e-01 -3.068110346794128418e-01 -6.749428808689117432e-02
-7.787365466356277466e-03 2.108459621667861938e-01 4.200974702835083008e-01 1.529991328716278076e-01 1.414557248353958130e-01 3.567842245101928711e-01 2.914924919605255127e-01 -6.249920129776000977e-01 4.758278280496597290e-02 -3.761363774538040161e-02 -2.566516697406768799e-01 5.158771872520446777e-01 2.042263448238372803e-01 -3.193822503089904785e-01 -3.832633197307586670e-01
-1.634077355265617371e-02 -6.214334070682525635e-02 4.181242883205413818e-01 7.488512992858886719e-02 2.867493927478790283e-01 2.237612605094909668e-01 2.563853859901428223e-01 -2.589444518089294434e-01 2.891875505447387695e-01 2.933359742164611816e-01 -5.174266099929809570e-01 3.211986422538757324e-01 1.951937824487686157e-01 -2.292941659688949585e-01 -3.055687844753265381e-01
1.723968386650085449e-01 -3.871213793754577637e-01 3.336920440196990967e-01 1.266201883554458618e-01 2.246125191450119019e-01 -1.247954815626144409e-01 2.838003262877464294e-02 2.142241448163986206e-01 2.075154334306716919e-01 -3.963484466075897217e-01 -3.015333116054534912e-01 1.426584124565124512e-01 7.282259315252304077e-02 -4.066195189952850342e-01 -1.509650796651840210e-01
-1.364515274763107300e-01 -1.490953862667083740e-01 3.762713968753814697e-01 7.268912345170974731e-02 1.481229662895202637e-01 -1.182453632354736328e-01 2.178869396448135376e-01 -2.499965578317642212e-01 1.068433932960033417e-02 3.744116425514221191e-01 5.555281788110733032e-02 1.502930819988250732e-01 -8.142764866352081299e-02 -7.561986148357391357e-02 -1.605179607868194580e-01
-1.035784333944320679e-01 -3.209944367408752441e-01 3.347796201705932617e-01 1.467149555683135986e-01 1.301644891500473022e-01 5.137736201286315918e-01 3.633344769477844238e-01 -3.555446267127990723e-01 9.236640483140945435e-02 3.053129613399505615e-01 -1.650026887655258179e-01 3.317005634307861328e-01 7.382979150861501694e-03 6.867423653602600098e-03 -1.540455818176269531e-01
5.504218861460685730e-02 -2.076825350522994995e-01 3.179666697978973389e-01 8.701556921005249023e-02 1.449652165174484253e-01 -2.899733185768127441e-02 -2.297563105821609497e-02 2.424714416265487671e-01 1.076474785804748535e-01 -1.345492154359817505e-01 -2.505336105823516846e-01 5.856471136212348938e-02 1.088848486542701721e-01 -1.829981356859207153e-01 -1.955147385597229004e-01
-4.194303452968597412e-01 -2.559614777565002441e-01 2.422335892915725708e-01 1.926527768373489380e-01 1.456733196973800659e-01 4.046976566314697266e-01 -6.645894795656204224e-02 -5.237474441528320312e-01 -3.414067625999450684e-01 9.284689277410507202e-02 -1.715590655803680420e-01 1.807492673397064209e-01 2.582550644874572754e-01 8.155310153961181641e-02 1.496200263500213623e-02
-8.784089237451553345e-03 -2.398428171873092651e-01 1.886087507009506226e-01 3.563884645700454712e-02 8.254388719797134399e-02 1.016463339328765869e-01 1.051289141178131104e-01 1.085572615265846252e-01 6.096858531236648560e-02 -2.158680260181427002e-01 -3.293910622596740723e-01 3.838869743049144745e-03 1.754886656999588013e-01 -1.141625493764877319e-01 -1.853278279304504395e-01
-1.283687502145767212e-01 -1.364902406930923462e-01 2.910287082195281982e-01 2.017956040799617767e-02 1.008587777614593506e-01 3.116126954555511475e-01 2.337477356195449829e-01 -1.928840726613998413e-01 2.208454012870788574e-01 3.421269953250885010e-01 -3.089717030525207520e-01 1.625438779592514038e-01 1.886476278305053711e-01 -1.156836822628974915e-01 -2.583172023296356201e-01
-1.449611335992813110e-01 3.251580754294991493e-03 4.914025068283081055e-01 1.360754370689392090e-01 1.967052817344665527e-01 -9.906119108200073242e-02 2.715436816215515137e-01 -3.403514027595520020e-01 7.361592352390289307e-02 2.498348057270050049e-01 1.455455869436264038e-01 1.894691586494445801e-01 -2.271321602165699005e-02 -8.092799782752990723e-02 -3.099748790264129639e-01
-1.679943650960922241e-01 2.860741503536701202e-02 3.669960796833038330e-01 5.104071646928787231e-02 2.137111872434616089e-01 -2.615179419517517090e-01 2.914535701274871826e-01 -1.249060258269309998e-01 9.193041175603866577e-02 2.640282809734344482e-01 2.378136217594146729e-01 2.182883918285369873e-01 -2.127339243888854980e-01 -1.220672875642776489e-01 -9.333117306232452393e-02
-1.239829659461975098e-01 1.361325616016983986e-03 3.090496361255645752e-01 -1.061604917049407959e-01 1.968840956687927246e-01 -1.240263506770133972e-01 -4.278765246272087097e-02 9.476635605096817017e-02 3.458200395107269287e-02 -2.050567865371704102e-01 -9.484145790338516235e-02 6.435208022594451904e-02 1.459090560674667358e-01 -1.706941574811935425e-01 -1.225775480270385742e-02
-8.156280219554901123e-02 -2.165130525827407837e-01 2.998254597187042236e-01 5.107939243316650391e-02 4.062554240226745605e-02 -2.756102085113525391e-01 9.888320416212081909e-02 -1.137326210737228394e-01 9.719154238700866699e-02 1.767890006303787231e-01 9.037375450134277344e-02 9.279321879148483276e-02 -1.097669303417205811e-01 -1.510165780782699585e-01 -1.104591488838195801e-01
-3.343633189797401428e-02 -2.206760942935943604e-01 9.009977430105209351e-02 2.095231227576732635e-02 -7.085103541612625122e-02 -7.145792990922927856e-02 5.422490835189819336e-02 -2.696938812732696533e-01 -2.405049838125705719e-02 4.121385514736175537e-01 -6.234906241297721863e-02 -1.541129648685455322e-01 2.035362124443054199e-01 4.962996393442153931e-02 -3.679921925067901611e-01
-2.273144945502281189e-02 -3.534396290779113770e-01 7.045905292034149170e-02 2.795394361019134521e-01 4.389305040240287781e-02 -1.110005974769592285e-01 6.640972942113876343e-02 -2.268112301826477051e-01 -2.357191033661365509e-02 1.599441468715667725e-01 -1.106836646795272827e-01 2.131640538573265076e-02 7.138740271329879761e-02 -8.498454466462135315e-03 -2.703376710414886475e-01
-2.146889418363571167e-01 -3.598189353942871094e-02 2.471057623624801636e-01 1.527114659547805786e-01 5.539806559681892395e-02 2.108988165855407715e-02 9.276458621025085449e-02 -8.436684310436248779e-02 5.312252789735794067e-02 1.651296913623809814e-01 2.665612995624542236e-01 -1.463081836700439453e-01 -3.834489732980728149e-02 -1.495724767446517944e-01 2.664430439472198486e-02
-1.314042806625366211e-01 -2.568588554859161377e-01 4.138371050357818604e-01 7.120877504348754883e-02 1.704610288143157959e-01 -3.338812887668609619e-01 2.540717124938964844e-01 -5.681534856557846069e-02 3.561015427112579346e-02 1.858356297016143799e-01 1.934377849102020264e-01 1.443037241697311401e-01 -1.450201421976089478e-01 -6.745114922523498535e-03 -1.401270776987075806e-01
1.546372100710868835e-02 -3.535431027412414551e-01 7.646977156400680542e-02 9.446278214454650879e-02 1.006540283560752869e-01 4.481860250234603882e-02 3.064017370343208313e-02 -3.893023133277893066e-01 -1.784173250198364258e-01 -1.913800649344921112e-02 -3.829328052233904600e-04 1.353309154510498047e-01 2.448430806398391724e-01 1.938733309507369995e-01 -2.680087983608245850e-01
-1.198186352849006653e-01 -1.192868202924728394e-01 2.401098906993865967e-01 1.888485699892044067e-01 1.438680887222290039e-01 4.002398848533630371e-01 9.760922938585281372e-02 -2.448498904705047607e-01 2.288926839828491211e-01 2.930253148078918457e-01 -1.309807747602462769e-01 6.230391934514045715e-02 -4.093029722571372986e-02 -1.193604394793510437e-01 3.920193016529083252e-02
-2.847666442394256592e-01 -9.651729837059974670e-03 2.905010879039764404e-01 2.428574711084365845e-01 1.444960981607437134e-01 5.854773521423339844e-02 1.940294802188873291e-01 -5.424390435218811035e-01 -8.165838196873664856e-03 -6.752391904592514038e-02 -1.627106666564941406e-01 1.602056473493576050e-01 3.415325880050659180e-01 5.651755258440971375e-02 -1.024710088968276978e-01
-4.340162575244903564e-01 -3.829165101051330566e-01 4.317067563533782959e-01 2.284954786300659180e-01 1.339497417211532593e-01 2.753300666809082031e-01 3.044643625617027283e-02 -5.280162096023559570e-01 -2.418102920055389404e-01 9.727710485458374023e-02 -3.905649296939373016e-03 2.080695182085037231e-01 2.034523040056228638e-01 1.976348608732223511e-01 4.832770302891731262e-02
-1.701953262090682983e-01 -7.264563813805580139e-03 2.050954252481460571e-01 -1.036651618778705597e-02 1.294339597225189209e-01 -5.779772996902465820e-02 -1.403116900473833084e-02 -1.296937167644500732e-01 4.883018136024475098e-02 1.797327101230621338e-01 3.124697804450988770e-01 1.026316732168197632e-01 -6.234676763415336609e-02 -1.118554323911666870e-01 -1.541821658611297607e-02
-7.348901033401489258e-02 -1.056134328246116638e-01 3.939612209796905518e-01 1.349741369485855103e-01 2.452536672353744507e-02 -7.671496272087097168e-02 3.229163587093353271e-01 -2.681222558021545410e-01 1.669324636459350586e-01 2.881835699081420898e-01 2.566077709197998047e-01 1.706585884094238281e-01 3.123997710645198822e-02 -2.671657800674438477e-01 -2.490386068820953369e-01
-1.009016484022140503e-01 -3.181174397468566895e-02 4.569775164127349854e-01 1.064498797059059143e-01 2.641732990741729736e-01 9.366284310817718506e-02 3.486235141754150391e-01 -1.282799094915390015e-01 3.657439947128295898e-01 2.768352329730987549e-01 -2.906863987445831299e-01 3.802890777587890625e-01 8.795448392629623413e-02 -2.492152005434036255e-01 -2.899965345859527588e-01
-1.781426668167114258e-01 4.433231353759765625e-01 3.304051160812377930e-01 1.911706477403640747e-01 1.913958415389060974e-02 1.405353546142578125e-01 2.053405623883008957e-03 -4.082757532596588135e-01 1.857510358095169067e-01 -5.298808962106704712e-02 -2.221580594778060913e-01 3.962644636631011963e-01 1.707268953323364258e-01 -3.072207272052764893e-01 -1.569926142692565918e-01
6.695947051048278809e-02 -3.185193836688995361e-01 8.982123434543609619e-02 7.220834493637084961e-02 8.102542906999588013e-02 7.541084289550781250e-02 7.829841226339340210e-02 -3.455703854560852051e-01 7.861351594328880310e-03 3.696908056735992432e-01 -2.369987070560455322e-01 8.286865055561065674e-02 7.815419882535934448e-02 -7.413265109062194824e-02 -3.952530026435852051e-01
-3.249936178326606750e-02 -5.644122138619422913e-03 2.101237624883651733e-01 6.945330649614334106e-02 8.532270789146423340e-02 -2.167416810989379883e-01 7.324337214231491089e-02 -1.213430147618055344e-02 1.507343798875808716e-01 9.206222742795944214e-02 1.765013337135314941e-01 6.091708317399024963e-02 6.872537732124328613e-02 -1.754847317934036255e-01 -1.035915315151214600e-02
6.437402218580245972e-03 -2.883480191230773926e-01 3.616210520267486572e-01 1.450966298580169678e-01 4.475665464997291565e-02 9.380228817462921143e-02 2.152073830366134644e-01 1.662146896123886108e-01 2.207408547401428223e-01 -1.810525357723236084e-01 -4.002764523029327393e-01 8.219130337238311768e-02 7.458684593439102173e-02 -1.512439101934432983e-01 -2.924143075942993164e-01
-2.327683269977569580e-01 -6.816530600190162659e-03 3.694830834865570068e-01 -6.213992834091186523e-02 1.780309379100799561e-01 4.190877676010131836e-01 5.167617797851562500e-01 -2.217594236135482788e-01 2.797834277153015137e-01 4.441353678703308105e-01 -4.608898758888244629e-01 1.943080127239227295e-01 2.762264907360076904e-01 -5.160199105739593506e-02 -1.417095661163330078e-01
5.213752016425132751e-02 2.755240499973297119e-01 4.146024882793426514e-01 3.205143511295318604e-01 2.039684355258941650e-01 2.579274177551269531e-01 1.606847941875457764e-01 -4.433342814445495605e-01 7.340102642774581909e-02 1.613400280475616455e-01 -3.481040596961975098e-01 4.131733775138854980e-01 2.048205286264419556e-01 -3.880248963832855225e-01 -4.405574202537536621e-01
-2.272302955389022827e-01 -4.050643444061279297e-01 3.339166939258575439e-01 3.286657035350799561e-01 1.594114154577255249e-01 9.210020303726196289e-02 1.690311878919601440e-01 2.779727615416049957e-02 8.545321971178054810e-02 -1.559797078371047974e-01 -1.325334161520004272e-01 1.466806828975677490e-01 1.186153143644332886e-01 -1.751179248094558716e-01 -9.191533923149108887e-02
-1.384235173463821411e-01 8.430387824773788452e-02 2.206010073423385620e-01 1.194401532411575317e-01 1.454423666000366211e-01 3.421100974082946777e-01 2.154413014650344849e-01 -2.402677983045578003e-01 4.410089254379272461e-01 4.692675769329071045e-01 -4.063960015773773193e-01 1.468885689973831177e-01 2.243892401456832886e-01 -1.737436652183532715e-01 -1.879265010356903076e-01
-3.831268548965454102e-01 -3.178553581237792969e-01 2.931661605834960938e-01 5.127407908439636230e-01 2.083768993616104126e-01 1.582168340682983398e-01 1.008425131440162659e-01 2.848149277269840240e-02 1.209670528769493103e-01 -1.229500621557235718e-01 -1.261046826839447021e-01 9.978975355625152588e-02 1.360879242420196533e-01 -1.320843398571014404e-01 -1.263487339019775391e-01
-1.952630095183849335e-02 -2.003238946199417114e-01 1.961880475282669067e-01 1.025592610239982605e-01 9.648863971233367920e-02 4.259930551052093506e-02 2.118634879589080811e-01 -3.588745892047882080e-01 -1.804822385311126709e-01 1.434931308031082153e-01 -2.139117196202278137e-02 7.217097096145153046e-03 2.015588134527206421e-01 1.410752981901168823e-01 -3.043574690818786621e-01
-8.328548073768615723e-02 -1.328037381172180176e-01 2.831188142299652100e-01 1.129988133907318115e-01 2.053762376308441162e-01 -1.241535544395446777e-01 1.572724133729934692e-01 -1.174467727541923523e-01 4.417186975479125977e-02 2.804201841354370117e-01 7.789031416177749634e-02 1.464013904333114624e-01 -2.318457812070846558e-01 -8.119640499353408813e-02 -1.246972680091857910e-01
-1.427752971649169922e-01 -1.122932508587837219e-01 2.886406779289245605e-01 1.867308765649795532e-01 2.221439182758331299e-01 2.293011397123336792e-01 6.409407407045364380e-02 -1.848516762256622314e-01 1.693997681140899658e-01 4.068819582462310791e-01 -1.048807352781295776e-01 1.602528542280197144e-01 1.008426118642091751e-02 2.823765575885772705e-02 -3.518332540988922119e-02
-3.333718180656433105e-01 -4.380546882748603821e-02 1.247016936540603638e-01 2.434345781803131104e-01 -1.617862656712532043e-02 2.324373126029968262e-01 2.070554196834564209e-01 -5.186747312545776367e-01 -4.866450279951095581e-02 -1.665578484535217285e-01 -9.038674086332321167e-02 8.601971715688705444e-02 2.874063849449157715e-01 1.051800101995468140e-01 4.840220883488655090e-02
