-1.809466242790222168e+00 -8.763656616210937500e-01 1.082268834114074707e+00 3.764777660369873047e+00 2.819867134094238281e-01 -2.768013477325439453e+00 5.777717232704162598e-01 -1.161083817481994629e+00 2.524371385574340820e+00 3.192426681518554688e+00
5.600590109825134277e-01 -1.550665736198425293e+00 -2.352536201477050781e+00 7.425518035888671875e+00 -2.225941419601440430e+00 -3.476151943206787109e+00 -1.464899897575378418e+00 1.921242594718933105e+00 1.055503726005554199e+00 2.169189453125000000e+00
-6.968937516212463379e-01 4.250299632549285889e-01 3.647347927093505859e+00 1.309344053268432617e+00 1.066821962594985962e-01 -7.343294024467468262e-01 -2.795795202255249023e+00 -2.614127695560455322e-01 1.713435292243957520e+00 -1.771434187889099121e+00
1.071580052375793457e+00 1.616317987442016602e+00 -1.337252020835876465e+00 5.077809333801269531e+00 -2.099720239639282227e+00 -2.704221963882446289e+00 1.083758711814880371e+00 1.563774585723876953e+00 2.415601968765258789e+00 2.957236766815185547e+00
3.422923982143402100e-01 -1.593783497810363770e+00 2.488917589187622070e+00 1.830103516578674316e+00 4.815787672996520996e-01 -1.325470805168151855e+00 -9.281101822853088379e-02 3.240660130977630615e-01 1.076618194580078125e+00 4.713713824748992920e-01
3.398091495037078857e-01 -1.415141940116882324e+00 5.422863960266113281e-01 7.924261093139648438e-01 3.877861499786376953e-01 2.294955968856811523e+00 3.942133784294128418e-01 1.845485329627990723e+00 -2.939163148403167725e-01 4.201141893863677979e-01
3.380679786205291748e-01 9.030218720436096191e-01 -1.648503303527832031e+00 2.000512838363647461e+00 -7.719487547874450684e-01 -1.219308495521545410e+00 -1.471837162971496582e+00 9.457117915153503418e-01 -4.474576115608215332e-01 8.878024667501449585e-02
1.884565114974975586e+00 -1.047085523605346680e+00 2.331775426864624023e-01 9.216680377721786499e-02 3.555064916610717773e+00 -5.040740966796875000e+00 5.608574748039245605e-01 -1.301576852798461914e+00 7.108925580978393555e-01 -2.683519363403320312e+00
2.959195375442504883e+00 1.901201486587524414e+00 1.236107468605041504e+00 6.505666255950927734e+00 1.167740672826766968e-01 -8.428228646516799927e-02 1.907646775245666504e+00 4.729983508586883545e-01 2.430751085281372070e+00 -1.379892081022262573e-01
-2.223650068044662476e-01 1.328729510307312012e+00 6.436761617660522461e-01 1.354650408029556274e-01 -2.278089523315429688e+00 1.342980146408081055e+00 -1.377052545547485352e+00 1.652786374092102051e+00 1.308829665184020996e+00 -1.545925587415695190e-01
4.635509550571441650e-01 1.473826020956039429e-01 1.147134304046630859e+00 1.667009949684143066e+00 -1.019187927246093750e+00 -1.828923344612121582e+00 -3.051336050033569336e+00 1.558593273162841797e+00 -1.064987540245056152e+00 3.385146558284759521e-01
2.794074535369873047e+00 4.507240295410156250e+00 3.422860383987426758e+00 2.006074428558349609e+00 -2.724426388740539551e-01 8.707556724548339844e-01 -1.339698433876037598e-01 1.749636650085449219e+00 1.969022393226623535e+00 2.238770388066768646e-02
-3.653816282749176025e-01 -1.497389078140258789e+00 -1.330701351165771484e+00 2.384678125381469727e+00 1.572324037551879883e+00 -2.884283065795898438e+00 -1.226271867752075195e+00 -3.384767532348632812e+00 -3.497819900512695312e-01 1.757289052009582520e+00
3.138655185699462891e+00 -6.413546800613403320e-01 2.507586479187011719e+00 1.268727302551269531e+00 3.144052267074584961e+00 6.017202138900756836e-01 -2.276890873908996582e-01 -1.321686387062072754e+00 1.730123519897460938e+00 4.648260772228240967e-01
2.781007289886474609e+00 -1.556565016508102417e-01 -8.299229666590690613e-03 5.948388099670410156e+00 3.838178515434265137e-01 -1.842993497848510742e+00 -7.067590951919555664e-02 1.786745429039001465e+00 4.018188416957855225e-01 1.420252084732055664e+00
1.722879052162170410e+00 -2.492007970809936523e+00 2.451446771621704102e+00 2.811470270156860352e+00 4.223804473876953125e+00 -4.915099620819091797e+00 2.323352336883544922e+00 -3.099437057971954346e-01 4.390866756439208984e-01 -2.562691211700439453e+00
-2.005274295806884766e+00 -3.666054487228393555e+00 5.034834146499633789e-01 1.021707057952880859e+00 -9.902774691581726074e-01 -1.510768890380859375e+00 -2.115165472030639648e+00 5.166788697242736816e-01 2.577820301055908203e+00 2.007248401641845703e+00
6.700821965932846069e-02 8.148096799850463867e-01 -1.401285767555236816e+00 -1.501815319061279297e+00 -2.335979193449020386e-01 -6.935682892799377441e-01 -7.645331025123596191e-01 1.920906662940979004e+00 4.545262813568115234e+00 -5.755878090858459473e-01
1.327410221099853516e+00 -5.133508443832397461e-01 2.922604560852050781e+00 1.600207090377807617e+00 1.724134325981140137e+00 1.832972407341003418e+00 -8.974865078926086426e-01 5.647388696670532227e-01 2.606067061424255371e-01 1.582243204116821289e+00
-2.046166509389877319e-01 -2.300186157226562500e+00 8.761943578720092773e-01 1.260885149240493774e-01 -2.355317115783691406e+00 -4.094869136810302734e+00 -5.521081924438476562e+00 2.298035383224487305e+00 1.519495844841003418e+00 -1.534687399864196777e+00
-4.724493622779846191e-01 2.041969299316406250e+00 -1.032304644584655762e+00 1.405362129211425781e+00 -7.021833062171936035e-01 -1.333692908287048340e+00 -2.442590475082397461e+00 9.113094210624694824e-01 -5.793273448944091797e-01 -8.413477540016174316e-01
3.757104158401489258e+00 1.320599317550659180e+00 -1.924244284629821777e+00 5.796318531036376953e+00 1.556338667869567871e+00 -5.114610195159912109e+00 -1.538436532020568848e+00 -3.414340496063232422e+00 1.960258603096008301e+00 4.062776088714599609e+00
2.787637472152709961e+00 2.054621696472167969e+00 3.578535079956054688e+00 -1.361531734466552734e+00 1.534557819366455078e+00 -7.421689033508300781e-01 -3.993448972702026367e+00 -3.312761306762695312e+00 1.454933285713195801e+00 -1.654029339551925659e-01
2.767040967941284180e+00 -1.596005916595458984e+00 1.632143855094909668e+00 3.767611458897590637e-02 3.715456008911132812e+00 1.097605824470520020e+00 1.712157726287841797e+00 -4.770733416080474854e-01 3.607589483261108398e+00 -2.034221887588500977e+00
8.717588782310485840e-01 -1.462202310562133789e+00 8.965493440628051758e-01 3.028479576110839844e+00 1.323406457901000977e+00 -1.562056899070739746e+00 5.372804999351501465e-01 1.744759976863861084e-01 3.869367837905883789e-01 8.274079561233520508e-01
2.222083091735839844e+00 -2.221781253814697266e+00 1.124611139297485352e+00 2.867422342300415039e+00 1.079524040222167969e+00 -2.969425439834594727e+00 -4.643401801586151123e-01 -1.738083481788635254e+00 -4.424332380294799805e-01 1.210198640823364258e+00
1.572112917900085449e+00 1.025051355361938477e+00 1.819906949996948242e+00 -8.664153218269348145e-01 2.377745866775512695e+00 8.457974195480346680e-01 1.581990838050842285e+00 3.030390441417694092e-01 2.468134641647338867e+00 2.086224108934402466e-01
1.903861999511718750e+00 -1.479132890701293945e+00 1.567639946937561035e+00 -5.892375707626342773e-01 9.797068834304809570e-01 -5.255203843116760254e-01 -1.219468235969543457e+00 -8.032253384590148926e-01 2.915538102388381958e-02 -1.802738547325134277e+00
8.083863854408264160e-01 -8.739306926727294922e-01 1.711534380912780762e+00 2.213937520980834961e+00 1.082786560058593750e+00 -7.821840047836303711e-01 -6.026411652565002441e-01 -1.501237154006958008e+00 2.968095541000366211e-01 6.075927615165710449e-01
1.103630065917968750e+00 -3.899366378784179688e+00 2.244230985641479492e+00 -1.421374440193176270e+00 2.235988140106201172e+00 -3.863255679607391357e-01 -3.809543251991271973e-01 7.609789967536926270e-01 5.451862812042236328e-01 8.031449913978576660e-01
1.575586199760437012e+00 -2.259459257125854492e+00 1.309903502464294434e+00 1.956736803054809570e+00 1.957654714584350586e+00 5.098050832748413086e-01 1.483887195587158203e+00 -3.704566061496734619e-01 -8.931097984313964844e-01 -4.269394278526306152e-01
4.800968647003173828e+00 3.580641269683837891e+00 1.418649315834045410e+00 4.926631450653076172e-01 3.438702344894409180e+00 -2.425874948501586914e+00 -1.654313445091247559e+00 3.889002501964569092e-01 1.979266762733459473e+00 -5.985794663429260254e-01
-1.465970754623413086e+00 -1.241875648498535156e+00 1.288070797920227051e+00 1.135719537734985352e+00 -8.814105987548828125e-01 1.213326573371887207e+00 -2.670849084854125977e+00 5.713152289390563965e-01 9.340482950210571289e-01 1.395578145980834961e+00
2.260872125625610352e+00 1.134879112243652344e+00 1.623489737510681152e+00 1.980664879083633423e-01 7.447655797004699707e-01 -4.441092014312744141e-01 1.713686585426330566e-01 1.776032209396362305e+00 2.370326280593872070e+00 5.525295138359069824e-01
9.612828493118286133e-01 -4.840947151184082031e+00 -1.264715552330017090e+00 6.690314769744873047e+00 -1.379007220268249512e+00 -1.248507022857666016e+00 2.443777799606323242e+00 -1.353197395801544189e-01 1.232386708259582520e+00 -4.751503765583038330e-01
1.341197371482849121e+00 -1.658820390701293945e+00 -2.652157306671142578e+00 2.349434375762939453e+00 -2.711708545684814453e-01 -5.600759983062744141e-01 -1.008512616157531738e+00 -1.010133385658264160e+00 -1.222943067550659180e+00 2.924654185771942139e-01
3.370586872100830078e+00 -4.443506523966789246e-02 1.021894693374633789e+00 2.748507976531982422e+00 2.598367929458618164e+00 -1.836642861366271973e+00 3.492748022079467773e+00 -2.126639842987060547e+00 2.071866035461425781e+00 1.305531382560729980e+00
2.044648408889770508e+00 -1.677783608436584473e+00 1.327714443206787109e+00 -3.140888214111328125e+00 3.547570943832397461e+00 -2.615909814834594727e+00 8.262820243835449219e-01 -1.800047039985656738e+00 2.803020238876342773e+00 2.449518203735351562e+00
2.908325672149658203e+00 -2.483287096023559570e+00 -1.997436761856079102e+00 3.680806398391723633e+00 5.074505209922790527e-01 1.471186131238937378e-01 4.779612064361572266e+00 6.602615714073181152e-01 6.860211849212646484e+00 5.819447517395019531e+00
-8.994529843330383301e-01 -2.982552051544189453e+00 5.837417840957641602e-01 5.179808735847473145e-01 -1.504003524780273438e+00 -2.206053972244262695e+00 -2.904168844223022461e+00 1.136350259184837341e-01 2.360191941261291504e-01 1.557095885276794434e+00
-1.452055692672729492e+00 -1.433637499809265137e+00 2.203947305679321289e+00 -1.283839464187622070e+00 2.491240054368972778e-01 1.964485526084899902e+00 -2.627346038818359375e+00 -7.041137814521789551e-01 -2.738584041595458984e+00 -1.065474152565002441e+00
2.794985771179199219e+00 -2.119369029998779297e+00 4.516520500183105469e+00 3.893466472625732422e+00 -2.436039686203002930e+00 -2.396958023309707642e-01 -3.180755615234375000e+00 1.412555575370788574e+00 3.046376466751098633e+00 -3.847684562206268311e-01
2.366446971893310547e+00 3.435035705566406250e+00 -2.307935953140258789e-01 6.082670688629150391e+00 -2.102934837341308594e+00 1.816242814064025879e+00 -1.001850247383117676e+00 -3.304008021950721741e-02 2.576551437377929688e+00 3.073986530303955078e+00
-1.381207466125488281e+00 -3.023797035217285156e+00 -2.603198051452636719e+00 3.376626729965209961e+00 9.066312909126281738e-01 9.361411333084106445e-01 -1.007836937904357910e+00 -1.411668360233306885e-01 1.043607950210571289e+00 3.272827625274658203e+00
1.174241423606872559e+00 -3.324784994125366211e+00 -1.112594604492187500e+00 3.487421751022338867e+00 1.638909101486206055e+00 -3.070943117141723633e+00 -2.091266155242919922e+00 1.234999522566795349e-01 2.024959325790405273e+00 -1.258821368217468262e+00
-1.238261818885803223e+00 -5.156498868018388748e-03 -4.769121408462524414e-01 1.142371177673339844e+00 -3.967290818691253662e-01 -1.931686282157897949e+00 1.235460638999938965e+00 6.120260357856750488e-01 4.152295112609863281e+00 1.468368530273437500e+00
6.589370965957641602e-01 -1.551767468452453613e+00 2.288349866867065430e+00 9.945669174194335938e-01 2.116662502288818359e+00 -2.670038938522338867e-01 -6.550545692443847656e-01 3.177582323551177979e-01 8.630175590515136719e-01 9.593593478202819824e-01
1.883424520492553711e+00 -4.370022118091583252e-01 2.324681997299194336e+00 3.473925352096557617e+00 8.118472695350646973e-01 -2.259047508239746094e+00 -1.242103934288024902e+00 -1.127536177635192871e+00 1.026816844940185547e+00 1.116665244102478027e+00
1.228775739669799805e+00 3.144424915313720703e+00 -1.443088769912719727e+00 2.235924005508422852e+00 2.492491751909255981e-01 -5.448969841003417969e+00 -3.936446309089660645e-01 6.303919553756713867e-01 6.268760681152343750e+00 2.510215520858764648e+00
-5.859347581863403320e-01 -1.680236935615539551e+00 -1.170266985893249512e+00 -8.071919083595275879e-01 -3.936886191368103027e-01 -1.333562135696411133e+00 -4.953619956970214844e+00 1.317274451255798340e+00 5.374094843864440918e-01 -1.743838310241699219e+00
-1.317959308624267578e+00 5.557677745819091797e-01 -7.392530441284179688e-01 3.220704555511474609e+00 -1.164585113525390625e+00 8.093665242195129395e-01 2.104403018951416016e+00 -1.352195620536804199e+00 2.528555691242218018e-03 2.152295857667922974e-01
5.793358087539672852e-01 5.656992197036743164e-01 1.085202217102050781e+00 2.489560991525650024e-01 1.984756827354431152e+00 8.726050853729248047e-01 3.985406160354614258e-01 5.735285878181457520e-01 2.266789197921752930e+00 2.206982135772705078e+00
-5.137276053428649902e-01 9.764457941055297852e-01 1.630661368370056152e+00 -3.208826109766960144e-02 1.577990531921386719e+00 4.694048166275024414e-01 3.207215368747711182e-01 -1.129099249839782715e+00 8.986897468566894531e-01 1.275302886962890625e+00
4.223012924194335938e+00 -6.216166615486145020e-01 2.874112844467163086e+00 4.426276981830596924e-01 1.932733535766601562e+00 -1.244794011116027832e+00 1.248702168464660645e+00 7.135289311408996582e-01 1.773680001497268677e-02 -2.077671051025390625e+00
-3.110930919647216797e+00 -3.833573162555694580e-01 -2.903800725936889648e+00 1.026117324829101562e+00 -4.903614521026611328e+00 -1.997583061456680298e-01 1.709222078323364258e+00 -1.728246808052062988e+00 9.627586603164672852e-01 2.560749530792236328e+00
2.721738517284393311e-01 -1.815057992935180664e+00 -1.027036190032958984e+00 3.909533739089965820e+00 -2.254535675048828125e+00 -1.537208557128906250e+00 -4.121154919266700745e-02 -6.829132437705993652e-01 5.498101234436035156e+00 1.426806092262268066e+00
2.996697425842285156e+00 -2.353550195693969727e+00 4.129657745361328125e+00 3.182209014892578125e+00 2.799637317657470703e+00 -3.007847547531127930e+00 2.812505245208740234e+00 1.875511109828948975e-01 7.032375335693359375e+00 2.584646940231323242e+00
3.169323876500129700e-02 -6.459838151931762695e-01 -1.584886312484741211e-01 1.900984764099121094e+00 -1.074278116226196289e+00 -2.955934762954711914e+00 -1.598042488098144531e+00 8.517118543386459351e-02 9.739183187484741211e-01 -2.048462390899658203e+00
8.961675763130187988e-01 1.410054713487625122e-01 1.651390910148620605e+00 3.544209003448486328e+00 -9.028292894363403320e-01 1.326203107833862305e+00 -3.971088528633117676e-01 -1.450703859329223633e+00 2.299982309341430664e+00 -6.331650614738464355e-01
2.224002838134765625e+00 1.453395336866378784e-01 2.629805207252502441e-01 5.691922903060913086e-01 -1.133102178573608398e+00 -7.556499242782592773e-01 -1.795764267444610596e-01 -1.639159083366394043e+00 2.475723028182983398e+00 1.527799010276794434e+00
2.357111454010009766e+00 1.950531721115112305e+00 9.344066381454467773e-01 7.205902576446533203e+00 -2.175758123397827148e+00 1.934460282325744629e+00 -1.653039336204528809e+00 -8.949934840202331543e-01 3.353880643844604492e+00 2.416463613510131836e+00
-5.633615851402282715e-01 4.768844246864318848e-01 1.415391087532043457e+00 -6.607021093368530273e-01 2.306458950042724609e+00 -2.878594994544982910e-01 2.128582000732421875e+00 1.539073586463928223e+00 3.397212743759155273e+00 3.927895724773406982e-01
-1.601171255111694336e+00 1.201247453689575195e+00 2.987786769866943359e+00 -2.401684045791625977e+00 -3.282910108566284180e+00 -6.760841608047485352e-01 -9.769559502601623535e-01 1.650941729545593262e+00 2.298897027969360352e+00 -4.790991783142089844e+00
2.515006303787231445e+00 -1.878511160612106323e-01 5.325101375579833984e+00 3.931016683578491211e+00 -1.389779090881347656e+00 2.161706537008285522e-01 -2.487066268920898438e+00 2.483534574508666992e+00 4.113783836364746094e-01 -2.316604852676391602e+00
1.827775239944458008e+00 4.384844779968261719e+00 2.414495468139648438e+00 6.368440389633178711e-01 -1.437992334365844727e+00 -1.773972392082214355e+00 9.147531986236572266e-01 -2.190678596496582031e+00 1.793773889541625977e+00 -1.993008852005004883e+00
9.159558415412902832e-01 2.979763031005859375e+00 -1.282166242599487305e-01 5.217255115509033203e+00 -2.024604558944702148e+00 7.219483852386474609e-01 -1.087708353996276855e+00 1.558127999305725098e+00 -5.258058756589889526e-02 -1.815539598464965820e+00
-2.557863712310791016e+00 -3.444744348526000977e-01 3.626455307006835938e+00 -5.541338324546813965e-01 4.333938956260681152e-01 -1.439963221549987793e+00 -2.051806449890136719e+00 2.450050354003906250e+00 1.404117107391357422e+00 -2.300781965255737305e+00
-2.179385185241699219e+00 -2.698390483856201172e+00 3.935049772262573242e-01 -7.753157615661621094e-01 2.898465871810913086e+00 -2.106132268905639648e+00 -6.458110213279724121e-01 9.061410278081893921e-02 9.904537349939346313e-02 8.376581072807312012e-01
4.613562524318695068e-01 -8.434522628784179688e+00 8.795100450515747070e-01 6.378035068511962891e+00 9.631230235099792480e-01 -1.129059672355651855e+00 2.301606833934783936e-01 -3.483344018459320068e-01 2.465688943862915039e+00 2.072796344757080078e+00
-2.117093056440353394e-01 -5.009755611419677734e+00 -2.290315151214599609e+00 3.313360929489135742e+00 -2.537845611572265625e+00 -7.253874093294143677e-02 2.477998733520507812e-01 1.572291016578674316e+00 2.839060306549072266e+00 3.789184331893920898e+00
2.282717943191528320e+00 1.104544997215270996e+00 8.161648511886596680e-01 3.318478822708129883e+00 2.487130403518676758e+00 -2.588967561721801758e+00 -1.204003572463989258e+00 -1.335401177406311035e+00 1.947476506233215332e+00 -7.108077406883239746e-01
-1.084726333618164062e+00 -2.770513534545898438e+00 -4.128535091876983643e-01 9.936501830816268921e-02 1.385278224945068359e+00 -3.068695783615112305e+00 -2.682401657104492188e+00 -6.631073951721191406e-01 -2.647285461425781250e-01 8.221678137779235840e-01
1.800253987312316895e+00 2.446922302246093750e+00 1.112226605415344238e+00 2.221736907958984375e+00 -1.295439600944519043e+00 -1.609820604324340820e+00 -1.206878423690795898e+00 3.531511723995208740e-01 4.984859228134155273e-01 5.431554317474365234e-01
1.827084064483642578e+00 -4.391160011291503906e+00 1.871622204780578613e+00 -1.444918513298034668e+00 -1.242009997367858887e+00 -3.692761421203613281e+00 -5.789309501647949219e+00 8.847773671150207520e-01 3.365475416183471680e+00 5.646396160125732422e+00
4.172717571258544922e+00 2.387711048126220703e+00 3.743544578552246094e+00 5.602295398712158203e-01 3.075653553009033203e+00 1.044654726982116699e+00 4.917514324188232422e-01 1.323154568672180176e+00 1.776588708162307739e-02 -2.124039411544799805e+00
-1.076594665646553040e-01 -1.398874998092651367e+00 1.769529700279235840e+00 -1.533653616905212402e+00 1.158329367637634277e+00 1.003770709037780762e+00 -9.073660969734191895e-01 -1.469663679599761963e-01 -1.738733410835266113e+00 -1.119629859924316406e+00
-2.179041355848312378e-01 2.414271980524063110e-01 1.461889982223510742e+00 2.839541196823120117e+00 4.852778315544128418e-01 1.440179467201232910e+00 -4.088140010833740234e+00 1.505527257919311523e+00 -1.169419050216674805e+00 2.581839084625244141e+00
1.102254390716552734e+00 -1.895756840705871582e+00 3.927458524703979492e+00 -5.601122379302978516e-01 -9.490345120429992676e-01 1.853604167699813843e-01 -1.332713007926940918e+00 2.049024105072021484e+00 5.524032711982727051e-01 -2.471119403839111328e+00
-2.147130966186523438e+00 -1.168850898742675781e+00 2.949482202529907227e+00 -1.348696090281009674e-02 6.355839371681213379e-01 -1.082578063011169434e+00 -1.831062436103820801e+00 -1.952607929706573486e-01 -2.931996107101440430e+00 -2.965410709381103516e+00
1.613035202026367188e+00 -7.490385770797729492e-01 2.616223096847534180e+00 4.385448932647705078e+00 -1.073052167892456055e+00 -4.105872631072998047e+00 6.480402350425720215e-01 -1.203153491020202637e+00 2.402971267700195312e+00 9.930655956268310547e-01
4.230234622955322266e+00 1.325333356857299805e+00 1.073176145553588867e+00 1.037889480590820312e+00 2.509508848190307617e+00 -1.936578989028930664e+00 -1.307202935218811035e+00 -3.948873579502105713e-01 2.534643411636352539e+00 3.972452580928802490e-01
2.293711662292480469e+00 -1.369853734970092773e+00 2.019125938415527344e+00 4.900422394275665283e-01 1.481160163879394531e+00 -1.731436729431152344e+00 -2.699187517166137695e+00 2.053226232528686523e+00 2.920801639556884766e-01 3.299376070499420166e-01
2.379909515380859375e+00 -1.219374775886535645e+00 -5.336965918540954590e-01 2.671964883804321289e+00 -2.670823223888874054e-02 -1.226818203926086426e+00 -1.329291820526123047e+00 2.942307472229003906e+00 -6.938247084617614746e-01 5.410199761390686035e-01
1.079422950744628906e+00 -1.516852855682373047e+00 3.642560720443725586e+00 -2.016588926315307617e+00 8.656298518180847168e-01 -9.332504868507385254e-01 -2.098924636840820312e+00 1.404059827327728271e-01 3.095177173614501953e+00 1.554663896560668945e+00
-2.006945461034774780e-01 -2.476727485656738281e+00 3.157641887664794922e+00 9.637125730514526367e-01 1.294667005538940430e+00 2.391650527715682983e-01 -1.671827316284179688e+00 1.204855084419250488e+00 1.829594671726226807e-01 2.965789318084716797e+00
-1.163858056068420410e+00 -1.220651984214782715e+00 4.344884157180786133e-01 5.996300578117370605e-01 2.828545868396759033e-01 -4.236737728118896484e+00 -2.933154582977294922e+00 4.561825692653656006e-01 1.170839190483093262e+00 -1.896160840988159180e+00
9.337163567543029785e-01 8.575662970542907715e-01 4.325783729553222656e+00 -1.708866208791732788e-01 2.995590448379516602e+00 5.542861223220825195e-01 -6.258165240287780762e-01 -2.052813470363616943e-01 2.000618696212768555e+00 2.008033275604248047e+00
2.210499048233032227e+00 -2.055206775665283203e+00 -5.365866422653198242e-01 8.021321892738342285e-01 3.584081649780273438e+00 -8.569846153259277344e-01 -4.832252264022827148e-01 3.915273249149322510e-01 5.919890880584716797e+00 1.524852633476257324e+00
1.606464505195617676e+00 1.886379241943359375e+00 -1.452704310417175293e+00 1.056475543975830078e+01 -1.024744868278503418e+00 1.838381886482238770e+00 4.505156040191650391e+00 3.616115093231201172e+00 2.963168025016784668e-01 -2.574476718902587891e+00
1.459833741188049316e+00 2.336908340454101562e+00 -4.005429148674011230e-02 -4.750318229198455811e-01 1.168755441904067993e-01 -1.570486187934875488e+00 -4.300486564636230469e+00 2.252054929733276367e+00 2.508245944976806641e+00 -3.058836936950683594e+00
1.826605081558227539e+00 4.745239913463592529e-01 3.423392295837402344e+00 -4.283735454082489014e-01 2.201951980590820312e+00 -4.279799938201904297e+00 -5.182320475578308105e-01 1.659625887870788574e+00 4.958436012268066406e+00 7.622759938240051270e-01
2.052937746047973633e+00 -6.188338994979858398e-01 -1.121941804885864258e+00 4.316895008087158203e+00 -4.207625985145568848e-01 1.748280405998229980e+00 -2.709614515304565430e+00 3.409842491149902344e+00 -8.613507151603698730e-01 1.301550388336181641e+00
9.840458035469055176e-01 -2.162383049726486206e-01 1.750953674316406250e+00 -2.598040103912353516e+00 2.882469654083251953e+00 -1.419626116752624512e+00 -6.125381588935852051e-01 1.413400292396545410e+00 3.464362382888793945e+00 -2.952544987201690674e-01
2.235873937606811523e+00 -5.148663520812988281e-01 -4.864573478698730469e-01 1.904020309448242188e+00 7.855211496353149414e-01 -2.920932769775390625e-01 -1.625753879547119141e+00 -3.438541665673255920e-02 2.279099464416503906e+00 -3.253012657165527344e+00
-9.393762946128845215e-01 -2.514811456203460693e-01 2.326692819595336914e+00 1.556087732315063477e+00 -5.602697134017944336e-01 -3.364824771881103516e+00 -2.292195796966552734e+00 7.914549708366394043e-01 -7.867299318313598633e-01 -2.484912872314453125e+00
1.486136555671691895e+00 -1.663005203008651733e-01 1.862009882926940918e+00 2.766769230365753174e-01 1.859822869300842285e+00 1.086673378944396973e+00 -3.702489137649536133e-01 -1.366929650306701660e+00 2.927281856536865234e+00 2.487764835357666016e+00
1.624040603637695312e+00 -5.312837958335876465e-01 1.066129326820373535e+00 3.714777231216430664e-01 1.231201171875000000e+00 2.241395562887191772e-01 3.591133356094360352e-01 -1.713061571121215820e+00 3.162282466888427734e+00 2.357375383377075195e+00
2.507852077484130859e+00 -1.235604524612426758e+00 1.985711336135864258e+00 3.631386518478393555e+00 6.793296933174133301e-01 -5.064243078231811523e-01 2.222032070159912109e+00 -3.872254192829132080e-01 1.844636321067810059e+00 1.344243407249450684e+00
4.129962921142578125e+00 1.083174586296081543e+00 1.629922032356262207e+00 2.495022773742675781e+00 3.143645524978637695e+00 4.799365252256393433e-02 2.451826810836791992e+00 -1.510149955749511719e+00 -2.784249782562255859e-01 1.060175657272338867e+00
1.669860720634460449e+00 -1.459961414337158203e+00 1.821063160896301270e+00 2.162527084350585938e+00 6.962715983390808105e-01 1.396987676620483398e+00 -1.983562298119068146e-02 -7.428184896707534790e-02 4.625893592834472656e+00 1.633629798889160156e+00
