-6.313536167144775391e+00 6.877580165863037109e+00 1.989399671554565430e+00 3.463658094406127930e-01 7.794772624969482422e+00 4.079590797424316406e+00 -4.127722740173339844e+00 7.234374046325683594e+00 -8.161409378051757812e+00 6.397157669067382812e+00 -2.983185052871704102e+00 1.484524631500244141e+01 -4.725575447082519531e+00 1.072236347198486328e+01 2.331332206726074219e+00
-2.270030021667480469e+00 3.174418687820434570e+00 6.719079017639160156e+00 -1.075145840644836426e+00 8.986474037170410156e+00 -8.289391398429870605e-01 3.595757484436035156e+00 4.379404544830322266e+00 -6.718824386596679688e+00 3.739788532257080078e+00 -6.589630246162414551e-01 1.125621128082275391e+01 -2.985113620758056641e+00 4.807349443435668945e-01 4.064096927642822266e+00
-4.697686195373535156e+00 1.877897262573242188e+00 5.641502857208251953e+00 2.579970836639404297e+00 7.211286544799804688e+00 -5.243250727653503418e-01 -4.025572776794433594e+00 4.315228462219238281e+00 -8.711709022521972656e+00 6.254586696624755859e+00 3.886808753013610840e-01 1.131888866424560547e+01 -7.118096351623535156e+00 6.944206714630126953e+00 2.199009418487548828e+00
-6.283134460449218750e+00 4.156421661376953125e+00 3.491762399673461914e+00 4.920879364013671875e+00 8.941613197326660156e+00 -3.453113079071044922e+00 -4.299273967742919922e+00 3.809461116790771484e+00 -9.567705154418945312e+00 7.212740898132324219e+00 1.932630538940429688e+00 1.277293777465820312e+01 -8.420239448547363281e+00 7.656068325042724609e+00 3.543302774429321289e+00
-5.174610614776611328e+00 6.545696258544921875e+00 5.048032283782958984e+00 -8.209409117698669434e-01 1.245623779296875000e+01 -8.106066584587097168e-01 2.938907861709594727e+00 6.291356086730957031e+00 -6.970206260681152344e+00 5.999698638916015625e+00 -9.724060893058776855e-01 1.684748458862304688e+01 -5.690962314605712891e+00 2.924197673797607422e+00 4.063985824584960938e+00
-6.279141902923583984e+00 5.824083328247070312e+00 3.855331659317016602e+00 1.134278774261474609e+00 6.637033939361572266e+00 5.206158161163330078e+00 -4.911797523498535156e+00 7.546747207641601562e+00 -8.780786514282226562e+00 6.821150302886962891e+00 -4.257974624633789062e+00 1.361506557464599609e+01 -4.097646713256835938e+00 1.154857254028320312e+01 2.504574060440063477e+00
-4.530918121337890625e+00 2.606330156326293945e+00 4.336336135864257812e+00 -7.464371323585510254e-01 3.996380805969238281e+00 2.400954008102416992e+00 -2.147592782974243164e+00 1.136475563049316406e+00 -5.947551727294921875e+00 5.815113067626953125e+00 -6.145612597465515137e-01 1.808992004394531250e+01 -8.208070755004882812e+00 6.537398815155029297e+00 6.865042209625244141e+00
-5.264784336090087891e+00 3.149632453918457031e+00 4.576277732849121094e+00 2.645270824432373047e+00 7.549858093261718750e+00 -1.667356610298156738e+00 -5.842864513397216797e+00 5.084104537963867188e+00 -9.397089004516601562e+00 4.964797973632812500e+00 -2.986520528793334961e-02 1.363121795654296875e+01 -6.841433525085449219e+00 8.278774261474609375e+00 4.112579822540283203e+00
-6.925569534301757812e+00 3.138098001480102539e+00 1.173957347869873047e+00 4.812823772430419922e+00 5.306580066680908203e+00 3.892892122268676758e+00 -1.428509950637817383e+00 4.398563385009765625e+00 -6.266369819641113281e+00 7.841825962066650391e+00 -1.982233405113220215e+00 1.198592948913574219e+01 -1.122016811370849609e+01 1.116952705383300781e+01 2.219381570816040039e+00
-5.252439022064208984e+00 6.464708328247070312e+00 4.116050720214843750e+00 -9.167662262916564941e-01 1.070498657226562500e+01 -1.531979292631149292e-01 -2.765894651412963867e+00 5.886925220489501953e+00 -1.035802173614501953e+01 6.147159099578857422e+00 -3.066998243331909180e+00 1.976356887817382812e+01 -7.417197227478027344e+00 5.643949031829833984e+00 6.488879680633544922e+00
-5.108140468597412109e+00 3.469969272613525391e+00 3.548156023025512695e+00 -3.950451016426086426e-01 4.499048709869384766e+00 1.692943215370178223e+00 -2.480206251144409180e+00 1.611964821815490723e+00 -5.993650436401367188e+00 6.557585239410400391e+00 -2.156521677970886230e-01 1.935087585449218750e+01 -9.344155311584472656e+00 7.376712322235107422e+00 7.619955062866210938e+00
-3.879684686660766602e+00 4.512956619262695312e+00 2.632830858230590820e+00 3.020843029022216797e+00 7.701196670532226562e+00 -2.368077516555786133e+00 -7.245291709899902344e+00 4.376892089843750000e+00 -9.450535774230957031e+00 4.378392696380615234e+00 -4.000329375267028809e-01 1.581403350830078125e+01 -7.332987785339355469e+00 8.571231842041015625e+00 4.078102588653564453e+00
-7.260917663574218750e+00 1.005988359451293945e+00 4.344765663146972656e+00 -1.851262897253036499e-01 3.373104095458984375e+00 1.597164154052734375e+00 8.929697275161743164e-01 1.506549715995788574e+00 -3.822246074676513672e+00 6.842110157012939453e+00 8.605676889419555664e-01 1.641761779785156250e+01 -8.967331886291503906e+00 5.149316310882568359e+00 5.562687397003173828e+00
-3.723663568496704102e+00 2.174446344375610352e+00 4.617969989776611328e+00 2.846403598785400391e+00 7.322959899902343750e+00 -1.321921944618225098e+00 -2.109232664108276367e+00 3.906067371368408203e+00 -7.520231246948242188e+00 6.222754955291748047e+00 2.957144737243652344e+00 8.188397407531738281e+00 -7.371352195739746094e+00 5.005040645599365234e+00 9.623333215713500977e-01
-6.509061336517333984e+00 7.983016014099121094e+00 5.078613162040710449e-01 2.642420291900634766e+00 1.006900787353515625e+01 -3.635322153568267822e-01 -5.932038784027099609e+00 5.832716941833496094e+00 -1.263533210754394531e+01 5.647724151611328125e+00 -4.221234798431396484e+00 2.492224121093750000e+01 -6.881734848022460938e+00 7.440817832946777344e+00 8.947001457214355469e+00
-7.692924976348876953e+00 6.989993095397949219e+00 1.658076524734497070e+00 3.242563605308532715e-01 7.362066268920898438e+00 4.991059303283691406e+00 -5.216652870178222656e+00 6.738354206085205078e+00 -9.048242568969726562e+00 7.135649681091308594e+00 -4.271743297576904297e+00 1.539427947998046875e+01 -4.707225799560546875e+00 1.098927974700927734e+01 2.393936157226562500e+00
-5.689879417419433594e+00 8.708828926086425781e+00 4.468649864196777344e+00 2.189863204956054688e+00 7.259893417358398438e+00 5.921535015106201172e+00 -3.166980981826782227e+00 5.962880134582519531e+00 -7.320559501647949219e+00 9.916188240051269531e+00 -2.886373281478881836e+00 1.445999813079833984e+01 -2.606275081634521484e+00 1.067188358306884766e+01 1.833701133728027344e+00
-5.115441799163818359e+00 5.194199085235595703e+00 4.244065761566162109e+00 -9.448984265327453613e-01 6.606265544891357422e+00 5.197820186614990234e+00 -2.516788244247436523e+00 6.723456382751464844e+00 -6.408014774322509766e+00 6.763022899627685547e+00 -2.755902767181396484e+00 1.042817974090576172e+01 -3.293401718139648438e+00 8.961139678955078125e+00 7.041105031967163086e-01
-7.618355274200439453e+00 3.751649141311645508e+00 5.083531379699707031e+00 3.202294707298278809e-01 4.955378532409667969e+00 1.068847298622131348e+00 -1.021492362022399902e+00 6.313635706901550293e-01 -5.643851280212402344e+00 8.372002601623535156e+00 1.134728789329528809e-01 2.017599868774414062e+01 -1.073721694946289062e+01 6.311763286590576172e+00 7.477112293243408203e+00
-6.686774730682373047e+00 7.573326587677001953e+00 4.002235412597656250e+00 2.754122257232666016e+00 6.802267074584960938e+00 5.167291164398193359e+00 -3.225380182266235352e+00 6.256224155426025391e+00 -7.791618824005126953e+00 8.423794746398925781e+00 -3.276314496994018555e+00 1.331160449981689453e+01 -3.693658351898193359e+00 1.065011215209960938e+01 1.624177932739257812e+00
-8.060642242431640625e+00 7.883424758911132812e+00 3.867483377456665039e+00 1.087222456932067871e+00 8.281414031982421875e+00 5.391160011291503906e+00 -2.702115297317504883e+00 6.851777553558349609e+00 -7.387959480285644531e+00 9.751828193664550781e+00 -2.435709476470947266e+00 1.454337406158447266e+01 -4.904948234558105469e+00 1.058847332000732422e+01 1.652683138847351074e+00
-7.464259147644042969e+00 6.550844192504882812e+00 2.872451066970825195e+00 1.609458088874816895e+00 6.931153774261474609e+00 4.415066719055175781e+00 -1.171114683151245117e+00 6.674582958221435547e+00 -4.622969627380371094e+00 7.432990074157714844e+00 -2.127227067947387695e+00 1.124161148071289062e+01 -3.972938299179077148e+00 9.115060806274414062e+00 -6.145426034927368164e-01
-3.533747434616088867e+00 6.982291340827941895e-01 6.388816833496093750e+00 2.045483589172363281e+00 6.232216835021972656e+00 3.193716704845428467e-01 -4.107388973236083984e+00 5.646573066711425781e+00 -7.750919342041015625e+00 5.544680595397949219e+00 4.031385183334350586e-01 9.497478485107421875e+00 -6.582152366638183594e+00 6.447905063629150391e+00 2.560965061187744141e+00
-4.332251071929931641e+00 3.520446538925170898e+00 3.076965570449829102e+00 3.045466423034667969e+00 8.081426620483398438e+00 -2.137508153915405273e+00 -6.004994869232177734e+00 4.921039581298828125e+00 -9.449854850769042969e+00 4.349417686462402344e+00 -1.285837292671203613e-01 1.407036876678466797e+01 -6.922469139099121094e+00 8.647407531738281250e+00 4.087259769439697266e+00
-5.677044391632080078e+00 7.533799648284912109e+00 2.761560678482055664e+00 1.182666182518005371e+00 7.257077693939208984e+00 5.055030822753906250e+00 -4.096977233886718750e+00 6.554756164550781250e+00 -7.145031452178955078e+00 7.183108329772949219e+00 -3.426123619079589844e+00 1.449670314788818359e+01 -3.748939514160156250e+00 1.103737354278564453e+01 1.326938629150390625e+00
-3.413606405258178711e+00 1.230903148651123047e+00 4.425207614898681641e+00 2.477103233337402344e+00 7.116622924804687500e+00 -1.051929235458374023e+00 -2.812732934951782227e+00 4.103912353515625000e+00 -7.783827781677246094e+00 4.989586830139160156e+00 1.266857862472534180e+00 9.090988159179687500e+00 -7.383006572723388672e+00 6.604060649871826172e+00 2.195665121078491211e+00
-5.243913650512695312e+00 3.513927221298217773e+00 1.928805589675903320e+00 2.233252286911010742e+00 5.299864768981933594e+00 3.964057445526123047e+00 -5.156107902526855469e+00 4.698764801025390625e+00 -8.234124183654785156e+00 5.721285820007324219e+00 -4.069655895233154297e+00 1.589547157287597656e+01 -9.867965698242187500e+00 1.254459095001220703e+01 4.634400844573974609e+00
-6.378583908081054688e+00 4.609454631805419922e+00 3.838469743728637695e+00 3.717766761779785156e+00 8.206948280334472656e+00 -2.215239286422729492e+00 -8.569980621337890625e+00 4.668305873870849609e+00 -1.182708263397216797e+01 6.247792720794677734e+00 -1.525771617889404297e+00 1.923532676696777344e+01 -6.910257339477539062e+00 1.045299720764160156e+01 6.123039722442626953e+00
-2.918001890182495117e+00 -4.116884469985961914e-01 5.150973320007324219e+00 1.317607879638671875e+00 7.329938411712646484e+00 -6.017631888389587402e-01 -3.547999620437622070e+00 4.064832210540771484e+00 -7.262588500976562500e+00 5.792844772338867188e+00 4.040968716144561768e-01 8.913638114929199219e+00 -5.313899993896484375e+00 6.672587871551513672e+00 2.680237293243408203e+00
-4.014959812164306641e+00 1.165893554687500000e+00 4.380467891693115234e+00 3.043277502059936523e+00 6.252551555633544922e+00 -1.482390046119689941e+00 -4.848970413208007812e+00 4.258015632629394531e+00 -8.600137710571289062e+00 4.262523651123046875e+00 -4.668594598770141602e-01 1.234824085235595703e+01 -6.592578887939453125e+00 7.541044712066650391e+00 2.837939977645874023e+00
-3.625822305679321289e+00 4.097557067871093750e+00 5.524444103240966797e+00 3.566636323928833008e+00 7.300677299499511719e+00 -5.003363490104675293e-01 -6.761718750000000000e+00 4.237057685852050781e+00 -1.069909191131591797e+01 6.756906509399414062e+00 -1.069569587707519531e+00 1.533529567718505859e+01 -7.078020095825195312e+00 8.935922622680664062e+00 5.028668403625488281e+00
-7.323113441467285156e+00 4.106744766235351562e+00 2.755563020706176758e+00 4.507626533508300781e+00 9.584353446960449219e+00 -2.663494825363159180e+00 -6.298590183258056641e+00 4.804656982421875000e+00 -1.178693675994873047e+01 6.432803153991699219e+00 1.082998514175415039e+00 1.616757583618164062e+01 -8.784309387207031250e+00 9.368872642517089844e+00 4.868993282318115234e+00
-7.049094676971435547e+00 7.307518959045410156e+00 4.164672851562500000e+00 1.433042645454406738e+00 6.572092533111572266e+00 4.638711929321289062e+00 -3.343542337417602539e+00 6.276062488555908203e+00 -6.770607471466064453e+00 8.351788520812988281e+00 -3.105299711227416992e+00 1.332112693786621094e+01 -3.715776443481445312e+00 9.767822265625000000e+00 7.271599173545837402e-01
-9.012254714965820312e+00 3.297918081283569336e+00 3.072099924087524414e+00 1.367022752761840820e+00 4.289023399353027344e+00 5.786572098731994629e-01 -4.172389209270477295e-01 7.689993083477020264e-02 -5.079545021057128906e+00 8.357253074645996094e+00 1.195426583290100098e+00 1.952912139892578125e+01 -1.033529758453369141e+01 5.557516574859619141e+00 6.696137905120849609e+00
-4.966575145721435547e+00 9.652930498123168945e-01 5.168198585510253906e+00 1.986202955245971680e+00 6.704768180847167969e+00 -8.463301062583923340e-01 -4.364206790924072266e+00 4.463612079620361328e+00 -8.551575660705566406e+00 4.979381561279296875e+00 -2.221521735191345215e-01 1.123100566864013672e+01 -6.170811653137207031e+00 6.803572177886962891e+00 2.531530141830444336e+00
-8.156410217285156250e+00 3.174973726272583008e+00 2.440670728683471680e+00 2.483414649963378906e+00 4.057411193847656250e+00 8.709631562232971191e-01 1.368934869766235352e+00 -1.311099886894226074e+00 -3.994046211242675781e+00 8.964297294616699219e+00 2.431484699249267578e+00 1.984815597534179688e+01 -1.042662525177001953e+01 4.955578804016113281e+00 6.678276538848876953e+00
-5.950055122375488281e+00 2.857935667037963867e+00 4.522721767425537109e+00 3.310262203216552734e+00 7.725751876831054688e+00 -1.735342144966125488e+00 -6.110758781433105469e+00 4.031603336334228516e+00 -1.049125003814697266e+01 5.766700744628906250e+00 -2.091750502586364746e-01 1.486564064025878906e+01 -6.422139644622802734e+00 8.512412071228027344e+00 4.307412624359130859e+00
-3.408748865127563477e+00 2.223807811737060547e+00 5.340548992156982422e+00 2.021141290664672852e+00 6.244089126586914062e+00 -7.743785977363586426e-01 -3.606055736541748047e+00 4.194115638732910156e+00 -7.416282653808593750e+00 4.326000213623046875e+00 1.053199529647827148e+00 1.149541950225830078e+01 -6.079563140869140625e+00 6.519867420196533203e+00 2.361676931381225586e+00
-8.871642112731933594e+00 5.550539970397949219e+00 1.255119562149047852e+00 6.802896857261657715e-01 5.785465240478515625e+00 -1.219045296311378479e-01 -4.534448623657226562e+00 1.053885579109191895e+00 -7.881995677947998047e+00 6.568314552307128906e+00 -9.856176972389221191e-01 2.493919754028320312e+01 -1.038250255584716797e+01 8.999671936035156250e+00 9.230017662048339844e+00
-6.006686687469482422e+00 6.390408039093017578e+00 1.165405511856079102e+00 9.512321472167968750e+00 1.020011520385742188e+01 -4.222432613372802734e+00 -3.935286998748779297e+00 3.793877124786376953e+00 -9.799397468566894531e+00 8.119015693664550781e+00 4.272944927215576172e+00 1.611692619323730469e+01 -8.799368858337402344e+00 8.063459396362304688e+00 2.540212869644165039e+00
-9.338211059570312500e+00 6.904803276062011719e+00 -6.460350155830383301e-01 5.328858852386474609e+00 8.200050354003906250e+00 3.595896482467651367e+00 -6.681086063385009766e+00 5.106050014495849609e+00 -1.112544918060302734e+01 8.911148071289062500e+00 -3.588543176651000977e+00 2.151869583129882812e+01 -1.342234516143798828e+01 1.603654098510742188e+01 6.708037376403808594e+00
-6.364612102508544922e+00 7.873743534088134766e+00 2.044988870620727539e+00 1.610695600509643555e+00 7.369482994079589844e+00 4.911896228790283203e+00 -3.828981399536132812e+00 6.195967674255371094e+00 -7.326802253723144531e+00 8.022020339965820312e+00 -2.919527530670166016e+00 1.471083164215087891e+01 -3.807430744171142578e+00 1.027042579650878906e+01 1.471284389495849609e+00
-6.982879638671875000e+00 9.496992111206054688e+00 1.136022806167602539e+00 1.820031166076660156e+00 8.612059593200683594e+00 5.611076831817626953e+00 -4.909709453582763672e+00 6.086786746978759766e+00 -9.044928550720214844e+00 8.528588294982910156e+00 -2.883179426193237305e+00 1.720301055908203125e+01 -4.753504753112792969e+00 1.245534324645996094e+01 3.636814832687377930e+00
-1.987905621528625488e+00 2.008964538574218750e+00 5.070802688598632812e+00 4.136019229888916016e+00 6.411741733551025391e+00 -9.833080172538757324e-01 -3.182659626007080078e+00 3.912455320358276367e+00 -7.129736423492431641e+00 6.112485885620117188e+00 3.902775347232818604e-01 9.346616744995117188e+00 -5.534431457519531250e+00 6.770526885986328125e+00 2.562467813491821289e+00
-7.987481594085693359e+00 8.969015121459960938e+00 2.022467851638793945e+00 1.848214626312255859e+00 8.091583251953125000e+00 3.435567378997802734e+00 -4.671284675598144531e+00 7.145678043365478516e+00 -7.766221046447753906e+00 7.683266162872314453e+00 -2.541237354278564453e+00 1.588244438171386719e+01 -4.103534698486328125e+00 1.077689933776855469e+01 1.632355690002441406e+00
-3.253190517425537109e+00 5.498018860816955566e-01 3.847472190856933594e+00 3.344591617584228516e+00 8.069141387939453125e+00 -1.806241750717163086e+00 -2.589681386947631836e+00 4.392832756042480469e+00 -5.346978187561035156e+00 4.259566783905029297e+00 2.163327932357788086e+00 9.559262275695800781e+00 -5.981029510498046875e+00 7.017037868499755859e+00 3.141680002212524414e+00
-6.856901168823242188e+00 3.648788928985595703e+00 -1.923259019851684570e+00 5.638976097106933594e+00 6.211468696594238281e+00 3.255764245986938477e+00 -2.218045949935913086e+00 4.401118278503417969e+00 -6.700263023376464844e+00 6.536599159240722656e+00 -1.551652550697326660e+00 1.430861377716064453e+01 -1.206698513031005859e+01 1.253155326843261719e+01 2.864501714706420898e+00
-1.220141983032226562e+01 1.219441986083984375e+01 1.109011888504028320e+00 3.974442005157470703e+00 1.069477081298828125e+01 3.184692144393920898e+00 -9.251960754394531250e+00 7.936959743499755859e+00 -1.296698665618896484e+01 9.508879661560058594e+00 -5.088442802429199219e+00 2.498700332641601562e+01 -6.857060432434082031e+00 1.521694755554199219e+01 5.240006923675537109e+00
-6.232164859771728516e+00 4.954009532928466797e+00 3.160722017288208008e+00 -1.369796752929687500e+00 1.148581314086914062e+01 1.253765374422073364e-01 -1.590877890586853027e+00 6.787491321563720703e+00 -1.005085086822509766e+01 5.388529777526855469e+00 -2.245198011398315430e+00 1.866553497314453125e+01 -6.840924263000488281e+00 5.912415504455566406e+00 5.762024879455566406e+00
-7.785929203033447266e+00 8.232575416564941406e+00 1.820045709609985352e+00 2.507967472076416016e+00 7.731659889221191406e+00 3.566808938980102539e+00 -5.606877326965332031e+00 7.397209167480468750e+00 -8.771546363830566406e+00 7.305787563323974609e+00 -3.422728538513183594e+00 1.690622520446777344e+01 -4.242084503173828125e+00 1.192503738403320312e+01 3.133196353912353516e+00
-6.347491741180419922e+00 4.217459678649902344e+00 4.375756263732910156e+00 3.551058292388916016e+00 8.647779464721679688e+00 -1.834979414939880371e+00 -6.764160156250000000e+00 5.078445911407470703e+00 -1.143856716156005859e+01 5.887195587158203125e+00 -5.348768830299377441e-01 1.641455841064453125e+01 -7.521392345428466797e+00 9.802251815795898438e+00 5.552677631378173828e+00
-9.353799819946289062e+00 3.340484380722045898e+00 2.988909959793090820e+00 2.465852946043014526e-01 5.376652717590332031e+00 -5.714177489280700684e-01 -4.796490371227264404e-01 1.108260989189147949e+00 -4.788781166076660156e+00 7.872720241546630859e+00 1.257030725479125977e+00 1.901162338256835938e+01 -1.209384536743164062e+01 5.726437091827392578e+00 6.619526863098144531e+00
-6.296077728271484375e+00 2.806257247924804688e+00 4.168161392211914062e+00 2.495079278945922852e+00 8.165022850036621094e+00 -1.382433056831359863e+00 -5.648517131805419922e+00 4.545060634613037109e+00 -1.034334850311279297e+01 6.666079044342041016e+00 2.366779446601867676e-01 1.465464019775390625e+01 -7.235669136047363281e+00 8.376373291015625000e+00 4.435972690582275391e+00
-1.172986507415771484e+01 9.931505203247070312e+00 4.393589198589324951e-01 2.946964979171752930e+00 1.013713359832763672e+01 2.902107238769531250e+00 -6.115870952606201172e+00 7.939507961273193359e+00 -1.042622089385986328e+01 8.674915313720703125e+00 -2.854480028152465820e+00 2.100655746459960938e+01 -5.425045967102050781e+00 1.266515159606933594e+01 3.379666090011596680e+00
-4.596692562103271484e+00 3.685125112533569336e+00 4.080976009368896484e+00 3.230316162109375000e+00 7.490059375762939453e+00 -2.029841423034667969e+00 -5.696102619171142578e+00 5.345760345458984375e+00 -8.704148292541503906e+00 5.308130741119384766e+00 4.320166707038879395e-01 1.324704456329345703e+01 -7.130532264709472656e+00 8.001828193664550781e+00 3.751684427261352539e+00
-5.611381053924560547e+00 1.393481016159057617e+00 4.466644287109375000e+00 1.980888724327087402e+00 7.189526081085205078e+00 -2.053914785385131836e+00 -4.135138511657714844e+00 5.304088592529296875e+00 -8.505309104919433594e+00 4.118869304656982422e+00 2.754355669021606445e-01 1.020180892944335938e+01 -6.889456748962402344e+00 6.310238361358642578e+00 2.042028903961181641e+00
-9.342570304870605469e+00 5.379581451416015625e+00 -1.120255231857299805e+00 2.151267766952514648e+00 7.639896392822265625e+00 3.010117769241333008e+00 -7.483258724212646484e+00 4.361800670623779297e+00 -1.114158725738525391e+01 6.726599693298339844e+00 -3.679739236831665039e+00 2.117621040344238281e+01 -1.168116378784179688e+01 1.391207504272460938e+01 5.464733600616455078e+00
-1.232430934906005859e+01 5.916243553161621094e+00 8.017522692680358887e-01 5.084542274475097656e+00 5.305191993713378906e+00 -1.619458317756652832e+00 -1.633252382278442383e+00 1.227838248014450073e-01 -5.925623893737792969e+00 8.520757675170898438e+00 1.029018998146057129e+00 2.496632766723632812e+01 -1.243371391296386719e+01 7.238637924194335938e+00 8.665416717529296875e+00
-3.504286766052246094e+00 2.132960081100463867e+00 4.021442413330078125e+00 1.447660207748413086e+00 7.083137989044189453e+00 -1.559348225593566895e+00 -4.862244606018066406e+00 5.671749114990234375e+00 -7.920429229736328125e+00 4.033531665802001953e+00 2.365068793296813965e-01 1.142844486236572266e+01 -7.256220817565917969e+00 7.198153018951416016e+00 3.083394289016723633e+00
-3.854166746139526367e+00 3.093950986862182617e+00 5.589690685272216797e+00 8.966318368911743164e-01 8.028876304626464844e+00 -4.079338610172271729e-01 -5.204186439514160156e+00 4.203269481658935547e+00 -9.219946861267089844e+00 6.354963779449462891e+00 -2.845365405082702637e-01 1.225318813323974609e+01 -7.209312438964843750e+00 6.973271846771240234e+00 2.028671979904174805e+00
-8.306963920593261719e+00 1.242827653884887695e+00 6.268940925598144531e+00 -8.206716775894165039e-01 3.809274196624755859e+00 1.909990191459655762e+00 -1.740026950836181641e+00 2.252527475357055664e+00 -6.063458919525146484e+00 7.264071464538574219e+00 -5.329965353012084961e-01 1.901668739318847656e+01 -9.053251266479492188e+00 6.809149265289306641e+00 6.655824661254882812e+00
-5.164407253265380859e+00 4.304991722106933594e+00 3.545574426651000977e+00 2.560594320297241211e+00 8.498860359191894531e+00 -1.504104733467102051e+00 -7.161108970642089844e+00 4.561355590820312500e+00 -1.085987281799316406e+01 5.865176200866699219e+00 -1.240962743759155273e-02 1.596774768829345703e+01 -7.361956596374511719e+00 9.464520454406738281e+00 5.403378963470458984e+00
-6.361699581146240234e+00 3.939131021499633789e+00 5.813047289848327637e-01 4.112198829650878906e+00 5.554135799407958984e+00 2.599885225296020508e+00 -5.750149250030517578e+00 4.958967208862304688e+00 -8.340111732482910156e+00 5.083316802978515625e+00 -3.818359375000000000e+00 1.678963470458984375e+01 -1.170097732543945312e+01 1.367568683624267578e+01 5.409134387969970703e+00
-4.759460926055908203e+00 3.651551008224487305e+00 9.281532168388366699e-01 1.979097247123718262e+00 6.840352535247802734e+00 4.205189704895019531e+00 -3.234839439392089844e+00 4.932274818420410156e+00 -7.508616447448730469e+00 6.256669521331787109e+00 -2.526793003082275391e+00 1.392404842376708984e+01 -1.061633872985839844e+01 1.222894477844238281e+01 3.589123249053955078e+00
-5.989694595336914062e+00 7.588782787322998047e+00 3.801610708236694336e+00 2.031180143356323242e+00 7.002593040466308594e+00 5.120926380157470703e+00 -4.736748695373535156e+00 6.920475959777832031e+00 -8.012354850769042969e+00 7.986577510833740234e+00 -4.388593196868896484e+00 1.431997776031494141e+01 -3.922035694122314453e+00 1.182051658630371094e+01 2.141949415206909180e+00
-8.537372589111328125e+00 7.147466659545898438e+00 3.521863698959350586e+00 1.149673342704772949e+00 7.542038440704345703e+00 3.485099792480468750e+00 -4.225317955017089844e+00 7.100855350494384766e+00 -7.923441886901855469e+00 7.421201705932617188e+00 -2.790857076644897461e+00 1.548554134368896484e+01 -4.795268058776855469e+00 1.082373237609863281e+01 1.661158442497253418e+00
-6.718264102935791016e+00 1.966284394264221191e+00 5.403728008270263672e+00 -4.131677746772766113e-01 4.227217197418212891e+00 2.096161127090454102e+00 6.608685851097106934e-01 8.319364190101623535e-01 -4.467895507812500000e+00 7.704741954803466797e+00 4.338139891624450684e-01 1.728374099731445312e+01 -9.656620025634765625e+00 5.741398334503173828e+00 5.760827541351318359e+00
-6.104414463043212891e+00 4.165995597839355469e+00 1.818015336990356445e+00 2.864976406097412109e+00 9.047777175903320312e+00 -2.343967199325561523e+00 -8.216359138488769531e+00 5.290491104125976562e+00 -1.198895740509033203e+01 4.419310569763183594e+00 -9.090281128883361816e-01 1.792866134643554688e+01 -8.131676673889160156e+00 1.032242965698242188e+01 5.325594902038574219e+00
-7.075462341308593750e+00 6.871034622192382812e+00 8.868944048881530762e-01 2.227466583251953125e+00 1.104107093811035156e+01 -2.224046438932418823e-01 -3.282460212707519531e+00 6.223331451416015625e+00 -1.180668926239013672e+01 6.178768157958984375e+00 -3.163485765457153320e+00 2.286220359802246094e+01 -6.825156211853027344e+00 7.051702976226806641e+00 8.013729095458984375e+00
-9.299365997314453125e+00 9.820108413696289062e+00 2.053397417068481445e+00 2.350054025650024414e+00 8.968015670776367188e+00 4.644378185272216797e+00 -7.074968338012695312e+00 7.031155109405517578e+00 -1.089925956726074219e+01 8.942876815795898438e+00 -4.068833827972412109e+00 1.986166763305664062e+01 -6.293856620788574219e+00 1.353569984436035156e+01 4.347618579864501953e+00
-6.377391815185546875e+00 5.003111362457275391e+00 -8.294475674629211426e-01 4.206961631774902344e+00 6.299339294433593750e+00 2.876139402389526367e+00 -4.903245925903320312e+00 4.024303913116455078e+00 -7.905394554138183594e+00 6.535363197326660156e+00 -3.368199586868286133e+00 1.643373489379882812e+01 -1.191469287872314453e+01 1.256021690368652344e+01 4.100709438323974609e+00
-7.906413078308105469e+00 4.946401119232177734e+00 -1.910813093185424805e+00 3.764908790588378906e+00 6.114762306213378906e+00 2.858402013778686523e+00 -6.502834796905517578e+00 5.322872161865234375e+00 -9.278870582580566406e+00 5.568450927734375000e+00 -3.675824642181396484e+00 1.822699737548828125e+01 -1.214781761169433594e+01 1.357835483551025391e+01 5.545573711395263672e+00
-6.863448619842529297e+00 5.932487487792968750e+00 -1.124719381332397461e+00 2.609608650207519531e+00 7.392979621887207031e+00 3.873560190200805664e+00 -7.696259498596191406e+00 6.003165245056152344e+00 -1.105433845520019531e+01 5.517335891723632812e+00 -3.362481355667114258e+00 1.984699630737304688e+01 -1.184508228302001953e+01 1.470147705078125000e+01 6.473230838775634766e+00
-8.416164398193359375e+00 3.447712898254394531e+00 4.053808689117431641e+00 1.597515225410461426e+00 4.592495918273925781e+00 1.190927848219871521e-01 -1.822431564331054688e+00 1.454294323921203613e+00 -6.232820510864257812e+00 7.242460727691650391e+00 -1.180192828178405762e-01 2.134241485595703125e+01 -1.082878017425537109e+01 7.503067493438720703e+00 7.959100246429443359e+00
-7.172975063323974609e+00 5.764162540435791016e+00 2.907227754592895508e+00 8.085665106773376465e-01 1.127943801879882812e+01 -5.527493357658386230e-01 -2.854670047760009766e+00 7.152014255523681641e+00 -1.140233135223388672e+01 5.677083015441894531e+00 -3.513440847396850586e+00 2.122322273254394531e+01 -7.497066974639892578e+00 6.954863071441650391e+00 7.344699382781982422e+00
-9.414161682128906250e+00 4.114933013916015625e+00 -9.992484003305435181e-02 4.674494743347167969e+00 6.731903076171875000e+00 2.513403415679931641e+00 -4.916484832763671875e+00 5.841235160827636719e+00 -8.880548477172851562e+00 6.401285171508789062e+00 -2.869556903839111328e+00 1.796901321411132812e+01 -1.254093360900878906e+01 1.360632514953613281e+01 4.453970432281494141e+00
-5.370225906372070312e+00 3.404030084609985352e+00 6.388242244720458984e+00 -2.394711494445800781e+00 1.009342384338378906e+01 -1.026960983872413635e-01 -7.514047622680664062e-01 7.246453285217285156e+00 -8.402203559875488281e+00 4.769442558288574219e+00 -3.456724405288696289e+00 1.525942134857177734e+01 -6.292448043823242188e+00 4.536332130432128906e+00 5.527568340301513672e+00
-6.148740291595458984e+00 3.591194391250610352e+00 6.063989639282226562e+00 2.148925304412841797e+00 7.749626159667968750e+00 -1.625788331031799316e+00 -6.322737693786621094e+00 5.169775962829589844e+00 -1.000808429718017578e+01 6.509700775146484375e+00 -3.877258896827697754e-01 1.457454109191894531e+01 -7.284821987152099609e+00 8.439172744750976562e+00 4.310779571533203125e+00
-7.051502227783203125e+00 3.584618330001831055e+00 2.148897349834442139e-01 2.813811779022216797e+00 6.007061958312988281e+00 3.139546632766723633e+00 -4.023675918579101562e+00 4.903948307037353516e+00 -7.318491458892822266e+00 5.965096473693847656e+00 -2.529114484786987305e+00 1.535646247863769531e+01 -1.073012161254882812e+01 1.220927333831787109e+01 3.349638700485229492e+00
-7.580014705657958984e+00 1.764963388442993164e+00 4.618185997009277344e+00 -8.945744633674621582e-01 3.988602161407470703e+00 1.923725485801696777e+00 -1.664136648178100586e+00 2.092327117919921875e+00 -5.387439727783203125e+00 7.148928165435791016e+00 -3.190309405326843262e-01 1.841723060607910156e+01 -9.101715087890625000e+00 6.511367797851562500e+00 6.630153179168701172e+00
-3.163381338119506836e+00 8.007845878601074219e-01 4.058372020721435547e+00 3.944353580474853516e+00 6.108828544616699219e+00 -1.212618708610534668e+00 -3.952767133712768555e+00 4.324820518493652344e+00 -8.661129951477050781e+00 4.323199272155761719e+00 1.051760673522949219e+00 1.040019035339355469e+01 -6.681442260742187500e+00 7.273967742919921875e+00 2.873335599899291992e+00
-5.622376918792724609e+00 9.940005302429199219e+00 2.786261320114135742e+00 1.376715064048767090e+00 7.473771095275878906e+00 4.948023796081542969e+00 3.062900602817535400e-01 3.227179765701293945e+00 -5.375482082366943359e+00 8.294810295104980469e+00 -9.179137349128723145e-01 9.610342979431152344e+00 -2.787429094314575195e+00 8.086293220520019531e+00 -2.629126548767089844e+00
-1.000621223449707031e+01 1.028806304931640625e+01 8.627588152885437012e-01 3.471232175827026367e+00 9.883275985717773438e+00 3.815451860427856445e+00 -7.018885135650634766e+00 7.813739776611328125e+00 -1.117269802093505859e+01 7.762135505676269531e+00 -3.817099332809448242e+00 2.081176757812500000e+01 -5.258708000183105469e+00 1.404442787170410156e+01 4.391525745391845703e+00
-9.239305496215820312e+00 1.009786128997802734e+01 2.843542337417602539e+00 2.475329399108886719e+00 8.714162826538085938e+00 4.672583580017089844e+00 -9.142995834350585938e+00 7.599697113037109375e+00 -1.255980396270751953e+01 8.506834983825683594e+00 -5.958170413970947266e+00 2.223263931274414062e+01 -5.278947830200195312e+00 1.468442916870117188e+01 5.467549800872802734e+00
-4.222981929779052734e+00 4.028376579284667969e+00 3.147912263870239258e+00 3.345058202743530273e+00 8.525493621826171875e+00 -1.772609353065490723e+00 -5.919183254241943359e+00 4.842988967895507812e+00 -1.029954051971435547e+01 5.525374412536621094e+00 6.208328604698181152e-01 1.414358615875244141e+01 -7.118604660034179688e+00 8.478294372558593750e+00 4.139901638031005859e+00
-1.072436904907226562e+01 8.840317726135253906e+00 3.271250009536743164e+00 2.567980766296386719e+00 7.677620887756347656e+00 3.545948028564453125e+00 -3.412513494491577148e+00 6.584953308105468750e+00 -7.681240558624267578e+00 1.027961349487304688e+01 -2.678429841995239258e+00 1.570157146453857422e+01 -6.167215824127197266e+00 9.583127021789550781e+00 -7.645530253648757935e-02
-5.823812961578369141e+00 4.536920547485351562e+00 3.620925664901733398e+00 3.469020366668701172e+00 9.336552619934082031e+00 -1.371896147727966309e+00 -5.960294723510742188e+00 5.297426223754882812e+00 -1.094969844818115234e+01 7.087153434753417969e+00 1.716789126396179199e+00 1.625146484375000000e+01 -7.629077911376953125e+00 9.903872489929199219e+00 5.597978115081787109e+00
-5.922289371490478516e+00 3.504379510879516602e+00 3.664072275161743164e+00 4.108288288116455078e+00 8.232469558715820312e+00 -2.277605533599853516e+00 -4.902702808380126953e+00 4.655968189239501953e+00 -9.672944068908691406e+00 6.630715370178222656e+00 7.785812020301818848e-01 1.423712825775146484e+01 -6.560840606689453125e+00 8.475696563720703125e+00 4.141852855682373047e+00
-8.480320930480957031e+00 5.286308288574218750e+00 -1.415526151657104492e+00 4.396425724029541016e+00 6.624133110046386719e+00 2.591797113418579102e+00 -8.559317588806152344e+00 5.830012798309326172e+00 -1.169053745269775391e+01 5.494776725769042969e+00 -4.211690425872802734e+00 2.086038398742675781e+01 -1.182189178466796875e+01 1.565337562561035156e+01 7.845672130584716797e+00
-2.600681543350219727e+00 2.919710397720336914e+00 5.265650749206542969e+00 9.908981919288635254e-01 7.435651302337646484e+00 -3.852757513523101807e-01 -4.367190361022949219e+00 4.404971122741699219e+00 -7.908182621002197266e+00 5.295262813568115234e+00 1.753545999526977539e-01 9.967798233032226562e+00 -6.165965557098388672e+00 6.711874485015869141e+00 2.311508178710937500e+00
-8.906368255615234375e+00 4.290893077850341797e+00 2.389853715896606445e+00 1.253663659095764160e+00 4.420020103454589844e+00 2.348206788301467896e-01 -7.665691375732421875e+00 2.621880292892456055e+00 -1.076759624481201172e+01 5.148638725280761719e+00 -3.279469013214111328e+00 2.647016334533691406e+01 -9.284965515136718750e+00 1.086156177520751953e+01 1.175782680511474609e+01
-5.492352485656738281e+00 6.813101291656494141e+00 1.399199724197387695e+00 4.857725143432617188e+00 1.017471694946289062e+01 -3.111238241195678711e+00 -5.333655834197998047e+00 4.896728515625000000e+00 -9.981078147888183594e+00 7.342092037200927734e+00 3.492114543914794922e+00 1.568276119232177734e+01 -8.046758651733398438e+00 8.939119338989257812e+00 4.796274662017822266e+00
-8.496793746948242188e+00 3.035502672195434570e+00 3.954728364944458008e+00 1.233238101005554199e+00 4.116975307464599609e+00 1.130739569664001465e+00 1.276993192732334137e-03 3.344559073448181152e-01 -5.159790992736816406e+00 8.800673484802246094e+00 6.503140330314636230e-01 1.953261566162109375e+01 -1.051949691772460938e+01 6.287478923797607422e+00 7.336006164550781250e+00
-9.072629928588867188e+00 2.340063095092773438e+00 4.814230918884277344e+00 1.989212632179260254e+00 4.055577278137207031e+00 3.464020192623138428e-01 -8.020908832550048828e-01 -6.707759201526641846e-02 -5.622056961059570312e+00 8.273399353027343750e+00 1.483771204948425293e-01 1.890725326538085938e+01 -1.028379726409912109e+01 6.842768192291259766e+00 7.072874546051025391e+00
-8.706806182861328125e+00 1.800715923309326172e+00 4.253317832946777344e+00 -1.446257233619689941e+00 4.322882652282714844e+00 5.008862614631652832e-01 -3.398874282836914062e+00 3.011872053146362305e+00 -6.860302925109863281e+00 5.153388977050781250e+00 -7.514653801918029785e-01 2.013305282592773438e+01 -8.657588958740234375e+00 7.216716289520263672e+00 7.984067440032958984e+00
-7.721610546112060547e+00 1.331454157829284668e+00 4.043963432312011719e+00 6.713663935661315918e-01 3.382921695709228516e+00 7.133529782295227051e-01 -2.587441682815551758e+00 1.607296586036682129e+00 -6.600383281707763672e+00 5.946190834045410156e+00 -1.201053142547607422e+00 1.917330169677734375e+01 -9.782818794250488281e+00 7.209382057189941406e+00 7.440822124481201172e+00
-5.701374530792236328e+00 2.146411657333374023e+00 5.478901386260986328e+00 -3.051139354705810547e+00 3.685704231262207031e+00 -1.640728265047073364e-01 1.263763666152954102e+00 3.297017188742756844e-03 -3.610966920852661133e+00 6.909898757934570312e+00 1.614791154861450195e+00 1.487425422668457031e+01 -7.691949844360351562e+00 4.050914764404296875e+00 4.851651191711425781e+00
-2.759089231491088867e+00 2.374073505401611328e+00 4.803300857543945312e+00 1.310606598854064941e+00 7.377996444702148438e+00 -6.015552878379821777e-01 -3.666166543960571289e+00 4.511562347412109375e+00 -7.495989799499511719e+00 5.272415161132812500e+00 6.182082295417785645e-01 9.372480392456054688e+00 -7.262144088745117188e+00 6.279209613800048828e+00 1.918656468391418457e+00
-1.130566215515136719e+01 1.314017581939697266e+01 1.083852529525756836e+00 5.673465728759765625e+00 1.136251258850097656e+01 2.017454147338867188e+00 -5.576575279235839844e+00 8.016668319702148438e+00 -9.215323448181152344e+00 1.006765651702880859e+01 -2.324952363967895508e+00 2.087329292297363281e+01 -6.597465515136718750e+00 1.354775905609130859e+01 3.425423145294189453e+00
-6.047534465789794922e+00 6.846073150634765625e+00 3.413017034530639648e+00 8.265348672866821289e-01 6.759916782379150391e+00 5.065097808837890625e+00 -3.930827617645263672e+00 6.780447959899902344e+00 -7.849205970764160156e+00 7.077769279479980469e+00 -3.956657171249389648e+00 1.381100940704345703e+01 -3.518408298492431641e+00 1.092110729217529297e+01 1.817591071128845215e+00
