-9.195524454116821289e-01 2.417369604110717773e+00 1.354052424430847168e+00 -4.403294563293457031e+00 2.706131935119628906e+00
-1.739147424697875977e+00 3.960048437118530273e+00 -1.281709790229797363e+00 4.670140743255615234e+00 4.116624355316162109e+00
3.392486572265625000e+00 5.659901142120361328e+00 3.238291501998901367e+00 -5.361510515213012695e-01 -1.166989207267761230e+00
2.638612985610961914e+00 6.518958091735839844e+00 4.893354415893554688e+00 3.891435146331787109e+00 -2.846752405166625977e+00
-2.166795253753662109e+00 4.473295211791992188e+00 -4.243267536163330078e+00 5.785605430603027344e+00 4.204546451568603516e+00
1.480895727872848511e-01 3.050671339035034180e+00 2.434115409851074219e+00 -5.172172546386718750e+00 1.325978159904479980e+00
-6.028827428817749023e-01 4.587233543395996094e+00 -3.589509963989257812e+00 -5.158593058586120605e-01 -2.800910949707031250e+00
3.229481458663940430e+00 5.416182518005371094e+00 3.341823577880859375e+00 -7.501009702682495117e-01 -8.116583824157714844e-01
1.930020809173583984e+00 -9.251631498336791992e-01 -5.557080268859863281e+00 1.546162247657775879e+00 4.240638017654418945e-01
-2.892636775970458984e+00 4.731290340423583984e+00 -2.016383886337280273e+00 3.793685197830200195e+00 3.710354804992675781e+00
-9.160791039466857910e-01 4.787819385528564453e+00 -3.513743400573730469e+00 -1.957271993160247803e-01 -3.438201189041137695e+00
3.181421279907226562e+00 4.772924423217773438e+00 4.255237579345703125e+00 -1.615243256092071533e-01 -3.299139440059661865e-02
-2.851081609725952148e+00 3.030873060226440430e+00 -4.062943458557128906e+00 -1.690399348735809326e-01 -2.870157003402709961e+00
5.411213397979736328e+00 5.706084728240966797e+00 3.577958345413208008e+00 2.616284847259521484e+00 -9.126138091087341309e-01
-3.454671382904052734e+00 3.004813909530639648e+00 -8.910891413688659668e-01 5.262711524963378906e+00 4.379794597625732422e+00
-5.277450680732727051e-01 1.284872889518737793e+00 1.749721169471740723e+00 -4.652873516082763672e+00 3.111442089080810547e+00
-2.503247976303100586e+00 5.247728347778320312e+00 1.298966050148010254e+00 -5.004172325134277344e+00 6.291161179542541504e-01
-1.037564426660537720e-01 3.026178121566772461e+00 1.786252617835998535e+00 -4.530787467956542969e+00 2.008868932723999023e+00
-3.254720687866210938e+00 4.438160419464111328e+00 -3.704560756683349609e+00 1.172295808792114258e+00 -3.444459676742553711e+00
-2.201573610305786133e+00 4.157333374023437500e+00 1.402838230133056641e+00 -4.786213874816894531e+00 5.679913163185119629e-01
-2.579077243804931641e+00 4.872630119323730469e+00 6.704837679862976074e-01 -4.414487361907958984e+00 2.094600915908813477e+00
-3.300539493560791016e+00 2.287185430526733398e+00 7.062646150588989258e-01 -4.525998115539550781e+00 1.445995926856994629e+00
4.569181442260742188e+00 4.788405895233154297e+00 2.312651872634887695e+00 -1.975988030433654785e+00 -7.736376523971557617e-01
2.332946300506591797e+00 5.031068801879882812e+00 5.093158721923828125e+00 1.865424215793609619e-02 -1.642867475748062134e-01
-1.012164354324340820e+00 3.285513401031494141e+00 1.429390788078308105e+00 -4.835703849792480469e+00 1.625234961509704590e+00
4.201435089111328125e+00 4.969190597534179688e+00 4.372683048248291016e+00 6.488746404647827148e-01 -1.244749665260314941e+00
2.191768646240234375e+00 2.035974979400634766e+00 -4.036596298217773438e+00 -3.357538461685180664e+00 1.373957842588424683e-01
6.462894380092620850e-02 6.103706836700439453e+00 5.738648414611816406e+00 -1.245485544204711914e+00 -9.623036980628967285e-01
2.863366365432739258e+00 4.611861705780029297e+00 4.216524124145507812e+00 -1.650931358337402344e+00 -8.305888772010803223e-01
2.139142036437988281e+00 4.959300518035888672e+00 4.568926811218261719e+00 -1.828755140304565430e+00 -1.223193287849426270e+00
2.070132493972778320e+00 6.685415744781494141e+00 3.530849933624267578e+00 -1.005606889724731445e+00 -2.025773763656616211e+00
3.986396551132202148e+00 6.984779357910156250e+00 3.127060890197753906e+00 2.049499750137329102e+00 -1.682617425918579102e+00
-2.228721141815185547e+00 3.099337816238403320e+00 1.307430148124694824e+00 -5.168596267700195312e+00 1.053616642951965332e+00
-3.921654224395751953e+00 2.977599859237670898e+00 -3.453219652175903320e+00 1.692874670028686523e+00 -3.444563388824462891e+00
2.224180221557617188e+00 4.514824867248535156e+00 4.441880226135253906e+00 -1.971098542213439941e+00 -8.947340846061706543e-01
-3.987588644027709961e+00 3.662790298461914062e+00 -2.794256210327148438e+00 3.171217918395996094e+00 -4.377023696899414062e+00
1.448213815689086914e+00 6.151544094085693359e+00 4.987346172332763672e+00 -7.147080898284912109e-01 -1.757479667663574219e+00
3.067451000213623047e+00 4.935047149658203125e+00 3.936328411102294922e+00 -9.957249164581298828e-01 -5.586881935596466064e-02
-2.608114004135131836e+00 3.621564626693725586e+00 -3.795758485794067383e+00 6.523901224136352539e-01 -2.573428392410278320e+00
1.390476942062377930e+00 6.781646251678466797e+00 6.132807731628417969e+00 9.971778869628906250e+00 -2.909446239471435547e+00
1.963412046432495117e+00 1.579433441162109375e+00 -5.998397827148437500e+00 9.687291383743286133e-01 1.953459858894348145e+00
-1.846031904220581055e+00 3.415920257568359375e+00 8.801720142364501953e-01 -4.174285888671875000e+00 2.240886688232421875e+00
-1.707033157348632812e+00 5.130260467529296875e+00 5.665392875671386719e-01 -3.820911169052124023e+00 2.639320850372314453e+00
9.352732300758361816e-01 4.971481323242187500e+00 6.942348003387451172e+00 1.769018173217773438e+00 -1.240001440048217773e+00
-2.625426292419433594e+00 2.583231210708618164e+00 1.476959586143493652e+00 -4.760853290557861328e+00 2.025351047515869141e+00
3.458708763122558594e+00 5.700788497924804688e+00 3.850704193115234375e+00 9.800981283187866211e-01 -1.001779079437255859e+00
2.678550243377685547e+00 -1.119411468505859375e+00 -5.161452770233154297e+00 1.485666036605834961e+00 1.585570216178894043e+00
-4.047692775726318359e+00 2.581320524215698242e+00 1.648054838180541992e+00 -4.419950008392333984e+00 2.159547090530395508e+00
-2.720359325408935547e+00 4.856838226318359375e+00 -2.373532533645629883e+00 3.493995904922485352e+00 3.768889427185058594e+00
-2.026657342910766602e+00 3.243197679519653320e+00 1.757366538047790527e+00 -4.589474678039550781e+00 1.469125866889953613e+00
2.738565921783447266e+00 6.587463378906250000e+00 3.061460494995117188e+00 -4.936109781265258789e-01 -2.089987039566040039e+00
-4.774939060211181641e+00 3.478059530258178711e+00 -3.547382116317749023e+00 2.076712369918823242e+00 -2.408114194869995117e+00
1.654860019683837891e+00 5.858388900756835938e+00 4.674681186676025391e+00 2.021756470203399658e-01 -1.073180675506591797e+00
-4.538924217224121094e+00 3.405363321304321289e+00 1.048817276954650879e+00 -3.681139230728149414e+00 3.144575119018554688e+00
3.444390296936035156e+00 5.388500213623046875e+00 3.830691576004028320e+00 -2.049513757228851318e-01 -6.861781477928161621e-01
3.728499174118041992e+00 2.209365129470825195e+00 4.962515830993652344e+00 -7.422826290130615234e-01 -1.408679604530334473e+00
7.745700478553771973e-01 4.558103382587432861e-01 -3.971435546875000000e+00 -2.082137346267700195e+00 2.565713405609130859e+00
-4.587893009185791016e+00 1.787142634391784668e+00 -4.718944072723388672e+00 4.018096446990966797e+00 -3.265102386474609375e+00
4.024946212768554688e+00 4.858879089355468750e+00 2.757886409759521484e+00 -1.773540973663330078e+00 3.251375555992126465e-01
2.328079700469970703e+00 4.944969654083251953e+00 4.865099906921386719e+00 -1.347694158554077148e+00 -1.746211946010589600e-02
-3.252847194671630859e+00 4.556363105773925781e+00 -2.212156534194946289e+00 -1.774612545967102051e+00 -2.904795885086059570e+00
2.474769115447998047e+00 6.017756462097167969e+00 4.335342407226562500e+00 -3.877232670783996582e-01 -6.923005580902099609e-01
3.147178649902343750e+00 5.786448717117309570e-01 -4.261219501495361328e+00 -2.360969066619873047e+00 -4.434216320514678955e-01
2.714793682098388672e+00 1.886523842811584473e+00 -3.844645738601684570e+00 -1.257230520248413086e+00 1.536033868789672852e+00
-7.883664965629577637e-01 4.147678375244140625e+00 1.851954579353332520e+00 -5.420113563537597656e+00 9.451476931571960449e-01
-2.140842199325561523e+00 2.353523969650268555e+00 1.288241505622863770e+00 -5.435727119445800781e+00 1.254480242729187012e+00
-2.797053813934326172e+00 4.040549278259277344e+00 -3.619939804077148438e+00 4.806258976459503174e-01 -3.238151788711547852e+00
2.982897281646728516e+00 4.037839412689208984e+00 5.228540897369384766e+00 -1.186042070388793945e+00 -8.979643881320953369e-02
-3.721868515014648438e+00 3.172563791275024414e+00 -1.939689159393310547e+00 6.265755653381347656e+00 4.432838916778564453e+00
-1.937677621841430664e+00 4.037443637847900391e+00 7.150167226791381836e-01 -4.773988723754882812e+00 2.244525671005249023e+00
1.868673920631408691e+00 -1.719571202993392944e-01 -5.113440513610839844e+00 -2.904555201530456543e-02 5.290274620056152344e-01
2.171205043792724609e+00 -1.981685012578964233e-01 -4.518358230590820312e+00 -1.075333356857299805e+00 9.615972638130187988e-01
2.874277114868164062e+00 2.207159280776977539e+00 -3.674813032150268555e+00 -2.668762207031250000e+00 2.010081291198730469e+00
-3.258334636688232422e+00 4.082852363586425781e+00 -2.925688743591308594e+00 8.624875545501708984e-01 -3.718640565872192383e+00
-4.090299606323242188e+00 4.742576599121093750e+00 -1.390766382217407227e+00 4.339574813842773438e+00 3.710656166076660156e+00
1.881690144538879395e+00 -1.127290502190589905e-01 -5.385040283203125000e+00 -7.016451098024845123e-03 1.228192329406738281e+00
-2.255322456359863281e+00 4.678592205047607422e+00 -7.399669885635375977e-01 1.952118396759033203e+00 3.955634117126464844e+00
2.721147060394287109e+00 6.507708549499511719e+00 2.949620962142944336e+00 -1.586323499679565430e+00 -1.634270399808883667e-01
1.143290281295776367e+00 -2.405978292226791382e-01 -4.923084735870361328e+00 -1.287612199783325195e+00 1.152015209197998047e+00
-2.195561170578002930e+00 3.821024179458618164e+00 -3.560080289840698242e+00 -9.787945151329040527e-01 -2.303416728973388672e+00
4.427818298339843750e+00 4.951564311981201172e+00 3.227215290069580078e+00 -2.077622711658477783e-02 -2.698639869689941406e+00
-3.967086315155029297e+00 3.542726039886474609e+00 1.582106590270996094e+00 -3.812522888183593750e+00 3.036093711853027344e+00
-3.013412475585937500e+00 3.129336833953857422e+00 1.312467932701110840e+00 -4.427164077758789062e+00 2.305589675903320312e+00
-1.044019937515258789e+00 3.472218036651611328e+00 1.977818250656127930e+00 -5.591231822967529297e+00 1.462831735610961914e+00
2.349760293960571289e+00 5.713186264038085938e+00 5.355897903442382812e+00 1.184059858322143555e+00 -8.316965699195861816e-01
-5.169498443603515625e+00 1.017035365104675293e+00 1.657377362251281738e+00 -3.773068189620971680e+00 2.730205297470092773e+00
2.246716499328613281e+00 8.278187751770019531e+00 3.657135725021362305e+00 1.673462510108947754e+00 2.732339799404144287e-01
3.846552073955535889e-01 6.749421119689941406e+00 5.958469390869140625e+00 1.836797475814819336e+00 -1.472451210021972656e+00
3.257988691329956055e+00 9.732747077941894531e-01 -3.610040426254272461e+00 -2.100933313369750977e+00 6.685240864753723145e-01
3.161320686340332031e+00 4.993109226226806641e+00 3.946169614791870117e+00 -9.034854769706726074e-01 1.445702165365219116e-01
-1.192814230918884277e+00 3.645952224731445312e+00 -1.797159194946289062e+00 -2.304854154586791992e+00 -3.937206983566284180e+00
1.881453633308410645e+00 7.709482669830322266e+00 4.556642532348632812e+00 5.682082653045654297e+00 1.146761924028396606e-01
-3.584322929382324219e+00 3.571545362472534180e+00 -4.096120357513427734e+00 1.488803982734680176e+00 -3.507284641265869141e+00
-3.535138130187988281e+00 2.485779762268066406e+00 -2.358933210372924805e+00 4.243639111518859863e-02 -4.455416202545166016e+00
-1.701443195343017578e+00 3.618854999542236328e+00 -2.626768827438354492e+00 -2.074921369552612305e+00 -2.893063783645629883e+00
-1.304274320602416992e+00 2.861352443695068359e+00 -3.009452581405639648e+00 -1.425895929336547852e+00 -3.833805799484252930e+00
-3.413307666778564453e+00 5.021926403045654297e+00 -2.019869565963745117e+00 -2.698809802532196045e-01 -2.658630132675170898e+00
3.954753875732421875e+00 4.490435600280761719e+00 4.387219429016113281e+00 -1.737157404422760010e-01 1.487876057624816895e+00
-6.568781852722167969e+00 5.607154369354248047e+00 1.506787896156311035e+00 -2.967282772064208984e+00 2.108677625656127930e+00
-8.824568390846252441e-01 2.608394145965576172e+00 1.653953433036804199e+00 -5.351872920989990234e+00 1.185241222381591797e+00
