-1.779489777982234955e-02 -2.998358905315399170e-01 3.662662506103515625e-01 -1.929043978452682495e-01 4.520803093910217285e-01 -2.003869116306304932e-01 3.320006132125854492e-01 3.684867322444915771e-01 2.708514332771301270e-01 9.960116446018218994e-02 2.453692704439163208e-01 2.543426156044006348e-01 2.705783843994140625e-01 -4.354621171951293945e-01 -2.997392714023590088e-01
4.428094252943992615e-02 -1.449453830718994141e-02 1.113018766045570374e-01 -5.644262433052062988e-01 5.764682590961456299e-02 -2.916852831840515137e-01 4.348367452621459961e-01 2.770138382911682129e-01 1.120432913303375244e-01 -9.529796242713928223e-02 2.370476871728897095e-01 1.795147955417633057e-01 -1.530003547668457031e-01 -2.018344551324844360e-01 -3.539906442165374756e-02
2.411580979824066162e-01 -1.438520699739456177e-01 4.469480365514755249e-02 -1.678388714790344238e-01 5.751652717590332031e-01 -2.739276885986328125e-01 3.475410640239715576e-01 9.626901149749755859e-02 1.083306893706321716e-01 -6.980066001415252686e-02 -1.037194486707448959e-02 -7.408919930458068848e-02 -3.025202751159667969e-01 -1.271430402994155884e-01 -3.240562975406646729e-02
2.530654370784759521e-01 -4.014877974987030029e-02 -1.933806091547012329e-01 -3.466265797615051270e-01 3.915649652481079102e-01 -3.037403225898742676e-01 3.126887679100036621e-01 1.006993502378463745e-01 1.563049554824829102e-01 -8.071749657392501831e-02 -1.555858105421066284e-01 4.642611742019653320e-02 -6.029518842697143555e-01 -1.501874476671218872e-01 -1.880722492933273315e-01
5.061934236437082291e-03 -6.877659261226654053e-02 2.395304292440414429e-01 -5.482297539710998535e-01 1.288098935037851334e-02 -1.887284070253372192e-01 3.542769551277160645e-01 2.060011029243469238e-01 2.202734798192977905e-01 7.145820558071136475e-02 3.760437667369842529e-01 2.922758758068084717e-01 -2.753130495548248291e-01 -9.174946695566177368e-02 -1.152520328760147095e-01
8.996523171663284302e-02 -3.694893717765808105e-01 1.382892876863479614e-01 -5.941957235336303711e-02 3.692940175533294678e-01 -1.383689641952514648e-01 3.124305903911590576e-01 1.339732259511947632e-01 1.022515296936035156e-01 4.510992765426635742e-02 3.099260330200195312e-01 4.152103066444396973e-01 3.128725290298461914e-01 -5.209614634513854980e-01 -2.338548153638839722e-01
3.204655051231384277e-01 -7.165145874023437500e-02 3.595692664384841919e-02 -4.741238653659820557e-01 2.858322858810424805e-01 -5.928355455398559570e-01 4.522199630737304688e-01 -7.233005762100219727e-02 1.712729036808013916e-01 2.768050134181976318e-01 2.185964286327362061e-01 1.599035263061523438e-01 -2.008294761180877686e-01 4.264801274985074997e-03 -5.235416293144226074e-01
-3.537687286734580994e-02 3.270959109067916870e-02 -1.122977212071418762e-01 -4.471410810947418213e-02 5.203996896743774414e-01 -2.111598253250122070e-01 1.490213572978973389e-01 -1.959504634141921997e-01 -6.374733150005340576e-02 -3.580677509307861328e-02 -1.602084189653396606e-02 1.079456806182861328e-01 -3.752868771553039551e-01 -7.153204083442687988e-02 -2.968756854534149170e-01
3.536283671855926514e-01 -2.849467992782592773e-01 -1.035603061318397522e-01 -4.777486622333526611e-01 4.199728071689605713e-01 -1.032751798629760742e-01 4.926053285598754883e-01 2.783949375152587891e-01 4.862315058708190918e-01 4.057801887392997742e-02 7.676257938146591187e-02 1.282520294189453125e-01 -5.980376601219177246e-01 7.217388600111007690e-02 -1.288537830114364624e-01
1.051606163382530212e-01 6.615363061428070068e-03 3.356783986091613770e-01 -5.310350656509399414e-01 1.289064530283212662e-02 -2.732102870941162109e-01 3.708204329013824463e-01 2.602231204509735107e-01 2.030037194490432739e-01 -1.856254227459430695e-02 6.530225276947021484e-02 1.553101539611816406e-01 9.859849698841571808e-03 -1.793656051158905029e-01 -1.984507590532302856e-01
3.010056018829345703e-01 -1.194833144545555115e-01 1.228032410144805908e-01 -5.560556054115295410e-01 1.876996755599975586e-01 -5.628532171249389648e-01 4.471484422683715820e-01 5.032403022050857544e-02 3.225412964820861816e-01 1.998442262411117554e-01 1.267010420560836792e-01 2.024134099483489990e-01 -7.257138192653656006e-02 2.334892284125089645e-03 -3.463332951068878174e-01
3.106231335550546646e-03 -8.553753793239593506e-02 1.521952003240585327e-01 -1.515152007341384888e-01 4.928652048110961914e-01 -2.510414421558380127e-01 1.518167406320571899e-01 -2.381940186023712158e-01 1.032022088766098022e-01 -1.682551950216293335e-01 -4.849552363157272339e-02 1.148822009563446045e-01 -2.889136970043182373e-01 -4.905584454536437988e-02 -3.940636813640594482e-01
4.861215353012084961e-01 -1.444046497344970703e-01 1.061940714716911316e-01 -6.633883714675903320e-01 3.085496276617050171e-02 -6.142766475677490234e-01 6.610938906669616699e-01 7.152914255857467651e-02 2.067314237356185913e-01 2.726815938949584961e-01 1.902541667222976685e-01 1.721881479024887085e-01 -1.617710590362548828e-01 5.828503519296646118e-02 -3.981101214885711670e-01
1.819896250963211060e-01 -1.103834733366966248e-01 -2.831843495368957520e-01 -1.650315076112747192e-01 3.893729746341705322e-01 -2.426000237464904785e-01 2.077849507331848145e-01 -2.260479480028152466e-01 2.239115089178085327e-01 -8.501604199409484863e-02 -2.203393727540969849e-01 -8.810850977897644043e-02 -4.013897776603698730e-01 -2.195131033658981323e-01 -1.923289149999618530e-01
-3.027597628533840179e-02 1.248866915702819824e-01 1.754264086484909058e-01 -6.078859567642211914e-01 2.256416529417037964e-02 -1.393392980098724365e-01 4.291255772113800049e-01 2.329378761351108551e-02 9.108402580022811890e-02 7.705857604742050171e-02 3.541558086872100830e-01 2.423828095197677612e-01 -2.075621187686920166e-01 -9.335684031248092651e-02 -2.013431936502456665e-01
7.455075532197952271e-02 -2.777079939842224121e-01 4.053536057472229004e-01 -3.101154267787933350e-01 3.731128573417663574e-01 -2.196889817714691162e-01 3.955204784870147705e-01 3.792320787906646729e-01 3.559857606887817383e-01 7.271085679531097412e-02 2.743195891380310059e-01 3.268841505050659180e-01 2.131490111351013184e-01 -3.637470602989196777e-01 -1.932568699121475220e-01
-3.001924455165863037e-01 -4.723625481128692627e-01 4.011127054691314697e-01 -3.842951953411102295e-01 3.619959354400634766e-01 -1.658596247434616089e-01 3.477797806262969971e-01 2.214091122150421143e-01 5.157682895660400391e-01 -2.987640909850597382e-02 3.767516314983367920e-01 4.918729066848754883e-01 4.441533386707305908e-01 -6.283026933670043945e-01 -4.314734339714050293e-01
8.460531383752822876e-02 -2.434415221214294434e-01 2.976329624652862549e-01 -1.884820610284805298e-01 4.251380562782287598e-01 -1.631357073783874512e-01 3.241904675960540771e-01 3.951563835144042969e-01 3.216207921504974365e-01 6.034831702709197998e-02 2.989352047443389893e-01 2.587667107582092285e-01 2.060001194477081299e-01 -4.472435712814331055e-01 -2.427115589380264282e-01
2.878410220146179199e-01 3.799684345722198486e-02 -1.588930934667587280e-01 -6.927486658096313477e-01 3.145310878753662109e-01 -6.280056238174438477e-01 7.476302385330200195e-01 -1.142259463667869568e-01 2.980613112449645996e-01 1.985718756914138794e-01 2.684125006198883057e-01 2.686006128787994385e-01 -2.897984683513641357e-01 -4.567039012908935547e-02 -7.261621952056884766e-01
-9.569517523050308228e-02 -1.703885197639465332e-01 1.980358511209487915e-01 -3.494223356246948242e-01 2.193264961242675781e-01 -1.734188199043273926e-01 3.432053029537200928e-01 5.948919057846069336e-02 2.760424315929412842e-01 1.045377254486083984e-01 3.324205875396728516e-01 3.531410694122314453e-01 1.763413399457931519e-01 -3.720704913139343262e-01 -3.366062939167022705e-01
-5.203371122479438782e-02 -3.219798505306243896e-01 1.738260388374328613e-01 -3.930132389068603516e-01 4.066075682640075684e-01 -1.869559884071350098e-01 4.189497232437133789e-01 1.825265139341354370e-01 5.258023142814636230e-01 1.339726336300373077e-02 3.721817135810852051e-01 3.612952828407287598e-01 1.917747035622596741e-02 -5.709008574485778809e-01 -4.880844056606292725e-01
1.465136837214231491e-02 -3.065967857837677002e-01 3.250671029090881348e-01 -4.019064307212829590e-01 3.583598434925079346e-01 -7.468867301940917969e-02 3.860817551612854004e-01 3.838026523590087891e-01 3.208986222743988037e-01 1.150051057338714600e-01 4.178228378295898438e-01 2.360697537660598755e-01 1.512026935815811157e-01 -4.401071667671203613e-01 -3.320358097553253174e-01
1.305576711893081665e-01 1.283361762762069702e-02 -1.172305420041084290e-01 1.692794412374496460e-01 6.197228431701660156e-01 -2.246197462081909180e-01 1.546421349048614502e-01 -6.636378914117813110e-02 -7.081654667854309082e-02 -2.398429214954376221e-01 -1.520396769046783447e-01 -3.784826397895812988e-02 -2.084547728300094604e-01 -2.630091607570648193e-01 -1.869789808988571167e-01
2.372346967458724976e-01 2.419695258140563965e-02 5.725111812353134155e-02 -2.009768970310688019e-02 5.172942876815795898e-01 -3.077633380889892578e-01 2.059722542762756348e-01 -9.255733340978622437e-02 -1.785727031528949738e-02 -2.156529575586318970e-01 -7.413636893033981323e-02 1.243778765201568604e-01 -2.349578142166137695e-01 -1.453755646944046021e-01 -2.060301452875137329e-01
2.432022430002689362e-02 -1.499241441488265991e-01 3.649180829524993896e-01 -4.087326228618621826e-01 1.913021206855773926e-01 -2.421886026859283447e-01 4.170737266540527344e-01 2.617694139480590820e-01 4.061092138290405273e-01 2.297670952975749969e-02 2.572607696056365967e-01 3.310101926326751709e-01 2.717947959899902344e-01 -3.608790934085845947e-01 -3.280652463436126709e-01
2.293380647897720337e-01 -3.309125825762748718e-02 -3.685040026903152466e-02 -1.235124319791793823e-01 5.479179620742797852e-01 -2.407829165458679199e-01 3.020770251750946045e-01 8.432845771312713623e-02 3.628450259566307068e-02 3.637507557868957520e-02 -1.178363189101219177e-01 -1.018152236938476562e-01 -3.297504782676696777e-01 4.140942543745040894e-02 -9.713761508464813232e-02
2.095071226358413696e-01 -2.701857984066009521e-01 1.716168224811553955e-01 -3.425579965114593506e-01 3.869342505931854248e-01 -1.884536147117614746e-01 1.276231706142425537e-01 8.642215281724929810e-02 3.283759951591491699e-01 2.002903968095779419e-01 -5.940676480531692505e-02 2.339713573455810547e-01 -3.929187059402465820e-01 -4.064444079995155334e-02 -2.826481759548187256e-01
1.736761778593063354e-01 -1.577772051095962524e-01 -9.807325899600982666e-03 -8.152645826339721680e-02 3.310974836349487305e-01 -3.144406974315643311e-01 1.839963346719741821e-01 -1.853628605604171753e-01 1.253664642572402954e-01 1.119590736925601959e-02 -2.098523825407028198e-01 4.336771368980407715e-02 -3.179728388786315918e-01 2.420423179864883423e-02 -2.186641693115234375e-01
1.721179038286209106e-01 -1.185055673122406006e-01 -1.503020673990249634e-01 1.390491425991058350e-01 2.977840006351470947e-01 -1.597417294979095459e-01 3.264727294445037842e-01 2.400754578411579132e-02 -8.220682851970195770e-03 -1.715621352195739746e-01 -2.666095495223999023e-01 -1.858606934547424316e-01 -3.201975226402282715e-01 -6.853079795837402344e-02 -5.801703035831451416e-02
7.303983718156814575e-02 -2.769114077091217041e-02 4.677391797304153442e-02 -1.464300155639648438e-01 3.164064884185791016e-01 -2.766481935977935791e-01 2.900485396385192871e-01 -8.803393691778182983e-02 -7.786835543811321259e-03 1.937235705554485321e-02 -5.610824376344680786e-02 1.039711833000183105e-01 -3.209056258201599121e-01 2.100006490945816040e-01 -1.890030652284622192e-01
2.797620892524719238e-01 8.777090162038803101e-02 -1.505969315767288208e-01 -1.832330673933029175e-01 4.434515237808227539e-01 -3.325676918029785156e-01 2.170450091361999512e-01 -2.735456917434930801e-03 2.410546876490116119e-02 -2.069968134164810181e-01 -2.153903841972351074e-01 -5.390462279319763184e-02 -3.839754760265350342e-01 -2.603112161159515381e-01 -1.585361510515213013e-01
2.921763658523559570e-01 -2.804888188838958740e-01 -1.364827305078506470e-01 -2.970428764820098877e-01 3.564791977405548096e-01 -3.694998621940612793e-01 2.539715170860290527e-01 -6.156274676322937012e-02 1.354722231626510620e-01 4.316388163715600967e-03 1.407684236764907837e-01 3.732538223266601562e-02 -5.041079521179199219e-01 -1.961534768342971802e-01 -3.752493560314178467e-01
-7.949846237897872925e-02 -4.201250374317169189e-01 2.263209074735641479e-01 -3.565010130405426025e-01 3.987269401550292969e-01 -1.335705518722534180e-01 3.474639058113098145e-01 3.391422629356384277e-01 3.907651901245117188e-01 5.407776683568954468e-02 3.019008338451385498e-01 3.156084716320037842e-01 2.788905203342437744e-01 -5.058243870735168457e-01 -2.350311130285263062e-01
3.720934987068176270e-01 -2.318710386753082275e-01 1.573794335126876831e-02 -6.900748014450073242e-01 1.878557801246643066e-01 -4.307086765766143799e-01 5.858275890350341797e-01 1.206955686211585999e-01 5.477725863456726074e-01 1.805411875247955322e-01 1.549963802099227905e-01 1.026437655091285706e-01 -1.748562753200531006e-01 7.241277396678924561e-02 -3.877466022968292236e-01
1.354183107614517212e-01 7.446227967739105225e-02 -2.975038439035415649e-02 4.819705151021480560e-03 4.652208089828491211e-01 -2.892743349075317383e-01 2.207039892673492432e-01 -3.313644975423812866e-02 1.145366728305816650e-01 -1.027346551418304443e-01 -2.095714211463928223e-01 4.788616299629211426e-02 -2.970991134643554688e-01 5.480613559484481812e-02 -8.608616888523101807e-02
4.278219938278198242e-01 -2.519524395465850830e-01 -3.712555021047592163e-02 -7.659431695938110352e-01 3.585916012525558472e-02 -5.926671028137207031e-01 6.035143733024597168e-01 7.909194380044937134e-02 4.320436716079711914e-01 1.123049557209014893e-01 1.996274739503860474e-01 2.738227844238281250e-01 -1.604059487581253052e-01 1.354310959577560425e-01 -3.744097352027893066e-01
2.079377025365829468e-01 3.224998712539672852e-03 -6.744064390659332275e-03 -4.678444564342498779e-02 4.545596539974212646e-01 -3.406293094158172607e-01 2.663476169109344482e-01 9.085112065076828003e-02 -6.234827451407909393e-03 -9.635157883167266846e-02 -1.109095141291618347e-01 -1.245842278003692627e-01 -2.239226847887039185e-01 -5.321342125535011292e-02 -1.196599155664443970e-01
-1.866922341287136078e-02 -3.149378299713134766e-02 -4.244752228260040283e-03 -3.243528306484222412e-02 5.082882046699523926e-01 -2.248319685459136963e-01 3.398727774620056152e-01 -2.091544866561889648e-01 -5.373547598719596863e-02 -6.213939934968948364e-02 -2.257995903491973877e-01 2.185416035354137421e-02 -2.750896513462066650e-01 -2.868790030479431152e-01 -3.155638277530670166e-01
4.181525111198425293e-01 7.001081109046936035e-02 5.741014331579208374e-02 -6.865917444229125977e-01 -3.089821338653564453e-02 -6.084109544754028320e-01 4.904899001121520996e-01 5.657056719064712524e-02 3.780499100685119629e-01 2.573015987873077393e-01 1.678486168384552002e-01 3.028399348258972168e-01 -2.882817760109901428e-02 -4.391387570649385452e-03 -3.909117877483367920e-01
3.620113730430603027e-01 -2.903044819831848145e-01 -1.525757461786270142e-01 -4.065494835376739502e-01 5.466686487197875977e-01 -3.776477873325347900e-01 1.479760259389877319e-01 9.928927570581436157e-02 2.755120396614074707e-01 9.903444349765777588e-02 3.153778016567230225e-01 3.368584811687469482e-01 -8.679085969924926758e-01 -2.523031234741210938e-01 -3.880519866943359375e-01
2.198782712221145630e-01 -3.072094023227691650e-01 1.565977185964584351e-02 -6.190693378448486328e-01 3.706792891025543213e-01 -9.459366649389266968e-02 4.383732378482818604e-01 2.952597141265869141e-01 5.884627103805541992e-01 1.208580583333969116e-01 -3.779224120080471039e-03 2.162930369377136230e-01 -4.976098835468292236e-01 7.875688374042510986e-02 -1.006023138761520386e-01
-1.759663969278335571e-01 -1.657157242298126221e-01 4.380738437175750732e-01 -5.995112657546997070e-01 2.078390121459960938e-01 -1.849762201309204102e-01 2.837970256805419922e-01 1.357155144214630127e-01 3.363580107688903809e-01 4.664866626262664795e-02 3.881257772445678711e-01 4.168357551097869873e-01 3.742741048336029053e-01 -4.149861931800842285e-01 -3.604912161827087402e-01
9.995908290147781372e-02 -4.329901039600372314e-01 4.466294944286346436e-01 -4.698856770992279053e-01 3.528478741645812988e-01 -3.127263188362121582e-01 3.775355219841003418e-02 3.004751205444335938e-01 5.719951987266540527e-01 1.325446516275405884e-01 2.124425619840621948e-01 3.294390439987182617e-01 1.649986952543258667e-01 -4.613453149795532227e-01 -4.131717085838317871e-01
5.633391067385673523e-02 -1.520030200481414795e-01 8.828448504209518433e-02 1.025005728006362915e-01 7.490518093109130859e-01 -2.303446233272552490e-01 2.025985419750213623e-01 -1.310352087020874023e-01 7.202458567917346954e-03 -8.303951472043991089e-02 -4.468073695898056030e-02 2.759480290114879608e-02 -2.476901561021804810e-01 -5.667304620146751404e-02 -2.665493190288543701e-01
-1.795373260974884033e-01 -2.239885926246643066e-01 2.373150587081909180e-01 -5.329569578170776367e-01 2.796812057495117188e-01 -1.119630560278892517e-01 4.619202613830566406e-01 2.388809770345687866e-01 4.058531820774078369e-01 1.817092113196849823e-02 3.463589847087860107e-01 2.740773558616638184e-01 3.065472543239593506e-01 -6.186727285385131836e-01 -3.419764041900634766e-01
1.818808764219284058e-01 3.897694870829582214e-02 -1.067217662930488586e-01 -1.603710651397705078e-01 3.606132268905639648e-01 -2.339433729648590088e-01 1.634034812450408936e-01 8.369380608201026917e-03 -4.677614569664001465e-02 -7.428115606307983398e-02 -6.088223308324813843e-02 -1.153469979763031006e-01 -4.189932644367218018e-01 -2.609933614730834961e-01 -2.266253083944320679e-01
3.241693079471588135e-01 -1.754287183284759521e-01 -6.787126511335372925e-02 -7.485393285751342773e-01 3.187204301357269287e-01 -2.059371024370193481e-01 3.743560016155242920e-01 2.934420704841613770e-01 6.369910836219787598e-01 3.696082625538110733e-03 3.740549832582473755e-02 1.682272851467132568e-01 -6.157583594322204590e-01 7.847718894481658936e-02 -5.100040137767791748e-02
7.093323022127151489e-02 -1.530491560697555542e-01 1.596926599740982056e-01 -4.582011997699737549e-01 3.882766962051391602e-01 -1.027501001954078674e-01 4.708532691001892090e-01 2.283347845077514648e-01 4.878452420234680176e-01 -9.331444278359413147e-03 4.158399105072021484e-01 2.806243002414703369e-01 1.690451502799987793e-01 -5.960183739662170410e-01 -3.152940571308135986e-01
1.362264007329940796e-01 -2.771222591400146484e-02 3.311717808246612549e-01 -5.022462606430053711e-01 -9.532520920038223267e-02 -2.804687023162841797e-01 4.098239243030548096e-01 1.725011616945266724e-01 9.808664768934249878e-02 8.467733114957809448e-02 2.460545897483825684e-01 1.597902476787567139e-01 -1.398195028305053711e-01 -8.479811251163482666e-02 -1.817054003477096558e-01
-7.308071106672286987e-02 -2.124748975038528442e-01 1.950037479400634766e-01 -1.853627562522888184e-01 2.460327446460723877e-01 -1.547749787569046021e-01 3.027102053165435791e-01 1.960545182228088379e-01 2.678287625312805176e-01 -2.099631167948246002e-02 3.362602889537811279e-01 3.584020137786865234e-01 4.268544912338256836e-01 -6.536498069763183594e-01 -2.178898900747299194e-01
2.997561693191528320e-01 1.206733807921409607e-01 -1.411879360675811768e-01 -2.073860317468643188e-01 4.625796973705291748e-01 -3.317572772502899170e-01 1.966393589973449707e-01 -5.565445870161056519e-02 -3.001699782907962799e-02 -2.104971408843994141e-01 1.011132523417472839e-01 -7.578644156455993652e-02 -2.474253177642822266e-01 -1.696825176477432251e-01 -1.682135313749313354e-01
2.972643375396728516e-01 8.951018750667572021e-02 5.127315968275070190e-02 -7.083702087402343750e-01 2.623873651027679443e-01 -4.706065058708190918e-01 6.774087548255920410e-01 8.498690277338027954e-02 2.831115722656250000e-01 1.192837655544281006e-01 2.354917675256729126e-01 1.899121403694152832e-01 -3.253295421600341797e-01 1.194211840629577637e-01 -4.867756068706512451e-01
2.511652708053588867e-01 1.007979735732078552e-02 -1.623959690332412720e-01 -1.721162050962448120e-01 4.272945523262023926e-01 -2.838611900806427002e-01 1.872719228267669678e-01 -1.478047817945480347e-01 1.143108755350112915e-01 9.425079450011253357e-03 -2.040427178144454956e-02 1.629054360091686249e-02 -4.714447259902954102e-01 -2.409492433071136475e-01 -2.218533009290695190e-01
1.881262809038162231e-01 -3.073542416095733643e-01 1.895193755626678467e-01 -5.225967764854431152e-01 2.215257287025451660e-01 -4.473386704921722412e-02 2.679674625396728516e-01 2.911848127841949463e-01 4.218546152114868164e-01 2.612428925931453705e-02 2.660196125507354736e-01 1.001501530408859253e-01 2.394105792045593262e-01 -5.923777222633361816e-01 -1.432339996099472046e-01
9.760507941246032715e-02 -1.413485109806060791e-01 -6.777448207139968872e-02 -1.543488800525665283e-01 3.639802336692810059e-01 -2.794719636440277100e-01 1.497881263494491577e-01 -2.054176330566406250e-01 1.531270984560251236e-02 2.409393526613712311e-02 -9.224793873727321625e-03 1.650162041187286377e-01 -3.998684287071228027e-01 -2.847836613655090332e-01 -3.039957880973815918e-01
2.241712957620620728e-01 9.924171864986419678e-02 4.802607744932174683e-02 5.736722052097320557e-02 5.347400903701782227e-01 -3.792668581008911133e-01 3.167088627815246582e-01 -2.456316724419593811e-05 -1.214586794376373291e-01 -1.845078915357589722e-01 -9.552904218435287476e-02 -4.598170518875122070e-02 -2.403928041458129883e-01 -1.353427022695541382e-01 -1.488115340471267700e-01
2.102291733026504517e-01 -1.995488256216049194e-01 1.508790999650955200e-02 -3.872105777263641357e-01 2.106791138648986816e-01 -9.805113822221755981e-02 2.766736745834350586e-01 1.730874329805374146e-01 4.770624041557312012e-01 -1.287186052650213242e-03 -2.167093902826309204e-01 1.788773089647293091e-01 -4.902999997138977051e-01 1.035545021295547485e-01 -1.618253737688064575e-01
4.249204397201538086e-01 -1.101835668087005615e-01 -1.719672828912734985e-01 -7.970349788665771484e-01 1.307024061679840088e-01 -5.430383682250976562e-01 5.657657980918884277e-01 1.199729815125465393e-01 4.111967086791992188e-01 -4.313175380229949951e-02 2.190335094928741455e-01 1.731170713901519775e-01 -3.615471422672271729e-01 3.804746270179748535e-02 -6.036195755004882812e-01
1.836284548044204712e-01 -7.948688417673110962e-02 6.838136166334152222e-02 8.149563334882259369e-03 4.022586941719055176e-01 -1.776687502861022949e-01 2.554958164691925049e-01 4.052064567804336548e-02 -1.519877016544342041e-01 -1.309521049261093140e-01 -1.357910484075546265e-01 1.398144406266510487e-03 -1.903293132781982422e-01 -5.258694756776094437e-03 -1.920768916606903076e-01
4.258973523974418640e-02 -2.585335969924926758e-01 2.658598870038986206e-02 -9.739153832197189331e-02 4.021197855472564697e-01 -2.132754027843475342e-01 1.781158596277236938e-01 -1.051734387874603271e-01 1.789161711931228638e-01 -5.736475437879562378e-02 -2.095178067684173584e-01 -1.393753886222839355e-01 -2.927089929580688477e-01 -4.435225203633308411e-02 -1.598772555589675903e-01
3.787617683410644531e-01 -1.766020953655242920e-01 1.404029577970504761e-01 -3.913744091987609863e-01 3.372542262077331543e-01 -4.911234080791473389e-01 5.303362607955932617e-01 1.433221846818923950e-01 2.648283243179321289e-01 1.556452065706253052e-01 6.058252602815628052e-02 1.439683288335800171e-01 -8.757672458887100220e-02 1.144028976559638977e-01 -3.596474826335906982e-01
2.330904155969619751e-01 -6.855416297912597656e-02 4.044287651777267456e-02 -2.322172522544860840e-01 3.350403904914855957e-01 -3.341036438941955566e-01 2.813413441181182861e-01 -2.175754401832818985e-03 -2.632052265107631683e-02 1.404038164764642715e-03 -3.297124058008193970e-02 8.565568923950195312e-02 -3.970218300819396973e-01 -9.291090816259384155e-02 -1.464755684137344360e-01
7.320699840784072876e-02 -3.816331624984741211e-01 5.162791162729263306e-02 -4.195943176746368408e-01 2.928976416587829590e-01 -1.785560995340347290e-01 8.900294452905654907e-02 6.404849141836166382e-02 4.786511361598968506e-01 2.532583475112915039e-01 -1.876901686191558838e-01 2.350198477506637573e-01 -4.736383855342864990e-01 -7.990250736474990845e-02 -1.634935885667800903e-01
1.984837800264358521e-01 -2.945129573345184326e-01 1.999025791883468628e-01 -4.503264427185058594e-01 3.045193850994110107e-01 -2.611547708511352539e-01 2.799714207649230957e-01 1.808850914239883423e-01 3.266057372093200684e-01 9.307461231946945190e-02 -1.729860305786132812e-01 2.447304725646972656e-01 -5.039986968040466309e-01 2.287736982107162476e-01 -5.783502757549285889e-02
-1.632157862186431885e-01 -1.950099766254425049e-01 3.024519383907318115e-01 -2.990626394748687744e-01 3.030480444431304932e-01 -1.778171658515930176e-01 2.797744870185852051e-01 3.223019242286682129e-01 2.566760778427124023e-01 5.625009536743164062e-02 4.145563542842864990e-01 3.271987140178680420e-01 2.307842820882797241e-01 -4.038317799568176270e-01 -3.877618014812469482e-01
-1.968672033399343491e-03 -1.802951991558074951e-01 2.244256436824798584e-03 -2.507483065128326416e-01 3.802860677242279053e-01 -1.043395176529884338e-01 3.723200857639312744e-01 -9.290837496519088745e-02 4.311795830726623535e-01 -6.280182301998138428e-02 3.668437898159027100e-01 3.048587441444396973e-01 2.622684538364410400e-01 -6.595664620399475098e-01 -3.408854603767395020e-01
3.459174036979675293e-01 -2.128221392631530762e-01 2.505073696374893188e-02 -5.335867404937744141e-01 2.819445133209228516e-01 -5.743198990821838379e-01 6.201997995376586914e-01 -3.357436507940292358e-02 2.424891740083694458e-01 3.387776315212249756e-01 3.092951774597167969e-01 2.970994710922241211e-01 -1.108739748597145081e-01 1.575905829668045044e-02 -5.337495207786560059e-01
2.265182286500930786e-01 -8.837150782346725464e-02 1.395901590585708618e-01 -1.129293963313102722e-01 4.088286459445953369e-01 -3.867042660713195801e-01 3.606532812118530273e-01 1.537879258394241333e-01 7.814289070665836334e-03 -4.780576750636100769e-02 -1.519647687673568726e-01 -1.351669728755950928e-01 -4.271679222583770752e-01 9.589058160781860352e-02 -1.582977920770645142e-01
7.305102795362472534e-02 -1.407223492860794067e-01 3.334270119667053223e-01 -5.359251499176025391e-01 -2.230769954621791840e-03 -2.353085428476333618e-01 3.896790146827697754e-01 8.993604034185409546e-02 1.063126847147941589e-01 1.225955188274383545e-01 4.433101117610931396e-01 2.314225733280181885e-01 -2.646803557872772217e-01 -1.452538371086120605e-01 -1.039437502622604370e-01
-4.996948316693305969e-02 -3.518891632556915283e-01 3.524128794670104980e-01 -3.095371425151824951e-01 3.734758496284484863e-01 -2.013817578554153442e-01 3.656159937381744385e-01 3.716649413108825684e-01 2.516606450080871582e-01 1.214367821812629700e-01 2.840443849563598633e-01 2.755718231201171875e-01 2.604070901870727539e-01 -3.583980202674865723e-01 -2.459285706281661987e-01
2.371233552694320679e-01 -2.715597748756408691e-01 -2.094303071498870850e-02 -4.887720644474029541e-01 2.683255672454833984e-01 5.432793870568275452e-03 2.804246544837951660e-01 1.957294195890426636e-01 5.853373408317565918e-01 3.825150057673454285e-02 -1.879340857267379761e-01 1.963055133819580078e-01 -4.755030274391174316e-01 1.888908743858337402e-01 -1.725906282663345337e-01
3.122845292091369629e-01 -2.059984654188156128e-01 -3.618408739566802979e-02 -5.538796186447143555e-01 1.810382604598999023e-01 -1.081554815173149109e-01 2.126916646957397461e-01 4.190247505903244019e-02 4.586507380008697510e-01 5.130351334810256958e-02 -1.716711223125457764e-01 1.026326119899749756e-01 -5.117769241333007812e-01 1.923172920942306519e-01 -6.041170656681060791e-02
1.997494846582412720e-01 -2.862015068531036377e-01 -1.928596198558807373e-02 -4.349054992198944092e-01 4.352838695049285889e-01 -1.598816365003585815e-01 1.662308275699615479e-01 1.115662604570388794e-01 4.896440207958221436e-01 -8.588813245296478271e-03 -2.106691747903823853e-01 1.692082285881042480e-01 -4.810606539249420166e-01 6.785821914672851562e-02 -2.314606606960296631e-01
3.716737031936645508e-01 -1.648847162723541260e-01 -4.714844375848770142e-02 -5.328618288040161133e-01 -4.064580053091049194e-02 -4.828817546367645264e-01 5.340830087661743164e-01 5.635913461446762085e-02 3.307271599769592285e-01 1.148486286401748657e-01 3.643461503088474274e-03 1.914894580841064453e-01 -9.580209851264953613e-02 1.407721787691116333e-01 -2.007230371236801147e-01
2.019082605838775635e-01 -9.137019515037536621e-02 2.646404802799224854e-01 -5.043472051620483398e-01 -1.624115705490112305e-01 -1.826063692569732666e-01 3.816119432449340820e-01 2.930867671966552734e-01 2.457842677831649780e-01 4.409295320510864258e-02 2.539600431919097900e-01 2.174682915210723877e-01 -7.720311731100082397e-02 -1.338491737842559814e-01 1.672415621578693390e-02
2.091279178857803345e-01 -4.283060133457183838e-01 -1.378481835126876831e-01 -4.067272543907165527e-01 3.235137462615966797e-01 -1.768019609153270721e-02 1.671670377254486084e-01 1.956615895032882690e-01 4.658728539943695068e-01 1.169139221310615540e-01 -1.058139652013778687e-01 2.173545360565185547e-01 -4.937952458858489990e-01 1.242493912577629089e-01 1.438408792018890381e-01
9.635993093252182007e-02 -2.132118493318557739e-02 1.710117608308792114e-01 -3.578395545482635498e-01 5.653172731399536133e-02 -1.901749372482299805e-01 3.334745168685913086e-01 1.431940644979476929e-01 9.016170352697372437e-02 -6.165880709886550903e-02 1.630430668592453003e-01 2.142616212368011475e-01 -5.134752020239830017e-02 -1.838960647583007812e-01 -6.854768097400665283e-02
8.879347890615463257e-02 -6.397537887096405029e-02 -1.678516417741775513e-01 2.773450128734111786e-02 5.505279898643493652e-01 -1.963055580854415894e-01 1.263346374034881592e-01 -1.347624063491821289e-01 -8.383829891681671143e-02 -1.759829968214035034e-01 -1.536827832460403442e-01 -2.147191949188709259e-02 -3.381232619285583496e-01 6.877408921718597412e-02 -2.381684035062789917e-01
1.704463809728622437e-01 -2.279197573661804199e-01 -1.203612238168716431e-02 -3.803441822528839111e-01 1.970544606447219849e-01 -9.092283248901367188e-02 2.854643464088439941e-01 1.179604232311248779e-01 4.906846880912780762e-01 1.131567284464836121e-01 -7.386814802885055542e-02 2.221289724111557007e-01 -5.296408534049987793e-01 2.755180895328521729e-01 -3.502909839153289795e-02
2.849742174148559570e-01 -1.413979232311248779e-01 1.058857813477516174e-01 -6.090754270553588867e-01 2.856852710247039795e-01 -4.518047273159027100e-01 4.999005794525146484e-01 2.842859365046024323e-02 3.102972507476806641e-01 1.612882614135742188e-01 1.254608333110809326e-01 1.701593548059463501e-01 -1.444938778877258301e-01 5.725238472223281860e-02 -4.841132462024688721e-01
1.517879217863082886e-01 2.044961042702198029e-02 3.681134432554244995e-02 -5.608357489109039307e-02 5.068215131759643555e-01 -3.229354023933410645e-01 1.551794111728668213e-01 -9.598641842603683472e-02 -1.039652824401855469e-01 -4.555591940879821777e-02 -1.184425577521324158e-01 -3.781175613403320312e-02 -4.439014494419097900e-01 -2.069009989500045776e-01 -1.474138647317886353e-01
1.692597009241580963e-02 -3.826826512813568115e-01 1.817994415760040283e-01 -4.674094319343566895e-01 4.610099494457244873e-01 -5.097416043281555176e-02 2.766854166984558105e-01 2.620647251605987549e-01 4.105918407440185547e-01 -9.385494515299797058e-03 2.938832342624664307e-01 2.985561192035675049e-01 1.091669574379920959e-01 -5.063230395317077637e-01 -4.482986927032470703e-01
2.201733924448490143e-02 -5.045550465583801270e-01 2.333556115627288818e-01 -1.517243534326553345e-01 3.916717171669006348e-01 -1.016364917159080505e-01 3.842345476150512695e-01 3.157089054584503174e-01 3.846803307533264160e-01 1.144164279103279114e-01 4.063915312290191650e-01 2.379751801490783691e-01 2.129166722297668457e-01 -5.850002765655517578e-01 -2.636046409606933594e-01
-7.922958582639694214e-02 -2.161634564399719238e-01 2.782263755798339844e-01 -4.320829808712005615e-01 3.245814740657806396e-01 -1.652209758758544922e-01 3.711550831794738770e-01 2.674497365951538086e-01 3.209597766399383545e-01 8.240878582000732422e-02 3.520054519176483154e-01 3.523208796977996826e-01 2.582646608352661133e-01 -4.014907777309417725e-01 -3.818687498569488525e-01
1.160889342427253723e-01 -1.392123997211456299e-01 5.876966565847396851e-02 -1.871158368885517120e-02 4.897799491882324219e-01 -1.941948533058166504e-01 2.151841521263122559e-01 6.846191734075546265e-02 1.445576995611190796e-01 -1.543781310319900513e-01 -5.681178532540798187e-03 -4.544076323509216309e-02 -2.751111090183258057e-01 -7.610885798931121826e-02 -1.501356810331344604e-01
5.432853940874338150e-03 -4.646899104118347168e-01 1.648571640253067017e-01 -4.645299613475799561e-01 4.703922569751739502e-01 -7.047507166862487793e-02 3.606534302234649658e-01 2.389234155416488647e-01 5.313574671745300293e-01 1.356203705072402954e-01 4.007697105407714844e-01 3.871287703514099121e-01 7.213983684778213501e-02 -5.156698226928710938e-01 -2.297831922769546509e-01
3.164725899696350098e-01 -5.253918096423149109e-02 -1.471973210573196411e-02 -2.937439978122711182e-01 4.626255929470062256e-01 -3.144396543502807617e-01 4.084883928298950195e-01 8.202902227640151978e-02 1.026897579431533813e-01 8.546955883502960205e-02 -9.072861634194850922e-03 -5.973386764526367188e-02 -4.348522126674652100e-01 -1.466284543275833130e-01 -1.726545244455337524e-01
2.288359552621841431e-01 -3.089502826333045959e-02 -2.025398463010787964e-01 -7.044641673564910889e-02 4.748175442218780518e-01 -2.905437052249908447e-01 1.312746107578277588e-01 -1.459965556859970093e-01 8.524752408266067505e-02 -4.182790964841842651e-02 1.635304689407348633e-01 1.748725585639476776e-02 -5.192144513130187988e-01 -4.433583468198776245e-02 -3.734827935695648193e-01
2.499117404222488403e-01 -2.850071787834167480e-01 1.993414908647537231e-01 -3.864167630672454834e-01 2.965379953384399414e-01 -2.090162634849548340e-01 2.973999679088592529e-01 1.896445602178573608e-01 4.099671244621276855e-01 2.174382954835891724e-01 -9.300682693719863892e-02 2.283279746770858765e-01 -4.489013552665710449e-01 1.769929006695747375e-02 -3.597150743007659912e-02
1.458500772714614868e-01 4.546988010406494141e-02 1.194724068045616150e-01 -8.987818658351898193e-02 6.101573109626770020e-01 -3.802769780158996582e-01 2.647943496704101562e-01 -1.743568927049636841e-01 1.075037941336631775e-01 -7.685966044664382935e-02 -8.588398247957229614e-02 6.542411446571350098e-02 -2.696940600872039795e-01 -1.545693725347518921e-01 -1.660197228193283081e-01
1.938478499650955200e-01 -1.199530065059661865e-02 1.487796753644943237e-01 -5.549097657203674316e-01 5.298842489719390869e-02 -5.436031818389892578e-01 5.026477575302124023e-01 6.166648864746093750e-02 2.744744420051574707e-01 2.317178994417190552e-01 -1.262395735830068588e-02 2.319069355726242065e-01 -8.572214096784591675e-02 -6.722892820835113525e-02 -4.149408936500549316e-01
2.597089111804962158e-01 -1.386311650276184082e-01 -1.397402137517929077e-01 -5.425887703895568848e-01 5.926664471626281738e-01 -1.963130831718444824e-01 1.865806579589843750e-01 -1.621498726308345795e-02 1.299536079168319702e-01 1.282455325126647949e-01 2.807102501392364502e-01 1.704732775688171387e-01 -7.064073085784912109e-01 -1.446527093648910522e-01 -3.653092384338378906e-01
4.595990180969238281e-01 -2.757128775119781494e-01 -2.129664272069931030e-02 -7.701290845870971680e-01 1.640827357769012451e-01 -5.322362184524536133e-01 5.489142537117004395e-01 3.086225986480712891e-01 4.299908578395843506e-01 1.957670897245407104e-01 3.130001723766326904e-01 1.444827467203140259e-01 -1.859354227781295776e-01 -1.555277407169342041e-02 -4.021168947219848633e-01
3.300726711750030518e-01 -1.989955008029937744e-01 -1.391947269439697266e-01 -7.516300082206726074e-01 1.424215435981750488e-01 -4.986864328384399414e-01 6.191272735595703125e-01 1.476544588804244995e-01 4.718134701251983643e-01 1.958865970373153687e-01 1.942739337682723999e-01 2.643501162528991699e-01 -1.079193428158760071e-01 3.471346199512481689e-02 -4.229058921337127686e-01
4.284757375717163086e-01 7.283234596252441406e-02 -6.155502051115036011e-02 -4.794706106185913086e-01 2.496954202651977539e-01 -4.767072200775146484e-01 5.821470022201538086e-01 2.343678381294012070e-03 2.169897258281707764e-01 2.024466544389724731e-01 1.961466073989868164e-01 2.826548814773559570e-01 -1.059741675853729248e-01 -8.929905295372009277e-02 -4.486002624034881592e-01
2.849463820457458496e-01 -8.811610192060470581e-02 -6.440080702304840088e-03 -4.631680846214294434e-01 1.913166940212249756e-01 -5.920575857162475586e-01 4.500876069068908691e-01 3.735131770372390747e-02 2.695952951908111572e-01 1.488205641508102417e-01 7.045035809278488159e-02 2.179056107997894287e-01 -1.297013014554977417e-01 5.217086523771286011e-02 -3.052953779697418213e-01
3.482514321804046631e-01 -2.331930249929428101e-01 1.096294075250625610e-01 -4.526452422142028809e-01 2.139267325401306152e-01 -4.128542542457580566e-01 4.644131362438201904e-01 7.974689453840255737e-02 3.065733313560485840e-01 2.606295049190521240e-01 7.789201289415359497e-02 4.251976311206817627e-02 -1.281076520681381226e-01 3.085702843964099884e-02 -2.781154215335845947e-01
2.908522784709930420e-01 -4.153805971145629883e-02 3.891306370496749878e-02 -1.724317818880081177e-01 5.268707275390625000e-01 -3.084586858749389648e-01 3.083319962024688721e-01 1.032361574470996857e-02 3.453398868441581726e-02 -1.597908325493335724e-02 -3.652893751859664917e-02 1.080637574195861816e-01 -3.838053345680236816e-01 -7.803656160831451416e-02 -1.721191853284835815e-01
-1.179208327084779739e-02 -2.862266600131988525e-01 1.415301710367202759e-01 -5.427607893943786621e-01 4.938224852085113525e-01 -1.233529299497604370e-01 3.382167220115661621e-01 3.034276068210601807e-01 5.889371633529663086e-01 3.517611324787139893e-02 3.705324828624725342e-01 4.039615988731384277e-01 -2.069267481565475464e-01 -5.707858204841613770e-01 -5.947844982147216797e-01
7.159704808145761490e-03 -2.199363708496093750e-01 2.375040799379348755e-01 -3.302628397941589355e-01 3.569097220897674561e-01 -2.797107696533203125e-01 3.350947201251983643e-01 2.027873396873474121e-01 2.980227470397949219e-01 5.824046675115823746e-03 4.701652228832244873e-01 2.866956293582916260e-01 2.375199496746063232e-01 -4.762917757034301758e-01 -4.363603889942169189e-01
