-2.656517505645751953e+00 3.469931364059448242e+00 -4.137280881404876709e-01 -2.334825515747070312e+00 -1.043199300765991211e+00
1.218412280082702637e+00 5.643842220306396484e-01 -1.666457176208496094e+00 -3.757370233535766602e+00 2.284106612205505371e-01
-4.669205665588378906e+00 1.486867904663085938e+00 -2.329057455062866211e+00 7.916164994239807129e-01 -1.209612846374511719e+00
-3.651813745498657227e+00 5.161803722381591797e+00 5.109176635742187500e+00 -1.978440165519714355e+00 -1.147659182548522949e+00
-3.574034929275512695e+00 2.439592778682708740e-01 -8.891962170600891113e-01 -1.076380372047424316e+00 1.904687881469726562e+00
2.091651201248168945e+00 1.819421768188476562e+00 -6.179338097572326660e-01 -1.857722520828247070e+00 1.920081496238708496e+00
9.497674107551574707e-01 1.111261844635009766e+00 9.876220822334289551e-01 -5.877537131309509277e-01 6.482211947441101074e-01
-3.797939538955688477e+00 5.623728036880493164e-01 -1.205834269523620605e+00 -1.307086229324340820e+00 3.496509075164794922e+00
-3.813952803611755371e-01 1.895438432693481445e+00 1.126058816909790039e+00 -1.932438611984252930e+00 3.812399506568908691e-02
-1.264998197555541992e+00 -1.282605409622192383e+00 1.571078747510910034e-01 -3.857401371002197266e+00 -1.124537885189056396e-01
-2.735894441604614258e+00 1.091904163360595703e+00 1.011364907026290894e-01 1.332785487174987793e+00 1.488286554813385010e-01
1.855351805686950684e+00 1.020673632621765137e+00 1.557568192481994629e+00 -3.019084453582763672e+00 1.689050793647766113e+00
-1.052600860595703125e+00 -8.580639958381652832e-02 1.353043556213378906e+00 -1.477770209312438965e+00 1.340704798698425293e+00
-2.579260349273681641e+00 -3.101451694965362549e-01 -1.902935624122619629e+00 3.316966056823730469e+00 2.500927925109863281e+00
2.272573560476303101e-01 -6.160981655120849609e-01 -2.737932205200195312e-01 -3.199084281921386719e+00 1.406737118959426880e-01
-4.913579940795898438e+00 7.182074785232543945e-01 -1.872457385063171387e+00 1.502111077308654785e+00 2.409673690795898438e+00
-1.764485359191894531e+00 -1.218456506729125977e+00 -2.706661939620971680e+00 7.382041215896606445e-02 -7.821575403213500977e-01
-2.837014913558959961e+00 3.062612056732177734e+00 -8.714824318885803223e-01 -1.430170834064483643e-01 2.010204046964645386e-01
-2.726664781570434570e+00 1.397472143173217773e+00 -7.840939164161682129e-01 1.616048216819763184e-01 -1.069974899291992188e+00
-2.659041166305541992e+00 2.231940925121307373e-01 1.843230366706848145e+00 -2.216848611831665039e+00 2.517890214920043945e+00
-2.138080835342407227e+00 3.724254131317138672e+00 -1.261464715003967285e+00 -5.395312905311584473e-01 3.511019468307495117e+00
-2.060557126998901367e+00 3.595762014389038086e+00 3.939351141452789307e-01 6.635850071907043457e-01 2.063921451568603516e+00
-1.846684336662292480e+00 2.085720777511596680e+00 5.465469956398010254e-01 -5.793552994728088379e-01 7.252561450004577637e-01
1.375404715538024902e+00 1.914256334304809570e+00 1.290457010269165039e+00 -7.341910004615783691e-01 3.108609437942504883e+00
-9.051229059696197510e-02 2.292382717132568359e-01 8.846293091773986816e-01 -2.030113935470581055e-01 1.495081424713134766e+00
-4.538767814636230469e+00 6.052156686782836914e-01 2.017286539077758789e+00 -2.455187320709228516e+00 -5.047549605369567871e-01
-2.598840236663818359e+00 -4.971018135547637939e-01 1.175809502601623535e+00 -1.091176390647888184e+00 5.095880031585693359e+00
-2.942966938018798828e+00 -1.134399294853210449e+00 -1.292000889778137207e+00 -2.044025659561157227e+00 1.406968116760253906e+00
-3.658512830734252930e-01 3.408460915088653564e-01 1.928352475166320801e+00 4.773532748222351074e-01 1.340813279151916504e+00
-4.738678932189941406e+00 9.598774909973144531e-01 -6.886509656906127930e-01 -1.436757087707519531e+00 2.415564060211181641e+00
-2.888094902038574219e+00 2.682015895843505859e+00 2.271001577377319336e+00 -2.133598804473876953e+00 3.284057974815368652e-02
-1.184764027595520020e+00 5.103546619415283203e+00 -2.435431241989135742e+00 6.827972829341888428e-02 -3.886476457118988037e-01
-3.028423488140106201e-01 -4.212875664234161377e-01 -4.433350086212158203e+00 -1.330608963966369629e+00 3.531320095062255859e+00
3.280032575130462646e-01 -3.012147188186645508e+00 3.286615908145904541e-01 -2.981337606906890869e-01 2.391085386276245117e+00
6.550000905990600586e-01 3.370736360549926758e+00 1.265772461891174316e+00 -2.498525977134704590e-01 2.868143320083618164e+00
-1.768700599670410156e+00 -5.540263056755065918e-01 -6.179323196411132812e-01 1.081659793853759766e+00 6.800637841224670410e-01
9.011789560317993164e-01 1.121316194534301758e+00 2.389972507953643799e-01 -3.251659393310546875e+00 -5.713343024253845215e-01
-2.580433130264282227e+00 -1.299522519111633301e+00 -1.967390298843383789e+00 4.040395617485046387e-01 3.748580932617187500e+00
3.494339063763618469e-02 2.459558248519897461e+00 -1.077111124992370605e+00 6.248369812965393066e-01 -2.174458026885986328e+00
-3.640760183334350586e-01 2.443157196044921875e+00 -1.433020830154418945e+00 -2.395743846893310547e+00 -2.969575405120849609e+00
-8.777713179588317871e-01 -8.566332459449768066e-01 -2.839138269424438477e+00 1.244224190711975098e+00 -3.245428800582885742e+00
4.081787765026092529e-01 1.735011339187622070e-01 -1.968160867691040039e+00 -8.961560130119323730e-01 -3.970399200916290283e-01
-3.300728559494018555e+00 2.453419923782348633e+00 8.683949112892150879e-01 -7.183605432510375977e-02 1.022668600082397461e+00
-1.274810791015625000e+00 1.839539527893066406e+00 -2.397503614425659180e+00 1.776664733886718750e+00 2.164509773254394531e+00
-6.085115909576416016e+00 2.560366392135620117e+00 -1.239307641983032227e+00 1.328620553016662598e+00 3.452655315399169922e+00
-2.727761745452880859e+00 4.343960762023925781e+00 -1.687308669090270996e+00 -1.514752984046936035e+00 -2.353621482849121094e+00
2.394012451171875000e+00 2.895380735397338867e+00 -1.965840816497802734e+00 5.475322604179382324e-01 -1.382592797279357910e+00
-5.525823831558227539e-01 2.310174465179443359e+00 -5.090684890747070312e-01 -1.606957316398620605e+00 1.028792500495910645e+00
1.019269347190856934e+00 8.403503894805908203e-01 -6.635401248931884766e-01 -3.285307884216308594e+00 -4.719873368740081787e-01
-1.170731186866760254e+00 -5.787923336029052734e-01 -8.997741341590881348e-01 2.045413017272949219e+00 9.916319251060485840e-01
2.706108331680297852e+00 1.453823566436767578e+00 -8.110650181770324707e-01 1.086492419242858887e+00 -2.255996465682983398e-01
-1.529937863349914551e+00 2.305832862854003906e+00 1.173725843429565430e+00 -1.224557995796203613e+00 -6.597359776496887207e-01
-3.697043180465698242e+00 2.106439590454101562e+00 2.056079626083374023e+00 9.620128199458122253e-03 1.229411959648132324e+00
-4.162138938903808594e+00 4.589916229248046875e+00 -5.958918929100036621e-01 2.846345901489257812e+00 4.057792663574218750e+00
-3.246897697448730469e+00 1.124039411544799805e+00 -8.154634237289428711e-01 -4.204772472381591797e+00 2.524574279785156250e+00
-6.694493889808654785e-01 4.635342597961425781e+00 1.155368924140930176e+00 -3.357189893722534180e+00 -1.165078163146972656e+00
-2.987692594528198242e+00 1.829032182693481445e+00 -1.643845200538635254e+00 -3.909299969673156738e-01 3.486920297145843506e-01
-3.036917924880981445e+00 -3.454549610614776611e-01 9.171999990940093994e-02 -1.115902304649353027e+00 2.139841556549072266e+00
-2.189952611923217773e+00 1.826594829559326172e+00 -3.673457384109497070e+00 -4.078567624092102051e-01 9.144332408905029297e-01
-2.894598007202148438e+00 2.247235298156738281e+00 1.766883969306945801e+00 1.041951060295104980e+00 2.663187265396118164e+00
-1.805024266242980957e+00 3.424705266952514648e+00 -7.791568636894226074e-01 -9.544197916984558105e-01 -5.230253338813781738e-01
2.366774156689643860e-02 1.236604213714599609e+00 -3.777133226394653320e+00 -1.431027531623840332e+00 5.947188735008239746e-01
-2.369245052337646484e+00 2.393314361572265625e+00 5.499879717826843262e-01 2.250698208808898926e-01 1.170290350914001465e+00
-1.895580410957336426e+00 2.414767265319824219e+00 5.544570684432983398e-01 -2.403142154216766357e-01 -1.796526312828063965e+00
-2.996704816818237305e+00 2.942741632461547852e+00 4.588828980922698975e-02 -1.399315237998962402e+00 -6.060853600502014160e-01
-2.420150279998779297e+00 2.124196290969848633e+00 -1.677887558937072754e+00 1.699523925781250000e+00 9.754242897033691406e-01
-1.615741848945617676e+00 7.106574773788452148e-01 1.025051951408386230e+00 1.402485370635986328e+00 1.891795039176940918e+00
-3.143539667129516602e+00 1.568863391876220703e+00 5.780779719352722168e-01 -2.084955692291259766e+00 1.911759614944458008e+00
1.562680602073669434e+00 -1.820171356201171875e+00 1.354408025741577148e+00 2.081077694892883301e-01 2.908912658691406250e+00
-2.323417663574218750e+00 1.698863387107849121e+00 -3.984418809413909912e-01 2.510920524597167969e+00 3.172349691390991211e+00
-4.444739818572998047e-01 2.099415302276611328e+00 -5.111964344978332520e-01 -2.005349159240722656e+00 1.520304203033447266e+00
-1.364472627639770508e+00 2.865990400314331055e+00 8.769323825836181641e-01 -2.156579196453094482e-01 1.869855821132659912e-01
-1.746932506561279297e+00 3.759727716445922852e+00 7.454051971435546875e-01 -1.469163775444030762e+00 1.626279830932617188e+00
-5.346455574035644531e-01 4.063833236694335938e+00 -8.852458596229553223e-01 -1.531558394432067871e+00 1.781786203384399414e+00
8.011325597763061523e-01 1.202014386653900146e-01 -3.427623808383941650e-01 -1.841082692146301270e+00 1.609779119491577148e+00
-3.683949232101440430e+00 1.135813713073730469e+00 2.074455022811889648e+00 5.659313797950744629e-01 3.215667486190795898e+00
-1.910103201866149902e+00 1.330128550529479980e+00 -2.905587911605834961e+00 6.464248895645141602e-02 -2.216715514659881592e-01
1.033170104026794434e+00 -6.899920292198657990e-03 -2.074778825044631958e-01 1.315090537071228027e+00 4.081127643585205078e+00
-3.462643623352050781e+00 9.511817097663879395e-01 1.848284602165222168e+00 -1.437732338905334473e+00 2.543888807296752930e+00
-1.234335899353027344e+00 4.316431045532226562e+00 -5.849508285522460938e+00 -1.361810684204101562e+00 1.043978571891784668e+00
3.248128294944763184e-01 6.247932910919189453e-01 8.279950022697448730e-01 -1.073706150054931641e+00 1.955834865570068359e+00
-3.804395914077758789e+00 3.174814879894256592e-01 -5.343188643455505371e-01 9.587839841842651367e-01 1.140370488166809082e+00
-7.588835954666137695e-01 3.376635074615478516e+00 -1.780233532190322876e-01 -2.046102285385131836e+00 7.285729050636291504e-01
1.639836430549621582e+00 2.544521570205688477e+00 -3.667643666267395020e-01 1.462022066116333008e-01 9.249994158744812012e-01
-2.842963933944702148e-01 -1.223039627075195312e+00 -4.664618670940399170e-01 -1.844569087028503418e+00 7.135407328605651855e-01
-2.329884767532348633e+00 5.043234825134277344e-01 2.885742811486124992e-03 -3.761371850967407227e+00 2.026212215423583984e-02
6.269067525863647461e-01 3.035422801971435547e+00 1.296812146902084351e-01 -4.437222480773925781e-01 -8.530029654502868652e-01
-2.938464403152465820e+00 2.244988441467285156e+00 2.971678972244262695e+00 -1.999933481216430664e+00 3.975637912750244141e+00
-1.269554734230041504e+00 9.112367630004882812e-01 4.472955130040645599e-03 4.741220474243164062e-01 1.172863006591796875e+00
-6.830921769142150879e-01 4.610668182373046875e+00 2.013030529022216797e+00 -2.062163352966308594e+00 1.125750541687011719e+00
-1.178527832031250000e+00 -3.773666322231292725e-01 -4.787243306636810303e-01 -6.177557110786437988e-01 5.497071146965026855e-01
3.224032878875732422e+00 1.190227746963500977e+00 2.023929834365844727e+00 -3.482824563980102539e-02 -1.244347929954528809e+00
-1.613494396209716797e+00 3.833006381988525391e+00 -1.867995738983154297e+00 -1.773693203926086426e+00 -9.747967123985290527e-02
1.937539428472518921e-01 -1.813905954360961914e+00 -3.897714376449584961e+00 -1.745713233947753906e+00 -4.892457485198974609e+00
-3.374882459640502930e+00 5.899552822113037109e+00 -2.821501970291137695e+00 2.115395784378051758e+00 1.139586567878723145e+00
-7.597178220748901367e-01 1.662754654884338379e+00 -2.764653682708740234e+00 -6.441290974617004395e-01 -1.433779239654541016e+00
-3.839453220367431641e+00 -6.187089905142784119e-02 4.456036388874053955e-01 8.075476288795471191e-01 1.918332338333129883e+00
1.237774938344955444e-01 1.656256437301635742e+00 2.420851945877075195e+00 -2.086701631546020508e+00 1.221023321151733398e+00
-2.158175468444824219e+00 4.306231811642646790e-02 -1.303636670112609863e+00 2.576732873916625977e+00 4.433109164237976074e-01
-2.776026010513305664e+00 -1.564292669296264648e+00 1.974072903394699097e-01 -6.489481329917907715e-01 -1.838981807231903076e-01
