8.744782209396362305e-01 -1.126948237419128418e+00 -9.896783232688903809e-01 1.109343886375427246e+00 3.463176786899566650e-01
-2.308237791061401367e+00 -1.463198512792587280e-01 1.766152501106262207e+00 -1.830696344375610352e+00 -9.727927446365356445e-01
3.144128322601318359e-01 1.265209674835205078e+00 5.033537149429321289e-01 6.588861346244812012e-01 8.682792186737060547e-01
3.594616651535034180e-01 1.283496379852294922e+00 1.470846772193908691e+00 8.593614101409912109e-01 3.060510158538818359e-01
-2.475515842437744141e+00 -3.433572053909301758e-01 2.046460866928100586e+00 -1.857321858406066895e+00 -1.058288216590881348e+00
1.117565035820007324e+00 -9.652122855186462402e-01 -1.216838836669921875e+00 1.096761703491210938e+00 6.044802665710449219e-01
-5.794513225555419922e-01 8.930684626102447510e-02 -1.267812490463256836e+00 -1.101649999618530273e+00 1.292589545249938965e+00
4.325920939445495605e-01 1.410362243652343750e+00 3.227377235889434814e-01 7.343302369117736816e-01 8.850952386856079102e-01
-5.010076761245727539e-01 1.109089970588684082e+00 -8.503786921501159668e-01 -2.843361198902130127e-01 -2.553887367248535156e+00
-2.195914506912231445e+00 -5.693529546260833740e-02 1.424155592918395996e+00 -1.560871720314025879e+00 -6.778647899627685547e-01
-5.689166784286499023e-01 1.132113486528396606e-01 -1.424155712127685547e+00 -1.195910573005676270e+00 1.251044511795043945e+00
4.174852371215820312e-01 1.391319036483764648e+00 2.952403128147125244e-01 7.678679823875427246e-01 7.293819189071655273e-01
-5.035782456398010254e-01 -2.344367355108261108e-01 -1.323097586631774902e+00 -1.562271475791931152e+00 1.349248170852661133e+00
2.293507903814315796e-01 1.377827167510986328e+00 1.147062778472900391e+00 8.909927010536193848e-01 3.216840028762817383e-01
-2.195486068725585938e+00 -2.397367805242538452e-01 1.649553775787353516e+00 -1.754410862922668457e+00 -8.410403728485107422e-01
1.087592363357543945e+00 -1.237479805946350098e+00 -1.056474089622497559e+00 1.171995759010314941e+00 4.134968221187591553e-01
1.204639554023742676e+00 -1.797811508178710938e+00 -9.339750409126281738e-01 1.180401563644409180e+00 4.869748950004577637e-01
9.306341409683227539e-01 -1.206466197967529297e+00 -9.873473048210144043e-01 1.119828462600708008e+00 3.701814711093902588e-01
-7.700756192207336426e-01 -3.557039499282836914e-01 -1.309712290763854980e+00 -1.799313187599182129e+00 1.349105715751647949e+00
1.187175154685974121e+00 -1.689825534820556641e+00 -1.009914994239807129e+00 8.944116234779357910e-01 6.406096220016479492e-01
1.163999676704406738e+00 -1.551094889640808105e+00 -8.935315012931823730e-01 1.240652799606323242e+00 5.138801336288452148e-01
1.217721104621887207e+00 -1.577617168426513672e+00 -9.304106831550598145e-01 1.248890995979309082e+00 4.319486916065216064e-01
4.411877393722534180e-01 1.345774888992309570e+00 1.642839461565017700e-01 5.749017596244812012e-01 1.049211621284484863e+00
4.487188458442687988e-01 1.289373636245727539e+00 3.896493613719940186e-01 7.862518429756164551e-01 8.894050717353820801e-01
1.251126408576965332e+00 -1.207299232482910156e+00 -1.149040102958679199e+00 1.236602067947387695e+00 4.783042967319488525e-01
3.382561206817626953e-01 1.346935868263244629e+00 6.553892493247985840e-01 8.745593428611755371e-01 7.309829592704772949e-01
-3.085257411003112793e-01 1.230466961860656738e+00 -1.227620124816894531e+00 2.562520280480384827e-02 -1.502836227416992188e+00
4.072859287261962891e-01 1.282661199569702148e+00 2.088877707719802856e-01 8.595585227012634277e-01 1.024977564811706543e+00
2.973692417144775391e-01 1.409216046333312988e+00 1.690315157175064087e-01 5.675011277198791504e-01 9.868911504745483398e-01
4.381943345069885254e-01 1.319662332534790039e+00 1.149469241499900818e-01 6.520406603813171387e-01 9.639247655868530273e-01
1.880647987127304077e-01 1.361261606216430664e+00 4.422728121280670166e-01 5.622879862785339355e-01 9.566103816032409668e-01
2.071091979742050171e-01 1.227807641029357910e+00 1.190344810485839844e+00 9.049720764160156250e-01 5.650835037231445312e-01
1.134255051612854004e+00 -1.465361714363098145e+00 -1.094389796257019043e+00 1.114168882369995117e+00 5.371014475822448730e-01
-5.354982614517211914e-01 -4.677125215530395508e-01 -1.209770083427429199e+00 -1.876894831657409668e+00 1.455923676490783691e+00
4.166960716247558594e-01 1.246597647666931152e+00 3.036976754665374756e-01 6.725332140922546387e-01 9.440108537673950195e-01
-5.126421451568603516e-01 -7.074412107467651367e-01 -1.249475121498107910e+00 -2.050417184829711914e+00 1.585160613059997559e+00
3.698426485061645508e-01 1.336209058761596680e+00 4.716897904872894287e-01 8.050611615180969238e-01 8.326067924499511719e-01
2.585926055908203125e-01 1.290242075920104980e+00 2.586891949176788330e-01 7.132120728492736816e-01 9.417619705200195312e-01
-5.287299156188964844e-01 -2.118815034627914429e-01 -1.391754269599914551e+00 -1.374709844589233398e+00 1.289443254470825195e+00
1.870626062154769897e-01 1.064084529876708984e+00 2.376470804214477539e+00 7.848647236824035645e-01 -8.517538197338581085e-03
-4.863688945770263672e-01 1.110172390937805176e+00 -1.023777365684509277e+00 -3.247204050421714783e-02 -2.524099588394165039e+00
1.182859301567077637e+00 -1.454627275466918945e+00 -9.427664875984191895e-01 1.286889553070068359e+00 3.943892121315002441e-01
1.030768275260925293e+00 -1.671038031578063965e+00 -7.950773835182189941e-01 1.251884698867797852e+00 3.743858337402343750e-01
2.625273466110229492e-01 1.280992269515991211e+00 6.794203519821166992e-01 7.287276983261108398e-01 6.816923618316650391e-01
1.186640501022338867e+00 -1.664083361625671387e+00 -7.843043208122253418e-01 1.232842326164245605e+00 3.615846037864685059e-01
2.302273362874984741e-01 1.381193876266479492e+00 7.599909901618957520e-01 7.781283259391784668e-01 6.036717891693115234e-01
-3.455692529678344727e-01 1.045496344566345215e+00 -8.152090907096862793e-01 -4.300441592931747437e-03 -2.704474449157714844e+00
1.400038361549377441e+00 -1.762553334236145020e+00 -8.315641283988952637e-01 1.394322752952575684e+00 3.921536803245544434e-01
-2.146162509918212891e+00 -2.159032672643661499e-01 1.493478417396545410e+00 -1.523869276046752930e+00 -7.678871154785156250e-01
1.059443593025207520e+00 -1.381109237670898438e+00 -9.575374722480773926e-01 1.135398745536804199e+00 4.989632368087768555e-01
3.435765504837036133e-01 1.254779577255249023e+00 5.386925935745239258e-01 6.665940284729003906e-01 8.786138296127319336e-01
-7.303322553634643555e-01 -5.610662698745727539e-01 -1.275901436805725098e+00 -1.922468543052673340e+00 1.346071720123291016e+00
2.670652866363525391e-01 1.160392403602600098e+00 6.234702467918395996e-01 7.254627943038940430e-01 8.601318001747131348e-01
1.262853622436523438e+00 -1.896412253379821777e+00 -6.517459750175476074e-01 1.377135157585144043e+00 3.503409922122955322e-01
4.420037269592285156e-01 1.387381792068481445e+00 5.542632341384887695e-01 8.175448775291442871e-01 7.826616764068603516e-01
4.303650856018066406e-01 1.276081800460815430e+00 3.001494705677032471e-01 7.271568775177001953e-01 8.337816596031188965e-01
-1.862311512231826782e-01 1.098684787750244141e+00 -1.133597254753112793e+00 1.620787084102630615e-01 -1.796268105506896973e+00
-7.203296422958374023e-01 -7.540934085845947266e-01 -1.095762848854064941e+00 -2.104348182678222656e+00 1.307866811752319336e+00
2.371542304754257202e-01 1.265535712242126465e+00 2.300191074609756470e-01 5.431147217750549316e-01 8.355376720428466797e-01
4.361288547515869141e-01 1.195114612579345703e+00 2.093645483255386353e-01 7.631580233573913574e-01 1.004207372665405273e+00
-5.755269527435302734e-01 1.937259547412395477e-02 -1.467657923698425293e+00 -1.190001606941223145e+00 1.437947511672973633e+00
2.757839560508728027e-01 1.273566007614135742e+00 4.621254503726959229e-01 7.427843213081359863e-01 8.763133287429809570e-01
-2.169691473245620728e-01 1.381778001785278320e+00 -1.219914078712463379e+00 2.787939086556434631e-02 -1.714544415473937988e+00
-4.940207600593566895e-01 1.161934614181518555e+00 -9.792175889015197754e-01 -1.410879790782928467e-01 -2.007879495620727539e+00
1.319790482521057129e+00 -1.312698483467102051e+00 -1.236671805381774902e+00 1.239045500755310059e+00 5.693261623382568359e-01
1.304788827896118164e+00 -1.348989725112915039e+00 -1.146519303321838379e+00 1.279520630836486816e+00 6.192048192024230957e-01
-7.441908121109008789e-01 -2.065235823392868042e-01 -1.422704815864562988e+00 -1.517309427261352539e+00 1.310707569122314453e+00
3.891960382461547852e-01 1.284489393234252930e+00 3.412956297397613525e-01 7.548540234565734863e-01 8.185561299324035645e-01
-2.331350326538085938e+00 -4.077811837196350098e-01 2.000907897949218750e+00 -1.824561715126037598e+00 -9.204125404357910156e-01
1.088964462280273438e+00 -1.482526898384094238e+00 -1.089361548423767090e+00 1.205968379974365234e+00 4.724789559841156006e-01
-2.529309988021850586e-01 1.126148581504821777e+00 -1.119200348854064941e+00 -6.037076935172080994e-02 -2.158655643463134766e+00
-2.706977128982543945e-01 1.140970349311828613e+00 -1.021662116050720215e+00 1.585948839783668518e-02 -2.016720771789550781e+00
-3.184995055198669434e-01 1.075319766998291016e+00 -1.177516579627990723e+00 1.474718153476715088e-01 -1.804838180541992188e+00
-6.834994554519653320e-01 -2.352014631032943726e-01 -1.391120314598083496e+00 -1.616157412528991699e+00 1.374092459678649902e+00
-2.475066184997558594e+00 -1.866019815206527710e-01 1.717107415199279785e+00 -1.838087201118469238e+00 -8.566525578498840332e-01
-3.352026343345642090e-01 1.169707775115966797e+00 -1.020406484603881836e+00 -4.140832647681236267e-02 -2.359513044357299805e+00
-1.904447913169860840e+00 1.176146417856216431e-01 1.063320994377136230e+00 -1.265640854835510254e+00 -4.980177879333496094e-01
4.837718009948730469e-01 1.312374353408813477e+00 2.594327628612518311e-01 7.977281212806701660e-01 1.051254868507385254e+00
-2.422777563333511353e-01 1.180724382400512695e+00 -1.078372478485107422e+00 2.137726917862892151e-02 -1.945717453956604004e+00
-4.734683036804199219e-01 8.775354921817779541e-02 -1.521300911903381348e+00 -1.212911486625671387e+00 1.265389680862426758e+00
3.300321102142333984e-01 1.382691621780395508e+00 4.329810440540313721e-01 8.230636715888977051e-01 8.969119787216186523e-01
1.108558773994445801e+00 -2.058517932891845703e+00 -5.965482592582702637e-01 1.313458085060119629e+00 2.532525956630706787e-01
1.099619150161743164e+00 -1.712325811386108398e+00 -7.747756838798522949e-01 1.216940760612487793e+00 3.628981709480285645e-01
1.271216273307800293e+00 -1.307396769523620605e+00 -1.401990532875061035e+00 1.162011981010437012e+00 6.716009378433227539e-01
1.657081693410873413e-01 1.308796167373657227e+00 8.556132912635803223e-01 8.146168589591979980e-01 5.691926479339599609e-01
1.290503144264221191e+00 -1.779851913452148438e+00 -6.273104548454284668e-01 1.347809076309204102e+00 2.506888210773468018e-01
2.099397033452987671e-01 1.097526907920837402e+00 1.032769203186035156e+00 7.430034279823303223e-01 8.593664169311523438e-01
4.436693787574768066e-01 1.322077870368957520e+00 9.861834645271301270e-01 8.189476728439331055e-01 6.284090876579284668e-01
-2.842904925346374512e-01 1.256614446640014648e+00 -1.156661510467529297e+00 -2.123584970831871033e-02 -1.737364768981933594e+00
3.822572231292724609e-01 1.341701984405517578e+00 2.884686887264251709e-01 7.185861468315124512e-01 8.324221968650817871e-01
-5.072724819183349609e-01 3.236001133918762207e-01 -1.339219689369201660e+00 -9.159080982208251953e-01 1.271349191665649414e+00
3.417445421218872070e-01 1.136496543884277344e+00 1.738593935966491699e+00 6.697866320610046387e-01 3.439245522022247314e-01
-5.209326148033142090e-01 -5.427124500274658203e-01 -1.343136906623840332e+00 -1.723038434982299805e+00 1.485267639160156250e+00
-5.122692584991455078e-01 -3.578056097030639648e-01 -1.356973290443420410e+00 -1.657329201698303223e+00 1.434659838676452637e+00
-4.469262361526489258e-01 1.811571270227432251e-01 -1.410183072090148926e+00 -1.056024789810180664e+00 1.252692222595214844e+00
-5.506889224052429199e-01 6.508792936801910400e-02 -1.342304468154907227e+00 -1.180395364761352539e+00 1.312826037406921387e+00
-5.295740962028503418e-01 -1.729160994291305542e-01 -1.442046284675598145e+00 -1.416394591331481934e+00 1.401303410530090332e+00
3.609689474105834961e-01 1.307166218757629395e+00 4.251665771007537842e-01 7.846370339393615723e-01 7.689833641052246094e-01
1.100420117378234863e+00 -2.205989360809326172e+00 -4.225188791751861572e-01 1.202645182609558105e+00 1.886992454528808594e-01
1.027006983757019043e+00 -1.259099245071411133e+00 -1.100695490837097168e+00 1.049123048782348633e+00 4.955489933490753174e-01
