4.595066547393798828e+00 -1.056239366531372070e+00 -5.156945586204528809e-01 -9.068046569824218750e+00 -1.039801406860351562e+01 6.262505054473876953e+00 -1.014982795715332031e+01 -2.014711856842041016e+00 -6.078686714172363281e+00 -9.423559188842773438e+00 -2.460605382919311523e+00 1.445242762565612793e+00 -1.532540082931518555e+00 -9.621075987815856934e-01 1.020865917205810547e+01
1.060098648071289062e+00 7.114816308021545410e-01 4.850566864013671875e+00 -3.061930179595947266e+00 -6.203980445861816406e+00 9.287428855895996094e+00 -1.394731521606445312e+01 8.101297020912170410e-01 -4.355605125427246094e+00 -6.645222187042236328e+00 -4.613529205322265625e+00 7.490900516510009766e+00 -1.514155387878417969e+00 -5.513126850128173828e+00 7.128920078277587891e+00
2.390671730041503906e+00 -5.816159725189208984e+00 4.264140129089355469e+00 -5.862339019775390625e+00 -8.067041397094726562e+00 2.511877119541168213e-01 -1.471215724945068359e+01 2.835531234741210938e+00 -4.839755058288574219e+00 -4.429524898529052734e+00 -3.349219322204589844e+00 2.164475679397583008e+00 -5.396470546722412109e+00 -8.089699745178222656e+00 7.247413396835327148e-01
-2.940115451812744141e+00 -1.283799529075622559e+00 5.872837543487548828e+00 -9.548144936561584473e-01 -7.254232883453369141e+00 1.238649559020996094e+01 -1.208413600921630859e+01 3.032757282257080078e+00 -1.130918025970458984e+01 -7.002370357513427734e+00 -6.624461174011230469e+00 2.744942188262939453e+00 -4.418484687805175781e+00 3.149837732315063477e+00 1.132662653923034668e+00
2.921478152275085449e-01 3.142380714416503906e+00 1.319953918457031250e+00 -3.130795955657958984e+00 -6.621997356414794922e+00 6.096549987792968750e+00 -7.479119300842285156e+00 2.590034484863281250e+00 -1.361024475097656250e+01 -8.997798919677734375e+00 -2.194999694824218750e+00 3.657652616500854492e+00 -7.520243644714355469e+00 -7.693285346031188965e-01 6.536742210388183594e+00
1.871962785720825195e+00 6.630660295486450195e-01 2.139917135238647461e+00 -5.263784885406494141e+00 -6.462240219116210938e+00 6.664248466491699219e+00 -9.664278030395507812e+00 -1.004433870315551758e+00 -7.142300128936767578e+00 -1.045084381103515625e+01 -2.766631841659545898e+00 1.369811892509460449e+00 -1.712279200553894043e+00 -1.535712122917175293e+00 9.866517066955566406e+00
1.087791204452514648e+00 -2.390983343124389648e+00 3.914832115173339844e+00 -4.155920505523681641e+00 -5.678842544555664062e+00 4.769262373447418213e-01 -1.419058322906494141e+01 3.905644893646240234e+00 -5.746915817260742188e+00 -4.950913906097412109e+00 -3.332551479339599609e+00 1.668395638465881348e+00 -4.864696979522705078e+00 -7.475695610046386719e+00 -5.142646282911300659e-02
2.368430614471435547e+00 -5.752684116363525391e+00 4.956134319305419922e+00 -6.157315731048583984e+00 -8.560856819152832031e+00 2.127145290374755859e+00 -1.452383422851562500e+01 4.662998676300048828e+00 -5.787846088409423828e+00 -4.204522132873535156e+00 -3.332645893096923828e+00 1.635442852973937988e+00 -4.999894142150878906e+00 -7.889919281005859375e+00 1.731085032224655151e-02
3.849034786224365234e+00 3.870359659194946289e+00 4.222968101501464844e+00 -3.097776889801025391e+00 -6.331305980682373047e+00 2.460755109786987305e+00 -9.760176658630371094e+00 3.869218349456787109e+00 -7.001279354095458984e+00 -1.119814109802246094e+01 1.485426723957061768e-01 3.246189117431640625e+00 -2.505001783370971680e+00 -7.651180267333984375e+00 6.017166137695312500e+00
1.632710695266723633e+00 4.741245508193969727e-01 2.099135875701904297e+00 -4.485283374786376953e+00 -5.698746204376220703e+00 6.864918231964111328e+00 -9.276693344116210938e+00 -8.676056265830993652e-01 -5.484257698059082031e+00 -1.016314315795898438e+01 -2.522633075714111328e+00 1.514613151550292969e+00 -1.323701858520507812e+00 -8.578239083290100098e-01 1.017552566528320312e+01
3.488867282867431641e-01 3.384780883789062500e+00 2.260063409805297852e+00 -3.206270217895507812e+00 -6.766792774200439453e+00 6.683557987213134766e+00 -6.548579216003417969e+00 2.879197120666503906e+00 -1.361787986755371094e+01 -8.276874542236328125e+00 -2.292084217071533203e+00 4.055661678314208984e+00 -7.557376861572265625e+00 -1.315166115760803223e+00 7.221996307373046875e+00
5.223442316055297852e-01 3.561115026473999023e+00 1.400369286537170410e+00 -3.861866950988769531e+00 -8.396908760070800781e+00 4.061040401458740234e+00 -4.268948554992675781e+00 3.059702396392822266e+00 -1.050953388214111328e+01 -6.710103034973144531e+00 -2.206429004669189453e+00 3.662437200546264648e+00 -7.155917644500732422e+00 -6.626091599464416504e-01 7.411695003509521484e+00
3.340606689453125000e+00 2.291313648223876953e+00 1.142060399055480957e+00 2.041419982910156250e+00 -1.055014133453369141e+01 3.173943519592285156e+00 -1.113080310821533203e+01 2.749856710433959961e+00 -1.129620647430419922e+01 -6.386378765106201172e+00 -3.037789106369018555e+00 4.996905475854873657e-02 -9.987112998962402344e+00 -1.054870128631591797e+00 -1.202650293707847595e-01
1.153459668159484863e+00 -2.747427940368652344e+00 4.114870071411132812e+00 -4.322836875915527344e+00 -6.057345867156982422e+00 1.775106549263000488e+00 -1.344349956512451172e+01 4.361716747283935547e+00 -4.703637599945068359e+00 -4.811192035675048828e+00 -3.447026014328002930e+00 2.168972969055175781e+00 -5.873017311096191406e+00 -8.331147193908691406e+00 8.090423345565795898e-01
2.784931421279907227e+00 3.558952569961547852e+00 4.032960414886474609e+00 -2.861771583557128906e+00 -5.718611240386962891e+00 4.031714916229248047e+00 -9.175219535827636719e+00 5.014377593994140625e+00 -8.316834449768066406e+00 -1.061760520935058594e+01 2.711154520511627197e-01 2.902854681015014648e+00 -2.455335617065429688e+00 -8.584009170532226562e+00 6.594438076019287109e+00
3.870171904563903809e-01 3.083738565444946289e+00 1.322580575942993164e+00 -2.840610027313232422e+00 -6.599553108215332031e+00 5.219535827636718750e+00 -6.381558895111083984e+00 1.823655962944030762e+00 -1.290647888183593750e+01 -7.899901866912841797e+00 -2.015532016754150391e+00 3.358720779418945312e+00 -7.355576515197753906e+00 -3.532208800315856934e-01 7.417984485626220703e+00
-3.586916923522949219e-01 8.903998374938964844e+00 3.088985681533813477e+00 -1.519615888595581055e+00 -6.013667583465576172e+00 5.044071197509765625e+00 -1.226234722137451172e+01 1.956597328186035156e+00 -6.038581371307373047e+00 1.718549966812133789e+00 -4.812397480010986328e+00 4.676503658294677734e+00 -6.061465740203857422e+00 -3.378959417343139648e+00 1.847494602203369141e+00
2.648575305938720703e-01 3.824263095855712891e+00 3.774960994720458984e+00 -4.103031635284423828e+00 -3.188137054443359375e+00 6.960564613342285156e+00 -9.846881866455078125e+00 7.561258792877197266e+00 -6.924321174621582031e+00 -4.696484088897705078e+00 5.928122401237487793e-01 9.444843292236328125e+00 -9.506045341491699219e+00 -7.919389724731445312e+00 1.375699877738952637e+00
-6.363612413406372070e-01 1.871554970741271973e+00 3.167593240737915039e+00 -1.499066948890686035e+00 -5.359967231750488281e+00 4.941135406494140625e+00 -1.183348178863525391e+01 6.113744378089904785e-01 -7.105094909667968750e+00 -2.680698633193969727e+00 -7.393298625946044922e+00 3.665661573410034180e+00 1.376164197921752930e+00 -1.245407223701477051e+00 4.748777151107788086e-01
-5.861506462097167969e-01 1.735815405845642090e+00 3.002615928649902344e+00 -1.506840825080871582e+00 -5.315412998199462891e+00 6.873662471771240234e+00 -1.549745845794677734e+01 8.899006843566894531e-01 -9.548262596130371094e+00 -3.222924709320068359e+00 -6.937218666076660156e+00 4.207781314849853516e+00 1.265052676200866699e+00 -2.063047647476196289e+00 8.734474778175354004e-01
-3.230982780456542969e+00 -1.180107593536376953e+00 7.080410957336425781e+00 -1.276301264762878418e+00 -8.467645645141601562e+00 1.199292278289794922e+01 -1.044420146942138672e+01 1.257209897041320801e+00 -8.934918403625488281e+00 -3.143802881240844727e+00 -6.804385185241699219e+00 2.595328092575073242e+00 -4.180212974548339844e+00 3.343146085739135742e+00 1.614135503768920898e+00
2.202342510223388672e+00 4.839509129524230957e-01 7.142379760742187500e+00 -4.098067760467529297e+00 -9.919518470764160156e+00 9.980017662048339844e+00 -1.411126041412353516e+01 8.122292160987854004e-01 -4.221183300018310547e+00 -5.902391910552978516e+00 -4.277433872222900391e+00 6.738457202911376953e+00 -1.195824623107910156e+00 -5.252462863922119141e+00 6.508639335632324219e+00
1.846267700195312500e+00 -3.974814891815185547e+00 4.471630096435546875e+00 -5.360725879669189453e+00 -7.375852108001708984e+00 1.728883385658264160e+00 -1.410253810882568359e+01 4.315817832946777344e+00 -5.821545124053955078e+00 -4.785645008087158203e+00 -3.321447372436523438e+00 1.852182745933532715e+00 -5.463557720184326172e+00 -7.820744514465332031e+00 -3.448283076286315918e-01
-3.784053802490234375e+00 -2.290232658386230469e+00 6.427886962890625000e+00 -4.814516007900238037e-01 -7.967507839202880859e+00 1.072379779815673828e+01 -1.137465763092041016e+01 1.525751233100891113e+00 -8.771700859069824219e+00 -5.927620410919189453e+00 -6.800853252410888672e+00 3.265731334686279297e+00 -5.403241634368896484e+00 2.842844963073730469e+00 2.018013477325439453e+00
-2.565555095672607422e+00 -9.171701073646545410e-01 5.626086711883544922e+00 -1.111054778099060059e+00 -6.663923740386962891e+00 1.170729351043701172e+01 -1.185931110382080078e+01 1.687106847763061523e+00 -8.787917137145996094e+00 -6.820765018463134766e+00 -6.196234226226806641e+00 3.479691028594970703e+00 -3.957768440246582031e+00 3.589845895767211914e+00 2.437387704849243164e+00
9.381188154220581055e-01 5.322959423065185547e+00 6.986613869667053223e-01 -4.905349254608154297e+00 -1.241256332397460938e+01 5.481370925903320312e+00 -6.887756824493408203e+00 2.689114332199096680e+00 -1.268245220184326172e+01 -8.130167961120605469e+00 -2.352340698242187500e+00 3.193403959274291992e+00 -8.072619438171386719e+00 -1.276084899902343750e+00 7.205379009246826172e+00
5.134115695953369141e+00 1.085346102714538574e+00 -1.596637606620788574e+00 4.502430438995361328e+00 -1.440146446228027344e+01 4.834526538848876953e+00 -1.390697193145751953e+01 3.269486188888549805e+00 -1.379167079925537109e+01 -6.973423480987548828e+00 -3.151742935180664062e+00 4.223809391260147095e-02 -1.023519802093505859e+01 -8.545677065849304199e-01 1.016347184777259827e-01
3.129020690917968750e+00 3.741389989852905273e+00 4.280596733093261719e+00 -3.077863693237304688e+00 -6.086015224456787109e+00 2.832457304000854492e+00 -6.784348964691162109e+00 4.000938892364501953e+00 -7.018729686737060547e+00 -9.596935272216796875e+00 5.455486178398132324e-01 2.679808139801025391e+00 -2.177174329757690430e+00 -8.258714675903320312e+00 5.532992362976074219e+00
2.524603843688964844e+00 -5.986517429351806641e+00 5.243264675140380859e+00 -6.158527374267578125e+00 -8.865158081054687500e+00 8.893557190895080566e-01 -1.355140972137451172e+01 3.978343009948730469e+00 -5.225140571594238281e+00 -4.250673294067382812e+00 -3.586054325103759766e+00 2.485671997070312500e+00 -5.860433101654052734e+00 -8.850543975830078125e+00 1.871070027351379395e+00
-8.200931549072265625e-01 2.051375627517700195e+00 3.674794673919677734e+00 -1.350216984748840332e+00 -7.751067161560058594e+00 4.844445228576660156e+00 -1.297073459625244141e+01 2.318767756223678589e-01 -6.832190513610839844e+00 -2.952579259872436523e+00 -6.991475105285644531e+00 3.840952634811401367e+00 1.223242521286010742e+00 -1.102980971336364746e+00 3.628048598766326904e-01
1.403841495513916016e+00 8.214474678039550781e+00 6.586257934570312500e+00 -9.463085174560546875e+00 -4.289949893951416016e+00 4.811763763427734375e+00 -9.281057357788085938e+00 6.916248321533203125e+00 -4.943463802337646484e+00 -3.249343633651733398e+00 5.691349506378173828e-01 9.023320198059082031e+00 -8.800541877746582031e+00 -7.540571212768554688e+00 1.082263827323913574e+00
-1.050021886825561523e+00 2.655250787734985352e+00 4.484629631042480469e+00 -1.358739972114562988e+00 -9.347249031066894531e+00 4.476107597351074219e+00 -1.427802848815917969e+01 1.310613632202148438e+00 -8.507699012756347656e+00 -2.579262971878051758e+00 -7.388380527496337891e+00 4.150182247161865234e+00 1.521724343299865723e+00 -2.091319799423217773e+00 1.705411434173583984e+00
1.399766921997070312e+00 8.664463996887207031e+00 6.843879699707031250e+00 -1.013078212738037109e+01 -4.318042755126953125e+00 6.605132102966308594e+00 -9.873415946960449219e+00 7.101151943206787109e+00 -7.326763629913330078e+00 -3.402944564819335938e+00 6.617618203163146973e-01 8.973814964294433594e+00 -8.984129905700683594e+00 -7.527843952178955078e+00 1.516742706298828125e+00
-4.165142536163330078e+00 -2.219937086105346680e+00 7.402259349822998047e+00 -6.481412053108215332e-01 -9.005434989929199219e+00 1.228086757659912109e+01 -1.134128284454345703e+01 1.565262556076049805e+00 -8.826482772827148438e+00 -5.322965145111083984e+00 -7.229430675506591797e+00 2.662076711654663086e+00 -4.557959556579589844e+00 3.267886877059936523e+00 2.041841030120849609e+00
3.627598047256469727e+00 3.842696666717529297e+00 4.191115379333496094e+00 -3.039352893829345703e+00 -6.507020473480224609e+00 3.114493370056152344e+00 -1.027499866485595703e+01 4.548525333404541016e+00 -7.613193511962890625e+00 -1.044534683227539062e+01 5.062723159790039062e-01 2.612242221832275391e+00 -2.185091257095336914e+00 -7.792602539062500000e+00 5.253940582275390625e+00
-1.259443402290344238e+00 3.097315788269042969e+00 5.240458965301513672e+00 -1.554186463356018066e+00 -1.091996860504150391e+01 4.380097866058349609e+00 -1.427220821380615234e+01 1.061922430992126465e+00 -8.156250953674316406e+00 -3.408839464187622070e+00 -6.779228210449218750e+00 3.950338840484619141e+00 1.389531016349792480e+00 -1.620928287506103516e+00 1.166097283363342285e+00
6.486622095108032227e-01 5.541279315948486328e+00 5.256503582000732422e+00 -5.740946292877197266e+00 -4.948780536651611328e+00 5.253993034362792969e+00 -9.964964866638183594e+00 7.216541290283203125e+00 -6.548031806945800781e+00 -3.202318191528320312e+00 7.668408751487731934e-01 9.142776489257812500e+00 -8.850787162780761719e+00 -7.325074195861816406e+00 6.533932089805603027e-01
3.721847534179687500e+00 2.310879230499267578e+00 6.040578484535217285e-01 2.817752599716186523e+00 -1.165360546112060547e+01 3.679211854934692383e+00 -1.276659107208251953e+01 3.209198236465454102e+00 -1.239476203918457031e+01 -6.591834545135498047e+00 -2.977173328399658203e+00 -8.353495597839355469e-01 -1.071048736572265625e+01 -8.542098999023437500e-01 -1.017275810241699219e+00
-2.998627424240112305e-01 6.244677066802978516e+00 2.016903877258300781e+00 -1.065393567085266113e+00 -3.582472801208496094e+00 4.996135234832763672e+00 -1.419377326965332031e+01 2.711515903472900391e+00 -6.954328060150146484e+00 1.513073801994323730e+00 -4.740645885467529297e+00 5.049045562744140625e+00 -5.971011638641357422e+00 -3.796383142471313477e+00 1.744564294815063477e+00
1.021495983004570007e-01 4.325919151306152344e+00 4.074315071105957031e+00 -4.172049999237060547e+00 -3.769525051116943359e+00 5.528113842010498047e+00 -1.070974159240722656e+01 6.801723003387451172e+00 -5.763940811157226562e+00 -3.892065525054931641e+00 7.525205016136169434e-01 8.626745223999023438e+00 -8.110965728759765625e+00 -7.059089660644531250e+00 4.776394069194793701e-01
-7.028462290763854980e-01 3.527850389480590820e+00 4.301653861999511719e+00 -1.965699911117553711e+00 -7.593896389007568359e+00 3.553814888000488281e+00 -1.314684295654296875e+01 3.330230116844177246e-01 -7.733762264251708984e+00 -3.204159498214721680e+00 -6.980335712432861328e+00 4.174071788787841797e+00 1.296147108078002930e+00 -2.230189561843872070e+00 1.187713742256164551e+00
-1.171692088246345520e-01 1.509786415100097656e+01 1.584182381629943848e+00 -1.210928082466125488e+00 -7.951176166534423828e+00 3.702618122100830078e+00 -1.045086383819580078e+01 1.835063815116882324e+00 -4.810171127319335938e+00 1.132154107093811035e+00 -5.300390720367431641e+00 5.343953609466552734e+00 -6.442929744720458984e+00 -4.013382911682128906e+00 2.304369688034057617e+00
9.577856659889221191e-01 6.472758769989013672e+00 5.428792476654052734e+00 -7.250424861907958984e+00 -3.531314611434936523e+00 5.815754890441894531e+00 -1.005674076080322266e+01 7.237420558929443359e+00 -5.807672023773193359e+00 -3.919415473937988281e+00 5.020234584808349609e-01 9.803597450256347656e+00 -9.189547538757324219e+00 -7.694643974304199219e+00 1.256681203842163086e+00
-5.766264349222183228e-02 7.018198490142822266e+00 2.241902828216552734e+00 -1.144425511360168457e+00 -4.603973865509033203e+00 3.772514581680297852e+00 -1.035332584381103516e+01 1.325418949127197266e+00 -4.806944847106933594e+00 2.104559421539306641e+00 -4.811749458312988281e+00 4.515179634094238281e+00 -5.521751403808593750e+00 -3.555071830749511719e+00 1.635343909263610840e+00
4.160521030426025391e-01 3.173232078552246094e+00 3.433042168617248535e-01 -3.395706892013549805e+00 -8.075520515441894531e+00 4.739486217498779297e+00 -6.041679382324218750e+00 1.770514726638793945e+00 -1.191440391540527344e+01 -8.095938682556152344e+00 -2.697660207748413086e+00 3.800021886825561523e+00 -8.699229240417480469e+00 -1.412346124649047852e+00 7.609244346618652344e+00
-1.352004766464233398e+00 2.419705390930175781e+00 4.980602741241455078e+00 -6.694003939628601074e-01 -1.170111656188964844e+01 3.532191276550292969e+00 -1.477484893798828125e+01 6.357327103614807129e-01 -8.250006675720214844e+00 -3.371000289916992188e+00 -6.817762851715087891e+00 4.025833606719970703e+00 9.321494698524475098e-01 -1.499923229217529297e+00 6.733457446098327637e-01
1.933377027511596680e+00 4.244927763938903809e-01 6.202956199645996094e+00 -3.489595174789428711e+00 -8.459473609924316406e+00 8.755852699279785156e+00 -1.290686988830566406e+01 1.789050698280334473e+00 -3.551713705062866211e+00 -4.446616649627685547e+00 -4.574893474578857422e+00 7.146419048309326172e+00 -8.120088577270507812e-01 -4.774370670318603516e+00 6.506713390350341797e+00
2.731736183166503906e+00 8.756329119205474854e-02 1.522637486457824707e+00 -6.355979442596435547e+00 -7.506109714508056641e+00 7.371970176696777344e+00 -1.053932285308837891e+01 -8.348943591117858887e-01 -6.841233253479003906e+00 -1.149073600769042969e+01 -2.144202947616577148e+00 1.843802094459533691e+00 -1.729092121124267578e+00 -1.425196290016174316e+00 1.030853748321533203e+01
1.216624617576599121e+00 5.764382481575012207e-01 1.948095560073852539e+00 -3.784531593322753906e+00 -4.956044673919677734e+00 6.679286479949951172e+00 -1.064730834960937500e+01 -1.059580206871032715e+00 -8.502600669860839844e+00 -1.041939640045166016e+01 -2.872533798217773438e+00 4.932557344436645508e-01 -1.339644312858581543e+00 -7.195798754692077637e-01 9.413106918334960938e+00
-4.167387962341308594e+00 -2.317092657089233398e+00 7.082157611846923828e+00 -7.680708765983581543e-01 -8.889816284179687500e+00 1.181978988647460938e+01 -1.041818332672119141e+01 1.391289591789245605e+00 -8.863160133361816406e+00 -5.421554088592529297e+00 -7.049925327301025391e+00 2.845857381820678711e+00 -4.580945014953613281e+00 3.248698949813842773e+00 1.449639916419982910e+00
4.547963738441467285e-01 3.496957063674926758e+00 1.825399041175842285e+00 -3.290135383605957031e+00 -7.190783500671386719e+00 4.382686614990234375e+00 -5.378486156463623047e+00 2.600688934326171875e+00 -1.143783855438232422e+01 -6.698782920837402344e+00 -2.274743556976318359e+00 3.452973127365112305e+00 -8.824738502502441406e+00 -1.222915291786193848e+00 7.267938137054443359e+00
5.627443790435791016e-01 6.995840549468994141e+00 5.902400016784667969e+00 -6.896920204162597656e+00 -5.226293087005615234e+00 7.414008140563964844e+00 -1.156389141082763672e+01 7.647977828979492188e+00 -8.595221519470214844e+00 -5.248315334320068359e+00 1.080417633056640625e+00 8.157923698425292969e+00 -8.418404579162597656e+00 -6.658265113830566406e+00 1.240275278687477112e-01
-2.249527573585510254e-01 7.151262283325195312e+00 2.804797649383544922e+00 -1.421983122825622559e+00 -4.762688636779785156e+00 7.363826274871826172e+00 -1.460484504699707031e+01 2.763184547424316406e+00 -7.479234218597412109e+00 1.416789889335632324e+00 -5.113485336303710938e+00 4.898264408111572266e+00 -5.893534183502197266e+00 -3.738146543502807617e+00 1.303161501884460449e+00
-3.867831945419311523e+00 -2.163027524948120117e+00 6.704834461212158203e+00 -5.720967650413513184e-01 -8.026919364929199219e+00 1.257382297515869141e+01 -1.439454174041748047e+01 2.456143617630004883e+00 -1.292496013641357422e+01 -7.261369705200195312e+00 -6.435292720794677734e+00 3.112051725387573242e+00 -4.545731067657470703e+00 2.862604856491088867e+00 1.835905551910400391e+00
8.447495698928833008e-01 -1.831736445426940918e+00 3.725089550018310547e+00 -3.940127849578857422e+00 -5.533664703369140625e+00 1.269724965095520020e+00 -1.341404247283935547e+01 3.553499221801757812e+00 -4.166470527648925781e+00 -4.800426959991455078e+00 -3.855242729187011719e+00 2.059508800506591797e+00 -5.145274162292480469e+00 -8.376619338989257812e+00 1.234081745147705078e+00
-9.204429984092712402e-01 3.172026872634887695e+00 4.550230503082275391e+00 -1.501065373420715332e+00 -8.990160942077636719e+00 4.856996536254882812e+00 -1.513087558746337891e+01 1.298737406730651855e+00 -9.077912330627441406e+00 -3.430574655532836914e+00 -7.690400123596191406e+00 3.836732625961303711e+00 1.317332029342651367e+00 -1.332561135292053223e+00 1.145035266876220703e+00
-1.259044706821441650e-01 5.539068698883056641e+00 2.682078838348388672e+00 -1.542655110359191895e+00 -4.480914115905761719e+00 4.597489833831787109e+00 -1.155435085296630859e+01 1.941056251525878906e+00 -5.473390102386474609e+00 1.279197216033935547e+00 -4.971322536468505859e+00 5.271451473236083984e+00 -6.122469902038574219e+00 -4.072130203247070312e+00 1.895273923873901367e+00
3.510484218597412109e+00 1.572769641876220703e+00 4.456153512001037598e-01 2.535912990570068359e+00 -1.025680446624755859e+01 3.360571384429931641e+00 -1.187684726715087891e+01 2.525037527084350586e+00 -1.263361072540283203e+01 -6.016634464263916016e+00 -2.949313879013061523e+00 -2.487207949161529541e-01 -1.062989902496337891e+01 -1.258804440498352051e+00 -7.063865661621093750e-01
-2.832748889923095703e+00 -1.220511794090270996e+00 5.812568187713623047e+00 -1.047335386276245117e+00 -6.962621212005615234e+00 1.258089828491210938e+01 -1.261228847503662109e+01 1.877092123031616211e+00 -9.674391746520996094e+00 -4.735793113708496094e+00 -6.833343029022216797e+00 3.170435905456542969e+00 -4.802900314331054688e+00 2.715672731399536133e+00 2.341333389282226562e+00
-3.907424211502075195e+00 -2.225191354751586914e+00 7.016467571258544922e+00 -5.769875645637512207e-01 -8.628373146057128906e+00 1.319406032562255859e+01 -1.271728229522705078e+01 2.037854194641113281e+00 -9.079448699951171875e+00 -5.875865936279296875e+00 -6.833324909210205078e+00 2.980527639389038086e+00 -4.412767410278320312e+00 3.534072160720825195e+00 1.889884829521179199e+00
3.330491304397583008e+00 2.120103120803833008e+00 1.349645256996154785e+00 1.884144306182861328e+00 -1.043170928955078125e+01 4.369659900665283203e+00 -1.257481575012207031e+01 3.268652915954589844e+00 -1.326962947845458984e+01 -6.291992664337158203e+00 -2.960767507553100586e+00 8.215798139572143555e-01 -1.198392772674560547e+01 -1.905327558517456055e+00 6.583517789840698242e-01
-3.011131048202514648e+00 -1.016188144683837891e+00 6.299955368041992188e+00 -1.107747435569763184e+00 -7.496452808380126953e+00 1.167992877960205078e+01 -1.276637840270996094e+01 1.958940029144287109e+00 -1.083911800384521484e+01 -5.729609966278076172e+00 -6.797636508941650391e+00 3.333570718765258789e+00 -4.810134410858154297e+00 2.874121904373168945e+00 1.593468666076660156e+00
3.348098039627075195e+00 3.833135962486267090e-01 1.406575322151184082e+00 -7.730686664581298828e+00 -9.016028404235839844e+00 6.104833126068115234e+00 -8.453567504882812500e+00 -1.273957252502441406e+00 -6.211575508117675781e+00 -8.964704513549804688e+00 -2.303876876831054688e+00 5.911951065063476562e-01 -1.610422849655151367e+00 -2.513712048530578613e-01 9.773544311523437500e+00
-2.618002891540527344e-01 7.060126304626464844e+00 2.897565364837646484e+00 -1.424381852149963379e+00 -4.702489376068115234e+00 4.483164787292480469e+00 -1.171180057525634766e+01 2.214177131652832031e+00 -5.292621612548828125e+00 1.038533687591552734e+00 -4.897150993347167969e+00 5.471531867980957031e+00 -6.535327911376953125e+00 -4.524527072906494141e+00 1.672184228897094727e+00
2.365470826625823975e-01 4.509011745452880859e+00 4.253871917724609375e+00 -4.417052745819091797e+00 -3.767625093460083008e+00 4.939260005950927734e+00 -9.884938240051269531e+00 7.863768577575683594e+00 -5.169703483581542969e+00 -3.429283380508422852e+00 7.411871552467346191e-01 8.812930107116699219e+00 -9.544960975646972656e+00 -7.838223457336425781e+00 1.270058631896972656e+00
-1.813304722309112549e-01 6.275360584259033203e+00 2.319955348968505859e+00 -1.211919665336608887e+00 -4.192366123199462891e+00 5.354279041290283203e+00 -1.139199352264404297e+01 1.850416660308837891e+00 -5.482240200042724609e+00 1.527561664581298828e+00 -4.848008155822753906e+00 4.600228786468505859e+00 -5.348174095153808594e+00 -3.572658538818359375e+00 1.628397226333618164e+00
-3.583989143371582031e+00 -1.322699785232543945e+00 7.085377216339111328e+00 -7.679050564765930176e-01 -8.091757774353027344e+00 1.196091365814208984e+01 -1.299985790252685547e+01 1.801198005676269531e+00 -8.698949813842773438e+00 -6.776234149932861328e+00 -6.796997070312500000e+00 3.321828126907348633e+00 -4.381005287170410156e+00 3.044414520263671875e+00 1.829727292060852051e+00
2.317712783813476562e+00 2.331826210021972656e+00 1.750052571296691895e+00 9.523714184761047363e-01 -8.099125862121582031e+00 4.447080612182617188e+00 -1.106944179534912109e+01 2.774979829788208008e+00 -1.317555713653564453e+01 -5.533850193023681641e+00 -2.663751602172851562e+00 1.145455479621887207e+00 -1.196616363525390625e+01 -1.900311231613159180e+00 4.480207860469818115e-01
1.244088768959045410e+00 6.744958877563476562e+00 5.881284713745117188e+00 -8.169797897338867188e+00 -4.101452827453613281e+00 7.217565536499023438e+00 -1.080493736267089844e+01 7.020637989044189453e+00 -6.960017204284667969e+00 -3.546442270278930664e+00 5.655494332313537598e-01 9.492479324340820312e+00 -9.392691612243652344e+00 -7.787818908691406250e+00 1.725914120674133301e+00
-4.637117385864257812e+00 -3.440652608871459961e+00 6.935965538024902344e+00 3.308214545249938965e-01 -8.970281600952148438e+00 1.030122280120849609e+01 -1.131868743896484375e+01 1.643864393234252930e+00 -1.051452541351318359e+01 -5.745836734771728516e+00 -6.904289245605468750e+00 2.912169456481933594e+00 -4.528947830200195312e+00 3.236043214797973633e+00 2.034262895584106445e+00
4.208917140960693359e+00 4.363482475280761719e+00 4.536710739135742188e+00 -3.500720977783203125e+00 -6.832005023956298828e+00 2.628916978836059570e+00 -7.393377304077148438e+00 3.961299180984497070e+00 -7.485694885253906250e+00 -1.011868572235107422e+01 1.133085012435913086e+00 2.898367881774902344e+00 -2.034784078598022461e+00 -7.748545646667480469e+00 5.278325080871582031e+00
-2.202955007553100586e+00 -7.476338148117065430e-01 5.047433376312255859e+00 -1.080122351646423340e+00 -5.833473205566406250e+00 1.193058681488037109e+01 -1.173269271850585938e+01 1.799276351928710938e+00 -9.044079780578613281e+00 -5.486378192901611328e+00 -6.083767414093017578e+00 2.891998291015625000e+00 -4.118381500244140625e+00 2.871063947677612305e+00 8.285084962844848633e-01
3.396396636962890625e+00 -1.197939962148666382e-01 9.713049530982971191e-01 -7.537825107574462891e+00 -8.786857604980468750e+00 6.351586818695068359e+00 -9.956137657165527344e+00 -1.498589754104614258e+00 -7.349805831909179688e+00 -9.764100074768066406e+00 -2.721732854843139648e+00 1.549321413040161133e+00 -1.610778808593750000e+00 -1.689216732978820801e+00 9.580389976501464844e+00
3.673022985458374023e-01 3.938189029693603516e+00 1.892880082130432129e+00 -3.682160615921020508e+00 -8.276144981384277344e+00 5.190711975097656250e+00 -6.015422344207763672e+00 1.715542435646057129e+00 -1.221949291229248047e+01 -7.325914859771728516e+00 -2.097264051437377930e+00 4.499906063079833984e+00 -7.856699943542480469e+00 -1.607325434684753418e+00 7.335732460021972656e+00
-7.802428007125854492e-01 2.346099138259887695e+00 3.540145397186279297e+00 -1.361495971679687500e+00 -6.631974697113037109e+00 5.299433708190917969e+00 -1.511864566802978516e+01 1.498546838760375977e+00 -9.341792106628417969e+00 -2.643284082412719727e+00 -7.125363826751708984e+00 3.973674297332763672e+00 1.280577182769775391e+00 -1.904813885688781738e+00 1.270390629768371582e+00
2.897946357727050781e+00 3.553175210952758789e+00 3.925136566162109375e+00 -2.704496622085571289e+00 -5.697821140289306641e+00 1.802414774894714355e+00 -8.694022178649902344e+00 3.081285476684570312e+00 -8.115574836730957031e+00 -1.108307266235351562e+01 4.138630032539367676e-01 3.168672561645507812e+00 -2.615160226821899414e+00 -8.222373962402343750e+00 6.042335510253906250e+00
-3.823108226060867310e-02 4.559239387512207031e+00 2.816133737564086914e+00 -1.780742287635803223e+00 -4.568766117095947266e+00 3.849288463592529297e+00 -1.152118301391601562e+01 1.770783305168151855e+00 -5.635696887969970703e+00 1.153787493705749512e+00 -4.679769039154052734e+00 5.117570877075195312e+00 -6.343072891235351562e+00 -3.738373041152954102e+00 1.754038333892822266e+00
1.022120356559753418e+00 6.566518783569335938e+00 5.430897235870361328e+00 -7.750444412231445312e+00 -3.963507652282714844e+00 6.455375671386718750e+00 -1.041730308532714844e+01 6.674361228942871094e+00 -5.632650375366210938e+00 -3.677061319351196289e+00 6.677216291427612305e-01 9.028819084167480469e+00 -9.380002975463867188e+00 -7.886391162872314453e+00 9.027243852615356445e-01
-2.209076881408691406e-01 8.113197326660156250e+00 2.461720705032348633e+00 -1.226808428764343262e+00 -5.147664546966552734e+00 3.476101875305175781e+00 -1.419576930999755859e+01 2.152678966522216797e+00 -6.248739242553710938e+00 9.434360861778259277e-01 -4.532516956329345703e+00 4.353885173797607422e+00 -5.948757171630859375e+00 -3.618956565856933594e+00 1.685670495033264160e+00
2.747749090194702148e+00 6.483985483646392822e-02 9.592397809028625488e-01 -7.109248161315917969e+00 -8.013749122619628906e+00 4.653064250946044922e+00 -7.065958976745605469e+00 -1.833425402641296387e+00 -4.168194770812988281e+00 -8.001507759094238281e+00 -3.219711303710937500e+00 1.712894201278686523e+00 -1.920636415481567383e+00 -2.684628725051879883e+00 1.047603130340576172e+01
1.988908529281616211e+00 -4.864264011383056641e+00 4.572159767150878906e+00 -5.738260269165039062e+00 -7.498754978179931641e+00 1.959703922271728516e+00 -1.362627601623535156e+01 3.945184707641601562e+00 -5.155991554260253906e+00 -4.415352821350097656e+00 -3.443346977233886719e+00 1.853698849678039551e+00 -5.290978431701660156e+00 -8.195852279663085938e+00 6.017993688583374023e-01
2.827717065811157227e+00 3.253270864486694336e+00 3.637954235076904297e+00 -2.593835115432739258e+00 -5.205113887786865234e+00 3.054113864898681641e+00 -9.727136611938476562e+00 4.696979522705078125e+00 -8.517745018005371094e+00 -1.088939857482910156e+01 -1.190202608704566956e-01 2.831576824188232422e+00 -2.448405027389526367e+00 -7.952558040618896484e+00 5.651076316833496094e+00
1.447440505027770996e+00 -3.012192964553833008e+00 4.994493484497070312e+00 -4.997662544250488281e+00 -7.229189395904541016e+00 -2.484248578548431396e-01 -1.234923553466796875e+01 2.661694526672363281e+00 -4.113605499267578125e+00 -4.325024604797363281e+00 -3.521643400192260742e+00 1.913897395133972168e+00 -5.319403648376464844e+00 -8.035241127014160156e+00 5.001872181892395020e-01
1.915616989135742188e+00 2.098644018173217773e+00 1.600168585777282715e+00 6.255046725273132324e-01 -7.229160308837890625e+00 6.434568881988525391e+00 -1.469719982147216797e+01 4.268893718719482422e+00 -1.414217281341552734e+01 -7.084116458892822266e+00 -2.851063728332519531e+00 1.044925227761268616e-01 -1.164812183380126953e+01 -1.297928214073181152e+00 -1.019604563713073730e+00
4.598516821861267090e-01 3.374933004379272461e+00 1.959931015968322754e+00 -3.048771381378173828e+00 -6.527428627014160156e+00 5.445151329040527344e+00 -5.731814861297607422e+00 1.857510089874267578e+00 -1.179958438873291016e+01 -7.189903259277343750e+00 -1.706527829170227051e+00 3.994752645492553711e+00 -7.809438705444335938e+00 -1.323614597320556641e+00 7.278459072113037109e+00
1.296642422676086426e+00 6.109248995780944824e-01 2.179482698440551758e+00 -3.813729524612426758e+00 -5.004950523376464844e+00 5.806767463684082031e+00 -1.018351078033447266e+01 -1.675935626029968262e+00 -5.454775333404541016e+00 -1.001595878601074219e+01 -2.610530138015747070e+00 1.917865514755249023e+00 -1.939609527587890625e+00 -2.317513227462768555e+00 1.046178817749023438e+01
3.414485931396484375e+00 2.006837129592895508e+00 6.899443268775939941e-01 2.351882457733154297e+00 -1.096438694000244141e+01 4.267342090606689453e+00 -1.198432540893554688e+01 2.287943363189697266e+00 -1.264303493499755859e+01 -5.791301250457763672e+00 -3.376118659973144531e+00 -4.132200777530670166e-01 -1.119361877441406250e+01 -9.055972695350646973e-01 -4.449422657489776611e-01
3.066126823425292969e+00 2.646727085113525391e+00 1.790596604347229004e+00 1.479884028434753418e+00 -1.019834613800048828e+01 4.458728790283203125e+00 -1.138933277130126953e+01 2.682444334030151367e+00 -1.297974872589111328e+01 -5.455800056457519531e+00 -3.324067115783691406e+00 -1.975578367710113525e-01 -1.146626853942871094e+01 -1.556660413742065430e+00 -4.400888979434967041e-01
2.120590448379516602e+00 1.342741966247558594e+00 1.124673485755920410e+00 1.013869285583496094e+00 -7.194924831390380859e+00 4.740897655487060547e+00 -1.226580142974853516e+01 2.094434022903442383e+00 -1.265178298950195312e+01 -6.866010189056396484e+00 -3.173092842102050781e+00 8.317805826663970947e-03 -1.091936588287353516e+01 -9.576585292816162109e-01 -1.980248987674713135e-01
9.443681240081787109e-01 4.852474212646484375e+00 6.067759543657302856e-02 -4.456819534301757812e+00 -1.146828746795654297e+01 5.925181388854980469e+00 -7.053000450134277344e+00 1.158073425292968750e+00 -1.331171131134033203e+01 -6.014760494232177734e+00 -2.252043485641479492e+00 3.840491294860839844e+00 -7.433025836944580078e+00 -6.825294494628906250e-01 6.760101795196533203e+00
-3.021795511245727539e+00 -1.385305047035217285e+00 5.618045330047607422e+00 -8.675861358642578125e-01 -6.723436832427978516e+00 1.087100124359130859e+01 -1.272973251342773438e+01 1.755936384201049805e+00 -9.441029548645019531e+00 -5.901648521423339844e+00 -6.940946102142333984e+00 2.683988094329833984e+00 -4.499912738800048828e+00 3.076258659362792969e+00 1.255300641059875488e+00
9.784946441650390625e-01 8.696784377098083496e-01 4.415160179138183594e+00 -2.900588989257812500e+00 -5.767516613006591797e+00 8.300416946411132812e+00 -1.255603313446044922e+01 1.316395401954650879e+00 -3.231615543365478516e+00 -5.259987354278564453e+00 -4.922699451446533203e+00 7.723523139953613281e+00 -1.781621456146240234e+00 -5.383344650268554688e+00 7.173640251159667969e+00
4.188505649566650391e+00 4.068411827087402344e+00 4.620146274566650391e+00 -3.298733234405517578e+00 -6.719231605529785156e+00 4.066945075988769531e+00 -1.017175674438476562e+01 5.111913204193115234e+00 -7.466676712036132812e+00 -1.008386802673339844e+01 3.874612450599670410e-01 2.687270164489746094e+00 -2.504075765609741211e+00 -8.046207427978515625e+00 5.403093814849853516e+00
-3.229035377502441406e+00 -1.089840888977050781e+00 6.919909954071044922e+00 -1.187401890754699707e+00 -8.436633110046386719e+00 1.187376594543457031e+01 -1.004346179962158203e+01 1.978521704673767090e+00 -8.402108192443847656e+00 -4.347258090972900391e+00 -6.370793342590332031e+00 3.378483772277832031e+00 -4.905436038970947266e+00 3.167260408401489258e+00 2.068097591400146484e+00
8.766540884971618652e-01 1.044093012809753418e+00 4.748252868652343750e+00 -3.323869466781616211e+00 -6.101604938507080078e+00 8.419331550598144531e+00 -1.242546844482421875e+01 8.859609961509704590e-01 -2.838626146316528320e+00 -5.193269729614257812e+00 -4.811953067779541016e+00 8.351781845092773438e+00 -1.980971455574035645e+00 -5.843277931213378906e+00 7.309399604797363281e+00
3.705529212951660156e+00 4.197600364685058594e+00 4.627061843872070312e+00 -3.358410835266113281e+00 -6.603007793426513672e+00 3.066125631332397461e+00 -8.718764305114746094e+00 3.869963645935058594e+00 -8.421615600585937500e+00 -1.168121051788330078e+01 1.273184716701507568e-01 3.645005941390991211e+00 -3.001179933547973633e+00 -8.593596458435058594e+00 6.626030921936035156e+00
4.473841667175292969e+00 -7.720983624458312988e-01 -2.802935242652893066e-01 -9.359076499938964844e+00 -1.075530147552490234e+01 7.110789299011230469e+00 -1.033752059936523438e+01 -8.101728558540344238e-01 -7.879566192626953125e+00 -1.023817062377929688e+01 -2.476398944854736328e+00 1.731494307518005371e+00 -1.783259153366088867e+00 -1.107839226722717285e+00 1.038094997406005859e+01
3.046298265457153320e+00 3.935849428176879883e+00 4.390282630920410156e+00 -3.354604005813598633e+00 -6.368066310882568359e+00 4.482564926147460938e+00 -9.865901947021484375e+00 5.095039367675781250e+00 -7.154756546020507812e+00 -1.064052772521972656e+01 3.841808736324310303e-01 2.559375524520874023e+00 -1.917351603507995605e+00 -8.149812698364257812e+00 5.944046974182128906e+00
2.851453781127929688e+00 -6.961444377899169922e+00 4.082515716552734375e+00 -6.926778793334960938e+00 -8.207869529724121094e+00 1.368800282478332520e+00 -1.383575725555419922e+01 3.808247804641723633e+00 -4.961417198181152344e+00 -4.491933822631835938e+00 -3.289909124374389648e+00 1.698308110237121582e+00 -5.044155597686767578e+00 -7.724576950073242188e+00 1.344443261623382568e-01
-1.316045045852661133e+00 3.030660867691040039e+00 5.794143676757812500e+00 -8.822070956230163574e-01 -1.430031490325927734e+01 4.553695678710937500e+00 -1.404057979583740234e+01 3.569882512092590332e-01 -8.333606719970703125e+00 -2.710251331329345703e+00 -7.478537082672119141e+00 4.476840496063232422e+00 1.171143889427185059e+00 -2.282462835311889648e+00 1.342751145362854004e+00
