-4.547415301203727722e-05 -2.590573392808437347e-03 -1.227956265211105347e-02 4.004663974046707153e-02 -6.883807480335235596e-02 -2.943930588662624359e-02 -6.087825167924165726e-03 -1.942972652614116669e-02 -6.943353265523910522e-02 1.350038498640060425e-01 3.970343247056007385e-02 -1.412516366690397263e-02 1.498184949159622192e-01 7.041803747415542603e-02 -3.706778958439826965e-02
-1.141523942351341248e-02 2.717697061598300934e-03 -2.338653057813644409e-02 4.358834773302078247e-02 -5.668051540851593018e-02 -2.815309725701808929e-02 -4.263714421540498734e-03 -2.208074741065502167e-02 -6.301649659872055054e-02 1.348769515752792358e-01 5.223882570862770081e-02 -1.336332689970731735e-02 1.550475358963012695e-01 7.647497206926345825e-02 -3.641339018940925598e-02
2.146546263247728348e-03 -2.279794774949550629e-03 -1.528438180685043335e-02 3.792063146829605103e-02 -6.736993789672851562e-02 -3.410836309194564819e-02 -7.511541713029146194e-03 -2.034576050937175751e-02 -7.403930276632308960e-02 1.366829425096511841e-01 3.919481858611106873e-02 -1.444923412054777145e-02 1.447472721338272095e-01 6.900016218423843384e-02 -3.868861868977546692e-02
-2.183109149336814880e-02 9.254091419279575348e-03 -4.169517010450363159e-02 4.199496656656265259e-02 -3.970891237258911133e-02 -3.505305200815200806e-02 -3.893539542332291603e-03 -2.704547159373760223e-02 -6.368949264287948608e-02 1.362410932779312134e-01 6.424306333065032959e-02 -1.304648350924253464e-02 1.493982076644897461e-01 8.068520575761795044e-02 -3.831927850842475891e-02
-1.032414659857749939e-02 2.216809429228305817e-03 -2.235879749059677124e-02 4.273531585931777954e-02 -5.723810195922851562e-02 -2.876730822026729584e-02 -3.883913392201066017e-03 -2.098342590034008026e-02 -6.364830583333969116e-02 1.347484141588211060e-01 5.075736716389656067e-02 -1.365671586245298386e-02 1.540538817644119263e-01 7.577876001596450806e-02 -3.662275150418281555e-02
-2.664114814251661301e-03 -1.141912420280277729e-03 -1.553731411695480347e-02 4.023259133100509644e-02 -6.552354991436004639e-02 -3.000633977353572845e-02 -5.720511544495820999e-03 -2.023675851523876190e-02 -6.854125112295150757e-02 1.350069195032119751e-01 4.257278516888618469e-02 -1.398834120482206345e-02 1.497116684913635254e-01 7.164711505174636841e-02 -3.711061552166938782e-02
2.683673519641160965e-03 -2.502894960343837738e-03 -1.517590135335922241e-02 3.755605965852737427e-02 -6.734398007392883301e-02 -3.472203761339187622e-02 -7.520840037614107132e-03 -1.995128206908702850e-02 -7.465364784002304077e-02 1.368538290262222290e-01 3.877841308712959290e-02 -1.466337870806455612e-02 1.442597955465316772e-01 6.869689375162124634e-02 -3.893141821026802063e-02
-1.229967456310987473e-03 -1.993245386984199286e-04 -2.106397598981857300e-02 3.764813393354415894e-02 -6.156195700168609619e-02 -3.644714504480361938e-02 -7.124379742890596390e-03 -2.130861394107341766e-02 -7.404329627752304077e-02 1.371399760246276855e-01 4.351458325982093811e-02 -1.460639666765928268e-02 1.434896290302276611e-01 7.053969055414199829e-02 -3.927399590611457825e-02
-1.365482434630393982e-02 5.573146976530551910e-03 -3.483226150274276733e-02 3.978810459375381470e-02 -4.604683816432952881e-02 -3.763157874345779419e-02 -4.497901070863008499e-03 -2.319751493632793427e-02 -6.874486058950424194e-02 1.370170414447784424e-01 5.700216814875602722e-02 -1.456523966044187546e-02 1.466130614280700684e-01 7.678500562906265259e-02 -3.933789208531379700e-02
-4.049207549542188644e-03 -7.041759090498089790e-04 -1.600953191518783569e-02 4.089247435331344604e-02 -6.490345299243927002e-02 -2.899027429521083832e-02 -5.448863375931978226e-03 -2.060341648757457733e-02 -6.717791408300399780e-02 1.346504986286163330e-01 4.367503896355628967e-02 -1.375069748610258102e-02 1.508765220642089844e-01 7.239041477441787720e-02 -3.672878816723823547e-02
-6.680633407086133957e-03 -2.363984822295606136e-05 -1.676594465970993042e-02 4.300767928361892700e-02 -6.277266144752502441e-02 -2.685772441327571869e-02 -4.275426734238862991e-03 -1.969174854457378387e-02 -6.406273692846298218e-02 1.344191581010818481e-01 4.650737717747688293e-02 -1.373463403433561325e-02 1.552947610616683960e-01 7.417456060647964478e-02 -3.620897606015205383e-02
-7.789920549839735031e-03 9.405546588823199272e-04 -1.943760365247726440e-02 4.239936918020248413e-02 -6.039997935295104980e-02 -2.850090526044368744e-02 -4.337326157838106155e-03 -2.041755430400371552e-02 -6.475957483053207397e-02 1.347485333681106567e-01 4.808704927563667297e-02 -1.378625165671110153e-02 1.536750197410583496e-01 7.456556707620620728e-02 -3.655650094151496887e-02
-5.319755058735609055e-03 -7.782047032378613949e-05 -1.734691113233566284e-02 4.178168624639511108e-02 -6.341263651847839355e-02 -2.864885888993740082e-02 -5.249366629868745804e-03 -2.074344269931316376e-02 -6.630142778158187866e-02 1.349117159843444824e-01 4.540130123496055603e-02 -1.360108982771635056e-02 1.523021757602691650e-01 7.323736697435379028e-02 -3.660385683178901672e-02
2.563748974353075027e-03 -2.209252677857875824e-03 -1.610916107892990112e-02 3.741826862096786499e-02 -6.681609153747558594e-02 -3.521803766489028931e-02 -7.780746091157197952e-03 -2.047733776271343231e-02 -7.504018396139144897e-02 1.370543241500854492e-01 3.914426639676094055e-02 -1.455896627157926559e-02 1.436132490634918213e-01 6.870544701814651489e-02 -3.912179544568061829e-02
-8.927818387746810913e-03 3.072523511946201324e-03 -2.823051065206527710e-02 3.956095129251480103e-02 -5.270105600357055664e-02 -3.606473654508590698e-02 -5.077139008790254593e-03 -2.172629348933696747e-02 -6.972690671682357788e-02 1.367885619401931763e-01 5.170110240578651428e-02 -1.464119087904691696e-02 1.469822525978088379e-01 7.459061592817306519e-02 -3.894620016217231750e-02
-1.034792885184288025e-02 2.054446376860141754e-03 -2.177020162343978882e-02 4.321538656949996948e-02 -5.757169425487518311e-02 -2.819942496716976166e-02 -3.752455348148941994e-03 -2.070474438369274139e-02 -6.320836395025253296e-02 1.347147971391677856e-01 5.088153108954429626e-02 -1.368969213217496872e-02 1.550792157649993896e-01 7.596180588006973267e-02 -3.640486672520637512e-02
-1.629301533102989197e-02 6.587826646864414215e-03 -3.489109128713607788e-02 4.052201658487319946e-02 -4.657436907291412354e-02 -3.467925637960433960e-02 -4.350707400590181351e-03 -2.517852000892162323e-02 -6.572749465703964233e-02 1.357481330633163452e-01 5.779590085148811340e-02 -1.336162816733121872e-02 1.475470513105392456e-01 7.781162112951278687e-02 -3.814451768994331360e-02
-6.182845216244459152e-03 -1.159970997832715511e-05 -1.725312322378158569e-02 4.260852187871932983e-02 -6.303879618644714355e-02 -2.776921354234218597e-02 -4.944310057908296585e-03 -2.056234888732433319e-02 -6.525047868490219116e-02 1.347342431545257568e-01 4.645000770688056946e-02 -1.371842157095670700e-02 1.539993882179260254e-01 7.389558106660842896e-02 -3.633804991841316223e-02
-2.365076169371604919e-02 9.425544179975986481e-03 -4.074736684560775757e-02 4.306144267320632935e-02 -3.889825940132141113e-02 -3.304830938577651978e-02 -2.455756301060318947e-03 -2.562577836215496063e-02 -6.078579276800155640e-02 1.354773789644241333e-01 6.533496081829071045e-02 -1.314685773104429245e-02 1.525275707244873047e-01 8.180285245180130005e-02 -3.770955279469490051e-02
-2.436273917555809021e-02 9.633057750761508942e-03 -4.081367701292037964e-02 4.347281903028488159e-02 -3.846758604049682617e-02 -3.239888697862625122e-02 -2.127275103703141212e-03 -2.543948404490947723e-02 -5.986758321523666382e-02 1.353187859058380127e-01 6.585856527090072632e-02 -1.308239530771970749e-02 1.534921675920486450e-01 8.219645172357559204e-02 -3.759961202740669250e-02
-2.104049548506736755e-02 8.725189603865146637e-03 -4.005270451307296753e-02 4.214886575937271118e-02 -4.123097658157348633e-02 -3.434961289167404175e-02 -3.920928109437227249e-03 -2.668779902160167694e-02 -6.347277015447616577e-02 1.360696703195571899e-01 6.325262039899826050e-02 -1.303502451628446579e-02 1.499237120151519775e-01 8.036986738443374634e-02 -3.810046985745429993e-02
-8.498813956975936890e-03 1.472019474022090435e-03 -2.094366401433944702e-02 4.272068291902542114e-02 -5.959486961364746094e-02 -2.875254116952419281e-02 -4.877672065049409866e-03 -2.160666696727275848e-02 -6.489803642034530640e-02 1.350746005773544312e-01 4.930022731423377991e-02 -1.353813242167234421e-02 1.535528302192687988e-01 7.496247440576553345e-02 -3.661857917904853821e-02
3.365193028002977371e-03 -2.694881521165370941e-03 -1.486515253782272339e-02 3.742948919534683228e-02 -6.804630160331726074e-02 -3.484103828668594360e-02 -7.877364754676818848e-03 -2.021771483123302460e-02 -7.516928762197494507e-02 1.369973570108413696e-01 3.818675503134727478e-02 -1.457218360155820847e-02 1.438220143318176270e-01 6.833869963884353638e-02 -3.903492167592048645e-02
-1.823426410555839539e-02 7.248544134199619293e-03 -3.577562421560287476e-02 4.216489940881729126e-02 -4.557853937149047852e-02 -3.300140053033828735e-02 -4.244700539857149124e-03 -2.586632780730724335e-02 -6.372835487127304077e-02 1.357609778642654419e-01 6.000878289341926575e-02 -1.297570299357175827e-02 1.503514051437377930e-01 7.909072190523147583e-02 -3.769149258732795715e-02
-2.115332707762718201e-02 8.407973684370517731e-03 -3.820987790822982788e-02 4.316598922014236450e-02 -4.254664480686187744e-02 -3.237024694681167603e-02 -3.610685700550675392e-03 -2.619318477809429169e-02 -6.185146421194076538e-02 1.356848031282424927e-01 6.300643831491470337e-02 -1.286166440695524216e-02 1.522359400987625122e-01 8.064012974500656128e-02 -3.756578639149665833e-02
-8.442398160696029663e-03 1.168125192634761333e-03 -1.982881873846054077e-02 4.288450628519058228e-02 -5.988597869873046875e-02 -2.805913053452968597e-02 -4.213557112962007523e-03 -2.049061469733715057e-02 -6.411352008581161499e-02 1.347501128911972046e-01 4.880257323384284973e-02 -1.368332933634519577e-02 1.545316129922866821e-01 7.498332113027572632e-02 -3.643723204731941223e-02
-5.582864861935377121e-03 2.368920540902763605e-04 -1.841824501752853394e-02 4.132283478975296021e-02 -6.241746246814727783e-02 -2.962585352361202240e-02 -5.265191663056612015e-03 -2.091039530932903290e-02 -6.685217469930648804e-02 1.350846886634826660e-01 4.586793854832649231e-02 -1.370112132281064987e-02 1.513133496046066284e-01 7.327494770288467407e-02 -3.682528808712959290e-02
-1.354497298598289490e-02 5.393796600401401520e-03 -3.421419113874435425e-02 3.983271867036819458e-02 -4.636950790882110596e-02 -3.739491850137710571e-02 -4.304126370698213577e-03 -2.281221561133861542e-02 -6.850644201040267944e-02 1.369075924158096313e-01 5.675688013434410095e-02 -1.463827025145292282e-02 1.469673514366149902e-01 7.677089422941207886e-02 -3.922330215573310852e-02
3.026236314326524734e-03 -2.647734247148036957e-03 -1.450257748365402222e-02 3.784020990133285522e-02 -6.834049522876739502e-02 -3.394245356321334839e-02 -7.733151782304048538e-03 -2.025352232158184052e-02 -7.437022775411605835e-02 1.367429941892623901e-01 3.827184811234474182e-02 -1.441452931612730026e-02 1.446221172809600830e-01 6.854244321584701538e-02 -3.881086781620979309e-02
-2.327659353613853455e-02 9.066515602171421051e-03 -3.951361030340194702e-02 4.335094243288040161e-02 -3.987866640090942383e-02 -3.230518847703933716e-02 -2.338424557819962502e-03 -2.522852830588817596e-02 -6.030567735433578491e-02 1.353128254413604736e-01 6.477260589599609375e-02 -1.312233041971921921e-02 1.533299088478088379e-01 8.171198517084121704e-02 -3.748710826039314270e-02
-4.590566735714673996e-03 -1.026279409416019917e-03 -1.498173922300338745e-02 4.258505254983901978e-02 -6.538297235965728760e-02 -2.723032794892787933e-02 -5.229488480836153030e-03 -2.016991190612316132e-02 -6.567891687154769897e-02 1.346563249826431274e-01 4.460543766617774963e-02 -1.376169454306364059e-02 1.542320996522903442e-01 7.317794114351272583e-02 -3.617330268025398254e-02
-2.372012659907341003e-02 9.346001781523227692e-03 -4.040332883596420288e-02 4.368347674608230591e-02 -3.902004659175872803e-02 -3.239210695028305054e-02 -2.380803460255265236e-03 -2.539047412574291229e-02 -6.019850820302963257e-02 1.355723738670349121e-01 6.557512283325195312e-02 -1.309312414377927780e-02 1.537645012140274048e-01 8.200953155755996704e-02 -3.762151673436164856e-02
-4.092614632099866867e-03 -1.056498964317142963e-03 -1.503878086805343628e-02 4.215239733457565308e-02 -6.555806100368499756e-02 -2.777286432683467865e-02 -5.397364962846040726e-03 -2.025300078094005585e-02 -6.633516401052474976e-02 1.347743123769760132e-01 4.415139928460121155e-02 -1.377549301832914352e-02 1.533211916685104370e-01 7.283814996480941772e-02 -3.633331134915351868e-02
-1.940950378775596619e-02 7.722997106611728668e-03 -3.686969727277755737e-02 4.272549599409103394e-02 -4.411043226718902588e-02 -3.283851593732833862e-02 -3.930733073502779007e-03 -2.579790167510509491e-02 -6.299325078725814819e-02 1.358681768178939819e-01 6.145244464278221130e-02 -1.301231514662504196e-02 1.514289081096649170e-01 7.979653030633926392e-02 -3.769545629620552063e-02
-1.664897426962852478e-02 7.051580585539340973e-03 -3.857039660215377808e-02 3.997392207384109497e-02 -4.220890998840332031e-02 -3.826928883790969849e-02 -4.059121478348970413e-03 -2.408331446349620819e-02 -6.787433475255966187e-02 1.370209306478500366e-01 6.008174642920494080e-02 -1.444533001631498337e-02 1.465827822685241699e-01 7.816357165575027466e-02 -3.943808749318122864e-02
-2.184331044554710388e-02 8.337252773344516754e-03 -3.741147369146347046e-02 4.352817684412002563e-02 -4.213446378707885742e-02 -3.145211189985275269e-02 -2.616748446598649025e-03 -2.495164982974529266e-02 -6.038322299718856812e-02 1.352003812789916992e-01 6.321841478347778320e-02 -1.304743718355894089e-02 1.537429690361022949e-01 8.107980340719223022e-02 -3.731455281376838684e-02
-6.540771108120679855e-03 2.865129208657890558e-04 -1.817672699689865112e-02 4.240448027849197388e-02 -6.234827637672424316e-02 -2.826630137860774994e-02 -5.083725322037935257e-03 -2.099813334643840790e-02 -6.547775119543075562e-02 1.348447799682617188e-01 4.691971465945243835e-02 -1.367130409926176071e-02 1.533906161785125732e-01 7.399830967187881470e-02 -3.647981956601142883e-02
-8.439432829618453979e-03 1.599662820808589458e-03 -2.123507112264633179e-02 4.188213497400283813e-02 -5.944244563579559326e-02 -2.941114269196987152e-02 -4.817501176148653030e-03 -2.172854356467723846e-02 -6.531967967748641968e-02 1.349132806062698364e-01 4.870042577385902405e-02 -1.343790721148252487e-02 1.520248800516128540e-01 7.465977221727371216e-02 -3.668557479977607727e-02
-1.378531381487846375e-02 5.497598089277744293e-03 -3.239931911230087280e-02 3.986703604459762573e-02 -4.968452453613281250e-02 -3.472634404897689819e-02 -5.033180583268404007e-03 -2.515229396522045135e-02 -6.705024093389511108e-02 1.357438713312149048e-01 5.508115515112876892e-02 -1.331826578825712204e-02 1.462811976671218872e-01 7.649562507867813110e-02 -3.813697770237922668e-02
-1.053623482584953308e-02 2.535902895033359528e-03 -2.349995821714401245e-02 4.256371408700942993e-02 -5.709296464920043945e-02 -2.937318943440914154e-02 -4.673943389207124710e-03 -2.245896868407726288e-02 -6.439205259084701538e-02 1.349961161613464355e-01 5.130960419774055481e-02 -1.342783402651548386e-02 1.529468446969985962e-01 7.582081109285354614e-02 -3.668509796261787415e-02
-1.941254362463951111e-02 7.171177305281162262e-03 -3.471990674734115601e-02 4.319936782121658325e-02 -4.480752348899841309e-02 -3.144557029008865356e-02 -2.854481572285294533e-03 -2.402697317302227020e-02 -6.142195314168930054e-02 1.352604329586029053e-01 6.086991354823112488e-02 -1.329606305807828903e-02 1.534368991851806641e-01 7.997689396142959595e-02 -3.728779032826423645e-02
-1.722502335906028748e-02 6.794088520109653473e-03 -3.470148891210556030e-02 4.107395559549331665e-02 -4.660134017467498779e-02 -3.355912119150161743e-02 -4.142627585679292679e-03 -2.541330270469188690e-02 -6.448825448751449585e-02 1.353992074728012085e-01 5.832952633500099182e-02 -1.312867831438779831e-02 1.486664414405822754e-01 7.831006497144699097e-02 -3.776307776570320129e-02
-4.255156498402357101e-03 -9.475118713453412056e-04 -1.551061123609542847e-02 4.217102378606796265e-02 -6.498508155345916748e-02 -2.807453833520412445e-02 -5.343541968613862991e-03 -2.015149407088756561e-02 -6.642677634954452515e-02 1.349112838506698608e-01 4.456051066517829895e-02 -1.388665568083524704e-02 1.533586680889129639e-01 7.294834405183792114e-02 -3.647350147366523743e-02
-1.481748744845390320e-02 6.023311056196689606e-03 -3.376545757055282593e-02 4.002838581800460815e-02 -4.821424186229705811e-02 -3.497155755758285522e-02 -4.851505625993013382e-03 -2.533770911395549774e-02 -6.673809140920639038e-02 1.358277350664138794e-01 5.627999082207679749e-02 -1.331798266619443893e-02 1.464710980653762817e-01 7.701105624437332153e-02 -3.821431472897529602e-02
-7.693152409046888351e-03 7.885926170274615288e-04 -1.900886744260787964e-02 4.283217340707778931e-02 -6.076650321483612061e-02 -2.789810858666896820e-02 -4.340306390076875687e-03 -2.027286402881145477e-02 -6.434782594442367554e-02 1.347754299640655518e-01 4.797329381108283997e-02 -1.369304489344358444e-02 1.545399725437164307e-01 7.460995763540267944e-02 -3.649224713444709778e-02
-2.089860662817955017e-02 7.767909206449985504e-03 -3.580393642187118530e-02 4.356784373521804810e-02 -4.350869357585906982e-02 -3.103346191346645355e-02 -2.547249430790543556e-03 -2.433040551841259003e-02 -6.040402501821517944e-02 1.350926607847213745e-01 6.215408816933631897e-02 -1.314928662031888962e-02 1.541293859481811523e-01 8.069545775651931763e-02 -3.717263415455818176e-02
-5.296434741467237473e-03 -4.195935034658759832e-04 -1.614665240049362183e-02 4.247719794511795044e-02 -6.464008986949920654e-02 -2.733228169381618500e-02 -5.363628733903169632e-03 -2.091835252940654755e-02 -6.553246825933456421e-02 1.346178203821182251e-01 4.521073773503303528e-02 -1.348679792135953903e-02 1.536241769790649414e-01 7.337609678506851196e-02 -3.623085096478462219e-02
-8.298572152853012085e-03 1.724951784126460552e-03 -2.202802151441574097e-02 4.140865057706832886e-02 -5.845601856708526611e-02 -3.044222854077816010e-02 -4.698053468018770218e-03 -2.136172167956829071e-02 -6.603183597326278687e-02 1.351135075092315674e-01 4.900157079100608826e-02 -1.381897460669279099e-02 1.512209624052047729e-01 7.453063875436782837e-02 -3.715224936604499817e-02
-2.626563888043165207e-03 -1.268304069526493549e-03 -1.494433730840682983e-02 4.071272164583206177e-02 -6.619165837764739990e-02 -2.914535067975521088e-02 -5.781844723969697952e-03 -2.033302001655101776e-02 -6.802936643362045288e-02 1.348800212144851685e-01 4.244678840041160583e-02 -1.384010445326566696e-02 1.505625844001770020e-01 7.171127945184707642e-02 -3.692062571644783020e-02
-1.991915330290794373e-02 8.092873729765415192e-03 -3.817265480756759644e-02 4.220832139253616333e-02 -4.313753545284271240e-02 -3.369349986314773560e-02 -4.062399733811616898e-03 -2.638681046664714813e-02 -6.348969787359237671e-02 1.359204798936843872e-01 6.191932037472724915e-02 -1.298458408564329147e-02 1.502072960138320923e-01 7.987845689058303833e-02 -3.785749152302742004e-02
-8.451532572507858276e-03 9.615354938432574272e-04 -1.923006027936935425e-02 4.313153773546218872e-02 -5.998948216438293457e-02 -2.768578194081783295e-02 -3.878459567204117775e-03 -1.986753754317760468e-02 -6.368818134069442749e-02 1.346520036458969116e-01 4.877579584717750549e-02 -1.384284626692533493e-02 1.553585231304168701e-01 7.509503513574600220e-02 -3.633885458111763000e-02
-9.242501109838485718e-03 1.617126981727778912e-03 -2.087288349866867065e-02 4.298988729715347290e-02 -5.945855379104614258e-02 -2.804850600659847260e-02 -4.636869300156831741e-03 -2.169680409133434296e-02 -6.402619928121566772e-02 1.347212046384811401e-01 4.968151822686195374e-02 -1.344519387930631638e-02 1.541741788387298584e-01 7.532472163438796997e-02 -3.636579588055610657e-02
-1.851288601756095886e-02 7.667982019484043121e-03 -3.772901743650436401e-02 4.047938436269760132e-02 -4.366247355937957764e-02 -3.534995764493942261e-02 -4.036590922623872757e-03 -2.584741823375225067e-02 -6.522288173437118530e-02 1.357461512088775635e-01 6.001887843012809753e-02 -1.331398915499448776e-02 1.472423523664474487e-01 7.878392189741134644e-02 -3.826292231678962708e-02
-2.092536911368370056e-02 8.376234211027622223e-03 -3.828465193510055542e-02 4.301968961954116821e-02 -4.262280464172363281e-02 -3.261720389127731323e-02 -3.733501071110367775e-03 -2.627818100154399872e-02 -6.217255443334579468e-02 1.357636898756027222e-01 6.284537166357040405e-02 -1.286778878420591354e-02 1.518753767013549805e-01 8.049913495779037476e-02 -3.765143826603889465e-02
6.229389924556016922e-03 -4.430628381669521332e-03 -1.057332009077072144e-02 3.734847158193588257e-02 -7.223823666572570801e-02 -3.362517803907394409e-02 -8.173033595085144043e-03 -1.919673196971416473e-02 -7.569923251867294312e-02 1.368083208799362183e-01 3.469663485884666443e-02 -1.465536188334226608e-02 1.444165408611297607e-01 6.698141247034072876e-02 -3.883825615048408508e-02
-1.980383321642875671e-02 7.412069477140903473e-03 -3.558375686407089233e-02 4.307330399751663208e-02 -4.387725889682769775e-02 -3.203041106462478638e-02 -2.778008813038468361e-03 -2.405391447246074677e-02 -6.164183467626571655e-02 1.354086101055145264e-01 6.148048862814903259e-02 -1.340563129633665085e-02 1.531580388545989990e-01 8.016846328973770142e-02 -3.742216899991035461e-02
-1.434725150465965271e-02 5.611591972410678864e-03 -3.258245438337326050e-02 4.000090807676315308e-02 -4.905150830745697021e-02 -3.469743579626083374e-02 -4.680797923356294632e-03 -2.479238621890544891e-02 -6.663771718740463257e-02 1.356646567583084106e-01 5.562166497111320496e-02 -1.345464121550321579e-02 1.467883586883544922e-01 7.683006674051284790e-02 -3.804888203740119934e-02
-7.390792947262525558e-03 9.648733539506793022e-04 -1.967831701040267944e-02 4.197856038808822632e-02 -6.079460680484771729e-02 -2.901219390332698822e-02 -4.807278979569673538e-03 -2.109530381858348846e-02 -6.548770517110824585e-02 1.348854154348373413e-01 4.762930795550346375e-02 -1.358131598681211472e-02 1.525079607963562012e-01 7.424224168062210083e-02 -3.660731390118598938e-02
-2.321570739150047302e-02 9.439432062208652496e-03 -4.079812020063400269e-02 4.319611936807632446e-02 -3.977139294147491455e-02 -3.293431550264358521e-02 -3.221318358555436134e-03 -2.665309421718120575e-02 -6.130834668874740601e-02 1.357191354036331177e-01 6.509736180305480957e-02 -1.282068621367216110e-02 1.521460413932800293e-01 8.157070726156234741e-02 -3.766264393925666809e-02
-1.887476071715354919e-02 7.506185211241245270e-03 -3.648715466260910034e-02 4.237001389265060425e-02 -4.473701119422912598e-02 -3.306535631418228149e-02 -4.133865702897310257e-03 -2.593710832297801971e-02 -6.346400827169418335e-02 1.358311921358108521e-01 6.079695746302604675e-02 -1.300525199621915817e-02 1.507134288549423218e-01 7.945219427347183228e-02 -3.772054985165596008e-02
-2.665128093212842941e-03 -1.839733798988163471e-03 -1.318537443876266479e-02 4.212561994791030884e-02 -6.711517274379730225e-02 -2.736230753362178802e-02 -5.290166009217500687e-03 -1.923596672713756561e-02 -6.658300012350082397e-02 1.347964257001876831e-01 4.248561337590217590e-02 -1.387233566492795944e-02 1.537611484527587891e-01 7.217592746019363403e-02 -3.633578494191169739e-02
-1.989142224192619324e-02 8.212530054152011871e-03 -3.846835345029830933e-02 4.207218438386917114e-02 -4.303699731826782227e-02 -3.382524102926254272e-02 -4.150227177888154984e-03 -2.657747082412242889e-02 -6.365462392568588257e-02 1.359381526708602905e-01 6.186839565634727478e-02 -1.291466783732175827e-02 1.498122513294219971e-01 7.979129999876022339e-02 -3.794433549046516418e-02
-3.700132947415113449e-03 -6.577140884473919868e-04 -1.663624495267868042e-02 4.071062058210372925e-02 -6.417103111743927002e-02 -2.994458936154842377e-02 -5.457476247102022171e-03 -2.022610418498516083e-02 -6.795533746480941772e-02 1.350978165864944458e-01 4.396222159266471863e-02 -1.403036247938871384e-02 1.505254954099655151e-01 7.228342443704605103e-02 -3.708272054791450500e-02
-1.806330308318138123e-02 7.244550622999668121e-03 -3.640144318342208862e-02 4.095215350389480591e-02 -4.447537660598754883e-02 -3.470688313245773315e-02 -3.801033133640885353e-03 -2.508917264640331268e-02 -6.479778140783309937e-02 1.357118338346481323e-01 5.971844866871833801e-02 -1.348351966589689255e-02 1.485054045915603638e-01 7.878547161817550659e-02 -3.806938603520393372e-02
-5.184258799999952316e-03 -5.845493869855999947e-04 -1.613029092550277710e-02 4.248950630426406860e-02 -6.411367654800415039e-02 -2.782235108315944672e-02 -5.060419905930757523e-03 -2.016573958098888397e-02 -6.574781984090805054e-02 1.348136365413665771e-01 4.548570886254310608e-02 -1.385253202170133591e-02 1.539691090583801270e-01 7.346340268850326538e-02 -3.632112219929695129e-02
-1.837722584605216980e-02 7.672839798033237457e-03 -3.779696673154830933e-02 4.040180891752243042e-02 -4.390406608581542969e-02 -3.541228920221328735e-02 -4.262969363480806351e-03 -2.622477523982524872e-02 -6.543930619955062866e-02 1.357804238796234131e-01 5.989731475710868835e-02 -1.320713292807340622e-02 1.468839049339294434e-01 7.869008928537368774e-02 -3.824670985341072083e-02
-2.059769257903099060e-02 8.297585882246494293e-03 -3.847216814756393433e-02 4.251324385404586792e-02 -4.251657426357269287e-02 -3.339015692472457886e-02 -3.794953459873795509e-03 -2.623516134917736053e-02 -6.288679689168930054e-02 1.358395069837570190e-01 6.257508695125579834e-02 -1.301517616957426071e-02 1.509203761816024780e-01 8.026278764009475708e-02 -3.779514506459236145e-02
-2.604867797344923019e-03 -1.730389078147709370e-03 -1.351850479841232300e-02 4.162011295557022095e-02 -6.706403195858001709e-02 -2.786793373525142670e-02 -5.452976096421480179e-03 -1.961493305861949921e-02 -6.702562421560287476e-02 1.347557902336120605e-01 4.227109625935554504e-02 -1.381600927561521530e-02 1.526721715927124023e-01 7.198781520128250122e-02 -3.642343357205390930e-02
-9.386952966451644897e-03 1.668208162300288677e-03 -2.117531746625900269e-02 4.289826005697250366e-02 -5.897393822669982910e-02 -2.841184101998806000e-02 -4.510149825364351273e-03 -2.151781134307384491e-02 -6.413980573415756226e-02 1.347957402467727661e-01 4.996514692902565002e-02 -1.357939373701810837e-02 1.540862917900085449e-01 7.542101293802261353e-02 -3.642358258366584778e-02
-2.035481855273246765e-02 8.282803930342197418e-03 -3.847380727529525757e-02 4.247326403856277466e-02 -4.287599027156829834e-02 -3.336707502603530884e-02 -4.060611594468355179e-03 -2.660801820456981659e-02 -6.308629363775253296e-02 1.359038054943084717e-01 6.233013048768043518e-02 -1.285966765135526657e-02 1.506189405918121338e-01 8.011040836572647095e-02 -3.779866173863410950e-02
-1.231197640299797058e-02 5.044572986662387848e-03 -3.378509730100631714e-02 3.931928426027297974e-02 -4.735600948333740234e-02 -3.795615583658218384e-02 -4.817829001694917679e-03 -2.303385548293590546e-02 -6.963541358709335327e-02 1.371040493249893188e-01 5.561286583542823792e-02 -1.462094020098447800e-02 1.457636803388595581e-01 7.605168968439102173e-02 -3.947611525654792786e-02
-2.129900082945823669e-02 8.601152338087558746e-03 -3.911884874105453491e-02 4.278596490621566772e-02 -4.172317683696746826e-02 -3.324570506811141968e-02 -3.633842105045914650e-03 -2.630030922591686249e-02 -6.243809312582015991e-02 1.358533650636672974e-01 6.334203481674194336e-02 -1.297863852232694626e-02 1.514108926057815552e-01 8.064944297075271606e-02 -3.776644542813301086e-02
-2.238835673779249191e-03 -1.844174345023930073e-03 -1.325913518667221069e-02 4.102892428636550903e-02 -6.736709177494049072e-02 -2.817287109792232513e-02 -5.469933617860078812e-03 -1.959048025310039520e-02 -6.739725917577743530e-02 1.345648318529129028e-01 4.162104800343513489e-02 -1.391548942774534225e-02 1.516930460929870605e-01 7.161644846200942993e-02 -3.661902621388435364e-02
-9.723972529172897339e-03 1.837604562751948833e-03 -2.138709276914596558e-02 4.296975582838058472e-02 -5.820152163505554199e-02 -2.829401753842830658e-02 -3.973141778260469437e-03 -2.076194994151592255e-02 -6.360890716314315796e-02 1.347516030073165894e-01 5.014241114258766174e-02 -1.363774668425321579e-02 1.545817852020263672e-01 7.556929439306259155e-02 -3.652419522404670715e-02
-1.803779229521751404e-02 6.615185178816318512e-03 -3.363310545682907104e-02 4.271631687879562378e-02 -4.607653617858886719e-02 -3.185390681028366089e-02 -3.099486464634537697e-03 -2.372205071151256561e-02 -6.235554069280624390e-02 1.353404670953750610e-01 5.951138958334922791e-02 -1.342729758471250534e-02 1.526040732860565186e-01 7.925198227167129517e-02 -3.742157295346260071e-02
-1.080628857016563416e-02 4.120045341551303864e-03 -3.107913583517074585e-02 3.947103768587112427e-02 -4.986999928951263428e-02 -3.698495775461196899e-02 -4.862711299210786819e-03 -2.235056273639202118e-02 -6.954815238714218140e-02 1.369075328111648560e-01 5.382939055562019348e-02 -1.464238297194242477e-02 1.464630067348480225e-01 7.542604953050613403e-02 -3.915365412831306458e-02
-1.820651814341545105e-02 7.458561100065708160e-03 -3.687139600515365601e-02 4.076728969812393188e-02 -4.460234940052032471e-02 -3.465046733617782593e-02 -4.139349330216646194e-03 -2.590550296008586884e-02 -6.489761918783187866e-02 1.356386840343475342e-01 5.960952118039131165e-02 -1.318065356463193893e-02 1.477732956409454346e-01 7.869378477334976196e-02 -3.806697204709053040e-02
-7.819291204214096069e-03 1.013480941765010357e-03 -2.000596374273300171e-02 4.239437729120254517e-02 -6.011527776718139648e-02 -2.904220484197139740e-02 -4.645660985261201859e-03 -2.086604945361614227e-02 -6.526692956686019897e-02 1.350110769271850586e-01 4.857434704899787903e-02 -1.384518574923276901e-02 1.533624231815338135e-01 7.465598732233047485e-02 -3.661848977208137512e-02
-1.576639339327812195e-02 6.468349136412143707e-03 -3.481664508581161499e-02 4.015140980482101440e-02 -4.700246453285217285e-02 -3.502472490072250366e-02 -4.625931847840547562e-03 -2.542525343596935272e-02 -6.630214303731918335e-02 1.357978433370590210e-01 5.721485242247581482e-02 -1.331002544611692429e-02 1.466918885707855225e-01 7.744551450014114380e-02 -3.827934339642524719e-02
-4.112403374165296555e-03 -5.071229534223675728e-04 -1.683890074491500854e-02 4.058779031038284302e-02 -6.389407813549041748e-02 -2.993268333375453949e-02 -5.319938529282808304e-03 -2.030981890857219696e-02 -6.770219653844833374e-02 1.349349617958068848e-01 4.410209134221076965e-02 -1.397215854376554489e-02 1.503490358591079712e-01 7.241574674844741821e-02 -3.700198605656623840e-02
4.885019734501838684e-05 -8.661813335493206978e-04 -1.918279379606246948e-02 3.760302811861038208e-02 -6.364834308624267578e-02 -3.574273735284805298e-02 -7.380471099168062210e-03 -2.118547074496746063e-02 -7.420422881841659546e-02 1.369944661855697632e-01 4.188451543450355530e-02 -1.448162924498319626e-02 1.435339152812957764e-01 6.989515572786331177e-02 -3.913848474621772766e-02
-1.685699447989463806e-02 7.106744684278964996e-03 -3.860061615705490112e-02 4.009964317083358765e-02 -4.201416671276092529e-02 -3.811370581388473511e-02 -3.929302562028169632e-03 -2.394735626876354218e-02 -6.761648505926132202e-02 1.369849741458892822e-01 6.029271706938743591e-02 -1.448639761656522751e-02 1.469153761863708496e-01 7.828996330499649048e-02 -3.944372013211250305e-02
-2.525108866393566132e-04 -8.740491466596722603e-04 -1.915996521711349487e-02 3.779115527868270874e-02 -6.327186524868011475e-02 -3.566481918096542358e-02 -7.105246651917695999e-03 -2.076095156371593475e-02 -7.389994710683822632e-02 1.369805186986923218e-01 4.223540052771568298e-02 -1.462478470057249069e-02 1.441365331411361694e-01 7.012496143579483032e-02 -3.905840590596199036e-02
-1.500125508755445480e-03 -2.025461755692958832e-03 -1.332785934209823608e-02 4.079071432352066040e-02 -6.758497655391693115e-02 -2.901693247258663177e-02 -5.811587441712617874e-03 -1.964917592704296112e-02 -6.839802116155624390e-02 1.350310295820236206e-01 4.127884283661842346e-02 -1.393556129187345505e-02 1.510601043701171875e-01 7.131176441907882690e-02 -3.671495988965034485e-02
-8.773948997259140015e-03 1.567476312629878521e-03 -2.113123983144760132e-02 4.234670847654342651e-02 -5.870892107486724854e-02 -2.909373305737972260e-02 -4.230902064591646194e-03 -2.071463875472545624e-02 -6.466939300298690796e-02 1.349127441644668579e-01 4.930284991860389709e-02 -1.377248298376798630e-02 1.533755660057067871e-01 7.500082999467849731e-02 -3.676228597760200500e-02
-3.480877261608839035e-03 -9.790427284315228462e-04 -1.557736843824386597e-02 4.076155275106430054e-02 -6.506982445716857910e-02 -2.929653786122798920e-02 -5.336478818207979202e-03 -2.000525407493114471e-02 -6.755097955465316772e-02 1.347959935665130615e-01 4.326731339097023010e-02 -1.396993827074766159e-02 1.508840173482894897e-01 7.215631753206253052e-02 -3.686200454831123352e-02
-6.945739965885877609e-03 6.183915538713335991e-04 -1.873665302991867065e-02 4.224007576704025269e-02 -6.168705224990844727e-02 -2.841024659574031830e-02 -4.841879475861787796e-03 -2.088291756808757782e-02 -6.527056545019149780e-02 1.348142623901367188e-01 4.706633463501930237e-02 -1.354026328772306442e-02 1.531255841255187988e-01 7.409022003412246704e-02 -3.649111464619636536e-02
-4.239808302372694016e-03 -6.478793220594525337e-04 -1.627310365438461304e-02 4.134232550859451294e-02 -6.428281962871551514e-02 -2.910399995744228363e-02 -5.237922538071870804e-03 -2.010054700076580048e-02 -6.704934686422348022e-02 1.349810063838958740e-01 4.430506005883216858e-02 -1.386229228228330612e-02 1.518234014511108398e-01 7.269903272390365601e-02 -3.668500855565071106e-02
-5.505751352757215500e-03 -1.991455792449414730e-05 -1.748334616422653198e-02 4.155234247446060181e-02 -6.319162249565124512e-02 -2.880856953561306000e-02 -5.142674315720796585e-03 -2.072275988757610321e-02 -6.627693027257919312e-02 1.347930729389190674e-01 4.539505019783973694e-02 -1.362534891813993454e-02 1.519655287265777588e-01 7.324779778718948364e-02 -3.661315515637397766e-02
-8.431848138570785522e-03 9.358756942674517632e-04 -1.889913529157638550e-02 4.319789260625839233e-02 -6.060862541198730469e-02 -2.716158889234066010e-02 -4.054710734635591507e-03 -2.027290873229503632e-02 -6.344284862279891968e-02 1.344489157199859619e-01 4.843788221478462219e-02 -1.361943315714597702e-02 1.553415358066558838e-01 7.501519471406936646e-02 -3.621380403637886047e-02
-2.104156836867332458e-02 8.593493141233921051e-03 -3.915294259786605835e-02 4.237902909517288208e-02 -4.208493232727050781e-02 -3.348497301340103149e-02 -3.869340056553483009e-03 -2.670469693839550018e-02 -6.284108012914657593e-02 1.357869356870651245e-01 6.286326795816421509e-02 -1.286206673830747604e-02 1.504762172698974609e-01 8.037395030260086060e-02 -3.780390694737434387e-02
-5.135815124958753586e-03 -6.747014122083783150e-04 -1.564177125692367554e-02 4.257472604513168335e-02 -6.474679708480834961e-02 -2.730382047593593597e-02 -5.149260628968477249e-03 -2.035471610724925995e-02 -6.547864526510238647e-02 1.346232444047927856e-01 4.511114582419395447e-02 -1.369516085833311081e-02 1.541191339492797852e-01 7.338952273130416870e-02 -3.619595244526863098e-02
-1.403644308447837830e-02 5.794399417936801910e-03 -3.544833511114120483e-02 3.969315439462661743e-02 -4.543785750865936279e-02 -3.790367394685745239e-02 -4.445985425263643265e-03 -2.332261018455028534e-02 -6.877305358648300171e-02 1.370367854833602905e-01 5.739210173487663269e-02 -1.456938218325376511e-02 1.463750302791595459e-01 7.693430036306381226e-02 -3.938664868474006653e-02
-2.024554833769798279e-02 8.173131383955478668e-03 -3.804358094930648804e-02 4.260084778070449829e-02 -4.303579032421112061e-02 -3.314573317766189575e-02 -3.878638381138443947e-03 -2.621647529304027557e-02 -6.288614124059677124e-02 1.358476430177688599e-01 6.222259625792503357e-02 -1.294119190424680710e-02 1.510417759418487549e-01 8.011425286531448364e-02 -3.774573281407356262e-02
-4.107724409550428391e-03 -1.186079462058842182e-03 -1.450531929731369019e-02 4.245669394731521606e-02 -6.602911651134490967e-02 -2.713473699986934662e-02 -5.364016164094209671e-03 -2.017856948077678680e-02 -6.588938087224960327e-02 1.346351355314254761e-01 4.397901520133018494e-02 -1.369410287588834763e-02 1.539812386035919189e-01 7.288096100091934204e-02 -3.620480373501777649e-02
-1.569945737719535828e-02 6.556146778166294098e-03 -3.725837916135787964e-02 4.008059948682785034e-02 -4.344953596591949463e-02 -3.784600645303726196e-02 -4.135355819016695023e-03 -2.364465408027172089e-02 -6.793155521154403687e-02 1.370344609022140503e-01 5.911640450358390808e-02 -1.447878312319517136e-02 1.469777375459671021e-01 7.775915414094924927e-02 -3.942741826176643372e-02
-1.191673800349235535e-05 -2.939409576356410980e-03 -1.096152514219284058e-02 4.047379642724990845e-02 -7.000266015529632568e-02 -2.826504968106746674e-02 -5.967393983155488968e-03 -1.930421404540538788e-02 -6.863870471715927124e-02 1.346226483583450317e-01 3.915468230843544006e-02 -1.397316996008157730e-02 1.508386135101318359e-01 7.046813517808914185e-02 -3.663941100239753723e-02
-1.617005094885826111e-02 6.871514953672885895e-03 -3.792234510183334351e-02 3.996100276708602905e-02 -4.309082031250000000e-02 -3.795168176293373108e-02 -4.248962271958589554e-03 -2.422940544784069061e-02 -6.794216483831405640e-02 1.369598507881164551e-01 5.946717038750648499e-02 -1.431675907224416733e-02 1.464695334434509277e-01 7.790479809045791626e-02 -3.935073688626289368e-02
-4.223766736686229706e-04 -5.971259670332074165e-04 -2.003120630979537964e-02 3.774368017911911011e-02 -6.268514692783355713e-02 -3.600754588842391968e-02 -7.271305192261934280e-03 -2.112424932420253754e-02 -7.413037866353988647e-02 1.371432095766067505e-01 4.264379292726516724e-02 -1.457037683576345444e-02 1.437518298625946045e-01 7.016850262880325317e-02 -3.927840664982795715e-02
-1.839059218764305115e-02 6.642364896833896637e-03 -3.356861323118209839e-02 4.310313612222671509e-02 -4.576201736927032471e-02 -3.149573504924774170e-02 -2.839103573933243752e-03 -2.338049374520778656e-02 -6.181754916906356812e-02 1.353308409452438354e-01 5.995335429906845093e-02 -1.349249575287103653e-02 1.535196900367736816e-01 7.954683154821395874e-02 -3.733991459012031555e-02
