5.357050895690917969e+00 -2.407903671264648438e+00 8.007432222366333008e-01 2.571038484573364258e+00 8.802121281623840332e-01 3.987752646207809448e-02 9.135836362838745117e-01 1.205310225486755371e+00 2.196845531463623047e+00 1.395732641220092773e+00 2.173857927322387695e+00 9.221301674842834473e-01 -4.992897808551788330e-01 1.108564853668212891e+00 -3.576661944389343262e-01
1.235786199569702148e+00 2.699413776397705078e+00 3.689886569976806641e+00 -8.755305409431457520e-01 -1.533368825912475586e+00 -1.090088725090026855e+00 -7.473063468933105469e-01 1.121117830276489258e+00 3.955770254135131836e+00 1.708917737007141113e+00 -4.317429065704345703e-01 5.253794789314270020e-01 -1.856016874313354492e+00 -3.302799463272094727e+00 3.637341856956481934e-01
1.758382797241210938e+00 1.724835753440856934e+00 2.554440975189208984e+00 2.683815240859985352e+00 1.641630530357360840e+00 -4.705097198486328125e+00 -2.348308324813842773e+00 1.118469953536987305e+00 1.326525092124938965e+00 -6.709796786308288574e-01 2.688124179840087891e+00 1.231671214103698730e+00 -1.568324565887451172e+00 7.236971855163574219e-01 5.836061835289001465e-01
1.180949091911315918e+00 1.762635111808776855e+00 2.638872623443603516e+00 1.317399621009826660e+00 -3.198076784610748291e-01 -1.001837730407714844e+00 -9.052211046218872070e-01 -3.851915299892425537e-01 1.028876185417175293e+00 2.117597818374633789e+00 1.210944578051567078e-01 -8.981923460960388184e-01 -6.023280024528503418e-01 -2.002769947052001953e+00 3.651748895645141602e-01
1.160654425621032715e+00 -7.950559258460998535e-01 2.739391326904296875e+00 8.652674555778503418e-01 2.585820436477661133e+00 3.879464626312255859e+00 -2.925340652465820312e+00 -9.326820373535156250e-01 -7.675234079360961914e-01 -6.228572726249694824e-01 -1.411437273025512695e+00 5.853882431983947754e-01 -8.145330548286437988e-01 5.109087228775024414e-01 -2.050499916076660156e+00
2.835204303264617920e-01 1.898009061813354492e+00 4.417125225067138672e+00 1.360206961631774902e+00 1.439536571502685547e+00 -3.330046683549880981e-02 -3.851271629333496094e+00 3.232587575912475586e+00 -2.764728069305419922e-01 3.135542869567871094e+00 1.935130476951599121e+00 2.037529706954956055e+00 -2.698023557662963867e+00 -6.964600086212158203e-01 -2.192254781723022461e+00
5.190795898437500000e+00 -2.342277526855468750e+00 3.871780872344970703e+00 2.293015480041503906e+00 -3.352617263793945312e+00 4.674863219261169434e-01 -2.777338504791259766e+00 3.162395238876342773e+00 -2.017014026641845703e+00 3.464102029800415039e+00 1.047207474708557129e+00 2.344802141189575195e+00 -5.443891048431396484e+00 1.827004194259643555e+00 -2.397553443908691406e+00
-4.228295385837554932e-01 -2.427289187908172607e-01 5.049005508422851562e+00 8.718380331993103027e-01 2.848859310150146484e+00 -3.210234165191650391e+00 -2.566863536834716797e+00 -1.014633297920227051e+00 5.441308498382568359e+00 6.081629753112792969e+00 7.173493385314941406e+00 -1.164041876792907715e+00 2.337237358093261719e+00 -6.869591474533081055e-01 -1.680887192487716675e-01
4.633823394775390625e+00 6.993832588195800781e-01 5.391311645507812500e+00 1.596920847892761230e+00 -3.495761454105377197e-01 1.636220455169677734e+00 1.499645471572875977e+00 5.667741894721984863e-01 -8.017005920410156250e-01 2.913341045379638672e+00 3.964458703994750977e-01 1.539751291275024414e+00 -1.093924641609191895e+00 -1.316227018833160400e-01 5.359459519386291504e-01
1.534391283988952637e+00 9.960605949163436890e-02 2.874597549438476562e+00 -5.734900832176208496e-01 2.573400020599365234e+00 -3.275461673736572266e+00 -1.255040645599365234e+00 1.613709330558776855e+00 8.732631206512451172e-01 2.784167528152465820e+00 -2.123462110757827759e-01 -1.223936200141906738e+00 -2.391989231109619141e+00 2.175108909606933594e+00 1.818588733673095703e+00
1.583747982978820801e+00 5.118288397789001465e-01 2.555637359619140625e+00 -4.809454381465911865e-01 2.197580575942993164e+00 -2.012194871902465820e+00 1.869365930557250977e+00 -1.159288406372070312e+00 4.181141376495361328e+00 6.244220137596130371e-01 -1.678665876388549805e+00 7.682732343673706055e-01 -1.496362686157226562e-01 -1.006807208061218262e+00 3.151145577430725098e-01
3.985249042510986328e+00 2.912845611572265625e+00 6.297957152128219604e-03 -2.092747688293457031e+00 1.987363994121551514e-01 -1.462248682975769043e+00 4.471206188201904297e+00 -1.102562427520751953e+00 1.958870172500610352e+00 4.059576988220214844e+00 -2.319070577621459961e+00 1.131184846162796021e-01 -2.878325462341308594e+00 -3.047895193099975586e+00 2.918330907821655273e+00
7.010220885276794434e-01 2.615234375000000000e+00 3.446614980697631836e+00 4.299401760101318359e+00 -9.577398300170898438e-01 -1.749038934707641602e+00 -1.986055225133895874e-01 -1.262171149253845215e+00 -5.592056512832641602e-01 2.717527627944946289e+00 -4.388750717043876648e-02 -1.362352222204208374e-01 -2.799982309341430664e+00 -3.144843816757202148e+00 -1.363048076629638672e+00
3.969776630401611328e+00 -1.134917259216308594e+00 3.999595642089843750e+00 -1.233730196952819824e+00 -1.264217615127563477e+00 -7.692402601242065430e-01 9.090001583099365234e-01 2.485124915838241577e-01 2.337795972824096680e+00 2.960896253585815430e+00 1.578144073486328125e+00 -2.789590358734130859e+00 8.819900751113891602e-01 -1.752960324287414551e+00 -1.218600273132324219e+00
4.128104686737060547e+00 -6.570922732353210449e-01 2.584205150604248047e+00 -2.052584141492843628e-01 5.268938064575195312e+00 1.369152545928955078e+00 -2.289864540100097656e+00 -2.009994268417358398e+00 2.410380840301513672e+00 4.311492919921875000e+00 1.328056335449218750e+00 -1.737230420112609863e+00 -9.433916211128234863e-01 -2.337194442749023438e+00 -5.137002468109130859e+00
8.293052673339843750e+00 -8.370717167854309082e-01 1.994831442832946777e+00 2.835379362106323242e+00 2.383005142211914062e+00 -1.216722369194030762e+00 1.237591743469238281e+00 -3.076023459434509277e-01 -6.080725789070129395e-01 -3.337255120277404785e-01 5.941578149795532227e-01 2.736430883407592773e+00 -2.183200836181640625e+00 2.288782835006713867e+00 -3.230641484260559082e-01
3.227387189865112305e+00 2.482337713241577148e+00 2.336059093475341797e+00 2.769253492355346680e+00 2.536176443099975586e+00 2.055496275424957275e-01 -2.698220729827880859e+00 1.829106733202934265e-02 5.569409132003784180e-01 3.798582077026367188e+00 1.779529809951782227e+00 -1.759217232465744019e-01 -1.945271849632263184e+00 -2.605873584747314453e+00 -9.426380991935729980e-01
1.712042838335037231e-01 4.348468780517578125e+00 4.835243701934814453e+00 2.175630092620849609e+00 6.485221982002258301e-01 -1.808328747749328613e+00 -3.396717309951782227e+00 -2.670218646526336670e-01 -1.859447240829467773e+00 3.804829597473144531e+00 1.523141384124755859e+00 -1.610391855239868164e+00 -5.326300144195556641e+00 -3.270909786224365234e+00 -1.709236860275268555e+00
-5.513600260019302368e-02 -1.442169904708862305e+00 3.061844825744628906e+00 2.313463449478149414e+00 8.444526791572570801e-01 -1.318087220191955566e+00 -2.283192634582519531e+00 -2.072601467370986938e-01 -4.063775539398193359e-01 1.178153634071350098e+00 6.207329034805297852e-01 1.898661494255065918e+00 -1.492534637451171875e+00 -4.632493257522583008e-01 2.267569750547409058e-01
2.874688148498535156e+00 -2.190235137939453125e+00 1.722555756568908691e+00 1.465939164161682129e+00 2.015246391296386719e+00 1.402025103569030762e+00 -5.930254459381103516e-01 -8.463661074638366699e-01 4.376784563064575195e-01 1.837226510047912598e+00 6.365215033292770386e-02 -2.014898777008056641e+00 1.199037551879882812e+00 -1.364408850669860840e+00 -8.769944906234741211e-01
1.611137986183166504e+00 -2.573077440261840820e+00 1.007003307342529297e+00 1.866850972175598145e+00 -7.280178666114807129e-01 3.285427391529083252e-01 2.247094631195068359e+00 -4.362823665142059326e-01 2.509676218032836914e-01 2.863497734069824219e+00 1.033460497856140137e+00 -2.014360189437866211e+00 -7.917198538780212402e-01 -1.665804982185363770e+00 6.834885478019714355e-01
2.824940681457519531e+00 -5.535320639610290527e-01 5.519046306610107422e+00 2.529556274414062500e+00 7.574011683464050293e-01 -3.018862605094909668e-01 3.883195877075195312e+00 -2.865264117717742920e-01 1.521130800247192383e+00 2.092139005661010742e+00 -1.972802758216857910e+00 2.697370946407318115e-01 -1.498828172683715820e+00 -2.054672002792358398e+00 1.544670820236206055e+00
4.492623329162597656e+00 1.158566594123840332e+00 -5.523053407669067383e-01 2.652754068374633789e+00 2.429743051528930664e+00 1.308475852012634277e+00 -8.810728788375854492e-01 1.607341408729553223e+00 -2.094188481569290161e-01 1.391568303108215332e+00 -1.358495950698852539e+00 7.984629273414611816e-01 -1.521776676177978516e+00 7.174043059349060059e-01 8.396566510200500488e-01
-4.773358255624771118e-02 5.327344536781311035e-01 4.895237922668457031e+00 3.795190334320068359e+00 3.088184118270874023e+00 -1.422661423683166504e+00 -3.079931735992431641e+00 2.849865198135375977e+00 1.000393480062484741e-01 4.829305648803710938e+00 -2.083163410425186157e-01 2.225917100906372070e+00 -6.655459880828857422e+00 -1.182903885841369629e+00 4.445869028568267822e-01
6.883446574211120605e-01 1.658145427703857422e+00 5.369205951690673828e+00 3.717695474624633789e+00 1.005038738250732422e+00 -2.293285369873046875e+00 -3.645309448242187500e+00 -1.387300342321395874e-01 2.711383104324340820e-01 3.888110160827636719e+00 4.102943420410156250e+00 -7.559810876846313477e-01 -3.474784612655639648e+00 -1.123428463935852051e+00 -3.065589189529418945e+00
3.178634405136108398e+00 3.137501001358032227e+00 1.082192420959472656e+00 4.408953189849853516e+00 1.996209621429443359e+00 -5.161318778991699219e+00 5.804674625396728516e-01 1.645982384681701660e+00 -8.138890564441680908e-02 5.298120498657226562e+00 4.770601272583007812e+00 1.882897496223449707e+00 8.514345288276672363e-01 -4.275196552276611328e+00 -1.379902839660644531e+00
1.352994918823242188e+00 2.885293006896972656e+00 2.067056655883789062e+00 3.246431589126586914e+00 -7.114044427871704102e-01 2.439686298370361328e+00 -1.765643835067749023e+00 3.128059208393096924e-01 -3.767446041107177734e+00 4.359964370727539062e+00 2.552258253097534180e+00 -2.060344934463500977e+00 -1.678893685340881348e+00 -1.427100777626037598e+00 -2.263590335845947266e+00
1.293383479118347168e+00 -1.565912127494812012e+00 1.952346444129943848e+00 1.419126242399215698e-01 2.695279836654663086e+00 -1.022764325141906738e+00 -2.778634548187255859e+00 -3.011069536209106445e+00 8.667950630187988281e-01 1.543185830116271973e+00 1.521557092666625977e+00 -1.776572465896606445e+00 -2.099372148513793945e+00 -1.367398977279663086e+00 -2.182521820068359375e+00
-6.151141524314880371e-01 -2.786397457122802734e+00 2.518868923187255859e+00 4.688500881195068359e+00 -1.691230297088623047e+00 -2.824222326278686523e+00 2.988350152969360352e+00 1.652141064405441284e-01 4.430338740348815918e-01 4.662725925445556641e-01 3.169459581375122070e+00 -2.501622915267944336e+00 -2.285210847854614258e+00 -6.620549410581588745e-02 6.627683341503143311e-02
1.234401226043701172e+00 1.181753039360046387e+00 6.925939559936523438e+00 2.400527715682983398e+00 3.767754554748535156e+00 7.748815417289733887e-01 -2.475832700729370117e+00 2.679063796997070312e+00 -2.885967254638671875e+00 1.179493665695190430e+00 1.150178909301757812e+00 9.633631706237792969e-01 -3.407692432403564453e+00 8.511530160903930664e-01 -1.557226300239562988e+00
3.581915140151977539e+00 -1.625986456871032715e+00 3.423952579498291016e+00 3.444404125213623047e+00 2.223034620285034180e+00 3.217293262481689453e+00 -6.454436302185058594e+00 -1.842211484909057617e+00 7.230830192565917969e-01 1.087802410125732422e+00 4.763768985867500305e-02 -1.662307977676391602e+00 -3.762178897857666016e+00 -2.600597143173217773e+00 -1.123315095901489258e+00
5.279693603515625000e+00 -2.325965404510498047e+00 4.274384021759033203e+00 1.664831638336181641e+00 4.850755631923675537e-01 -2.777279853820800781e+00 2.849935293197631836e+00 -1.612055897712707520e+00 6.888534426689147949e-01 8.124732375144958496e-01 1.253886938095092773e+00 -1.027735829353332520e+00 9.338024258613586426e-01 -2.068520307540893555e+00 -7.704053521156311035e-01
2.026055812835693359e+00 2.184662818908691406e+00 1.801570892333984375e+00 -6.253059506416320801e-01 8.068916201591491699e-01 1.349034667015075684e+00 -9.141490459442138672e-01 2.581198513507843018e-01 -1.445932537317276001e-01 8.767244219779968262e-01 9.832611083984375000e-01 8.657665550708770752e-02 -2.343648433685302734e+00 -2.629171848297119141e+00 -1.680929213762283325e-01
-5.539078116416931152e-01 5.165396928787231445e-01 4.049301624298095703e+00 4.187078475952148438e+00 1.019167780876159668e+00 -8.555269837379455566e-01 -2.664965093135833740e-01 -4.855882227420806885e-01 -9.332231283187866211e-01 4.828726053237915039e-01 1.261026144027709961e+00 -1.329927921295166016e+00 -7.405489087104797363e-01 -3.251932859420776367e-01 -1.204132556915283203e+00
4.219888687133789062e+00 3.037160038948059082e-01 3.147904157638549805e+00 3.786251783370971680e+00 4.302512705326080322e-01 -2.724780082702636719e+00 -5.596218585968017578e+00 -1.154502272605895996e+00 -2.696739196777343750e+00 -2.941558837890625000e+00 1.788734674453735352e+00 1.344090580940246582e+00 1.613962054252624512e+00 -2.034036159515380859e+00 -1.899349212646484375e+00
7.184814810752868652e-01 1.780311584472656250e+00 5.851123332977294922e+00 3.074501752853393555e+00 1.789551854133605957e+00 -1.492294907569885254e+00 -2.854992866516113281e+00 1.560313344001770020e+00 8.322275876998901367e-01 1.837143898010253906e+00 1.080016493797302246e+00 -1.514551043510437012e-02 -1.170839309692382812e+00 2.457886219024658203e+00 -1.452530641108751297e-02
5.169242858886718750e+00 -2.146742105484008789e+00 5.548764467239379883e-01 -2.690266072750091553e-01 2.951725721359252930e+00 2.232533454895019531e+00 -1.575055122375488281e+00 7.009091377258300781e-01 -2.019375085830688477e+00 -2.537153959274291992e+00 2.241083383560180664e+00 -2.294643670320510864e-01 -2.840925753116607666e-01 -5.921970605850219727e-01 -9.088909029960632324e-01
3.465570688247680664e+00 3.238446712493896484e+00 2.901485681533813477e+00 2.583077669143676758e+00 1.137146353721618652e+00 6.994206309318542480e-01 -2.006641864776611328e+00 -5.586965084075927734e-01 -2.101262807846069336e+00 1.844811081886291504e+00 -1.020257547497749329e-01 4.414872825145721436e-01 -2.620921611785888672e+00 -1.044564127922058105e+00 -8.517612218856811523e-01
4.598232269287109375e+00 -1.885895371437072754e+00 4.093859672546386719e+00 3.260769844055175781e+00 3.847441673278808594e+00 -7.158719897270202637e-01 -3.007875919342041016e+00 1.512684941291809082e+00 -2.804405689239501953e-01 1.809723377227783203e-01 2.232355594635009766e+00 2.704553604125976562e-01 -2.492628335952758789e+00 9.031389951705932617e-01 -2.215700149536132812e+00
5.027469635009765625e+00 2.479808926582336426e-01 7.122514247894287109e-01 3.239579916000366211e+00 3.234533548355102539e+00 3.916748613119125366e-02 -1.398429393768310547e+00 -1.216869235038757324e+00 1.548958659172058105e+00 2.488986253738403320e+00 1.301088333129882812e+00 5.130804181098937988e-01 -2.632897853851318359e+00 -1.884155273437500000e+00 -1.828547477722167969e+00
2.824234485626220703e+00 9.176146239042282104e-02 3.353624343872070312e+00 3.678439378738403320e+00 -3.017014503479003906e+00 -9.937652349472045898e-01 5.895191431045532227e-01 1.246100664138793945e+00 1.318817257881164551e+00 3.239696025848388672e+00 -1.255738973617553711e+00 9.036564230918884277e-01 -3.455753803253173828e+00 -1.215826869010925293e+00 5.252036452293395996e-01
3.600467145442962646e-01 2.547756671905517578e+00 5.151584148406982422e+00 1.747979044914245605e+00 3.994485378265380859e+00 -2.858184337615966797e+00 -1.251970767974853516e+00 -2.178179502487182617e+00 1.676253199577331543e+00 2.533651828765869141e+00 1.697695136070251465e+00 -9.992899298667907715e-01 -2.972531795501708984e+00 -2.037426233291625977e-01 -4.144433021545410156e+00
3.366515398025512695e+00 1.077403306961059570e+00 3.213087081909179688e+00 2.343822240829467773e+00 -2.288441956043243408e-01 -1.289985656738281250e+00 -2.217230796813964844e+00 -1.061938166618347168e+00 4.850207567214965820e-01 -1.275672435760498047e+00 3.801413536071777344e+00 4.885847568511962891e+00 1.731032729148864746e-01 -8.746918439865112305e-01 -1.616850972175598145e+00
4.751316905021667480e-01 -7.837411761283874512e-01 1.097735285758972168e+00 1.453205585479736328e+00 -9.980534911155700684e-01 1.406767845153808594e+00 2.722931504249572754e-01 1.008749485015869141e+00 -1.146498560905456543e+00 3.873782873153686523e+00 -8.594572544097900391e-01 2.611200511455535889e-02 -2.601459026336669922e+00 -9.819427728652954102e-01 -2.306211471557617188e+00
2.785909652709960938e+00 -7.822453379631042480e-01 1.735500097274780273e+00 -1.598025113344192505e-01 8.018499016761779785e-01 -5.025655031204223633e-01 3.772950172424316406e-01 -5.856238603591918945e-01 2.997262001037597656e+00 1.091394305229187012e+00 4.924547374248504639e-01 9.737154841423034668e-01 9.733692407608032227e-01 1.293280601501464844e+00 -1.701877355575561523e+00
2.646997928619384766e+00 -3.642702102661132812e-01 6.661038398742675781e+00 1.345225095748901367e+00 3.697349786758422852e+00 4.302032589912414551e-01 -4.320547103881835938e+00 -1.419636607170104980e+00 -1.123840451240539551e+00 4.025049686431884766e+00 9.705896973609924316e-01 4.242101609706878662e-01 -1.614119052886962891e+00 -1.204351663589477539e+00 -2.996572017669677734e+00
6.491233706474304199e-01 2.211717367172241211e+00 2.393925666809082031e+00 8.269494175910949707e-01 1.398659467697143555e+00 -1.301001429557800293e+00 -1.011697500944137573e-01 -2.370900869369506836e+00 -9.877975285053253174e-02 5.793328881263732910e-01 -7.961268424987792969e-01 -1.613171458244323730e+00 -1.341770410537719727e+00 5.806785821914672852e-01 -7.821298837661743164e-01
4.543568611145019531e+00 -1.763564907014369965e-02 5.988384723663330078e+00 3.275339603424072266e-01 3.097241401672363281e+00 1.871697545051574707e+00 -2.868445873260498047e+00 -1.043264746665954590e+00 3.394404888153076172e+00 2.936333894729614258e+00 3.303198814392089844e+00 -2.113690137863159180e+00 -2.894872665405273438e+00 -2.637361764907836914e+00 -3.471991062164306641e+00
3.164076805114746094e+00 3.747316002845764160e-01 3.941306591033935547e+00 2.867387056350708008e+00 1.982297658920288086e+00 -5.070480704307556152e-01 -3.993979454040527344e+00 -6.380768418312072754e-01 -2.203092575073242188e+00 3.701025962829589844e+00 2.445566892623901367e+00 -3.306351602077484131e-01 1.368435621261596680e-01 2.560524344444274902e-01 -2.805358648300170898e+00
4.825236797332763672e+00 -2.588319540023803711e+00 1.558763623237609863e+00 3.223952949047088623e-01 8.330342173576354980e-01 1.408117651939392090e+00 -9.473805427551269531e-01 -3.163666427135467529e-01 2.008018255233764648e+00 1.068616271018981934e+00 1.413749694824218750e+00 -2.107987403869628906e+00 -2.033430099487304688e+00 8.957163095474243164e-01 -5.247407555580139160e-01
2.149914503097534180e+00 -1.424860358238220215e+00 1.499166488647460938e+00 1.659593105316162109e+00 3.608798027038574219e+00 -3.531832218170166016e+00 -2.294627189636230469e+00 1.385353565216064453e+00 2.847625970840454102e+00 2.028800725936889648e+00 -1.415178298950195312e+00 5.266431570053100586e-01 -1.658255577087402344e+00 -1.573381185531616211e+00 9.085167050361633301e-01
2.986059188842773438e+00 2.688588142395019531e+00 2.821683168411254883e+00 -1.214951425790786743e-01 1.161326169967651367e+00 -2.703312039375305176e-01 -7.925355434417724609e-01 1.178339838981628418e+00 -3.088795900344848633e+00 1.214566588401794434e+00 -2.233688116073608398e+00 2.013120651245117188e+00 -2.474466800689697266e+00 -9.169622659683227539e-01 -1.281518697738647461e+00
6.868470191955566406e+00 1.134571433067321777e+00 1.013074040412902832e+00 1.571722626686096191e+00 -5.949105620384216309e-01 -6.383150219917297363e-01 -3.481974601745605469e+00 9.109333753585815430e-01 1.243000477552413940e-01 1.929399013519287109e+00 1.583583354949951172e+00 2.090321779251098633e+00 -1.334190130233764648e+00 1.363963365554809570e+00 -8.613354563713073730e-01
2.701875686645507812e+00 3.209140896797180176e-01 1.819214940071105957e+00 1.556698083877563477e+00 6.914468407630920410e-01 -9.064789414405822754e-01 1.653342485427856445e+00 5.251261591911315918e-01 2.321233510971069336e+00 1.135929465293884277e+00 -6.158435344696044922e-01 2.256731748580932617e+00 -3.021412611007690430e+00 -2.130114555358886719e+00 6.222464516758918762e-02
2.869086265563964844e+00 3.118209600448608398e+00 -2.108148187398910522e-01 2.489400863647460938e+00 -4.406669437885284424e-01 1.634928345680236816e+00 -3.002204179763793945e+00 -1.850756764411926270e+00 -4.000157833099365234e+00 1.226423084735870361e-01 9.822762012481689453e-01 -1.441397219896316528e-01 -2.644933223724365234e+00 2.225433826446533203e+00 -2.060262918472290039e+00
-7.492542862892150879e-01 -2.847073793411254883e+00 2.452608346939086914e+00 5.911989212036132812e-01 3.398833513259887695e+00 9.768572449684143066e-01 -3.454105854034423828e-01 -9.607615470886230469e-01 1.345456361770629883e+00 1.951562285423278809e+00 7.957090139389038086e-01 -1.188734531402587891e+00 -3.733255624771118164e+00 -2.091892004013061523e+00 -1.463665843009948730e+00
2.303877830505371094e+00 -1.448466539382934570e+00 4.038028717041015625e+00 2.070304155349731445e+00 1.573171496391296387e+00 -1.015175700187683105e+00 -1.997555732727050781e+00 -2.382498025894165039e+00 1.890319943428039551e+00 1.016177296638488770e+00 2.090255975723266602e+00 -1.776505231857299805e+00 -7.258824706077575684e-01 -2.999672293663024902e-01 -1.193519115447998047e+00
4.811774730682373047e+00 8.535902500152587891e-01 1.044943690299987793e+00 2.556814670562744141e+00 1.791060566902160645e+00 -1.540710568428039551e+00 -1.062047719955444336e+00 -9.384365677833557129e-01 1.647698640823364258e+00 2.361352920532226562e+00 2.363120317459106445e+00 -2.958598613739013672e+00 2.257937669754028320e+00 -1.734678149223327637e+00 -2.922829627990722656e+00
2.925420284271240234e+00 -3.786430060863494873e-01 1.983394980430603027e+00 3.852578401565551758e+00 8.947892785072326660e-01 -2.459698915481567383e-01 2.225587517023086548e-01 -7.694808840751647949e-01 2.690088272094726562e+00 1.058792471885681152e+00 1.471680164337158203e+00 -1.096316814422607422e+00 -2.553654193878173828e+00 -1.206558108329772949e+00 1.099347591400146484e+00
2.242256164550781250e+00 2.161945581436157227e+00 7.601839303970336914e-01 -1.934301257133483887e+00 3.455238044261932373e-01 2.207334041595458984e+00 -1.468359112739562988e+00 8.791282176971435547e-01 -2.636355161666870117e-01 2.643178462982177734e+00 8.688645362854003906e-01 1.390714168548583984e+00 -2.894390344619750977e+00 1.004209592938423157e-01 8.320562541484832764e-02
5.847892165184020996e-01 -6.369419693946838379e-01 2.304569721221923828e+00 7.422788739204406738e-01 -4.164164066314697266e-01 -2.337892651557922363e-01 -5.508590936660766602e-01 8.989490568637847900e-02 -8.989184498786926270e-01 1.532134652137756348e+00 -1.663856387138366699e+00 1.495505690574645996e+00 -5.254995226860046387e-01 -1.081471368670463562e-01 -1.505924940109252930e+00
1.455049753189086914e+00 -3.002842903137207031e+00 -1.815641641616821289e+00 -1.396334886550903320e+00 -4.502059519290924072e-01 -2.692053318023681641e-01 -3.308647155761718750e+00 7.716803550720214844e-01 1.140420913696289062e+00 1.199447989463806152e+00 4.386408329010009766e+00 6.128153204917907715e-01 -3.661721229553222656e+00 8.855665922164916992e-01 -4.234801530838012695e-01
-7.651796936988830566e-01 9.776007533073425293e-01 4.621108531951904297e+00 4.288207530975341797e+00 3.628319978713989258e+00 -1.058407068252563477e+00 -1.469917058944702148e+00 -1.020588994026184082e+00 1.447784543037414551e+00 6.348996758460998535e-01 1.367170810699462891e+00 -1.070212721824645996e+00 2.221094071865081787e-01 1.642349958419799805e-01 -2.192625284194946289e+00
1.563784480094909668e+00 4.789248943328857422e+00 3.246425628662109375e+00 2.643916130065917969e+00 4.902999401092529297e+00 -5.597270131111145020e-01 -2.521200656890869141e+00 1.624178647994995117e+00 1.282312393188476562e+00 3.422380685806274414e+00 1.283074468374252319e-01 -1.872317045927047729e-01 -3.958501577377319336e+00 -1.835721731185913086e+00 2.403841465711593628e-01
4.548841953277587891e+00 4.656787395477294922e+00 2.866961479187011719e+00 3.524374485015869141e+00 -2.932742238044738770e-02 5.443089008331298828e-01 -5.659523010253906250e+00 1.397878050804138184e+00 -2.960380792617797852e+00 1.590432763099670410e+00 3.561506509780883789e+00 -4.061641991138458252e-01 -5.289755344390869141e+00 -4.831312894821166992e-01 -2.119238853454589844e+00
5.189377784729003906e+00 -3.562732934951782227e+00 2.664220333099365234e+00 4.038604259490966797e+00 5.049905300140380859e+00 1.563720822334289551e+00 1.105670213699340820e+00 3.172178193926811218e-02 -8.487524092197418213e-02 6.857810616493225098e-01 3.392624855041503906e-01 9.648258984088897705e-02 7.910007238388061523e-02 -7.057712078094482422e-01 -2.812467336654663086e+00
6.481689810752868652e-01 -1.545631170272827148e+00 3.476675748825073242e-01 1.718298792839050293e+00 3.956282854080200195e+00 7.210047841072082520e-01 4.952417612075805664e-01 2.277028083801269531e+00 1.877877116203308105e+00 2.013129949569702148e+00 1.385067462921142578e+00 5.166445374488830566e-01 -2.470027923583984375e+00 7.075390815734863281e-01 -2.527898848056793213e-01
6.579052805900573730e-01 -1.499103665351867676e+00 3.063992500305175781e+00 1.243360400199890137e+00 -1.277574419975280762e+00 -2.306174755096435547e+00 1.017216205596923828e+00 -1.606148600578308105e+00 3.470333099365234375e+00 1.620141386985778809e+00 3.397641181945800781e-01 -8.200130462646484375e-01 -1.505043268203735352e+00 -1.906432986259460449e+00 2.630540728569030762e-01
1.591806650161743164e+00 3.708334207534790039e+00 2.849946260452270508e+00 7.515283823013305664e-01 1.326940178871154785e+00 -1.994609475135803223e+00 -7.571135759353637695e-01 -2.648553848266601562e+00 2.417658455669879913e-02 -7.434025406837463379e-01 7.903618812561035156e-01 -8.593054115772247314e-02 -4.337790012359619141e-01 -1.736299395561218262e+00 -5.000649690628051758e-01
1.203360080718994141e+00 -1.084726929664611816e+00 3.528623580932617188e+00 3.817542791366577148e+00 2.493047416210174561e-01 7.535668611526489258e-01 -1.336576789617538452e-01 4.123856544494628906e+00 3.887468338012695312e+00 4.186978340148925781e+00 4.813421249389648438e+00 1.963888287544250488e+00 -3.109928369522094727e-01 -3.777076005935668945e-01 1.210522174835205078e+00
3.390244960784912109e+00 1.311742424964904785e+00 3.981266498565673828e+00 2.177761077880859375e+00 3.127738952636718750e+00 3.895881175994873047e-01 -3.599479436874389648e+00 2.109248638153076172e+00 -2.234453111886978149e-01 1.383119702339172363e+00 2.452126264572143555e+00 7.788658738136291504e-01 -6.284674406051635742e-01 -5.325568914413452148e-01 -1.226540088653564453e+00
2.428559064865112305e+00 -5.185400962829589844e+00 3.336922168731689453e+00 2.786270141601562500e+00 3.928283452987670898e+00 -3.945040106773376465e-01 -5.496224761009216309e-01 7.579119801521301270e-01 1.534146428108215332e+00 4.433070421218872070e-01 -1.661712765693664551e+00 -7.503916621208190918e-01 1.482702851295471191e+00 9.796212911605834961e-01 -1.180249571800231934e+00
5.244805812835693359e+00 2.622647762298583984e+00 3.284743785858154297e+00 3.802333593368530273e+00 2.701141119003295898e+00 -2.290837526321411133e+00 -8.483109474182128906e-01 -2.493141591548919678e-01 2.429606914520263672e+00 4.211694717407226562e+00 5.058134078979492188e+00 -1.529943227767944336e+00 -3.886228203773498535e-01 -2.590491533279418945e+00 -2.444133996963500977e+00
2.343830823898315430e+00 -1.444767355918884277e+00 3.671452522277832031e+00 1.936296105384826660e+00 3.581112146377563477e+00 -2.085885524749755859e+00 -2.066467285156250000e+00 -1.545506762340664864e-03 2.337302923202514648e+00 -3.803496956825256348e-01 3.270425796508789062e+00 7.683264613151550293e-01 -9.620577096939086914e-01 -1.285995125770568848e+00 3.102517127990722656e+00
2.012431144714355469e+00 5.523214936256408691e-01 2.084938049316406250e+00 -3.178162872791290283e-01 9.588245749473571777e-01 2.392286300659179688e+00 1.013092994689941406e+00 -1.894997715950012207e+00 1.323762893676757812e+00 2.357881784439086914e+00 3.048517704010009766e-01 -1.632639884948730469e+00 2.849560678005218506e-01 -1.890022754669189453e-01 -2.827777862548828125e+00
1.096657633781433105e+00 7.149005532264709473e-01 2.465487957000732422e+00 2.786085844039916992e+00 2.457100450992584229e-01 -6.694767475128173828e-01 -5.509044170379638672e+00 1.350319981575012207e+00 -1.511032819747924805e+00 -2.980460405349731445e+00 1.440078020095825195e+00 -4.479720890522003174e-01 -8.678767085075378418e-01 1.980541110038757324e+00 -4.327052235603332520e-01
1.794854402542114258e+00 -4.302606582641601562e-01 1.807949900627136230e+00 1.107106089591979980e+00 3.875087261199951172e+00 2.268506765365600586e+00 -1.338852047920227051e+00 -4.073401167988777161e-02 1.646137714385986328e+00 2.117496490478515625e+00 -1.427548170089721680e+00 -6.641305088996887207e-01 -7.782523632049560547e-01 -4.654594957828521729e-01 -2.166178703308105469e+00
1.627980232238769531e+00 3.002452850341796875e+00 9.007126092910766602e-01 3.723305463790893555e+00 -6.392481923103332520e-02 -1.089001178741455078e+00 -8.656353950500488281e-01 8.139904141426086426e-01 -1.507242560386657715e+00 -5.668430328369140625e-01 -1.156998798251152039e-02 -1.558178067207336426e+00 -3.421816825866699219e-01 7.096514701843261719e-01 3.775382637977600098e-01
-4.298213869333267212e-02 4.427545070648193359e-01 2.793723106384277344e+00 1.432691931724548340e+00 1.512518286705017090e+00 1.144260287284851074e+00 -2.137892246246337891e+00 1.682832360267639160e+00 -1.050180315971374512e+00 2.006439447402954102e+00 8.401983976364135742e-01 6.650835275650024414e-01 -9.254283308982849121e-01 1.381192088127136230e+00 -6.181165575981140137e-01
3.140312433242797852e+00 -1.726874709129333496e+00 1.022458225488662720e-01 4.834028184413909912e-01 1.501027345657348633e+00 -1.464008450508117676e+00 -1.063170433044433594e+00 -8.112607598304748535e-01 -2.212119102478027344e+00 -2.376321554183959961e+00 -2.515382766723632812e-01 3.637762963771820068e-01 1.416827440261840820e+00 7.268518209457397461e-01 -5.562419295310974121e-01
2.679530143737792969e+00 2.357083797454833984e+00 5.412136077880859375e+00 2.321229219436645508e+00 3.287740230560302734e+00 -2.442298650741577148e+00 2.425745487213134766e+00 -2.607989549636840820e+00 2.205326080322265625e+00 1.779470562934875488e+00 1.524736404418945312e+00 -7.019892334938049316e-01 -1.533650517463684082e+00 -2.682140827178955078e+00 1.663835525512695312e+00
5.153525471687316895e-01 6.508806347846984863e-01 3.782023429870605469e+00 4.984858989715576172e+00 2.751037836074829102e+00 2.278594374656677246e-01 5.810220241546630859e-01 2.495259046554565430e+00 1.547088980674743652e+00 1.354478001594543457e+00 -2.480837821960449219e+00 -2.229570388793945312e+00 -5.224984288215637207e-01 -1.368811488151550293e+00 -3.961613774299621582e-01
2.423391103744506836e+00 1.205960035324096680e+00 1.333867549896240234e+00 1.899572610855102539e+00 -1.308795213699340820e+00 4.518458843231201172e-01 6.017047762870788574e-01 8.242197632789611816e-01 1.410546302795410156e+00 2.220144987106323242e+00 -8.862390518188476562e-01 6.978051662445068359e-01 -2.948513746261596680e+00 -1.139781832695007324e+00 -1.581557512283325195e+00
1.833030939102172852e+00 -6.509227156639099121e-01 2.741332530975341797e+00 -5.402981638908386230e-01 -4.515841007232666016e+00 -2.770791649818420410e-01 9.517701268196105957e-01 -1.155644655227661133e+00 1.300977468490600586e+00 1.649090170860290527e+00 1.420373439788818359e+00 1.363174557685852051e+00 2.354953885078430176e-01 -1.355368375778198242e+00 -4.598436355590820312e-01
1.635309010744094849e-01 5.314417481422424316e-01 4.048489093780517578e+00 2.365138769149780273e+00 9.938753247261047363e-01 -1.806994199752807617e+00 -3.438671827316284180e+00 1.085617780685424805e+00 -1.477166056632995605e+00 3.623814344406127930e+00 2.320181131362915039e+00 1.372130036354064941e+00 -9.840121865272521973e-01 -6.497537344694137573e-02 -3.101812362670898438e+00
3.781437397003173828e+00 4.240590929985046387e-01 2.858476638793945312e+00 2.325789451599121094e+00 4.848129272460937500e+00 -2.980063915252685547e+00 -7.835668325424194336e-01 -9.481745362281799316e-01 -3.112643718719482422e+00 1.900926828384399414e+00 1.541112422943115234e+00 -1.594159454107284546e-01 -1.503522515296936035e+00 6.368082165718078613e-01 -1.813487559556961060e-01
4.215548515319824219e+00 4.395150542259216309e-01 2.126588582992553711e+00 2.166193008422851562e+00 2.703578948974609375e+00 3.090509176254272461e-01 -1.279452085494995117e+00 7.691762447357177734e-01 7.850852012634277344e-01 2.454194545745849609e+00 2.345712423324584961e+00 -1.466802120208740234e+00 -2.123054504394531250e+00 1.041372895240783691e+00 -2.016929149627685547e+00
1.902753114700317383e+00 -1.440033912658691406e+00 1.956391453742980957e+00 6.166504621505737305e-01 1.796873927116394043e+00 9.347272515296936035e-01 -6.693266630172729492e-01 3.305690586566925049e-01 -1.732059717178344727e+00 1.585520148277282715e+00 -1.460289955139160156e+00 -7.854740321636199951e-02 -2.058761119842529297e+00 -6.427152752876281738e-01 -1.651835083961486816e+00
7.004007816314697266e+00 -4.631331562995910645e-01 1.522095918655395508e+00 2.297405481338500977e+00 1.734889388084411621e+00 2.335962057113647461e-01 2.849045276641845703e+00 -9.166693091392517090e-01 5.855326652526855469e-01 1.370896816253662109e+00 4.758388996124267578e-01 6.272631287574768066e-01 -1.784344911575317383e+00 -6.965619921684265137e-01 -1.710260152816772461e+00
2.416812658309936523e+00 -1.508928179740905762e+00 3.541902780532836914e+00 2.859689950942993164e+00 2.509550809860229492e+00 -1.570434689521789551e+00 -2.398418188095092773e+00 -1.329573750495910645e+00 1.753002882003784180e+00 2.524194002151489258e+00 2.191873550415039062e+00 9.665073156356811523e-01 4.161800742149353027e-01 -1.291430473327636719e+00 -4.930908203125000000e+00
-8.484737277030944824e-01 2.026728153228759766e+00 1.167896032333374023e+00 8.575887084007263184e-01 4.126784205436706543e-01 -7.905435562133789062e-01 -4.051037788391113281e+00 1.225296378135681152e+00 -2.415432929992675781e+00 2.504492521286010742e+00 4.348374366760253906e+00 -1.744499206542968750e+00 -5.035990238189697266e+00 -6.369952559471130371e-01 -2.278129816055297852e+00
-1.489768475294113159e-01 2.467954158782958984e-01 1.524588823318481445e+00 1.153694272041320801e+00 2.022883653640747070e+00 1.921363949775695801e+00 -8.426063060760498047e-01 6.178963780403137207e-01 -4.743650257587432861e-01 3.227655291557312012e-01 2.771015167236328125e-01 1.566751241683959961e+00 -4.629978179931640625e+00 -2.557817459106445312e+00 -2.457744121551513672e+00
3.430057525634765625e+00 -1.302907466888427734e+00 2.036313533782958984e+00 7.237005829811096191e-01 3.037562131881713867e+00 -1.824573397636413574e+00 9.538302421569824219e-01 -6.450349688529968262e-01 2.203246593475341797e+00 -3.149358630180358887e-01 1.672899246215820312e+00 -3.557581603527069092e-01 1.065976917743682861e-01 6.812096834182739258e-01 -3.601804971694946289e-01
2.065450668334960938e+00 3.674864768981933594e+00 7.161987304687500000e+00 2.921205043792724609e+00 3.917986631393432617e+00 -4.061198830604553223e-01 -4.775347709655761719e+00 -7.706688046455383301e-01 -5.245291233062744141e+00 3.641640543937683105e-01 4.821748733520507812e+00 -2.536203622817993164e+00 -2.783613681793212891e+00 1.289191603660583496e+00 -1.559023380279541016e+00
8.069636225700378418e-01 -6.951589137315750122e-02 3.016716480255126953e+00 5.397160053253173828e+00 4.439816176891326904e-01 1.180854678153991699e+00 -2.220403432846069336e+00 -6.230534911155700684e-01 -1.359618186950683594e+00 8.870088458061218262e-01 5.210246562957763672e+00 1.323724985122680664e+00 -4.489880561828613281e+00 -4.843984246253967285e-01 1.199848502874374390e-01
2.908641338348388672e+00 9.964292049407958984e-01 2.118967056274414062e+00 4.781489372253417969e+00 2.677314758300781250e+00 -2.488083243370056152e-01 -1.087727695703506470e-01 -2.903786599636077881e-01 -6.737899780273437500e-01 1.840828776359558105e+00 -2.553297206759452820e-02 -2.053032636642456055e+00 -2.219336748123168945e+00 -1.061338305473327637e+00 7.093290686607360840e-01
4.672750473022460938e+00 1.565556287765502930e+00 1.756414890289306641e+00 1.678267598152160645e+00 3.151493549346923828e+00 2.329309582710266113e-01 1.363556146621704102e+00 -2.348504066467285156e+00 -1.575445055961608887e+00 2.857865810394287109e+00 2.805457353591918945e+00 1.225675106048583984e+00 -3.245989680290222168e-01 1.133249640464782715e+00 -1.200899600982666016e+00
2.810228824615478516e+00 -3.161700487136840820e+00 1.985909581184387207e+00 5.547450184822082520e-01 -2.618758440017700195e+00 -5.980284810066223145e-01 5.076358318328857422e+00 2.249570846557617188e+00 -5.686292648315429688e-01 8.355288505554199219e+00 2.215175867080688477e+00 -3.197906255722045898e+00 -5.436075210571289062e+00 -4.559286117553710938e+00 -1.508045196533203125e+00
4.076952934265136719e+00 3.257263422012329102e+00 1.618818521499633789e+00 1.378606557846069336e+00 1.258953094482421875e+00 -2.718587517738342285e-01 -2.823711633682250977e+00 1.065683603286743164e+00 -6.715984344482421875e-01 1.160170197486877441e+00 1.622943997383117676e+00 6.297379136085510254e-01 -2.303321361541748047e-01 -8.815794587135314941e-01 -1.617408990859985352e+00
2.053307533264160156e+00 5.797616839408874512e-01 1.493024468421936035e+00 1.242629766464233398e+00 9.510959982872009277e-01 2.156140804290771484e+00 -8.082437515258789062e-01 6.661635041236877441e-01 -2.660617828369140625e+00 5.823004841804504395e-01 -9.084306955337524414e-01 6.681793928146362305e-01 -1.987106442451477051e+00 6.160289645195007324e-01 -2.649097681045532227e+00
