2.031012296676635742e+00 -2.868988215923309326e-01 -1.042315006256103516e+00 -1.120260000228881836e+00 4.417029917240142822e-01 -1.421430468559265137e+00 -1.857525110244750977e-01 4.481465518474578857e-01 -3.279913663864135742e-01 -3.010581731796264648e-01 -1.238550767302513123e-01 -2.801857471466064453e+00 1.700184643268585205e-01 3.089320659637451172e-01 -2.412567377090454102e+00
4.426617324352264404e-01 -4.763884544372558594e-01 5.633844137191772461e-01 -1.264166235923767090e+00 7.241652607917785645e-01 -1.913036257028579712e-01 -2.027837514877319336e+00 4.241546094417572021e-01 -7.043542861938476562e-01 7.547436952590942383e-01 -4.992048442363739014e-01 2.930792868137359619e-01 4.532825052738189697e-01 1.209533572196960449e+00 -3.868078887462615967e-01
-2.623812198638916016e+00 -1.863239258527755737e-01 4.594605267047882080e-01 6.247224286198616028e-02 8.741126656532287598e-01 3.115140497684478760e-01 -1.132899522781372070e+00 2.428878396749496460e-01 9.339468926191329956e-02 1.714320540428161621e+00 1.362848043441772461e+00 2.221657335758209229e-02 -1.350438117980957031e+00 -1.658013463020324707e-01 1.769122481346130371e+00
-5.382640957832336426e-01 1.688117861747741699e+00 -1.673203349113464355e+00 -4.003141447901725769e-02 -5.361765027046203613e-01 -3.079206347465515137e-01 7.928753495216369629e-01 7.581151127815246582e-01 8.277518749237060547e-01 -9.204128384590148926e-01 9.890619665384292603e-02 -1.247795373201370239e-01 -1.689648866653442383e+00 -7.977202534675598145e-01 1.295428514480590820e+00
2.621522903442382812e+00 -6.566885709762573242e-01 -2.382259666919708252e-01 -2.234094619750976562e+00 2.076924145221710205e-01 -5.531179718673229218e-03 3.792682886123657227e-01 4.115624129772186279e-01 -1.640572786331176758e+00 -1.336944818496704102e+00 -1.469354271888732910e+00 -9.369455277919769287e-02 -5.113220810890197754e-01 -1.143909767270088196e-01 -8.701379895210266113e-01
1.691179275512695312e+00 -5.057154893875122070e-01 -6.262218952178955078e-01 -8.924687504768371582e-01 1.145269647240638733e-01 -5.864362716674804688e-01 -7.307853698730468750e-01 3.100345283746719360e-02 -6.444982290267944336e-01 1.672966331243515015e-01 -1.991764903068542480e-01 -2.015177726745605469e+00 -1.439839303493499756e-01 2.562726438045501709e-01 -2.146218299865722656e+00
-2.192363262176513672e+00 -2.991138696670532227e-01 2.307013571262359619e-01 1.093988642096519470e-01 7.553118467330932617e-01 4.891519248485565186e-01 -1.013965487480163574e+00 5.387339740991592407e-02 2.947714328765869141e-01 1.439547538757324219e+00 1.194484114646911621e+00 2.349044531583786011e-01 -1.153101682662963867e+00 -8.558268100023269653e-02 1.472073912620544434e+00
-2.861781120300292969e+00 1.419634521007537842e-01 4.314622282981872559e-01 -6.915364414453506470e-02 8.615809082984924316e-01 5.582178831100463867e-01 -1.575780987739562988e+00 3.231777846813201904e-01 5.111126974225044250e-02 1.752603411674499512e+00 1.318321704864501953e+00 3.968696892261505127e-01 -1.904801845550537109e+00 -2.443367838859558105e-01 2.309827327728271484e+00
-1.357662826776504517e-01 -2.273060560226440430e+00 -4.753070324659347534e-02 -1.035848379135131836e+00 1.026567816734313965e+00 2.494804188609123230e-02 -6.525522470474243164e-01 -2.259347587823867798e-01 -1.289979219436645508e+00 1.360510736703872681e-01 -1.199669599533081055e+00 1.769307851791381836e+00 2.740470468997955322e-01 -1.635238826274871826e-01 8.515916466712951660e-01
1.443219661712646484e+00 -7.465216517448425293e-01 -7.122388482093811035e-01 -7.422484755516052246e-01 5.716404318809509277e-01 -8.315683007240295410e-01 -4.353671073913574219e-01 2.107102125883102417e-01 -4.927810430526733398e-01 2.245861738920211792e-01 2.767107449471950531e-02 -1.793095350265502930e+00 3.675132095813751221e-01 3.049338757991790771e-01 -2.055413484573364258e+00
2.394543170928955078e+00 -4.910936057567596436e-01 -2.237603366374969482e-01 -2.026217699050903320e+00 2.828332483768463135e-01 -2.852448523044586182e-01 5.068565607070922852e-01 4.226662814617156982e-01 -1.562170624732971191e+00 -1.606271386146545410e+00 -1.425664901733398438e+00 -1.300583630800247192e-01 -5.046934485435485840e-01 7.405667752027511597e-02 -9.223106503486633301e-01
2.022513628005981445e+00 -1.803102195262908936e-01 -3.015545904636383057e-01 -1.665712594985961914e+00 4.968571066856384277e-01 -5.929716825485229492e-01 3.351166248321533203e-01 6.193760633468627930e-01 -1.358856439590454102e+00 -1.344094634056091309e+00 -1.209768533706665039e+00 1.445410698652267456e-01 -3.377176225185394287e-01 -1.047955229878425598e-01 -3.113041818141937256e-01
2.731219828128814697e-01 3.907566070556640625e-01 6.241765022277832031e-01 -1.488118410110473633e+00 1.509181380271911621e+00 -1.589768528938293457e+00 9.219813346862792969e-01 1.229245066642761230e+00 -4.340709373354911804e-02 -7.683980464935302734e-01 -3.543209135532379150e-01 4.924773871898651123e-01 2.884651720523834229e-01 7.382392287254333496e-01 2.977570772171020508e+00
-2.274209022521972656e+00 -3.604091107845306396e-01 2.149330824613571167e-01 5.798597820103168488e-03 6.787585616111755371e-01 6.222673058509826660e-01 -1.284111261367797852e+00 -3.908755630254745483e-02 1.814677566289901733e-01 1.446747541427612305e+00 8.939569592475891113e-01 4.412744641304016113e-01 -1.412036776542663574e+00 -2.209464311599731445e-01 1.782886147499084473e+00
-2.041637450456619263e-01 -1.956845164299011230e+00 8.487951010465621948e-02 -9.388847351074218750e-01 9.944457411766052246e-01 1.650763675570487976e-02 -4.319584369659423828e-01 -2.059354335069656372e-01 -1.108319282531738281e+00 -2.020942717790603638e-01 -9.724764823913574219e-01 1.763187646865844727e+00 2.273658812046051025e-01 -4.760784283280372620e-02 1.069999575614929199e+00
2.103301525115966797e+00 -2.213756740093231201e-01 -2.393832504749298096e-01 -1.768390893936157227e+00 4.136397242546081543e-01 -3.580487370491027832e-01 3.556185960769653320e-01 4.388723075389862061e-01 -1.419176816940307617e+00 -1.328929066658020020e+00 -1.307762026786804199e+00 5.224336683750152588e-02 -8.088762760162353516e-01 -2.049004435539245605e-01 -2.744713127613067627e-01
8.056693673133850098e-01 7.365473508834838867e-01 -6.871944665908813477e-01 4.460098445415496826e-01 4.076482653617858887e-01 -2.959608733654022217e-01 1.332484126091003418e+00 4.804934263229370117e-01 -6.685740500688552856e-02 -9.510154128074645996e-01 3.242661714553833008e+00 -2.253829956054687500e+00 -2.783559262752532959e-01 1.438946008682250977e+00 -2.040518999099731445e+00
-3.364694118499755859e-02 3.564392030239105225e-01 1.640080511569976807e-01 6.716980785131454468e-02 -1.270908474922180176e+00 -1.443508982658386230e+00 -6.661167740821838379e-01 1.468201756477355957e+00 -1.017985343933105469e+00 1.956843852996826172e+00 -7.099282145500183105e-01 -1.047895669937133789e+00 -3.033037483692169189e-01 -4.743143022060394287e-01 2.901975810527801514e-01
4.682839810848236084e-01 1.415565133094787598e+00 3.839000463485717773e-01 -1.139028072357177734e+00 1.478184342384338379e+00 3.611449524760246277e-02 -2.955763041973114014e-01 -7.003864049911499023e-01 1.866642355918884277e+00 -4.392365217208862305e-01 1.391655445098876953e+00 9.159625768661499023e-01 2.064562141895294189e-01 1.143642663955688477e+00 5.273546576499938965e-01
4.654395282268524170e-01 1.287178397178649902e+00 2.960638105869293213e-01 -1.237011194229125977e+00 1.408904552459716797e+00 1.571289151906967163e-01 -3.140715360641479492e-01 -5.584490895271301270e-01 1.795727491378784180e+00 -4.581661820411682129e-01 1.545517802238464355e+00 8.379048109054565430e-01 2.307728826999664307e-01 1.240054368972778320e+00 3.410280942916870117e-01
-9.526957273483276367e-01 1.870479702949523926e+00 -1.705093502998352051e+00 2.673647701740264893e-01 -6.567693352699279785e-01 -4.223884642124176025e-01 9.991971254348754883e-01 8.647818565368652344e-01 9.646081924438476562e-01 -9.343953132629394531e-01 3.708936274051666260e-01 -1.811023205518722534e-01 -1.727391719818115234e+00 -7.838866114616394043e-01 1.565545201301574707e+00
3.609678447246551514e-01 -3.317640721797943115e-01 7.011470794677734375e-01 -1.470748424530029297e+00 1.006762027740478516e+00 -4.822923243045806885e-01 -2.385191917419433594e+00 6.594382524490356445e-01 -7.560458779335021973e-01 1.101641774177551270e+00 -3.738277852535247803e-01 4.148625433444976807e-01 6.161117553710937500e-01 1.406909704208374023e+00 1.196909621357917786e-01
-2.501433372497558594e+00 -1.397446095943450928e-01 4.239707887172698975e-01 9.012796729803085327e-02 8.061926364898681641e-01 4.115173518657684326e-01 -1.195732951164245605e+00 1.014597192406654358e-01 9.575127810239791870e-02 1.627599477767944336e+00 1.194720149040222168e+00 2.605121433734893799e-01 -1.391168236732482910e+00 -2.005820274353027344e-01 1.710974574089050293e+00
-5.970291495323181152e-01 1.822649598121643066e+00 -1.800512790679931641e+00 2.483263164758682251e-01 -6.430442929267883301e-01 -2.431415766477584839e-01 9.126124382019042969e-01 7.365573048591613770e-01 8.589316606521606445e-01 -9.284574389457702637e-01 4.595006704330444336e-01 -3.628337681293487549e-01 -1.687227964401245117e+00 -7.567123770713806152e-01 9.470626711845397949e-01
-4.427967369556427002e-01 1.690772891044616699e+00 -1.796099424362182617e+00 -1.957593485713005066e-02 -5.261740088462829590e-01 6.124002858996391296e-02 3.560418486595153809e-01 6.693339347839355469e-01 8.986564278602600098e-01 -6.624532938003540039e-01 3.716361820697784424e-01 -1.032658666372299194e-01 -2.016047000885009766e+00 -8.343846201896667480e-01 1.060344099998474121e+00
2.165712594985961914e+00 2.435990981757640839e-02 -4.774681627750396729e-01 -1.895611524581909180e+00 6.865767836570739746e-01 -8.916206359863281250e-01 7.015081644058227539e-01 8.236135244369506836e-01 -1.184920787811279297e+00 -1.602810263633728027e+00 -1.069963932037353516e+00 4.530922509729862213e-03 -2.342272698879241943e-01 -2.321087718009948730e-01 -1.816395372152328491e-01
3.472043871879577637e-01 7.110536694526672363e-01 3.288379013538360596e-01 -1.670409202575683594e+00 1.752758145332336426e+00 -2.063075542449951172e+00 8.679571151733398438e-01 1.525615453720092773e+00 -2.452696301043033600e-02 -6.878294348716735840e-01 -2.119601070880889893e-01 1.161990612745285034e-01 4.197612777352333069e-02 6.946806311607360840e-01 3.298113584518432617e+00
-3.077651858329772949e-01 -2.174098014831542969e+00 -9.335472434759140015e-02 -7.700827121734619141e-01 1.048663258552551270e+00 -1.253667920827865601e-01 -1.836101412773132324e-01 -2.084431797266006470e-01 -1.307101130485534668e+00 -2.313907295465469360e-01 -1.043092012405395508e+00 1.833951234817504883e+00 4.114859998226165771e-01 -3.308500647544860840e-01 1.212934255599975586e+00
-2.717614412307739258e+00 -4.338534548878669739e-03 4.010636508464813232e-01 1.504256296902894974e-02 9.256263971328735352e-01 4.238460361957550049e-01 -1.052619814872741699e+00 1.780288070440292358e-01 1.360305994749069214e-01 1.487697482109069824e+00 1.356457233428955078e+00 2.768332660198211670e-01 -1.590502977371215820e+00 -2.055566906929016113e-01 1.910071611404418945e+00
5.700291395187377930e-01 1.577085494995117188e+00 1.466197371482849121e-01 -1.506576061248779297e+00 1.672843337059020996e+00 2.221546694636344910e-02 -1.128849908709526062e-01 -4.490475952625274658e-01 2.056771278381347656e+00 -4.172631800174713135e-01 1.662974953651428223e+00 7.798909544944763184e-01 1.142762079834938049e-01 1.301147222518920898e+00 5.970597267150878906e-01
-3.547469675540924072e-01 5.120232701301574707e-01 5.229587554931640625e-01 1.345386654138565063e-01 -1.343356013298034668e+00 -2.044592142105102539e+00 -2.464331388473510742e-01 1.977674484252929688e+00 -8.692253828048706055e-01 2.247838020324707031e+00 -7.442521452903747559e-01 -1.282082319259643555e+00 2.636967003345489502e-01 -5.065153241157531738e-01 2.081596404314041138e-01
6.103863120079040527e-01 1.622850298881530762e+00 3.517979383468627930e-01 -1.528171777725219727e+00 1.710918784141540527e+00 1.877395436167716980e-02 -2.459299564361572266e-01 -5.354391336441040039e-01 1.970626235008239746e+00 -4.405862987041473389e-01 1.664978027343750000e+00 7.281225323677062988e-01 1.309366524219512939e-01 1.468773007392883301e+00 4.954125583171844482e-01
-2.849234938621520996e-01 5.879386067390441895e-01 6.258772015571594238e-01 1.092579588294029236e-01 -1.339689612388610840e+00 -2.152863264083862305e+00 -3.845390081405639648e-01 2.032255172729492188e+00 -9.127913117408752441e-01 2.309565067291259766e+00 -9.117078185081481934e-01 -1.216468691825866699e+00 2.403457462787628174e-01 -5.477393269538879395e-01 4.426718950271606445e-01
-5.723749995231628418e-01 1.806151509284973145e+00 -1.933180928230285645e+00 5.838157609105110168e-02 -5.348936319351196289e-01 -3.516889214515686035e-01 1.042081713676452637e+00 8.414040207862854004e-01 9.089078903198242188e-01 -1.287596106529235840e+00 2.735455930233001709e-01 -2.105795592069625854e-01 -1.741080045700073242e+00 -7.685243487358093262e-01 1.293923974037170410e+00
-1.507339924573898315e-01 -2.203391551971435547e+00 -1.393599212169647217e-01 -1.085874080657958984e+00 9.962220788002014160e-01 1.935937851667404175e-01 -6.489002704620361328e-01 -1.915234476327896118e-01 -1.190807700157165527e+00 2.013057023286819458e-01 -1.165505528450012207e+00 1.787639498710632324e+00 3.172240033745765686e-02 -2.336700558662414551e-01 9.068323373794555664e-01
4.986172318458557129e-01 1.444914460182189941e+00 5.254275798797607422e-01 -1.639876365661621094e+00 1.610722661018371582e+00 2.473554462194442749e-01 -3.011913895606994629e-01 -4.551780521869659424e-01 1.808401703834533691e+00 -3.780405819416046143e-01 1.546622276306152344e+00 7.979542016983032227e-01 -8.076521009206771851e-02 1.323986530303955078e+00 6.498145461082458496e-01
-3.232748210430145264e-01 3.434406816959381104e-01 3.798470199108123779e-01 1.852667480707168579e-01 -1.382178068161010742e+00 -1.628205180168151855e+00 -2.511935830116271973e-01 1.474373936653137207e+00 -6.388828754425048828e-01 1.880499005317687988e+00 -5.998759269714355469e-01 -1.208236455917358398e+00 1.886826455593109131e-01 -5.067019462585449219e-01 -1.428165435791015625e-01
3.117606043815612793e-01 5.799594521522521973e-01 5.497268438339233398e-01 -1.453992247581481934e+00 1.476872444152832031e+00 -1.658753395080566406e+00 1.003141641616821289e+00 1.153520107269287109e+00 1.375813335180282593e-01 -9.216951727867126465e-01 -1.236959919333457947e-01 4.224597513675689697e-01 4.665134847164154053e-01 8.530648350715637207e-01 3.039693593978881836e+00
6.466124653816223145e-01 3.629307448863983154e-01 -4.288923144340515137e-01 6.626827716827392578e-01 -5.750125739723443985e-03 -5.981552414596080780e-03 1.166080713272094727e+00 2.479171603918075562e-01 -2.611837387084960938e-01 -6.391898393630981445e-01 2.866548061370849609e+00 -2.282545328140258789e+00 -4.811991155147552490e-01 1.456888318061828613e+00 -2.328843355178833008e+00
-1.555541008710861206e-01 2.129411101341247559e-01 2.194689810276031494e-01 3.103925883769989014e-01 -1.079642891883850098e+00 -1.295140862464904785e+00 -5.615149140357971191e-01 1.086945891380310059e+00 -6.956984996795654297e-01 1.656518816947937012e+00 -4.824362695217132568e-01 -9.799266457557678223e-01 -2.853878773748874664e-02 -3.212253451347351074e-01 4.690683633089065552e-02
4.271701574325561523e-01 1.346136927604675293e+00 4.190894961357116699e-01 -1.339118242263793945e+00 1.619566559791564941e+00 5.196062847971916199e-02 -3.244947791099548340e-01 -5.856188535690307617e-01 1.812782645225524902e+00 -4.279282391071319580e-01 1.480417132377624512e+00 8.706334829330444336e-01 2.418730556964874268e-01 1.443573951721191406e+00 4.277792572975158691e-01
7.498414516448974609e-01 7.511984705924987793e-01 -5.753967761993408203e-01 4.488780200481414795e-01 2.662475705146789551e-01 -4.550140500068664551e-01 1.481778740882873535e+00 4.269602596759796143e-01 2.243458293378353119e-02 -1.129729866981506348e+00 2.967485189437866211e+00 -2.544836997985839844e+00 -5.488898158073425293e-01 1.513391494750976562e+00 -2.024781465530395508e+00
-3.071013391017913818e-01 5.172452926635742188e-01 6.562941074371337891e-01 3.193461596965789795e-01 -1.178356528282165527e+00 -2.017909049987792969e+00 -4.682540521025657654e-02 1.830686211585998535e+00 -8.828639388084411621e-01 2.082263469696044922e+00 -7.066132426261901855e-01 -1.236010551452636719e+00 3.796787559986114502e-01 -3.936875164508819580e-01 2.143061459064483643e-01
5.869829654693603516e-01 7.802791595458984375e-01 -6.385084390640258789e-01 7.493542432785034180e-01 6.714811921119689941e-01 -6.475079655647277832e-01 1.344338536262512207e+00 2.200810760259628296e-01 -2.037289291620254517e-01 -8.566816449165344238e-01 3.461259126663208008e+00 -2.368632316589355469e+00 -2.258130013942718506e-01 1.323967933654785156e+00 -2.153684854507446289e+00
2.468696355819702148e+00 -3.876859843730926514e-01 -3.989641368389129639e-01 -2.097344398498535156e+00 3.717538714408874512e-01 -4.127399921417236328e-01 6.103104352951049805e-01 6.397593021392822266e-01 -1.563305258750915527e+00 -1.483244538307189941e+00 -1.368283271789550781e+00 -1.721994578838348389e-02 -4.345718324184417725e-01 -2.443118095397949219e-01 -4.949674010276794434e-01
6.862323880195617676e-01 1.669973731040954590e+00 4.605160653591156006e-01 -1.803227901458740234e+00 1.737129211425781250e+00 2.068127244710922241e-01 -3.050466477870941162e-01 -3.974801599979400635e-01 2.172206878662109375e+00 -4.365899264812469482e-01 1.780068397521972656e+00 6.766050457954406738e-01 3.511348739266395569e-02 1.343966960906982422e+00 7.128964066505432129e-01
1.888046115636825562e-01 -4.545563757419586182e-01 4.215984344482421875e-01 -1.357608079910278320e+00 1.000140309333801270e+00 -5.094619393348693848e-01 -2.480380535125732422e+00 5.874370336532592773e-01 -8.223325014114379883e-01 1.235652208328247070e+00 -5.797743797302246094e-01 2.106212824583053589e-01 3.704790771007537842e-01 1.220086097717285156e+00 2.244863510131835938e-01
1.701212525367736816e+00 -4.800880849361419678e-01 -7.223079204559326172e-01 -8.811421990394592285e-01 4.152230322360992432e-01 -9.360041022300720215e-01 -5.421923398971557617e-01 1.742224544286727905e-01 -4.577779769897460938e-01 9.704788029193878174e-02 6.907949596643447876e-02 -2.270971298217773438e+00 1.650772392749786377e-01 3.870888054370880127e-01 -2.300607442855834961e+00
1.517280578613281250e+00 -4.615362882614135742e-01 -5.671823024749755859e-01 -8.681323528289794922e-01 7.358486205339431763e-02 -3.677943646907806396e-01 -4.066784381866455078e-01 7.774601131677627563e-02 -5.266404151916503906e-01 -2.912740036845207214e-02 -5.609693378210067749e-02 -1.802432894706726074e+00 3.157964721322059631e-02 2.705924808979034424e-01 -1.890864968299865723e+00
-7.313872575759887695e-01 1.733847022056579590e+00 -1.625597953796386719e+00 2.139339596033096313e-01 -3.326641619205474854e-01 -3.733190298080444336e-01 1.038966655731201172e+00 6.572675704956054688e-01 1.154161810874938965e+00 -9.355029463768005371e-01 4.847832620143890381e-01 -1.999107152223587036e-01 -1.470315098762512207e+00 -8.300519585609436035e-01 1.530936360359191895e+00
2.120579004287719727e+00 -1.206687390804290771e-01 -1.949077546596527100e-01 -1.598758697509765625e+00 5.561209321022033691e-01 -5.252854824066162109e-01 5.323861837387084961e-01 5.207284688949584961e-01 -1.269737601280212402e+00 -1.489369630813598633e+00 -1.111981987953186035e+00 2.209356576204299927e-01 -2.301521003246307373e-01 -1.551700104027986526e-02 -4.774721562862396240e-01
2.483111433684825897e-02 4.275890290737152100e-01 3.345694541931152344e-01 1.971055939793586731e-02 -1.320192933082580566e+00 -1.800069928169250488e+00 -2.897462844848632812e-01 1.801766633987426758e+00 -7.806962728500366211e-01 1.901861786842346191e+00 -9.692056775093078613e-01 -9.914188981056213379e-01 3.739440739154815674e-01 -4.981554746627807617e-01 1.340427547693252563e-01
6.416815519332885742e-01 6.724281907081604004e-01 -6.931447982788085938e-01 6.572064757347106934e-01 4.211477637290954590e-01 -4.754822850227355957e-01 1.250582933425903320e+00 2.411509007215499878e-01 -1.476771980524063110e-01 -8.300650715827941895e-01 3.178795099258422852e+00 -2.138304710388183594e+00 -2.472190558910369873e-01 1.437868952751159668e+00 -2.015614748001098633e+00
-4.934672415256500244e-01 1.718586683273315430e+00 -1.998765945434570312e+00 -2.714261710643768311e-01 -5.858119130134582520e-01 -6.239938549697399139e-03 6.247730255126953125e-01 7.872377634048461914e-01 7.539618015289306641e-01 -1.221955060958862305e+00 1.634311378002166748e-01 -1.256784647703170776e-01 -2.282419919967651367e+00 -6.420394778251647949e-01 1.113959431648254395e+00
-2.268588542938232422e+00 -1.146084368228912354e-01 4.068454205989837646e-01 2.619423344731330872e-02 6.216625571250915527e-01 7.262441515922546387e-01 -1.240158677101135254e+00 8.237502723932266235e-02 1.603436321020126343e-01 1.529499888420104980e+00 1.123798370361328125e+00 4.049996435642242432e-01 -1.434490799903869629e+00 -5.320792552083730698e-03 1.528227210044860840e+00
4.408689141273498535e-01 1.348676323890686035e+00 4.824099838733673096e-01 -1.422398924827575684e+00 1.427272439002990723e+00 3.662008941173553467e-01 -5.319733619689941406e-01 -6.191011667251586914e-01 1.769494891166687012e+00 -4.849105477333068848e-01 1.413567662239074707e+00 6.818072795867919922e-01 -3.977210819721221924e-01 9.541134238243103027e-01 6.578984856605529785e-01
6.809982657432556152e-01 5.468991994857788086e-01 -5.552572607994079590e-01 4.869739711284637451e-01 4.628183841705322266e-01 -3.348092436790466309e-01 1.110828757286071777e+00 2.598231732845306396e-01 -8.216071873903274536e-02 -7.988358736038208008e-01 2.888835668563842773e+00 -2.021611928939819336e+00 -6.657525151968002319e-02 1.414543390274047852e+00 -1.959679722785949707e+00
3.642584383487701416e-01 4.686185419559478760e-01 4.960900247097015381e-01 -1.472558021545410156e+00 1.455367803573608398e+00 -1.529443264007568359e+00 1.001752495765686035e+00 1.107541084289550781e+00 8.067672699689865112e-02 -1.018316388130187988e+00 -7.868327945470809937e-02 4.371092617511749268e-01 3.604101240634918213e-01 7.081232666969299316e-01 2.754225969314575195e+00
-4.707264006137847900e-01 1.696282863616943359e+00 -1.820056796073913574e+00 9.496708400547504425e-03 -3.363045454025268555e-01 -2.020027115941047668e-02 1.117335319519042969e+00 7.419289946556091309e-01 9.282982945442199707e-01 -1.388428568840026855e+00 5.915299654006958008e-01 -9.761030972003936768e-02 -1.641834139823913574e+00 -7.264140248298645020e-01 1.175829648971557617e+00
-7.688831686973571777e-01 1.969350099563598633e+00 -1.652738571166992188e+00 1.097372993826866150e-01 -6.001712679862976074e-01 -4.605166614055633545e-01 9.417509436607360840e-01 8.705506324768066406e-01 1.024608016014099121e+00 -7.565224766731262207e-01 5.032542347908020020e-01 -4.837848544120788574e-01 -1.638897180557250977e+00 -9.110353589057922363e-01 1.436124205589294434e+00
1.230494827032089233e-01 3.977730870246887207e-01 4.317380487918853760e-01 -1.323207020759582520e+00 1.274298906326293945e+00 -1.509904623031616211e+00 8.799327015876770020e-01 9.607093930244445801e-01 5.135839059948921204e-02 -7.887286543846130371e-01 2.147994004189968109e-02 3.526242971420288086e-01 4.178772866725921631e-01 8.539534211158752441e-01 2.562835931777954102e+00
-5.714170336723327637e-01 1.796274423599243164e+00 -1.650185942649841309e+00 1.922027021646499634e-01 -2.109820842742919922e-01 -2.240546494722366333e-01 1.040482044219970703e+00 5.819253325462341309e-01 9.864355325698852539e-01 -1.052197694778442383e+00 6.817997694015502930e-01 -2.097776979207992554e-01 -1.573696613311767578e+00 -8.734421133995056152e-01 1.491557240486145020e+00
1.508012652397155762e+00 -1.358143687248229980e-01 -8.750647306442260742e-01 -7.612537145614624023e-01 4.244667291641235352e-01 -1.312105059623718262e+00 4.069151282310485840e-01 2.628394663333892822e-01 -1.671111136674880981e-01 -4.463891983032226562e-01 1.992292702198028564e-01 -2.623727798461914062e+00 2.123332321643829346e-01 6.482156515121459961e-01 -2.353921651840209961e+00
6.579427719116210938e-01 3.818942606449127197e-01 -4.017759263515472412e-01 5.556140542030334473e-01 3.273093104362487793e-01 -1.825312227010726929e-01 9.838236570358276367e-01 5.140761286020278931e-02 -1.084979251027107239e-01 -5.451207160949707031e-01 2.630423307418823242e+00 -2.030872344970703125e+00 -4.685511291027069092e-01 1.198337078094482422e+00 -1.862138509750366211e+00
-1.306523978710174561e-01 3.715915977954864502e-01 2.681640982627868652e-01 3.215471208095550537e-01 -1.396784901618957520e+00 -1.374914288520812988e+00 -4.306441545486450195e-01 1.462204813957214355e+00 -9.340918064117431641e-01 1.984681487083435059e+00 -5.519388914108276367e-01 -1.051483273506164551e+00 -1.160424575209617615e-01 -6.070167422294616699e-01 -1.631028056144714355e-01
8.185184597969055176e-01 4.623540341854095459e-01 -4.947712719440460205e-01 4.217800199985504150e-01 3.002472519874572754e-01 -2.659935653209686279e-01 9.757950901985168457e-01 1.534125059843063354e-01 -1.072346046566963196e-01 -6.854777336120605469e-01 2.707490205764770508e+00 -2.070546627044677734e+00 -3.160026967525482178e-01 1.415252566337585449e+00 -1.901865363121032715e+00
-6.081227064132690430e-01 1.760075807571411133e+00 -1.542275667190551758e+00 1.401003748178482056e-01 -5.234540700912475586e-01 -2.705913484096527100e-01 6.361745595932006836e-01 7.345342636108398438e-01 8.971614837646484375e-01 -6.139383316040039062e-01 5.935050845146179199e-01 -3.899691998958587646e-01 -1.709696412086486816e+00 -8.071416020393371582e-01 1.162430405616760254e+00
2.356147319078445435e-01 2.093804329633712769e-01 2.816489636898040771e-01 -1.149930715560913086e+00 9.738119244575500488e-01 -1.414240002632141113e+00 9.083385467529296875e-01 7.192343473434448242e-01 -1.762957312166690826e-02 -8.489918708801269531e-01 1.176303997635841370e-01 2.685067355632781982e-01 6.633278727531433105e-01 8.143833279609680176e-01 2.051081418991088867e+00
-3.358202874660491943e-01 5.897308588027954102e-01 5.072388648986816406e-01 1.328870207071304321e-01 -1.408950686454772949e+00 -2.063750982284545898e+00 -2.024297714233398438e-01 1.880360126495361328e+00 -7.610685229301452637e-01 2.404032945632934570e+00 -8.692811131477355957e-01 -1.361959218978881836e+00 2.235388457775115967e-01 -4.920919835567474365e-01 1.704738438129425049e-01
-7.897352576255798340e-01 2.040884256362915039e+00 -1.824976563453674316e+00 8.493568748235702515e-02 -5.843337178230285645e-01 -2.120650857686996460e-01 8.998470306396484375e-01 6.663229465484619141e-01 1.167851448059082031e+00 -9.808900356292724609e-01 4.857950508594512939e-01 -4.381859302520751953e-01 -2.064480543136596680e+00 -6.643910408020019531e-01 1.237611651420593262e+00
-2.123263627290725708e-01 -2.259381532669067383e+00 -8.297341316938400269e-02 -8.813999295234680176e-01 1.069011330604553223e+00 -1.192348897457122803e-01 -6.055351495742797852e-01 -3.136451542377471924e-01 -1.330293774604797363e+00 -1.514134258031845093e-01 -1.256461977958679199e+00 1.838760018348693848e+00 3.832110464572906494e-01 -2.777432501316070557e-01 1.128965854644775391e+00
-7.611540555953979492e-01 1.487662076950073242e+00 -1.288536548614501953e+00 2.271801382303237915e-01 -3.873714208602905273e-01 -2.455814331769943237e-01 1.029433250427246094e+00 5.502527356147766113e-01 1.011907339096069336e+00 -7.305355072021484375e-01 2.992962896823883057e-01 2.511835098266601562e-02 -1.179615020751953125e+00 -6.070613265037536621e-01 1.318716406822204590e+00
1.798467636108398438e+00 -2.082095146179199219e-01 -8.654978275299072266e-01 -9.302940964698791504e-01 4.380106627941131592e-01 -1.011031031608581543e+00 -1.009956523776054382e-01 3.223931491374969482e-01 -2.332261949777603149e-01 -2.985532581806182861e-01 1.555515229701995850e-01 -2.450927972793579102e+00 1.936239302158355713e-01 4.120068848133087158e-01 -2.334621191024780273e+00
2.203109264373779297e+00 -1.669283509254455566e-01 -2.152974009513854980e-01 -1.816521406173706055e+00 2.917892336845397949e-01 -5.616465210914611816e-01 5.959893465042114258e-01 6.197132468223571777e-01 -1.508148908615112305e+00 -1.549002289772033691e+00 -1.358917236328125000e+00 2.168555557727813721e-02 -3.366534411907196045e-01 -2.070367895066738129e-02 -6.775509119033813477e-01
5.480754375457763672e-01 1.276746749877929688e+00 5.423132181167602539e-01 -1.296807289123535156e+00 1.468553423881530762e+00 3.606702983379364014e-01 -4.504538476467132568e-01 -7.377456426620483398e-01 1.780953288078308105e+00 -5.071750283241271973e-01 1.380779743194580078e+00 8.176836371421813965e-01 -6.764801591634750366e-02 1.043731927871704102e+00 4.344018101692199707e-01
-5.221433937549591064e-02 -2.139367818832397461e+00 1.356042623519897461e-01 -8.355934619903564453e-01 1.068915843963623047e+00 -9.405407309532165527e-02 -6.401792168617248535e-01 -3.908761143684387207e-01 -1.184596419334411621e+00 4.727805033326148987e-02 -1.093362092971801758e+00 1.670548796653747559e+00 5.131703615188598633e-01 -2.493410706520080566e-01 9.420823454856872559e-01
5.579891204833984375e-01 5.197660326957702637e-01 -5.211651325225830078e-01 4.464826285839080811e-01 3.159908652305603027e-01 -1.348490864038467407e-01 9.259327650070190430e-01 9.455696493387222290e-02 1.079373285174369812e-01 -6.685713529586791992e-01 2.574593067169189453e+00 -1.765449047088623047e+00 -2.708611190319061279e-01 1.293597817420959473e+00 -1.788405060768127441e+00
-2.530617415904998779e-01 6.411002278327941895e-01 4.627297818660736084e-01 1.445549875497817993e-01 -1.661936402320861816e+00 -1.787493586540222168e+00 -7.054280638694763184e-01 1.865431427955627441e+00 -9.507266879081726074e-01 2.500283479690551758e+00 -7.767643332481384277e-01 -1.197289109230041504e+00 -2.953134477138519287e-01 -6.454843878746032715e-01 3.390420079231262207e-01
8.614923954010009766e-01 2.924545109272003174e-01 -5.275320410728454590e-01 3.548804223537445068e-01 1.620023846626281738e-01 -4.171358421444892883e-02 1.282383084297180176e+00 5.311365127563476562e-01 -2.725315093994140625e-01 -8.517802953720092773e-01 3.055692195892333984e+00 -2.189958572387695312e+00 -2.181458175182342529e-01 1.580650568008422852e+00 -2.310954093933105469e+00
1.688896894454956055e+00 -4.071554839611053467e-01 -8.341479897499084473e-01 -9.167790412902832031e-01 5.616182684898376465e-01 -1.078838944435119629e+00 -1.815392971038818359e-01 2.843876779079437256e-01 -4.419116377830505371e-01 -2.320611327886581421e-01 8.634900674223899841e-03 -2.284731388092041016e+00 3.980628028512001038e-02 2.710146903991699219e-01 -2.193681955337524414e+00
-2.573255777359008789e+00 -1.276865005493164062e-01 4.062995612621307373e-01 8.256962150335311890e-02 6.572420597076416016e-01 5.618975758552551270e-01 -1.441176414489746094e+00 1.110708490014076233e-01 9.827434271574020386e-02 1.852568626403808594e+00 1.201239585876464844e+00 2.705648243427276611e-01 -1.516551852226257324e+00 -2.375496029853820801e-01 1.808762192726135254e+00
-1.802590638399124146e-01 -2.218101978302001953e+00 -1.662048138678073883e-02 -9.841333627700805664e-01 9.540714621543884277e-01 6.407716870307922363e-02 -8.118957877159118652e-01 -4.052067101001739502e-01 -1.212271332740783691e+00 1.338262408971786499e-01 -1.286592483520507812e+00 1.684550404548645020e+00 1.445609033107757568e-01 -1.812217533588409424e-01 7.516137361526489258e-01
-2.263644933700561523e+00 -1.683687269687652588e-01 4.756634831428527832e-01 1.383437067270278931e-01 6.636194586753845215e-01 4.762885868549346924e-01 -1.206527113914489746e+00 2.684221416711807251e-02 2.602634429931640625e-01 1.760357856750488281e+00 1.357402443885803223e+00 1.718701571226119995e-01 -1.202679514884948730e+00 -9.704352170228958130e-02 1.583042263984680176e+00
1.004218310117721558e-01 2.481409907341003418e-01 5.449591875076293945e-01 -1.029774546623229980e+00 1.283713698387145996e+00 -1.433952927589416504e+00 6.966956257820129395e-01 6.492564082145690918e-01 1.057913061231374741e-03 -6.704040765762329102e-01 -3.286771476268768311e-01 5.745549798011779785e-01 4.913381114602088928e-02 5.277277231216430664e-01 2.657668352127075195e+00
2.530148029327392578e+00 -9.348567128181457520e-01 -2.735264599323272705e-01 -2.053510665893554688e+00 1.672934144735336304e-01 -2.374702543020248413e-01 4.463465213775634766e-01 4.421231448650360107e-01 -1.833812594413757324e+00 -1.381008028984069824e+00 -1.636855125427246094e+00 -3.219904005527496338e-02 -3.760027587413787842e-01 7.502561062574386597e-02 -1.139757156372070312e+00
1.626339793205261230e+00 -6.749894022941589355e-01 -4.656901657581329346e-01 -8.631739020347595215e-01 8.274891227483749390e-02 -3.884783089160919189e-01 -6.298759579658508301e-01 8.148059993982315063e-02 -6.595216989517211914e-01 2.823100388050079346e-01 -2.046703733503818512e-02 -1.812683463096618652e+00 1.107366457581520081e-01 3.113291263580322266e-01 -2.123805761337280273e+00
2.306520789861679077e-01 4.113582670688629150e-01 3.841096758842468262e-01 -1.353210926055908203e+00 1.283767700195312500e+00 -1.620366454124450684e+00 1.024490237236022949e+00 1.149886488914489746e+00 -8.616019040346145630e-02 -1.006770253181457520e+00 -2.170127928256988525e-01 3.882750570774078369e-01 3.670598566532135010e-01 7.553710341453552246e-01 2.767688512802124023e+00
2.237429767847061157e-01 2.612447440624237061e-01 4.643782973289489746e-01 -1.447114348411560059e+00 1.535190701484680176e+00 -1.370133876800537109e+00 9.091854095458984375e-01 8.816438913345336914e-01 1.375138610601425171e-01 -9.208639860153198242e-01 -1.374556720256805420e-01 5.807073712348937988e-01 1.500252783298492432e-01 5.755334496498107910e-01 2.719686746597290039e+00
2.293513864278793335e-01 3.747695088386535645e-01 2.804565727710723877e-01 -1.265798568725585938e+00 1.254692792892456055e+00 -1.299901485443115234e+00 9.567235708236694336e-01 9.668959379196166992e-01 -7.287944108247756958e-02 -1.061819314956665039e+00 -2.339414060115814209e-01 3.325310647487640381e-01 -1.431682147085666656e-02 5.648850798606872559e-01 2.417573690414428711e+00
2.376667022705078125e+00 5.589711666107177734e-02 -5.933489203453063965e-01 -2.157157659530639648e+00 4.018009006977081299e-01 -5.845234394073486328e-01 7.647724151611328125e-01 9.244871139526367188e-01 -1.301903247833251953e+00 -1.666758894920349121e+00 -1.325112342834472656e+00 -1.375781446695327759e-01 -5.302364230155944824e-01 -2.317621111869812012e-01 -4.229151308536529541e-01
-6.395030021667480469e-01 1.590056657791137695e+00 -1.817905664443969727e+00 -1.420257519930601120e-02 -4.999221563339233398e-01 -1.008840948343276978e-01 6.690213680267333984e-01 7.010872364044189453e-01 9.431811571121215820e-01 -9.343209862709045410e-01 2.574534714221954346e-01 -1.579704433679580688e-01 -1.811856865882873535e+00 -7.365071177482604980e-01 1.246601343154907227e+00
3.141746819019317627e-01 -4.913785457611083984e-01 4.704611301422119141e-01 -1.013403415679931641e+00 8.406180739402770996e-01 -4.030887186527252197e-01 -1.679346203804016113e+00 7.543728500604629517e-02 -4.145149588584899902e-01 5.273883938789367676e-01 -2.022022306919097900e-01 -5.333863198757171631e-02 6.996372342109680176e-01 1.291911125183105469e+00 -6.328604817390441895e-01
-1.176860481500625610e-01 -2.323543310165405273e+00 -9.954737871885299683e-02 -1.078933000564575195e+00 1.073587536811828613e+00 4.488095268607139587e-02 -6.877478957176208496e-01 -2.792520821094512939e-01 -1.447438001632690430e+00 -1.920605823397636414e-02 -1.326960206031799316e+00 1.925593376159667969e+00 -4.760768637061119080e-02 -2.456762492656707764e-01 1.150761365890502930e+00
-7.643718123435974121e-01 1.865040421485900879e+00 -1.523471832275390625e+00 2.844233810901641846e-01 -6.503987312316894531e-01 -3.551327288150787354e-01 1.239740133285522461e+00 8.548480272293090820e-01 9.496790766716003418e-01 -8.430297374725341797e-01 4.902039468288421631e-01 -2.582266032695770264e-01 -1.312937259674072266e+00 -8.803789019584655762e-01 1.173616409301757812e+00
2.978312969207763672e-01 -4.948207437992095947e-01 5.145657062530517578e-01 -1.047500729560852051e+00 8.368555903434753418e-01 -3.163611590862274170e-01 -2.007213354110717773e+00 1.719405502080917358e-01 -5.653577446937561035e-01 9.017613530158996582e-01 -2.427019476890563965e-01 -1.372375339269638062e-01 6.582042574882507324e-01 1.284173130989074707e+00 -5.905618071556091309e-01
-2.456700950860977173e-01 -2.320477724075317383e+00 -5.938487499952316284e-02 -1.077966928482055664e+00 1.136257290840148926e+00 -1.495905816555023193e-01 -3.942340612411499023e-01 -1.363572031259536743e-01 -1.365876674652099609e+00 -2.195990830659866333e-01 -1.236209511756896973e+00 1.794112920761108398e+00 4.161350429058074951e-01 -1.818290352821350098e-01 1.031659483909606934e+00
2.024951934814453125e+00 -2.528313100337982178e-01 -9.013974070549011230e-01 -1.016235113143920898e+00 6.824602484703063965e-01 -1.394917607307434082e+00 -1.754344999790191650e-01 2.380300611257553101e-01 -2.284379154443740845e-01 -2.249893993139266968e-01 2.064011059701442719e-02 -2.713963270187377930e+00 2.508527338504791260e-01 4.575785398483276367e-01 -2.401628732681274414e+00
-2.106074839830398560e-01 -2.153714895248413086e+00 -1.754763163626194000e-02 -9.918826222419738770e-01 1.155287861824035645e+00 -1.837534159421920776e-01 -3.929747343063354492e-01 -2.390919774770736694e-01 -1.377717375755310059e+00 -1.789880394935607910e-01 -1.235464572906494141e+00 1.785259008407592773e+00 4.352187216281890869e-01 -1.432369947433471680e-01 1.110911011695861816e+00
-2.694484949111938477e+00 -5.200739204883575439e-02 3.962452709674835205e-01 -5.949566885828971863e-02 9.017884731292724609e-01 4.669312536716461182e-01 -1.567958712577819824e+00 2.207000106573104858e-01 -5.486021284013986588e-03 1.792489171028137207e+00 1.172012329101562500e+00 2.362967878580093384e-01 -1.724469423294067383e+00 -2.231946587562561035e-01 2.179881334304809570e+00
7.723996639251708984e-01 1.798309803009033203e+00 1.053333282470703125e-01 -1.783162832260131836e+00 1.877265453338623047e+00 -1.137157231569290161e-01 8.887642621994018555e-02 -3.258919417858123779e-01 2.060472488403320312e+00 -7.805712223052978516e-01 1.838734149932861328e+00 6.093706488609313965e-01 1.552895270287990570e-02 1.560225486755371094e+00 5.869208574295043945e-01
