-9.495300292968750000e+00 -1.316288948059082031e+01 -3.721151351928710938e+00 4.844636619091033936e-01 9.111058235168457031e+00 1.319864559173583984e+01 8.167015075683593750e+00 7.330163121223449707e-01 -2.569704294204711914e+00 3.478709697723388672e+00 -9.453880041837692261e-02 6.796889781951904297e+00 8.754948973655700684e-01 7.327777862548828125e+00 -1.125691223144531250e+01
-8.210059165954589844e+00 -1.005177783966064453e+01 -1.338873624801635742e+00 2.016401529312133789e+00 7.086947917938232422e+00 9.977672576904296875e+00 6.202180862426757812e+00 -4.148223876953125000e+00 -2.754022598266601562e+00 -1.413049995899200439e-01 -2.037165641784667969e+00 1.081555747985839844e+01 5.259266376495361328e+00 5.587283134460449219e+00 -5.826807975769042969e+00
-8.459027290344238281e+00 -7.092060089111328125e+00 -7.373502254486083984e+00 -2.555045127868652344e+00 8.215393066406250000e+00 1.127803421020507812e+01 7.429672718048095703e+00 -4.821715354919433594e+00 -8.333684206008911133e-01 2.156655788421630859e+00 -1.269249558448791504e+00 1.141031646728515625e+01 5.005976676940917969e+00 1.081760311126708984e+01 -8.285103797912597656e+00
-8.549711227416992188e+00 -6.732484817504882812e+00 -9.527287483215332031e+00 -1.566292285919189453e+00 7.274887561798095703e+00 1.306844329833984375e+01 6.505996227264404297e+00 -6.472376823425292969e+00 -2.985335350036621094e+00 3.378333091735839844e+00 -1.749855399131774902e+00 1.243720626831054688e+01 5.011996269226074219e+00 1.097559356689453125e+01 -7.542174816131591797e+00
-9.047385215759277344e+00 -1.258065509796142578e+01 -4.385172843933105469e+00 2.093713283538818359e+00 6.910989284515380859e+00 1.243797683715820312e+01 5.640499114990234375e+00 -3.459578514099121094e+00 -3.979647636413574219e+00 -1.277809381484985352e+00 -2.089418888092041016e+00 1.214849853515625000e+01 6.619721889495849609e+00 5.414010047912597656e+00 -5.945371150970458984e+00
-9.944694519042968750e+00 -1.277480030059814453e+01 -3.206232309341430664e+00 -1.075794734060764313e-02 8.111731529235839844e+00 1.276943492889404297e+01 9.096395492553710938e+00 8.519733548164367676e-01 -9.877921342849731445e-01 2.978796005249023438e+00 7.053530961275100708e-02 7.685498237609863281e+00 2.177275866270065308e-01 1.033862686157226562e+01 -1.255401420593261719e+01
-1.312814521789550781e+01 -9.660342216491699219e+00 -2.921574115753173828e+00 -2.873994827270507812e+00 9.809359550476074219e+00 1.276553916931152344e+01 7.511749267578125000e+00 -4.083837509155273438e+00 -2.417004108428955078e+00 9.323686361312866211e-01 -6.589589118957519531e-01 8.292116165161132812e+00 3.913136482238769531e+00 4.980370044708251953e+00 -1.223889732360839844e+01
-7.394514083862304688e+00 -7.103303432464599609e+00 -6.861922264099121094e+00 -3.499511718750000000e+00 7.367118358612060547e+00 1.086263942718505859e+01 6.454779148101806641e+00 -3.599245786666870117e+00 -9.030390977859497070e-01 1.312277674674987793e+00 3.147469758987426758e-01 1.086684417724609375e+01 3.840014457702636719e+00 1.034518146514892578e+01 -6.875211238861083984e+00
-1.034277248382568359e+01 -1.174048328399658203e+01 -9.263754844665527344e+00 3.605177402496337891e+00 6.217486858367919922e+00 1.508311653137207031e+01 1.127150821685791016e+01 -3.023251056671142578e+00 -2.082467555999755859e+00 7.150371551513671875e+00 -3.441655874252319336e+00 1.379704475402832031e+01 5.598145008087158203e+00 8.834429740905761719e+00 -1.211930751800537109e+01
-8.903404235839843750e+00 -1.226470756530761719e+01 -2.295160055160522461e+00 5.932159423828125000e-01 7.326283931732177734e+00 1.050684547424316406e+01 4.713920116424560547e+00 -1.545954823493957520e+00 -2.548810958862304688e+00 -2.455192506313323975e-01 -1.868528723716735840e+00 1.218154335021972656e+01 7.246840476989746094e+00 5.320379257202148438e+00 -6.913321018218994141e+00
-1.365509414672851562e+01 -1.105062484741210938e+01 -3.701146364212036133e+00 -2.799414634704589844e+00 1.013717079162597656e+01 1.354372406005859375e+01 7.722247600555419922e+00 -5.123658657073974609e+00 -3.359281063079833984e+00 1.323662161827087402e+00 -4.463964700698852539e-01 9.101808547973632812e+00 3.994392395019531250e+00 5.960185050964355469e+00 -1.289961338043212891e+01
-7.262535572052001953e+00 -6.679095268249511719e+00 -6.940636634826660156e+00 -3.386995792388916016e+00 7.835761547088623047e+00 9.270475387573242188e+00 5.379576206207275391e+00 -3.904269933700561523e+00 -1.402616143226623535e+00 2.101508140563964844e+00 2.301598154008388519e-02 9.576171875000000000e+00 5.124905586242675781e+00 8.160471916198730469e+00 -5.705582141876220703e+00
-1.361044120788574219e+01 -1.077097511291503906e+01 -5.593799591064453125e+00 -1.922505497932434082e+00 7.487555503845214844e+00 1.374874496459960938e+01 7.061960220336914062e+00 -5.094984531402587891e+00 -3.550195693969726562e+00 9.407740831375122070e-01 -9.552508592605590820e-01 9.305600166320800781e+00 3.972598552703857422e+00 6.774077415466308594e+00 -1.329251670837402344e+01
-7.453856468200683594e+00 -4.756102561950683594e+00 -7.853489398956298828e+00 -2.102949142456054688e+00 8.740180969238281250e+00 1.115542507171630859e+01 6.445831298828125000e+00 -5.261153221130371094e+00 -2.214518070220947266e+00 1.904587984085083008e+00 -2.884308099746704102e+00 1.312512302398681641e+01 6.212634086608886719e+00 9.069392204284667969e+00 -7.209461212158203125e+00
-9.153779983520507812e+00 -1.003690624237060547e+01 -1.536243081092834473e+00 1.853792667388916016e+00 6.489031314849853516e+00 1.027447319030761719e+01 4.931386470794677734e+00 -2.635382413864135742e+00 -3.180913448333740234e+00 3.761824667453765869e-01 -3.795247316360473633e+00 1.084660530090332031e+01 6.131076812744140625e+00 5.729828834533691406e+00 -6.351877212524414062e+00
-9.953459739685058594e+00 -1.306600761413574219e+01 -3.475924015045166016e+00 4.554390609264373779e-01 8.204047203063964844e+00 1.268473052978515625e+01 8.437699317932128906e+00 1.245208382606506348e+00 -2.242846488952636719e+00 3.286052703857421875e+00 -7.607257962226867676e-01 5.527997493743896484e+00 1.441974520683288574e+00 7.792429924011230469e+00 -1.240682792663574219e+01
-1.175726699829101562e+01 -1.449598789215087891e+01 -4.357084274291992188e+00 2.929322957992553711e+00 1.032363224029541016e+01 1.557103157043457031e+01 9.474465370178222656e+00 -9.961265921592712402e-01 -2.712645769119262695e+00 4.639077186584472656e+00 6.577635556459426880e-02 5.220029354095458984e+00 -2.098329544067382812e+00 1.038698673248291016e+01 -1.312605476379394531e+01
-9.009637832641601562e+00 -1.240734767913818359e+01 -3.064925909042358398e+00 1.417450606822967529e-01 8.939702033996582031e+00 1.245542907714843750e+01 8.101845741271972656e+00 1.015898108482360840e+00 -1.274685978889465332e+00 2.667146921157836914e+00 -6.376321315765380859e-01 6.680692672729492188e+00 1.236335746943950653e-02 8.138964653015136719e+00 -1.150248813629150391e+01
-1.476515865325927734e+01 -1.160891532897949219e+01 -5.169971466064453125e+00 -1.154603242874145508e+00 1.043795108795166016e+01 1.478212547302246094e+01 7.644716739654541016e+00 -6.320865631103515625e+00 -5.074113368988037109e+00 1.338910460472106934e+00 -1.307616114616394043e+00 9.436269760131835938e+00 4.149830341339111328e+00 7.009342193603515625e+00 -1.453451824188232422e+01
-1.095946884155273438e+01 -1.385200977325439453e+01 -4.021386146545410156e+00 2.233589410781860352e+00 8.915034294128417969e+00 1.445851612091064453e+01 8.630788803100585938e+00 -3.379837870597839355e-01 -2.175604581832885742e+00 4.509545803070068359e+00 -9.035835266113281250e-01 6.943183898925781250e+00 -6.366954445838928223e-01 1.055629920959472656e+01 -1.328499507904052734e+01
-1.160492420196533203e+01 -1.558638477325439453e+01 -5.376426696777343750e+00 1.550830125808715820e+00 1.015963459014892578e+01 1.617843627929687500e+01 9.484763145446777344e+00 -7.322906851768493652e-01 -3.732895851135253906e+00 3.683767795562744141e+00 -4.789547920227050781e-01 7.167500019073486328e+00 -3.218422830104827881e-01 1.089624881744384766e+01 -1.406301784515380859e+01
-9.401857376098632812e+00 -1.355644893646240234e+01 -4.758112430572509766e+00 1.805890560150146484e+00 7.010061740875244141e+00 1.524809741973876953e+01 7.587812900543212891e+00 -2.302508801221847534e-04 -4.274819850921630859e+00 4.520545959472656250e+00 7.535684853792190552e-02 7.282965183258056641e+00 2.514323294162750244e-01 8.713442802429199219e+00 -1.269850921630859375e+01
-7.661799907684326172e+00 -8.127622604370117188e+00 -6.050292015075683594e+00 -3.315087318420410156e+00 9.088433265686035156e+00 1.059184646606445312e+01 7.610149860382080078e+00 -4.407693862915039062e+00 2.444492727518081665e-01 2.221131086349487305e+00 -7.381938695907592773e-01 1.213388919830322266e+01 4.129566669464111328e+00 1.082607936859130859e+01 -8.713493347167968750e+00
-6.904373645782470703e+00 -6.916550636291503906e+00 -7.180025577545166016e+00 -3.305285453796386719e+00 7.980778217315673828e+00 9.663631439208984375e+00 5.392977237701416016e+00 -4.022319793701171875e+00 -1.140292286872863770e+00 2.401375293731689453e+00 4.383790493011474609e-01 1.031154632568359375e+01 3.627073287963867188e+00 8.844893455505371094e+00 -6.116391658782958984e+00
-1.080246353149414062e+01 -1.334777832031250000e+01 -4.672052383422851562e+00 1.219086423516273499e-01 8.509562492370605469e+00 1.404326820373535156e+01 8.341706275939941406e+00 6.472175717353820801e-01 -2.410930633544921875e+00 3.831667184829711914e+00 1.314338088035583496e+00 6.034286975860595703e+00 -4.471980035305023193e-01 9.050014495849609375e+00 -1.171125125885009766e+01
-7.608211994171142578e+00 -5.598938465118408203e+00 -7.721869468688964844e+00 -3.043044567108154297e+00 7.201438426971435547e+00 1.149010276794433594e+01 6.515280723571777344e+00 -4.431303977966308594e+00 -9.876219034194946289e-01 2.210194826126098633e+00 -8.532892465591430664e-01 1.235180664062500000e+01 5.314201831817626953e+00 9.092052459716796875e+00 -6.626877307891845703e+00
-1.095819664001464844e+01 -1.120794582366943359e+01 -7.393923759460449219e+00 -1.038835525512695312e+00 7.516900062561035156e+00 1.375444221496582031e+01 1.129691314697265625e+01 -1.691424250602722168e-01 2.836274206638336182e-01 5.031122207641601562e+00 1.071471050381660461e-01 1.101302814483642578e+01 4.541192531585693359e+00 7.715504646301269531e+00 -1.032161712646484375e+01
-8.939559936523437500e+00 -8.622136116027832031e+00 -7.546607494354248047e+00 -2.258118629455566406e+00 7.334656238555908203e+00 1.006786918640136719e+01 6.427430152893066406e+00 -3.904551744461059570e+00 -1.914853692054748535e+00 1.550128817558288574e+00 6.688889861106872559e-01 9.778847694396972656e+00 4.718721389770507812e+00 1.148398971557617188e+01 -8.239040374755859375e+00
-6.829829216003417969e+00 -7.315672874450683594e+00 -6.074604988098144531e+00 -3.300478935241699219e+00 8.167128562927246094e+00 1.013249397277832031e+01 6.296308517456054688e+00 -3.595286846160888672e+00 -2.301198095083236694e-01 1.303641676902770996e+00 4.094566106796264648e-01 1.132367610931396484e+01 3.455106735229492188e+00 1.002476024627685547e+01 -7.151065826416015625e+00
-7.874814510345458984e+00 -6.745914459228515625e+00 -7.405079841613769531e+00 -2.954951763153076172e+00 6.147804737091064453e+00 9.178328514099121094e+00 5.708714008331298828e+00 -3.359211921691894531e+00 -3.109365403652191162e-01 2.048601150512695312e+00 2.221468687057495117e-01 1.074436473846435547e+01 5.425197124481201172e+00 9.924643516540527344e+00 -6.715652942657470703e+00
-9.391818046569824219e+00 -7.888838291168212891e+00 -6.457301616668701172e+00 -1.977212905883789062e+00 8.528311729431152344e+00 1.033941364288330078e+01 6.986586093902587891e+00 -4.297296524047851562e+00 -3.882127702236175537e-01 2.000668525695800781e+00 1.104517057538032532e-01 1.075489807128906250e+01 4.296401977539062500e+00 1.213575935363769531e+01 -8.262781143188476562e+00
-9.528553009033203125e+00 -6.798285007476806641e+00 -8.813850402832031250e+00 -2.716761112213134766e+00 8.215731620788574219e+00 1.307699584960937500e+01 7.321687221527099609e+00 -5.637791156768798828e+00 -2.055608749389648438e+00 2.081563949584960938e+00 -2.753798484802246094e+00 1.207174682617187500e+01 5.075547218322753906e+00 1.088374042510986328e+01 -7.466487407684326172e+00
-1.034722518920898438e+01 -1.405855274200439453e+01 -4.368886470794677734e+00 1.514036178588867188e+00 7.654166221618652344e+00 1.412447929382324219e+01 8.688617706298828125e+00 -1.959649920463562012e-01 -2.925745010375976562e+00 3.527081489562988281e+00 2.663578987121582031e-01 5.996813297271728516e+00 5.166570469737052917e-02 1.002132701873779297e+01 -1.288300800323486328e+01
-1.480796241760253906e+01 -1.047139072418212891e+01 -5.976745128631591797e+00 -3.028183281421661377e-01 8.924147605895996094e+00 1.362160110473632812e+01 6.566285610198974609e+00 -6.746247768402099609e+00 -5.817485332489013672e+00 1.306689620018005371e+00 -3.215850591659545898e+00 7.565422058105468750e+00 4.766142368316650391e+00 6.436930179595947266e+00 -1.454300975799560547e+01
-7.494108676910400391e+00 -6.987303256988525391e+00 -7.123224258422851562e+00 -3.383327722549438477e+00 6.749736785888671875e+00 9.694421768188476562e+00 6.289720535278320312e+00 -3.095401525497436523e+00 -2.119673341512680054e-01 1.399928450584411621e+00 -2.877529859542846680e-01 1.061988353729248047e+01 4.452499389648437500e+00 1.023446083068847656e+01 -7.646961688995361328e+00
-1.569443130493164062e+01 -1.070315647125244141e+01 -6.714894294738769531e+00 4.016301780939102173e-02 9.489629745483398438e+00 1.490850067138671875e+01 5.470497608184814453e+00 -8.261943817138671875e+00 -6.210594177246093750e+00 1.684375643730163574e+00 -2.720504999160766602e+00 8.294148445129394531e+00 3.161490440368652344e+00 6.916878700256347656e+00 -1.453146362304687500e+01
-8.334118843078613281e+00 -7.264644145965576172e+00 -7.220054626464843750e+00 -2.245563507080078125e+00 7.443109512329101562e+00 1.053835678100585938e+01 6.485620021820068359e+00 -3.973460435867309570e+00 -1.144172787666320801e+00 1.645678877830505371e+00 -7.746381759643554688e-01 1.043509674072265625e+01 4.321626663208007812e+00 1.106163883209228516e+01 -7.916159629821777344e+00
-7.546540737152099609e+00 -7.224385261535644531e+00 -5.543618202209472656e+00 -2.842090368270874023e+00 8.017524719238281250e+00 1.106011962890625000e+01 7.240135669708251953e+00 -3.976927757263183594e+00 -2.598767757415771484e+00 1.454096794128417969e+00 8.520570993423461914e-01 1.039735794067382812e+01 4.601919174194335938e+00 9.804426193237304688e+00 -7.026937961578369141e+00
-1.425508213043212891e+01 -1.087868213653564453e+01 -4.778015613555908203e+00 -2.402721881866455078e+00 8.966058731079101562e+00 1.418055820465087891e+01 7.449569225311279297e+00 -5.445647239685058594e+00 -5.103832244873046875e+00 1.557621836662292480e+00 -1.318702697753906250e+00 7.390528202056884766e+00 4.141302108764648438e+00 5.114539146423339844e+00 -1.266140556335449219e+01
-1.000710868835449219e+01 -4.970931053161621094e+00 -1.236954402923583984e+01 8.866610527038574219e-01 7.112932682037353516e+00 1.631031417846679688e+01 6.222542762756347656e+00 -1.007995128631591797e+01 -6.285074234008789062e+00 5.122476577758789062e+00 -4.404160976409912109e+00 1.198182678222656250e+01 3.808058738708496094e+00 1.195121288299560547e+01 -6.599909305572509766e+00
-1.315404319763183594e+01 -1.364764881134033203e+01 -1.033670902252197266e+01 1.440475940704345703e+00 8.741827011108398438e+00 1.815857315063476562e+01 1.363521862030029297e+01 -2.461913824081420898e+00 -1.987293362617492676e+00 6.788013458251953125e+00 -2.367527723312377930e+00 1.456357192993164062e+01 5.204274177551269531e+00 9.704939842224121094e+00 -1.151767158508300781e+01
-1.061894893646240234e+01 -1.304317760467529297e+01 -4.567878723144531250e+00 1.425372600555419922e+00 8.891835212707519531e+00 1.402900695800781250e+01 7.879909038543701172e+00 4.106855988502502441e-01 -3.019386768341064453e+00 3.839345932006835938e+00 -9.221774935722351074e-01 5.528663158416748047e+00 -6.996966004371643066e-01 8.719544410705566406e+00 -1.195347690582275391e+01
-1.186800765991210938e+01 -1.390146923065185547e+01 -4.720837116241455078e+00 1.283974170684814453e+00 9.832938194274902344e+00 1.620641899108886719e+01 9.014336585998535156e+00 1.926422715187072754e-01 -3.424601554870605469e+00 3.683275222778320312e+00 -5.076752305030822754e-01 6.364220619201660156e+00 -5.898552536964416504e-01 9.337096214294433594e+00 -1.238475131988525391e+01
-7.202999591827392578e+00 -6.482046127319335938e+00 -7.108199119567871094e+00 -1.755435705184936523e+00 7.500390052795410156e+00 1.079375362396240234e+01 6.455997943878173828e+00 -5.632678985595703125e+00 -1.093170523643493652e+00 3.494768619537353516e+00 5.573521852493286133e-01 1.091154289245605469e+01 2.941313743591308594e+00 1.067033195495605469e+01 -7.254692077636718750e+00
-9.930747985839843750e+00 -1.417811393737792969e+01 -4.889449119567871094e+00 1.522795677185058594e+00 8.621946334838867188e+00 1.468842124938964844e+01 8.285755157470703125e+00 -3.581446409225463867e-02 -4.027411937713623047e+00 3.956195831298828125e+00 5.665320903062820435e-02 6.034298419952392578e+00 -5.749951004981994629e-01 8.851309776306152344e+00 -1.175682735443115234e+01
-6.082849025726318359e+00 -6.378041267395019531e+00 -6.818795680999755859e+00 -2.594263553619384766e+00 7.795725345611572266e+00 1.048312759399414062e+01 5.442934513092041016e+00 -4.130663871765136719e+00 -2.388643026351928711e+00 2.181174516677856445e+00 4.096549749374389648e-01 1.223174095153808594e+01 3.893069267272949219e+00 9.202507972717285156e+00 -6.692898750305175781e+00
-1.057798671722412109e+01 -1.044280242919921875e+01 -9.771294593811035156e+00 2.808879852294921875e+00 6.888948917388916016e+00 1.614452362060546875e+01 1.109484291076660156e+01 -2.406478166580200195e+00 -1.922057747840881348e+00 8.025132179260253906e+00 -4.149096488952636719e+00 1.427815628051757812e+01 5.827767372131347656e+00 6.772193908691406250e+00 -1.030604076385498047e+01
-1.239099502563476562e+01 -1.496826648712158203e+01 -5.906006813049316406e+00 1.863099575042724609e+00 8.903858184814453125e+00 1.677666282653808594e+01 9.701288223266601562e+00 -5.603963732719421387e-01 -5.311540126800537109e+00 4.016727447509765625e+00 -7.242811918258666992e-01 6.440344333648681641e+00 4.336356222629547119e-01 1.142873859405517578e+01 -1.364714145660400391e+01
-8.339757919311523438e+00 -1.146500492095947266e+01 -3.079230785369873047e+00 -6.841995567083358765e-02 7.384352207183837891e+00 1.163468551635742188e+01 5.087469100952148438e+00 -1.771480917930603027e+00 -2.904431581497192383e+00 -9.811006784439086914e-01 -2.428776741027832031e+00 1.168985176086425781e+01 5.668251037597656250e+00 5.248839378356933594e+00 -6.142063140869140625e+00
-1.035439109802246094e+01 -1.332545185089111328e+01 -4.481263637542724609e+00 7.924995422363281250e-01 7.912000179290771484e+00 1.436886596679687500e+01 8.832211494445800781e+00 6.574684381484985352e-02 -3.243723392486572266e+00 3.321077346801757812e+00 4.387255311012268066e-01 7.072222709655761719e+00 -1.997814923524856567e-01 1.021295928955078125e+01 -1.202075672149658203e+01
-8.289199829101562500e+00 -8.047896385192871094e+00 -6.873459339141845703e+00 -2.503865242004394531e+00 8.782519340515136719e+00 1.068873023986816406e+01 6.432852745056152344e+00 -4.456426620483398438e+00 -7.639166116714477539e-01 2.303049087524414062e+00 -5.246324539184570312e-01 1.153418159484863281e+01 3.917529106140136719e+00 1.087000465393066406e+01 -8.094452857971191406e+00
-1.348837852478027344e+01 -1.152716732025146484e+01 -5.363199234008789062e+00 -7.041268348693847656e-01 1.074614238739013672e+01 1.430501174926757812e+01 6.774418830871582031e+00 -7.214744091033935547e+00 -6.122371673583984375e+00 2.225704193115234375e+00 -3.294612169265747070e+00 9.441665649414062500e+00 4.684237003326416016e+00 5.117287635803222656e+00 -1.441631889343261719e+01
-8.385466575622558594e+00 -7.605008125305175781e+00 -7.978990077972412109e+00 -2.734862327575683594e+00 8.387315750122070312e+00 1.132161808013916016e+01 6.898093223571777344e+00 -4.556435108184814453e+00 -1.969057202339172363e+00 1.338059782981872559e+00 -1.466455101966857910e+00 1.060386180877685547e+01 4.121500015258789062e+00 1.064238262176513672e+01 -8.300452232360839844e+00
-1.128802299499511719e+01 -1.566519832611083984e+01 -6.410236835479736328e+00 2.482428073883056641e+00 8.885947227478027344e+00 1.580854511260986328e+01 8.478563308715820312e+00 -6.112021207809448242e-02 -5.590167999267578125e+00 3.612609863281250000e+00 -9.182798862457275391e-01 6.662033557891845703e+00 7.984637618064880371e-01 9.685942649841308594e+00 -1.307679653167724609e+01
-7.630722522735595703e+00 -7.763850212097167969e+00 -7.085318565368652344e+00 -3.316499948501586914e+00 8.414295196533203125e+00 1.079539585113525391e+01 6.662643432617187500e+00 -5.035681724548339844e+00 -1.412531495094299316e+00 2.150986194610595703e+00 1.671695709228515625e-01 1.096949863433837891e+01 4.283305168151855469e+00 9.962624549865722656e+00 -6.980305671691894531e+00
-6.056040763854980469e+00 -5.598972320556640625e+00 -6.404352188110351562e+00 -4.483223438262939453e+00 6.384870529174804688e+00 1.066259384155273438e+01 5.759016990661621094e+00 -3.100155830383300781e+00 -8.433772325515747070e-01 1.348009467124938965e+00 -3.750901222229003906e-01 1.227090740203857422e+01 4.070955276489257812e+00 9.193442344665527344e+00 -6.675801277160644531e+00
-1.083097648620605469e+01 -1.221593189239501953e+01 -9.177392005920410156e+00 -5.191731452941894531e-01 7.270161151885986328e+00 1.458672714233398438e+01 1.084996223449707031e+01 -2.007128596305847168e-01 -2.075573444366455078e+00 4.859852313995361328e+00 -1.253610730171203613e+00 1.038599777221679688e+01 6.418695449829101562e+00 6.308566093444824219e+00 -9.806775093078613281e+00
-1.546575927734375000e+01 -1.084235858917236328e+01 -6.941610813140869141e+00 9.726522117853164673e-02 8.445755958557128906e+00 1.588129806518554688e+01 6.327626705169677734e+00 -8.301449775695800781e+00 -7.652173519134521484e+00 1.976944804191589355e+00 -3.647697687149047852e+00 9.850098609924316406e+00 2.935656547546386719e+00 7.043704032897949219e+00 -1.443091964721679688e+01
-6.519052028656005859e+00 -7.838731765747070312e+00 -5.973031520843505859e+00 -3.723350524902343750e+00 8.079159736633300781e+00 8.881199836730957031e+00 5.632627964019775391e+00 -3.553103923797607422e+00 -4.468909204006195068e-01 1.961689829826354980e+00 5.095983296632766724e-02 1.160434246063232422e+01 5.149232864379882812e+00 8.612044334411621094e+00 -7.190351963043212891e+00
-8.299998283386230469e+00 -8.020941734313964844e+00 -7.905601501464843750e+00 -3.631361007690429688e+00 8.679936408996582031e+00 1.111800765991210938e+01 6.808471202850341797e+00 -3.600476503372192383e+00 -1.300428986549377441e+00 1.019094824790954590e+00 4.045060873031616211e-01 1.013338375091552734e+01 5.173890590667724609e+00 9.955657005310058594e+00 -7.034290790557861328e+00
-1.398631572723388672e+01 -1.185940265655517578e+01 -4.883395195007324219e+00 -2.616340160369873047e+00 8.919153213500976562e+00 1.373304271697998047e+01 8.178615570068359375e+00 -4.042744159698486328e+00 -3.379249811172485352e+00 2.040328085422515869e-01 -7.851729989051818848e-01 9.650243759155273438e+00 4.489921092987060547e+00 8.542742729187011719e+00 -1.509624290466308594e+01
-8.533464431762695312e+00 -8.099907875061035156e+00 -7.398924350738525391e+00 -3.767692089080810547e+00 8.110562324523925781e+00 1.208958721160888672e+01 7.266004085540771484e+00 -4.237593650817871094e+00 -1.420140385627746582e+00 1.127207636833190918e+00 7.184989452362060547e-01 1.068822574615478516e+01 3.864059448242187500e+00 1.061331748962402344e+01 -6.998321056365966797e+00
-1.047010421752929688e+01 -1.059784412384033203e+01 -7.665701389312744141e+00 -7.123131752014160156e-01 6.857363224029541016e+00 1.432988929748535156e+01 1.154034709930419922e+01 -7.229921221733093262e-01 -2.414365857839584351e-01 6.022083282470703125e+00 -7.250114679336547852e-01 1.343221664428710938e+01 4.581775665283203125e+00 7.711993217468261719e+00 -1.024267959594726562e+01
-9.733607292175292969e+00 -1.200963211059570312e+01 -8.062638282775878906e+00 1.240148320794105530e-01 8.430500984191894531e+00 1.467202472686767578e+01 1.044045448303222656e+01 -1.247645258903503418e+00 -7.510539293289184570e-01 5.777028083801269531e+00 -4.468723535537719727e-01 1.314426612854003906e+01 4.073936462402343750e+00 7.083186149597167969e+00 -9.589512825012207031e+00
-1.041069793701171875e+01 -1.383559322357177734e+01 -3.572825670242309570e+00 1.297122955322265625e+00 9.006008148193359375e+00 1.300987625122070312e+01 8.976348876953125000e+00 1.450763344764709473e-01 -1.506323456764221191e+00 4.387335777282714844e+00 4.024873971939086914e-01 6.568456172943115234e+00 -5.748234391212463379e-01 1.024917030334472656e+01 -1.295746898651123047e+01
-1.007018089294433594e+01 -1.378579044342041016e+01 -5.275327682495117188e+00 5.413813591003417969e-01 8.023800849914550781e+00 1.444692611694335938e+01 8.556334495544433594e+00 2.065685391426086426e-01 -3.528724193572998047e+00 3.319560050964355469e+00 8.690212965011596680e-01 6.966773509979248047e+00 8.400191664695739746e-01 9.624417304992675781e+00 -1.239087867736816406e+01
-1.426726150512695312e+01 -1.051974582672119141e+01 -5.245107650756835938e+00 -9.613442420959472656e-01 9.346443176269531250e+00 1.472626018524169922e+01 7.668279647827148438e+00 -5.162845611572265625e+00 -3.888008356094360352e+00 7.155221700668334961e-01 -9.084514379501342773e-01 9.664317131042480469e+00 4.267063140869140625e+00 7.001337051391601562e+00 -1.396524524688720703e+01
-7.888053417205810547e+00 -6.465352058410644531e+00 -7.960208892822265625e+00 -4.353711605072021484e+00 6.803917407989501953e+00 1.127215576171875000e+01 6.235305309295654297e+00 -3.481213331222534180e+00 -1.536566376686096191e+00 1.601748347282409668e+00 2.168970406055450439e-01 1.062661743164062500e+01 4.781715393066406250e+00 9.146685600280761719e+00 -5.751530170440673828e+00
-9.075787544250488281e+00 -1.079991149902343750e+01 -2.537568330764770508e+00 2.640434741973876953e+00 6.174266338348388672e+00 1.116321372985839844e+01 5.063985347747802734e+00 -2.904705762863159180e+00 -3.009151458740234375e+00 9.224215149879455566e-02 -4.284960746765136719e+00 1.204702854156494141e+01 6.349647521972656250e+00 6.124912261962890625e+00 -6.410540580749511719e+00
-1.201127624511718750e+01 -1.430362796783447266e+01 -4.798686027526855469e+00 1.110000133514404297e+00 1.018998908996582031e+01 1.591816329956054688e+01 9.905194282531738281e+00 2.725668549537658691e-01 -3.387893676757812500e+00 3.739889144897460938e+00 -1.117848515510559082e+00 7.080284118652343750e+00 6.602286696434020996e-01 1.006782150268554688e+01 -1.358575725555419922e+01
-1.028124332427978516e+01 -1.029214191436767578e+01 -8.770856857299804688e+00 1.111621379852294922e+00 7.011321067810058594e+00 1.422229862213134766e+01 1.104137897491455078e+01 -1.982246518135070801e+00 -1.874427914619445801e+00 6.057539939880371094e+00 -2.143315315246582031e+00 1.120099067687988281e+01 5.323051452636718750e+00 6.582884788513183594e+00 -9.512590408325195312e+00
-9.933627128601074219e+00 -1.136091899871826172e+01 -7.447386741638183594e+00 1.065974012017250061e-01 7.231766223907470703e+00 1.363926315307617188e+01 1.114601135253906250e+01 -7.750346064567565918e-01 -1.007515549659729004e+00 5.977198600769042969e+00 -3.050430297851562500e+00 1.251799297332763672e+01 6.169916152954101562e+00 5.855910301208496094e+00 -1.039707088470458984e+01
-1.104324913024902344e+01 -1.176162433624267578e+01 -8.104167938232421875e+00 -1.636590480804443359e+00 8.417345046997070312e+00 1.561495876312255859e+01 1.225333786010742188e+01 -9.141988158226013184e-01 -6.844483613967895508e-01 5.126262664794921875e+00 -1.848413825035095215e+00 1.234136009216308594e+01 5.311212539672851562e+00 6.596838951110839844e+00 -9.909984588623046875e+00
-1.419508743286132812e+01 -1.140268707275390625e+01 -4.917647361755371094e+00 -7.610168457031250000e-01 9.619381904602050781e+00 1.342688941955566406e+01 6.777123928070068359e+00 -6.007035255432128906e+00 -4.975052356719970703e+00 1.715969443321228027e+00 -1.650022387504577637e+00 9.929925918579101562e+00 4.465947151184082031e+00 6.933840751647949219e+00 -1.465866374969482422e+01
-8.713914871215820312e+00 -1.208731174468994141e+01 -2.248404026031494141e+00 1.037619590759277344e+00 6.367892265319824219e+00 1.116212177276611328e+01 5.191766262054443359e+00 -1.930357336997985840e+00 -2.330849647521972656e+00 5.065289139747619629e-02 -2.375831604003906250e+00 1.371021270751953125e+01 5.995431900024414062e+00 6.322766304016113281e+00 -6.811200141906738281e+00
-1.095332145690917969e+01 -1.206779384613037109e+01 -9.442325592041015625e+00 1.030173778533935547e+00 6.684285640716552734e+00 1.580169486999511719e+01 1.149919605255126953e+01 -1.381407380104064941e+00 -1.913216710090637207e+00 6.275082588195800781e+00 -3.222706079483032227e+00 1.455557060241699219e+01 5.851519584655761719e+00 8.159548759460449219e+00 -1.121648311614990234e+01
-7.150244235992431641e+00 -1.154882526397705078e+01 -2.130213022232055664e+00 -3.660400211811065674e-01 7.385130882263183594e+00 9.538894653320312500e+00 5.880160808563232422e+00 -1.762817621231079102e+00 -1.272946476936340332e+00 -5.182429552078247070e-01 -8.706851005554199219e-01 1.209103488922119141e+01 5.719841957092285156e+00 6.463079929351806641e+00 -7.478974819183349609e+00
-8.118121147155761719e+00 -8.749043464660644531e+00 -7.225651741027832031e+00 -2.869668006896972656e+00 8.772435188293457031e+00 1.056075000762939453e+01 6.646106243133544922e+00 -3.742077350616455078e+00 -1.454141736030578613e+00 1.261734366416931152e+00 -6.667237728834152222e-02 1.135526657104492188e+01 4.790929794311523438e+00 1.145749187469482422e+01 -8.823435783386230469e+00
-9.726642608642578125e+00 -1.128764247894287109e+01 -9.165097236633300781e+00 7.492015510797500610e-02 6.795799732208251953e+00 1.472355842590332031e+01 1.056585025787353516e+01 -8.972243666648864746e-01 -1.590705990791320801e+00 5.574436187744140625e+00 -1.113800883293151855e+00 1.186645698547363281e+01 4.923023223876953125e+00 6.474057197570800781e+00 -9.421276092529296875e+00
-1.348229026794433594e+01 -1.134191131591796875e+01 -4.537496566772460938e+00 -2.016518115997314453e+00 9.115382194519042969e+00 1.327368736267089844e+01 8.232142448425292969e+00 -4.590465545654296875e+00 -4.014789581298828125e+00 6.379202604293823242e-01 -1.129964113235473633e+00 8.342559814453125000e+00 4.635082244873046875e+00 6.765377044677734375e+00 -1.398425483703613281e+01
-8.231859207153320312e+00 -4.986492633819580078e+00 -6.562288284301757812e+00 -3.009329319000244141e+00 6.432943344116210938e+00 1.051114845275878906e+01 6.676362514495849609e+00 -4.047442436218261719e+00 1.547414213418960571e-01 2.686786174774169922e+00 -1.307364940643310547e+00 1.261729049682617188e+01 5.187572956085205078e+00 1.022133636474609375e+01 -7.091277599334716797e+00
-9.059422492980957031e+00 -1.264329624176025391e+01 -3.905579328536987305e+00 4.650024890899658203e+00 7.900233745574951172e+00 1.720742416381835938e+01 6.344789981842041016e+00 1.747990369796752930e+00 -3.992386817932128906e+00 5.438669204711914062e+00 7.339192628860473633e-01 7.297269821166992188e+00 9.293167293071746826e-02 8.728194236755371094e+00 -1.235784149169921875e+01
-1.110873222351074219e+01 -1.421490383148193359e+01 -5.066824913024902344e+00 1.871943950653076172e+00 9.091750144958496094e+00 1.615694618225097656e+01 8.984551429748535156e+00 -7.281798124313354492e-02 -3.856985569000244141e+00 4.386931419372558594e+00 -8.409890532493591309e-01 7.646800994873046875e+00 -6.053896546363830566e-01 1.028850269317626953e+01 -1.286163806915283203e+01
-1.203005313873291016e+01 -1.470899295806884766e+01 -4.549961090087890625e+00 7.178463935852050781e-01 9.101307868957519531e+00 1.409140014648437500e+01 9.603131294250488281e+00 2.176769375801086426e-01 -2.587489604949951172e+00 3.703155517578125000e+00 5.687859058380126953e-01 6.552944660186767578e+00 1.170625567436218262e+00 1.133888530731201172e+01 -1.374190044403076172e+01
-7.537323474884033203e+00 -6.912788391113281250e+00 -7.722668647766113281e+00 -3.019791126251220703e+00 8.228800773620605469e+00 1.135717296600341797e+01 6.065569877624511719e+00 -4.987720966339111328e+00 -1.566832661628723145e+00 1.853388667106628418e+00 -1.817465424537658691e-01 1.102287387847900391e+01 3.309486389160156250e+00 1.027873897552490234e+01 -6.537055969238281250e+00
-1.181230163574218750e+01 -1.530140590667724609e+01 -5.910432815551757812e+00 3.500695228576660156e+00 8.346966743469238281e+00 1.626654434204101562e+01 9.303342819213867188e+00 -1.060983538627624512e+00 -5.075176715850830078e+00 4.414219856262207031e+00 -2.831081151962280273e+00 6.604577064514160156e+00 1.530097842216491699e+00 1.146648311614990234e+01 -1.407557392120361328e+01
-9.441113471984863281e+00 -9.008988380432128906e+00 -8.875673294067382812e+00 -2.493897438049316406e+00 9.990069389343261719e+00 1.349593353271484375e+01 7.832989215850830078e+00 -5.832086563110351562e+00 -2.478703498840332031e+00 1.946934103965759277e+00 -6.656311750411987305e-01 1.172245216369628906e+01 3.460342407226562500e+00 1.161112213134765625e+01 -8.172695159912109375e+00
-8.267166137695312500e+00 -7.630897521972656250e+00 -9.018221855163574219e+00 -1.972651958465576172e+00 7.910712718963623047e+00 1.176645851135253906e+01 6.491288185119628906e+00 -5.167031288146972656e+00 -2.395919799804687500e+00 2.225281715393066406e+00 -6.056277751922607422e-01 1.021805667877197266e+01 3.134859085083007812e+00 1.129502296447753906e+01 -7.511254787445068359e+00
-1.097028923034667969e+01 -1.075492382049560547e+01 -6.961347103118896484e+00 -8.681044578552246094e-01 7.340638637542724609e+00 1.461977767944335938e+01 1.232327747344970703e+01 -8.366243243217468262e-01 -1.723743528127670288e-01 5.736756324768066406e+00 -2.745595932006835938e+00 1.304368400573730469e+01 5.277309417724609375e+00 7.963345527648925781e+00 -1.086655139923095703e+01
-6.613168239593505859e+00 -6.670921325683593750e+00 -6.676559448242187500e+00 -3.571851253509521484e+00 8.566830635070800781e+00 1.002100372314453125e+01 6.110852718353271484e+00 -3.534825801849365234e+00 -5.341483354568481445e-01 1.106146693229675293e+00 8.921908140182495117e-01 1.010208225250244141e+01 3.574601173400878906e+00 9.263356208801269531e+00 -6.314278125762939453e+00
-1.328091239929199219e+01 -1.011256885528564453e+01 -2.607665300369262695e+00 -2.754003047943115234e+00 7.844182968139648438e+00 1.171688556671142578e+01 8.638047218322753906e+00 -3.859824180603027344e+00 -2.636696338653564453e+00 1.379412531852722168e+00 -1.277297496795654297e+00 7.850252628326416016e+00 4.611627578735351562e+00 7.013461112976074219e+00 -1.367834377288818359e+01
-7.990273952484130859e+00 -6.904068946838378906e+00 -1.014270591735839844e+01 -1.127562999725341797e+00 9.538432121276855469e+00 1.323236179351806641e+01 5.892389774322509766e+00 -7.717198848724365234e+00 -4.726146697998046875e+00 2.667808532714843750e+00 -2.040757417678833008e+00 1.012274169921875000e+01 3.710382461547851562e+00 9.501582145690917969e+00 -6.209797382354736328e+00
-1.548359298706054688e+01 -1.200123119354248047e+01 -5.738896369934082031e+00 -2.022395431995391846e-01 9.210021018981933594e+00 1.442672538757324219e+01 7.507320404052734375e+00 -6.759271621704101562e+00 -5.159346103668212891e+00 1.487213492393493652e+00 -2.121829271316528320e+00 9.206586837768554688e+00 4.282419681549072266e+00 7.799115657806396484e+00 -1.536488628387451172e+01
-1.494755554199218750e+01 -1.084427642822265625e+01 -5.514806747436523438e+00 -2.913098633289337158e-01 8.111525535583496094e+00 1.301999282836914062e+01 6.731623649597167969e+00 -6.348080635070800781e+00 -4.168678760528564453e+00 2.197510242462158203e+00 -2.137413501739501953e+00 9.453464508056640625e+00 4.688499450683593750e+00 8.451968193054199219e+00 -1.507750988006591797e+01
-1.231027221679687500e+01 -1.058641147613525391e+01 -3.532414197921752930e+00 -3.626407146453857422e+00 7.631527423858642578e+00 1.226267242431640625e+01 8.403488159179687500e+00 -4.208298206329345703e+00 -2.954011440277099609e+00 1.189698278903961182e-01 -2.915049195289611816e-01 8.263352394104003906e+00 4.592988014221191406e+00 6.061389923095703125e+00 -1.278604125976562500e+01
-1.350836372375488281e+01 -1.021649932861328125e+01 -4.095864772796630859e+00 -2.707298278808593750e+00 7.505407333374023438e+00 1.199504089355468750e+01 7.678360939025878906e+00 -4.742464542388916016e+00 -2.647354125976562500e+00 1.174360156059265137e+00 -9.901348948478698730e-01 8.974050521850585938e+00 4.784592628479003906e+00 7.093924045562744141e+00 -1.337708187103271484e+01
-1.143805313110351562e+01 -1.133655071258544922e+01 -4.683955192565917969e+00 -1.184036612510681152e+00 9.720700263977050781e+00 1.279306697845458984e+01 5.744454383850097656e+00 -3.536177158355712891e+00 -4.455590248107910156e+00 4.803774654865264893e-01 -1.635085344314575195e-01 8.961538314819335938e+00 4.610507965087890625e+00 5.715280055999755859e+00 -1.300950145721435547e+01
-7.008637905120849609e+00 -7.450690746307373047e+00 -6.722570896148681641e+00 -3.489301681518554688e+00 9.796854019165039062e+00 1.037482261657714844e+01 6.843378543853759766e+00 -4.762484550476074219e+00 -9.291049242019653320e-01 2.409169673919677734e+00 -2.916829586029052734e-01 1.099962806701660156e+01 4.539000511169433594e+00 8.825716972351074219e+00 -7.277149677276611328e+00
-1.200174140930175781e+01 -1.703755187988281250e+01 -6.811382293701171875e+00 4.185315132141113281e+00 1.092066383361816406e+01 1.912034225463867188e+01 9.543350219726562500e+00 -2.097311258316040039e+00 -6.747080326080322266e+00 5.123130321502685547e+00 -1.305805087089538574e+00 9.222293853759765625e+00 -1.644495129585266113e+00 1.216987991333007812e+01 -1.362397289276123047e+01
-9.794493675231933594e+00 -1.315984821319580078e+01 -3.605176448822021484e+00 4.521908462047576904e-01 7.632143974304199219e+00 1.333341693878173828e+01 8.786380767822265625e+00 5.052593350410461426e-01 -1.652577757835388184e+00 3.547896146774291992e+00 1.474399209022521973e+00 6.084321975708007812e+00 -2.939682900905609131e-01 9.208402633666992188e+00 -1.155687999725341797e+01
