-3.123909473419189453e+00 3.127568960189819336e-02 1.433195829391479492e+00 2.861199378967285156e+00 3.393285274505615234e-01 1.336509227752685547e+00 3.918461799621582031e-01 7.561227679252624512e-02 1.362613558769226074e+00 -3.436764702200889587e-02 -1.650248169898986816e+00 -4.892038822174072266e+00 2.544206380844116211e+00 -2.722042083740234375e+00 1.237261414527893066e+00
-2.407043427228927612e-01 1.555690765380859375e-01 1.538279503583908081e-01 -2.711283974349498749e-02 -4.343305900692939758e-02 1.092336177825927734e-01 -6.554201245307922363e-02 -2.551873959600925446e-02 6.052468717098236084e-02 7.858495414257049561e-02 -4.305841326713562012e-01 -1.200262308120727539e-01 9.957230836153030396e-02 -2.795659005641937256e-01 1.840421408414840698e-01
-3.093725442886352539e+00 4.789614379405975342e-01 1.479603290557861328e+00 2.943675041198730469e+00 4.426619410514831543e-02 1.481929779052734375e+00 5.074547529220581055e-01 5.801228061318397522e-02 1.732735276222229004e+00 -2.331284284591674805e-01 -2.322270870208740234e+00 -4.762366294860839844e+00 2.154142379760742188e+00 -3.480740308761596680e+00 1.452904820442199707e+00
-3.127882480621337891e+00 6.746959686279296875e-02 1.440793275833129883e+00 2.863658905029296875e+00 3.254913985729217529e-01 1.353353977203369141e+00 3.874174058437347412e-01 7.327884435653686523e-02 1.392953395843505859e+00 -4.749938473105430603e-02 -1.710246443748474121e+00 -4.889148712158203125e+00 2.526167631149291992e+00 -2.774531602859497070e+00 1.258030533790588379e+00
-1.943742394447326660e+00 7.390758395195007324e-01 1.092304944992065430e+00 1.417148947715759277e+00 5.966980010271072388e-02 1.013630747795104980e+00 3.281094729900360107e-01 -5.846476927399635315e-02 1.179967522621154785e+00 -3.450077027082443237e-03 -1.896438837051391602e+00 -2.281005620956420898e+00 8.862212300300598145e-01 -2.375612497329711914e+00 1.132735013961791992e+00
-3.138344287872314453e+00 1.153610646724700928e-01 1.458530664443969727e+00 2.886589527130126953e+00 2.983123362064361572e-01 1.372105836868286133e+00 4.054701924324035645e-01 6.376542150974273682e-02 1.428764104843139648e+00 -8.620640635490417480e-02 -1.776926159858703613e+00 -4.893388748168945312e+00 2.487477302551269531e+00 -2.883077621459960938e+00 1.289482355117797852e+00
-3.126288890838623047e+00 2.241855263710021973e-01 1.472077608108520508e+00 2.931517124176025391e+00 2.242681384086608887e-01 1.420688748359680176e+00 4.427435398101806641e-01 5.710241571068763733e-02 1.529695510864257812e+00 -1.519381403923034668e-01 -1.935311436653137207e+00 -4.893602371215820312e+00 2.391629695892333984e+00 -3.093130111694335938e+00 1.342083334922790527e+00
-3.119412899017333984e+00 3.795999288558959961e-02 1.429915666580200195e+00 2.867442607879638672e+00 3.375341892242431641e-01 1.341464638710021973e+00 3.938567340373992920e-01 7.662600278854370117e-02 1.367617011070251465e+00 -3.303357586264610291e-02 -1.656817913055419922e+00 -4.893372535705566406e+00 2.542862415313720703e+00 -2.725871562957763672e+00 1.242033720016479492e+00
-2.857062339782714844e+00 6.420807242393493652e-01 1.437927603721618652e+00 2.693020582199096680e+00 -5.881304293870925903e-02 1.380676746368408203e+00 5.636058449745178223e-01 8.182025700807571411e-02 1.824294328689575195e+00 -2.048836946487426758e-01 -2.395347356796264648e+00 -4.100949287414550781e+00 1.715494036674499512e+00 -3.501289606094360352e+00 1.405369043350219727e+00
-3.135215759277343750e+00 1.656241714954376221e-01 1.467035412788391113e+00 2.906181335449218750e+00 2.686633169651031494e-01 1.394611239433288574e+00 4.179725348949432373e-01 6.420405209064483643e-02 1.479233384132385254e+00 -1.101326942443847656e-01 -1.852744936943054199e+00 -4.903005599975585938e+00 2.441028118133544922e+00 -2.974354028701782227e+00 1.305819392204284668e+00
-3.134571075439453125e+00 1.338587701320648193e-01 1.462182760238647461e+00 2.890271663665771484e+00 2.871137261390686035e-01 1.381407737731933594e+00 4.081016480922698975e-01 6.731204688549041748e-02 1.452992439270019531e+00 -9.273415803909301758e-02 -1.810168862342834473e+00 -4.898015022277832031e+00 2.466313123703002930e+00 -2.915423154830932617e+00 1.290474295616149902e+00
-3.105526447296142578e+00 -1.594990678131580353e-02 1.406108379364013672e+00 2.849826335906982422e+00 3.622439801692962646e-01 1.318515181541442871e+00 3.853171467781066895e-01 8.450397849082946777e-02 1.325298786163330078e+00 6.604794412851333618e-03 -1.575455307960510254e+00 -4.890815734863281250e+00 2.578431367874145508e+00 -2.613314628601074219e+00 1.206131577491760254e+00
-2.915351390838623047e+00 7.706573605537414551e-01 1.510967135429382324e+00 2.728159904479980469e+00 -9.460073709487915039e-02 1.406049251556396484e+00 6.005002856254577637e-01 6.776156276464462280e-02 1.928523302078247070e+00 -2.296680212020874023e-01 -2.565437555313110352e+00 -4.096903324127197266e+00 1.628489732742309570e+00 -3.700865507125854492e+00 1.445334553718566895e+00
-7.760893702507019043e-01 2.850172221660614014e-01 4.206300973892211914e-01 3.861279487609863281e-01 -4.031102731823921204e-02 4.001317322254180908e-01 -3.219259157776832581e-02 -6.766737904399633408e-03 3.549892306327819824e-01 1.455230265855789185e-01 -9.490378499031066895e-01 -8.689318299293518066e-01 5.261870026588439941e-01 -7.788094878196716309e-01 5.277313590049743652e-01
-3.120210170745849609e+00 3.966113924980163574e-02 1.435276269912719727e+00 2.880925655364990234e+00 3.329839408397674561e-01 1.342176675796508789e+00 4.082903563976287842e-01 8.053301274776458740e-02 1.375545501708984375e+00 -4.023235663771629333e-02 -1.655349135398864746e+00 -4.908644676208496094e+00 2.522839069366455078e+00 -2.748948335647583008e+00 1.231236219406127930e+00
-3.099429130554199219e+00 -2.751389332115650177e-02 1.402743577957153320e+00 2.858836174011230469e+00 3.607285916805267334e-01 1.312988996505737305e+00 3.996747732162475586e-01 8.423766493797302246e-02 1.316299319267272949e+00 -5.352124571800231934e-05 -1.550072193145751953e+00 -4.891499519348144531e+00 2.579511165618896484e+00 -2.611450910568237305e+00 1.203888297080993652e+00
-3.134080171585083008e+00 2.315250635147094727e-01 1.473560690879821777e+00 2.913806200027465820e+00 2.177679389715194702e-01 1.416878461837768555e+00 4.354278445243835449e-01 5.198517814278602600e-02 1.531231284141540527e+00 -1.562918424606323242e-01 -1.956328272819519043e+00 -4.870990753173828125e+00 2.388189315795898438e+00 -3.103659629821777344e+00 1.350741982460021973e+00
-3.040689468383789062e+00 5.849368572235107422e-01 1.471435308456420898e+00 2.878210544586181641e+00 -4.347785562276840210e-02 1.454869985580444336e+00 5.474908351898193359e-01 8.191183954477310181e-02 1.820842266082763672e+00 -2.308998405933380127e-01 -2.450415134429931641e+00 -4.542146682739257812e+00 1.967755913734436035e+00 -3.593706607818603516e+00 1.458046793937683105e+00
-3.132871150970458984e+00 2.385460436344146729e-01 1.478405714035034180e+00 2.928756713867187500e+00 2.133538424968719482e-01 1.421334028244018555e+00 4.416015446186065674e-01 5.454828217625617981e-02 1.542026758193969727e+00 -1.588674783706665039e-01 -1.961158752441406250e+00 -4.891868591308593750e+00 2.374292373657226562e+00 -3.122420787811279297e+00 1.342546463012695312e+00
-3.133797645568847656e+00 1.804581880569458008e-01 1.467035174369812012e+00 2.910782814025878906e+00 2.522372305393218994e-01 1.400146484375000000e+00 4.276847243309020996e-01 5.626248195767402649e-02 1.486213207244873047e+00 -1.323421895503997803e-01 -1.872193932533264160e+00 -4.884992122650146484e+00 2.433471202850341797e+00 -3.014677286148071289e+00 1.327908754348754883e+00
-3.134304523468017578e+00 1.995368599891662598e-01 1.470046758651733398e+00 2.906155586242675781e+00 2.386714816093444824e-01 1.405678391456604004e+00 4.268220663070678711e-01 5.607803538441658020e-02 1.506657838821411133e+00 -1.397603154182434082e-01 -1.908764481544494629e+00 -4.878028392791748047e+00 2.414096832275390625e+00 -3.046218633651733398e+00 1.332666993141174316e+00
-3.024213075637817383e+00 6.336374282836914062e-01 1.477870702743530273e+00 2.882049560546875000e+00 -7.014548778533935547e-02 1.460539221763610840e+00 5.729728937149047852e-01 8.381756395101547241e-02 1.851749897003173828e+00 -2.483856678009033203e-01 -2.494366168975830078e+00 -4.491240501403808594e+00 1.902301788330078125e+00 -3.664509057998657227e+00 1.470591306686401367e+00
-1.514730811119079590e+00 4.848191738128662109e-01 8.170676231384277344e-01 1.069250822067260742e+00 8.394330739974975586e-03 7.849368453025817871e-01 1.543080359697341919e-01 1.116721308790147305e-03 8.535710573196411133e-01 9.952785074710845947e-02 -1.532908082008361816e+00 -1.858732700347900391e+00 9.047481417655944824e-01 -1.664803862571716309e+00 9.287161231040954590e-01
-3.114144802093505859e+00 6.095109507441520691e-03 1.419360876083374023e+00 2.855443716049194336e+00 3.518538475036621094e-01 1.327118158340454102e+00 3.884091079235076904e-01 8.071798086166381836e-02 1.342716813087463379e+00 -1.271375641226768494e-02 -1.610513806343078613e+00 -4.891455650329589844e+00 2.562108993530273438e+00 -2.664295434951782227e+00 1.220975518226623535e+00
-3.130243778228759766e+00 6.685593724250793457e-02 1.444764614105224609e+00 2.867961406707763672e+00 3.203634619712829590e-01 1.350871205329895020e+00 3.943483233451843262e-01 7.131078839302062988e-02 1.393645644187927246e+00 -5.775102600455284119e-02 -1.707021832466125488e+00 -4.890585422515869141e+00 2.519389152526855469e+00 -2.790917158126831055e+00 1.256589412689208984e+00
-2.837713956832885742e+00 7.627924680709838867e-01 1.485488414764404297e+00 2.575390338897705078e+00 -5.182585120201110840e-02 1.365856885910034180e+00 5.626505017280578613e-01 6.213193759322166443e-02 1.871357917785644531e+00 -1.757397651672363281e-01 -2.523466587066650391e+00 -3.860301971435546875e+00 1.578604578971862793e+00 -3.521035432815551758e+00 1.444065213203430176e+00
-3.119024038314819336e+00 3.861972689628601074e-02 1.435202598571777344e+00 2.870490312576293945e+00 3.259673416614532471e-01 1.339343786239624023e+00 4.020915329456329346e-01 7.944099605083465576e-02 1.377892017364501953e+00 -4.981639608740806580e-02 -1.659592032432556152e+00 -4.896906375885009766e+00 2.524316549301147461e+00 -2.752284288406372070e+00 1.229466795921325684e+00
-3.092646598815917969e+00 -7.502341270446777344e-02 1.380795598030090332e+00 2.820332050323486328e+00 3.859575688838958740e-01 1.291492938995361328e+00 3.713964521884918213e-01 9.197556972503662109e-02 1.280000209808349609e+00 4.604059830307960510e-02 -1.493529796600341797e+00 -4.882570266723632812e+00 2.612331867218017578e+00 -2.492013454437255859e+00 1.165159106254577637e+00
-3.939657807350158691e-01 1.544015258550643921e-01 2.123494297266006470e-01 1.061368286609649658e-01 -4.381246492266654968e-02 1.856374442577362061e-01 -7.462076097726821899e-02 -2.296986058354377747e-03 1.397632360458374023e-01 1.177414804697036743e-01 -5.661929249763488770e-01 -3.817541301250457764e-01 2.948579192161560059e-01 -3.685483932495117188e-01 2.784537672996520996e-01
-3.134168148040771484e+00 2.270557880401611328e-01 1.471785187721252441e+00 2.915250062942504883e+00 2.336724102497100830e-01 1.419838905334472656e+00 4.291951656341552734e-01 5.444515123963356018e-02 1.522484064102172852e+00 -1.425666511058807373e-01 -1.947696208953857422e+00 -4.880304813385009766e+00 2.405622243881225586e+00 -3.074870824813842773e+00 1.354704141616821289e+00
-3.117832183837890625e+00 2.295058220624923706e-04 1.419227480888366699e+00 2.841094970703125000e+00 3.572602868080139160e-01 1.323094367980957031e+00 3.757731318473815918e-01 8.067621290683746338e-02 1.336772799491882324e+00 -4.257585853338241577e-03 -1.609097599983215332e+00 -4.886808395385742188e+00 2.569938659667968750e+00 -2.643981218338012695e+00 1.215356945991516113e+00
-3.101380586624145508e+00 -4.091376066207885742e-02 1.397328615188598633e+00 2.836388111114501953e+00 3.718339502811431885e-01 1.306462407112121582e+00 3.789655268192291260e-01 8.776006102561950684e-02 1.306881904602050781e+00 2.166131511330604553e-02 -1.542014479637145996e+00 -4.887085914611816406e+00 2.591573476791381836e+00 -2.564575433731079102e+00 1.188252210617065430e+00
-3.138644218444824219e+00 2.410742044448852539e-01 1.476794362068176270e+00 2.908956527709960938e+00 2.198828011751174927e-01 1.420187830924987793e+00 4.307851493358612061e-01 5.098854377865791321e-02 1.535367727279663086e+00 -1.528571248054504395e-01 -1.975870490074157715e+00 -4.869777679443359375e+00 2.387825250625610352e+00 -3.108512163162231445e+00 1.359215497970581055e+00
-3.112919330596923828e+00 1.751416921615600586e-01 1.458470344543457031e+00 2.941170454025268555e+00 2.445845305919647217e-01 1.405606269836425781e+00 4.492517709732055664e-01 6.530950963497161865e-02 1.494605779647827148e+00 -1.377586126327514648e-01 -1.847265124320983887e+00 -4.905355930328369141e+00 2.422951221466064453e+00 -3.020538330078125000e+00 1.315208792686462402e+00
-3.118384599685668945e+00 3.296230435371398926e-01 1.476063728332519531e+00 2.937897682189941406e+00 1.532945185899734497e-01 1.453791618347167969e+00 4.633984863758087158e-01 5.056137219071388245e-02 1.613696098327636719e+00 -1.935746371746063232e-01 -2.102037668228149414e+00 -4.848612785339355469e+00 2.305274486541748047e+00 -3.259101152420043945e+00 1.398840785026550293e+00
-3.112821578979492188e+00 3.107611536979675293e-01 1.474319100379943848e+00 2.951552867889404297e+00 1.582509130239486694e-01 1.451111316680908203e+00 4.676343798637390137e-01 5.268723145127296448e-02 1.606809735298156738e+00 -1.939622759819030762e-01 -2.064173221588134766e+00 -4.869612216949462891e+00 2.312696933746337891e+00 -3.243554830551147461e+00 1.380824208259582520e+00
-3.110222339630126953e+00 -2.701373770833015442e-03 1.413618564605712891e+00 2.852254390716552734e+00 3.563296496868133545e-01 1.324256896972656250e+00 3.858250379562377930e-01 8.193594217300415039e-02 1.335322022438049316e+00 -4.578616470098495483e-03 -1.597100019454956055e+00 -4.889919757843017578e+00 2.571008205413818359e+00 -2.642395973205566406e+00 1.216676592826843262e+00
-2.675770819187164307e-01 1.533002257347106934e-01 1.621615141630172729e-01 -3.050427325069904327e-02 -5.456746369600296021e-02 1.223037838935852051e-01 -7.357262074947357178e-02 -2.775253728032112122e-02 6.805146485567092896e-02 1.092251688241958618e-01 -4.830947518348693848e-01 -1.471708416938781738e-01 1.424289196729660034e-01 -2.834489345550537109e-01 2.081235498189926147e-01
-3.104628086090087891e+00 1.963603310286998749e-02 1.422682404518127441e+00 2.883169174194335938e+00 3.360516130924224854e-01 1.335719585418701172e+00 4.146063327789306641e-01 8.655366301536560059e-02 1.365919232368469238e+00 -3.250744566321372986e-02 -1.622028589248657227e+00 -4.906830787658691406e+00 2.533217906951904297e+00 -2.715842485427856445e+00 1.219585061073303223e+00
-3.115600585937500000e+00 6.880013272166252136e-03 1.418693304061889648e+00 2.848643302917480469e+00 3.538153469562530518e-01 1.327281713485717773e+00 3.807461559772491455e-01 8.001330494880676270e-02 1.341981053352355957e+00 -8.306052535772323608e-03 -1.615033507347106934e+00 -4.888215065002441406e+00 2.567338466644287109e+00 -2.656557321548461914e+00 1.221628427505493164e+00
-3.079665184020996094e+00 -1.012653112411499023e-01 1.369456768035888672e+00 2.821450471878051758e+00 3.878833949565887451e-01 1.281331062316894531e+00 3.860991001129150391e-01 1.015489399433135986e-01 1.269696712493896484e+00 4.661456122994422913e-02 -1.452305436134338379e+00 -4.885631561279296875e+00 2.608611583709716797e+00 -2.463810682296752930e+00 1.139861822128295898e+00
-3.129025220870971680e+00 4.415047168731689453e-02 1.439981937408447266e+00 2.864464044570922852e+00 3.319664895534515381e-01 1.340672492980957031e+00 3.940967023372650146e-01 7.334640622138977051e-02 1.372893810272216797e+00 -4.562571272253990173e-02 -1.670264005661010742e+00 -4.892684459686279297e+00 2.532451152801513672e+00 -2.751942873001098633e+00 1.243447899818420410e+00
-3.096896648406982422e+00 -3.865915536880493164e-02 1.397965669631958008e+00 2.854068994522094727e+00 3.644750416278839111e-01 1.307675361633300781e+00 3.979214727878570557e-01 8.713896572589874268e-02 1.310053110122680664e+00 7.148418575525283813e-03 -1.534953594207763672e+00 -4.891676902770996094e+00 2.583190202713012695e+00 -2.589982271194458008e+00 1.192959666252136230e+00
-1.438020586967468262e+00 4.718873500823974609e-01 7.752081751823425293e-01 9.799194335937500000e-01 3.577310126274824142e-03 7.482898831367492676e-01 1.315568536520004272e-01 -6.065323483198881149e-03 7.932057380676269531e-01 1.084769964218139648e-01 -1.480801463127136230e+00 -1.741592526435852051e+00 8.587121367454528809e-01 -1.569577097892761230e+00 8.957080245018005371e-01
-3.114861965179443359e+00 -2.249223180115222931e-02 1.414137482643127441e+00 2.839305877685546875e+00 3.640490472316741943e-01 1.312118053436279297e+00 3.810361027717590332e-01 8.321334421634674072e-02 1.320350527763366699e+00 2.359334379434585571e-03 -1.572833418846130371e+00 -4.889261245727539062e+00 2.575945854187011719e+00 -2.614090681076049805e+00 1.199738621711730957e+00
-3.255903720855712891e-01 1.402776986360549927e-01 1.792580038309097290e-01 5.004642531275749207e-02 -4.254144430160522461e-02 1.480866968631744385e-01 -7.594203948974609375e-02 -7.372033316642045975e-03 1.024763062596321106e-01 1.053363680839538574e-01 -4.988760948181152344e-01 -2.774457633495330811e-01 2.298468947410583496e-01 -3.113515079021453857e-01 2.332396656274795532e-01
-3.114924669265747070e+00 1.590380370616912842e-01 1.453926682472229004e+00 2.920408725738525391e+00 2.544503509998321533e-01 1.396713972091674805e+00 4.344550073146820068e-01 6.618571281433105469e-02 1.481050729751586914e+00 -1.262490153312683105e-01 -1.831637740135192871e+00 -4.893272876739501953e+00 2.440438747406005859e+00 -2.980339527130126953e+00 1.305770754814147949e+00
-3.072298526763916016e+00 -1.232571005821228027e-01 1.351948380470275879e+00 2.811934947967529297e+00 3.984674215316772461e-01 1.270931720733642578e+00 3.791868388652801514e-01 9.896796941757202148e-02 1.246089816093444824e+00 6.881153583526611328e-02 -1.415649414062500000e+00 -4.878929615020751953e+00 2.632314682006835938e+00 -2.404549121856689453e+00 1.134722948074340820e+00
-3.122736454010009766e+00 2.247899472713470459e-01 1.468565106391906738e+00 2.941521644592285156e+00 2.242028862237930298e-01 1.422639727592468262e+00 4.460842609405517578e-01 5.880564823746681213e-02 1.530848264694213867e+00 -1.514630615711212158e-01 -1.928466558456420898e+00 -4.901258468627929688e+00 2.392362833023071289e+00 -3.091446876525878906e+00 1.341180443763732910e+00
-3.094678163528442383e+00 -4.670590162277221680e-02 1.392792582511901855e+00 2.849026203155517578e+00 3.697471022605895996e-01 1.304563999176025391e+00 3.935914039611816406e-01 8.700940012931823730e-02 1.301485180854797363e+00 1.645046845078468323e-02 -1.523272156715393066e+00 -4.889270782470703125e+00 2.592851877212524414e+00 -2.567139625549316406e+00 1.190425753593444824e+00
-3.104806900024414062e+00 -4.638031125068664551e-02 1.397382140159606934e+00 2.830253124237060547e+00 3.761575520038604736e-01 1.302852869033813477e+00 3.743546009063720703e-01 8.644905686378479004e-02 1.299018502235412598e+00 2.622294798493385315e-02 -1.535480976104736328e+00 -4.885301589965820312e+00 2.596351146697998047e+00 -2.551719903945922852e+00 1.185820341110229492e+00
-3.114446163177490234e+00 1.703329682350158691e-01 1.458432555198669434e+00 2.937706232070922852e+00 2.492726743221282959e-01 1.403209805488586426e+00 4.462474584579467773e-01 6.582760810852050781e-02 1.489989638328552246e+00 -1.330471038818359375e-01 -1.841466069221496582e+00 -4.905713081359863281e+00 2.427647590637207031e+00 -3.009260416030883789e+00 1.312665581703186035e+00
-3.126519680023193359e+00 4.893404245376586914e-02 1.438277602195739746e+00 2.868547439575195312e+00 3.326969444751739502e-01 1.344548463821411133e+00 3.950004875659942627e-01 7.430067658424377441e-02 1.375464677810668945e+00 -4.274785146117210388e-02 -1.675372719764709473e+00 -4.894509315490722656e+00 2.531673908233642578e+00 -2.752375364303588867e+00 1.247203946113586426e+00
-3.072759628295898438e+00 -9.194603562355041504e-02 1.363318204879760742e+00 2.839617729187011719e+00 3.843356668949127197e-01 1.286230444908142090e+00 3.962258100509643555e-01 9.459108114242553711e-02 1.268766403198242188e+00 4.548982158303260803e-02 -1.451161861419677734e+00 -4.884130001068115234e+00 2.617354869842529297e+00 -2.474235296249389648e+00 1.162383198738098145e+00
-3.121781587600708008e+00 4.523667693138122559e-02 1.431807279586791992e+00 2.863055706024169922e+00 3.359125554561614990e-01 1.344780325889587402e+00 3.882405161857604980e-01 7.599663734436035156e-02 1.373934626579284668e+00 -3.369468078017234802e-02 -1.671928048133850098e+00 -4.891047954559326172e+00 2.541855096817016602e+00 -2.732760190963745117e+00 1.245904564857482910e+00
-3.132559299468994141e+00 1.870547831058502197e-01 1.464612483978271484e+00 2.899183511734008789e+00 2.561406195163726807e-01 1.403899431228637695e+00 4.166824817657470703e-01 5.895731225609779358e-02 1.492080092430114746e+00 -1.217072904109954834e-01 -1.891096711158752441e+00 -4.879089355468750000e+00 2.437367916107177734e+00 -3.001654624938964844e+00 1.332329392433166504e+00
-3.086061716079711914e+00 -5.383518338203430176e-02 1.389344930648803711e+00 2.857720136642456055e+00 3.659706711769104004e-01 1.302848339080810547e+00 4.082185328006744385e-01 9.584727883338928223e-02 1.306176066398620605e+00 1.149493828415870667e-02 -1.510329723358154297e+00 -4.896915435791015625e+00 2.578268527984619141e+00 -2.570167779922485352e+00 1.173323750495910645e+00
-3.103869438171386719e+00 4.991827532649040222e-03 1.418921351432800293e+00 2.878476381301879883e+00 3.435846269130706787e-01 1.329240083694458008e+00 4.138643145561218262e-01 8.705626428127288818e-02 1.351728439331054688e+00 -2.486165985465049744e-02 -1.599689006805419922e+00 -4.905146598815917969e+00 2.542784929275512695e+00 -2.689712047576904297e+00 1.212925076484680176e+00
-3.131628036499023438e+00 1.703653931617736816e-01 1.462443351745605469e+00 2.904597282409667969e+00 2.702667415142059326e-01 1.400506138801574707e+00 4.181907773017883301e-01 6.049523130059242249e-02 1.474735617637634277e+00 -1.121832132339477539e-01 -1.859162807464599609e+00 -4.887925624847412109e+00 2.453374862670898438e+00 -2.971697092056274414e+00 1.327769398689270020e+00
-3.140242338180541992e+00 2.746365666389465332e-01 1.479994297027587891e+00 2.904450416564941406e+00 2.055065482854843140e-01 1.429616451263427734e+00 4.270771145820617676e-01 5.121721699833869934e-02 1.561934709548950195e+00 -1.551979184150695801e-01 -2.034229040145874023e+00 -4.861822128295898438e+00 2.365614414215087891e+00 -3.144951343536376953e+00 1.372943758964538574e+00
-3.125259399414062500e+00 3.093001246452331543e-01 1.482680916786193848e+00 2.941824674606323242e+00 1.655054688453674316e-01 1.446345090866088867e+00 4.602049589157104492e-01 4.963617399334907532e-02 1.600468039512634277e+00 -1.890100836753845215e-01 -2.068461656570434570e+00 -4.872097969055175781e+00 2.315019607543945312e+00 -3.240151166915893555e+00 1.378649830818176270e+00
-3.105119943618774414e+00 -3.395846486091613770e-02 1.399577617645263672e+00 2.830233335494995117e+00 3.726075887680053711e-01 1.309264898300170898e+00 3.694769144058227539e-01 8.558541536331176758e-02 1.309714198112487793e+00 2.444136515259742737e-02 -1.556157469749450684e+00 -4.883784294128417969e+00 2.595777750015258789e+00 -2.565944194793701172e+00 1.194306612014770508e+00
-3.088569402694702148e+00 -4.639783501625061035e-02 1.394416093826293945e+00 2.859127044677734375e+00 3.610256612300872803e-01 1.305118083953857422e+00 4.084025025367736816e-01 9.353667497634887695e-02 1.311249971389770508e+00 1.909825950860977173e-03 -1.521676659584045410e+00 -4.894703388214111328e+00 2.574663639068603516e+00 -2.589091300964355469e+00 1.180131673812866211e+00
-3.117761373519897461e+00 2.642067074775695801e-01 1.468948483467102051e+00 2.934526920318603516e+00 1.893300861120223999e-01 1.433651447296142578e+00 4.515847563743591309e-01 5.482769384980201721e-02 1.567110300064086914e+00 -1.741113066673278809e-01 -1.997384786605834961e+00 -4.871948719024658203e+00 2.355149507522583008e+00 -3.160661220550537109e+00 1.359345912933349609e+00
-3.132350206375122070e+00 7.052916288375854492e-02 1.447662830352783203e+00 2.874932765960693359e+00 3.190170228481292725e-01 1.352631807327270508e+00 4.003426432609558105e-01 6.897220015525817871e-02 1.392809748649597168e+00 -6.316757202148437500e-02 -1.708248972892761230e+00 -4.892843246459960938e+00 2.516188144683837891e+00 -2.804075479507446289e+00 1.262492060661315918e+00
-3.126927852630615234e+00 3.707540035247802734e-02 1.436334729194641113e+00 2.859885454177856445e+00 3.371079862117767334e-01 1.338610768318176270e+00 3.900256752967834473e-01 7.523921132087707520e-02 1.367826461791992188e+00 -3.742739185690879822e-02 -1.661444306373596191e+00 -4.892102718353271484e+00 2.539572715759277344e+00 -2.732627868652343750e+00 1.238791346549987793e+00
-2.869072914123535156e+00 7.468681931495666504e-01 1.493185162544250488e+00 2.644280433654785156e+00 -7.196098566055297852e-02 1.374677896499633789e+00 5.765468478202819824e-01 6.065748259425163269e-02 1.889729022979736328e+00 -1.988734006881713867e-01 -2.513278722763061523e+00 -3.977248668670654297e+00 1.603647947311401367e+00 -3.595212221145629883e+00 1.427354097366333008e+00
-3.089885234832763672e+00 -6.592160463333129883e-02 1.380602598190307617e+00 2.828829765319824219e+00 3.808301389217376709e-01 1.296089649200439453e+00 3.761738538742065430e-01 9.102886915206909180e-02 1.287593126296997070e+00 4.069286957383155823e-02 -1.502603888511657715e+00 -4.883177757263183594e+00 2.609666347503662109e+00 -2.508656740188598633e+00 1.173103213310241699e+00
-3.123392581939697266e+00 6.824627518653869629e-02 1.442922711372375488e+00 2.889204978942871094e+00 3.198560178279876709e-01 1.355291724205017090e+00 4.106240272521972656e-01 7.644592225551605225e-02 1.398271203041076660e+00 -5.688204988837242126e-02 -1.698399186134338379e+00 -4.908137321472167969e+00 2.508002281188964844e+00 -2.800516843795776367e+00 1.251662135124206543e+00
-3.078864574432373047e+00 -1.022640168666839600e-01 1.364854812622070312e+00 2.826272010803222656e+00 3.899722397327423096e-01 1.279545307159423828e+00 3.879927992820739746e-01 9.496518969535827637e-02 1.259856939315795898e+00 5.084717646241188049e-02 -1.442440390586853027e+00 -4.882616519927978516e+00 2.619725704193115234e+00 -2.455265045166015625e+00 1.151799559593200684e+00
-3.097965717315673828e+00 5.680320784449577332e-03 1.413264155387878418e+00 2.881893157958984375e+00 3.378882408142089844e-01 1.328860282897949219e+00 4.161228537559509277e-01 8.576568961143493652e-02 1.351569056510925293e+00 -3.086366876959800720e-02 -1.594828844070434570e+00 -4.899903297424316406e+00 2.546947956085205078e+00 -2.690850496292114258e+00 1.215449690818786621e+00
-3.086361885070800781e+00 -3.519135713577270508e-02 1.394680738449096680e+00 2.872107028961181641e+00 3.577484190464019775e-01 1.312250137329101562e+00 4.164671301841735840e-01 9.244211018085479736e-02 1.318097949028015137e+00 -1.573469489812850952e-03 -1.531833052635192871e+00 -4.898818016052246094e+00 2.569799423217773438e+00 -2.608419656753540039e+00 1.190515160560607910e+00
-3.082954406738281250e+00 -7.893845438957214355e-02 1.379453897476196289e+00 2.840384483337402344e+00 3.769210875034332275e-01 1.290787220001220703e+00 3.987033963203430176e-01 9.876994788646697998e-02 1.286744356155395508e+00 2.820206061005592346e-02 -1.478272080421447754e+00 -4.891396522521972656e+00 2.593053340911865234e+00 -2.516692161560058594e+00 1.155655503273010254e+00
-3.127869606018066406e+00 1.033546328544616699e-01 1.453999996185302734e+00 2.896267414093017578e+00 2.983448207378387451e-01 1.369360089302062988e+00 4.149883389472961426e-01 7.152640819549560547e-02 1.429064631462097168e+00 -8.279439806938171387e-02 -1.754526853561401367e+00 -4.905240058898925781e+00 2.481629848480224609e+00 -2.872072935104370117e+00 1.271607041358947754e+00
-3.135601997375488281e+00 1.123125553131103516e-01 1.458726882934570312e+00 2.889734029769897461e+00 3.007022738456726074e-01 1.371944189071655273e+00 4.069951772689819336e-01 7.001481950283050537e-02 1.433170557022094727e+00 -7.916387915611267090e-02 -1.773166656494140625e+00 -4.905489444732666016e+00 2.479176521301269531e+00 -2.877096414566040039e+00 1.275503993034362793e+00
-3.088130474090576172e+00 -5.384114384651184082e-02 1.391152381896972656e+00 2.852305173873901367e+00 3.664231002330780029e-01 1.302731156349182129e+00 4.031065106391906738e-01 9.417799115180969238e-02 1.304709672927856445e+00 1.014566794037818909e-02 -1.513540148735046387e+00 -4.892762660980224609e+00 2.582011461257934570e+00 -2.569353103637695312e+00 1.176416635513305664e+00
-3.014490604400634766e+00 7.630631923675537109e-01 1.519673228263854980e+00 2.873625755310058594e+00 -1.286888420581817627e-01 1.454934835433959961e+00 6.145213842391967773e-01 7.737664878368377686e-02 1.947734951972961426e+00 -2.687214612960815430e-01 -2.622323751449584961e+00 -4.382918834686279297e+00 1.742681622505187988e+00 -3.832921743392944336e+00 1.473837018013000488e+00
-3.115383148193359375e+00 1.677843742072582245e-02 1.423673868179321289e+00 2.865545749664306641e+00 3.472739160060882568e-01 1.332475185394287109e+00 3.961543738842010498e-01 7.805782556533813477e-02 1.348303914070129395e+00 -2.205246314406394958e-02 -1.621757149696350098e+00 -4.893779754638671875e+00 2.555212259292602539e+00 -2.689818382263183594e+00 1.231932044029235840e+00
-3.118555545806884766e+00 8.278444409370422363e-02 1.443394303321838379e+00 2.895430088043212891e+00 3.024788796901702881e-01 1.361080288887023926e+00 4.168177247047424316e-01 7.406319677829742432e-02 1.413702726364135742e+00 -7.798331975936889648e-02 -1.718058943748474121e+00 -4.900663852691650391e+00 2.496475219726562500e+00 -2.837511539459228516e+00 1.260340809822082520e+00
-3.117124795913696289e+00 3.533658087253570557e-01 1.483169555664062500e+00 2.963422775268554688e+00 1.275501549243927002e-01 1.460927486419677734e+00 4.789013266563415527e-01 4.747453704476356506e-02 1.638480067253112793e+00 -2.136333286762237549e-01 -2.123993873596191406e+00 -4.866930007934570312e+00 2.270316362380981445e+00 -3.324743986129760742e+00 1.393852353096008301e+00
-3.109743118286132812e+00 3.861007690429687500e-01 1.476094245910644531e+00 2.933202266693115234e+00 1.173656657338142395e-01 1.466611504554748535e+00 4.733372628688812256e-01 5.335012450814247131e-02 1.658749818801879883e+00 -2.034017443656921387e-01 -2.193971872329711914e+00 -4.816015720367431641e+00 2.257037639617919922e+00 -3.331496238708496094e+00 1.424930930137634277e+00
-2.168550789356231689e-01 7.399946451187133789e-02 1.048307716846466064e-01 -1.713989861309528351e-02 -3.301770240068435669e-02 8.112111687660217285e-02 -7.510665804147720337e-02 -1.289721392095088959e-02 4.118315875530242920e-02 8.917622268199920654e-02 -3.468309640884399414e-01 -1.531305909156799316e-01 1.819061934947967529e-01 -1.721785664558410645e-01 1.569020003080368042e-01
-3.076404094696044922e+00 -1.170209348201751709e-01 1.356609821319580078e+00 2.810182332992553711e+00 3.975523114204406738e-01 1.273055553436279297e+00 3.748558759689331055e-01 9.694477915763854980e-02 1.249047398567199707e+00 6.650519371032714844e-02 -1.427103996276855469e+00 -4.877957344055175781e+00 2.632304668426513672e+00 -2.414245843887329102e+00 1.139742255210876465e+00
-3.090687751770019531e+00 -9.589204192161560059e-02 1.374103903770446777e+00 2.815500259399414062e+00 3.926384150981903076e-01 1.281067490577697754e+00 3.748814761638641357e-01 9.322175383567810059e-02 1.262846112251281738e+00 5.300987139344215393e-02 -1.460734724998474121e+00 -4.882531642913818359e+00 2.618121385574340820e+00 -2.460458755493164062e+00 1.151977658271789551e+00
-3.123621940612792969e+00 3.416925668716430664e-02 1.431836605072021484e+00 2.857466220855712891e+00 3.425019681453704834e-01 1.339027166366577148e+00 3.856072127819061279e-01 7.723863422870635986e-02 1.364363551139831543e+00 -2.665680274367332458e-02 -1.657649636268615723e+00 -4.892020225524902344e+00 2.545846939086914062e+00 -2.713585376739501953e+00 1.237226128578186035e+00
-3.140066146850585938e+00 1.103636026382446289e-01 1.459135651588439941e+00 2.881783008575439453e+00 3.000724613666534424e-01 1.368597388267517090e+00 4.028255045413970947e-01 6.402543187141418457e-02 1.425032615661621094e+00 -8.462661504745483398e-02 -1.771765589714050293e+00 -4.892002582550048828e+00 2.488813400268554688e+00 -2.875849485397338867e+00 1.284484505653381348e+00
-3.106917381286621094e+00 -4.224689677357673645e-03 1.412233829498291016e+00 2.858397483825683594e+00 3.554323613643646240e-01 1.324456691741943359e+00 3.923751711845397949e-01 8.284893631935119629e-02 1.335233449935913086e+00 -6.169077008962631226e-03 -1.591327309608459473e+00 -4.892398357391357422e+00 2.568970203399658203e+00 -2.644799709320068359e+00 1.216175198554992676e+00
-3.135159254074096680e+00 5.324706435203552246e-02 1.444268941879272461e+00 2.851885795593261719e+00 3.325260877609252930e-01 1.342874050140380859e+00 3.805708587169647217e-01 7.426130771636962891e-02 1.381456136703491211e+00 -4.049220308661460876e-02 -1.694565892219543457e+00 -4.890231609344482422e+00 2.528063058853149414e+00 -2.753659248352050781e+00 1.242119073867797852e+00
-3.078031539916992188e+00 -9.219372272491455078e-02 1.370435595512390137e+00 2.833609104156494141e+00 3.833058178424835205e-01 1.286323547363281250e+00 3.950772285461425781e-01 1.011533737182617188e-01 1.276651859283447266e+00 4.042646661400794983e-02 -1.459686160087585449e+00 -4.889318943023681641e+00 2.602040767669677734e+00 -2.483949899673461914e+00 1.146681547164916992e+00
-3.109574794769287109e+00 3.832718431949615479e-01 1.476373314857482910e+00 2.943453311920166016e+00 1.141233816742897034e-01 1.467191219329833984e+00 4.781585931777954102e-01 5.154289677739143372e-02 1.657816410064697266e+00 -2.106606364250183105e-01 -2.182171344757080078e+00 -4.824362754821777344e+00 2.254775047302246094e+00 -3.341138601303100586e+00 1.420709252357482910e+00
-3.092192649841308594e+00 -5.643278360366821289e-02 1.395324707031250000e+00 2.849287509918212891e+00 3.705800175666809082e-01 1.301948547363281250e+00 4.018109142780303955e-01 9.648379683494567871e-02 1.305521130561828613e+00 1.489606872200965881e-02 -1.515053629875183105e+00 -4.897269248962402344e+00 2.576943874359130859e+00 -2.566933870315551758e+00 1.171049952507019043e+00
-3.093356609344482422e+00 -2.846810407936573029e-02 1.395204901695251465e+00 2.857536792755126953e+00 3.636417388916015625e-01 1.314884185791015625e+00 3.951597213745117188e-01 8.583435416221618652e-02 1.315406322479248047e+00 1.049501076340675354e-02 -1.548267602920532227e+00 -4.889662265777587891e+00 2.587014913558959961e+00 -2.593558311462402344e+00 1.204328656196594238e+00
-3.120326042175292969e+00 2.870346009731292725e-01 1.476854562759399414e+00 2.945202350616455078e+00 1.756183207035064697e-01 1.441340446472167969e+00 4.596012830734252930e-01 5.247691646218299866e-02 1.586175918579101562e+00 -1.839960813522338867e-01 -2.030089855194091797e+00 -4.879416465759277344e+00 2.331721305847167969e+00 -3.207255363464355469e+00 1.366814136505126953e+00
-3.139028072357177734e+00 1.979326307773590088e-01 1.476156592369079590e+00 2.903627872467041016e+00 2.434804290533065796e-01 1.403662919998168945e+00 4.223126173019409180e-01 5.831836536526679993e-02 1.507668256759643555e+00 -1.330892145633697510e-01 -1.910220026969909668e+00 -4.889358043670654297e+00 2.410052776336669922e+00 -3.041886329650878906e+00 1.322015404701232910e+00
-3.116983175277709961e+00 6.958037614822387695e-02 1.440248250961303711e+00 2.890704631805419922e+00 3.153504729270935059e-01 1.357459068298339844e+00 4.128521084785461426e-01 7.753556966781616211e-02 1.403315305709838867e+00 -6.094795092940330505e-02 -1.701012849807739258e+00 -4.904554367065429688e+00 2.507941961288452148e+00 -2.805071115493774414e+00 1.254018306732177734e+00
-3.126580715179443359e+00 1.565092802047729492e-01 1.463308691978454590e+00 2.917148590087890625e+00 2.629436552524566650e-01 1.392476677894592285e+00 4.303094446659088135e-01 6.552326679229736328e-02 1.476101160049438477e+00 -1.189989745616912842e-01 -1.831670880317687988e+00 -4.903919696807861328e+00 2.438838005065917969e+00 -2.977773904800415039e+00 1.301013708114624023e+00
-1.872020065784454346e-01 1.022335439920425415e-01 1.106712967157363892e-01 -1.263414788991212845e-02 -2.718644961714744568e-02 7.450826466083526611e-02 -6.408356875181198120e-02 -3.709711134433746338e-03 4.124360159039497375e-02 5.656526610255241394e-02 -3.153733611106872559e-01 -1.137379556894302368e-01 1.072247698903083801e-01 -1.991834193468093872e-01 1.324177086353302002e-01
-3.028092861175537109e+00 6.698737740516662598e-01 1.489155769348144531e+00 2.871529340744018555e+00 -8.487138897180557251e-02 1.456599950790405273e+00 5.764854550361633301e-01 8.698843419551849365e-02 1.879498004913330078e+00 -2.449383139610290527e-01 -2.544251203536987305e+00 -4.458764553070068359e+00 1.865546941757202148e+00 -3.698466539382934570e+00 1.474034190177917480e+00
-3.087458372116088867e+00 -9.172301739454269409e-02 1.373096466064453125e+00 2.822196245193481445e+00 3.893752396106719971e-01 1.283656120300292969e+00 3.797334730625152588e-01 9.297252446413040161e-02 1.266702175140380859e+00 4.909310117363929749e-02 -1.463318824768066406e+00 -4.883024692535400391e+00 2.617022275924682617e+00 -2.470129728317260742e+00 1.156934261322021484e+00
-3.141265392303466797e+00 1.315843462944030762e-01 1.463612914085388184e+00 2.883117675781250000e+00 2.884405851364135742e-01 1.377602100372314453e+00 4.044069051742553711e-01 6.202375516295433044e-02 1.444080352783203125e+00 -9.580266475677490234e-02 -1.807841897010803223e+00 -4.888017654418945312e+00 2.473349094390869141e+00 -2.913105010986328125e+00 1.296654820442199707e+00
