-1.414100825786590576e-01 6.690563261508941650e-02 -1.013721153140068054e-01 -8.259480819106101990e-04 -1.152971088886260986e-01 -9.484962373971939087e-02 2.155028134584426880e-01 -1.136987432837486267e-01 -2.493794076144695282e-02 7.979312539100646973e-02 -1.831505298614501953e-01 -2.064100652933120728e-01 1.085684299468994141e-01 -1.449051201343536377e-01 2.288237772881984711e-02
-1.674650469794869423e-03 3.783172369003295898e-01 1.658784002065658569e-01 3.793286979198455811e-01 -3.581333756446838379e-01 -2.737639546394348145e-01 2.974345684051513672e-01 -1.214591339230537415e-01 2.029078314080834389e-03 -5.171869322657585144e-02 -5.982804670929908752e-02 8.358650654554367065e-02 1.854454874992370605e-01 -1.545328199863433838e-01 -3.032409250736236572e-01
3.403247892856597900e-01 6.386632919311523438e-01 5.836376547813415527e-02 9.546352922916412354e-02 -7.829257845878601074e-02 1.105659008026123047e-01 5.180523544549942017e-02 -3.229382932186126709e-01 5.465339496731758118e-02 4.816428199410438538e-02 -2.314212918281555176e-01 1.806474626064300537e-01 1.085995212197303772e-01 -2.787539064884185791e-01 -6.325475573539733887e-01
3.664481937885284424e-01 6.412624716758728027e-01 3.502684235572814941e-01 1.982964575290679932e-01 -1.013800948858261108e-01 -6.222058087587356567e-02 8.870050311088562012e-02 -3.990806639194488525e-01 -9.583763778209686279e-02 -4.215147346258163452e-03 -1.868306994438171387e-01 1.170826628804206848e-01 1.152877286076545715e-01 -1.804351657629013062e-01 -3.671059012413024902e-01
2.392688393592834473e-01 3.878667354583740234e-01 1.572657078504562378e-01 4.972766935825347900e-01 -2.782571315765380859e-01 -3.040046691894531250e-01 2.676348686218261719e-01 -2.361978292465209961e-01 6.542095541954040527e-02 -5.601508542895317078e-02 -4.188384488224983215e-02 1.380144357681274414e-01 8.506359905004501343e-02 2.291582375764846802e-01 -4.058265089988708496e-01
-6.727366894483566284e-02 6.832680106163024902e-02 -1.465541124343872070e-01 -3.562968224287033081e-02 -2.414348870515823364e-01 -2.064749747514724731e-01 3.181248009204864502e-01 -1.388145983219146729e-01 -1.350283026695251465e-01 3.521962836384773254e-02 -3.422070741653442383e-01 -1.393942832946777344e-01 7.049510627985000610e-02 5.488353315740823746e-03 3.489644452929496765e-02
-2.625693082809448242e-01 3.378622531890869141e-01 1.069599241018295288e-01 5.666494369506835938e-01 -1.584744900465011597e-01 -4.212416708469390869e-01 2.974760830402374268e-01 -3.770849406719207764e-01 1.609338521957397461e-01 7.902292162179946899e-02 -7.870664447546005249e-02 -2.159838080406188965e-01 -5.604020133614540100e-02 -1.774866133928298950e-01 -2.485729157924652100e-01
4.511804580688476562e-01 4.275591373443603516e-01 3.552347123622894287e-01 2.337375134229660034e-01 -1.171427071094512939e-01 1.624755747616291046e-02 -3.047316521406173706e-02 -2.017464637756347656e-01 -7.476592063903808594e-02 -1.033572778105735779e-01 -1.326639652252197266e-01 2.157900333404541016e-01 -6.122074276208877563e-02 -1.609858721494674683e-01 -3.620782792568206787e-01
-1.598543971776962280e-01 2.772862911224365234e-01 1.299405992031097412e-01 3.837942183017730713e-01 -1.322587430477142334e-01 -1.995108276605606079e-01 8.367657661437988281e-01 -3.938933312892913818e-01 2.364534586668014526e-01 3.898069262504577637e-01 -5.155441164970397949e-01 2.612648308277130127e-01 1.219026744365692139e-01 2.704307436943054199e-02 -2.362895756959915161e-01
-3.588616102933883667e-02 1.900835782289505005e-01 3.724352121353149414e-01 5.863785743713378906e-01 -1.524357944726943970e-01 -3.375710546970367432e-01 3.313368558883666992e-01 -1.132850050926208496e-01 1.051373481750488281e-01 1.247940286993980408e-01 -1.335553079843521118e-01 -3.319574519991874695e-02 1.636021137237548828e-01 8.271266520023345947e-02 -2.112360447645187378e-01
-2.523352503776550293e-01 3.189705610275268555e-01 2.081344872713088989e-01 8.024793267250061035e-01 -2.829140424728393555e-01 -3.837074339389801025e-01 3.468618690967559814e-01 -2.457872182130813599e-01 1.373214721679687500e-01 3.571536019444465637e-02 -5.218365043401718140e-02 -3.027994036674499512e-01 -4.191143810749053955e-02 -1.043936088681221008e-01 -2.421668171882629395e-01
3.040718734264373779e-01 4.415886402130126953e-01 2.649823725223541260e-01 1.203771755099296570e-01 -1.545199193060398102e-02 6.442265119403600693e-03 -7.839221507310867310e-02 -2.445146739482879639e-01 4.608108475804328918e-02 -6.926753371953964233e-02 -1.875590384006500244e-01 2.590634301304817200e-02 5.567800253629684448e-03 -3.313414156436920166e-01 -5.494956374168395996e-01
-2.599991261959075928e-01 3.784195184707641602e-01 2.126980721950531006e-01 8.942864537239074707e-01 -1.600486338138580322e-01 -3.408621251583099365e-01 3.785354197025299072e-01 -2.396657317876815796e-01 1.703280061483383179e-01 9.021381288766860962e-02 -1.104485988616943359e-01 -1.161462292075157166e-01 1.191422343254089355e-02 -9.980404376983642578e-02 -1.271560788154602051e-01
2.989583313465118408e-01 8.014366030693054199e-01 3.184360265731811523e-01 1.841101199388504028e-01 6.845156848430633545e-02 -5.923634860664606094e-03 -1.225653365254402161e-01 -3.237043917179107666e-01 4.993585124611854553e-02 6.812849314883351326e-04 -2.962150573730468750e-01 2.350487709045410156e-01 -1.116392016410827637e-02 -3.471508622169494629e-01 -4.856453239917755127e-01
-4.787369072437286377e-02 4.209744334220886230e-01 6.396956741809844971e-02 2.791697680950164795e-01 -1.435296833515167236e-01 -1.723033934831619263e-01 4.991139471530914307e-01 -7.092893123626708984e-03 -1.151689211837947369e-04 3.555424883961677551e-02 -8.338421583175659180e-02 3.810499329119920731e-03 1.428047716617584229e-01 4.526276886463165283e-02 -2.666825056076049805e-01
-1.775372177362442017e-01 2.257702350616455078e-01 -1.544242948293685913e-01 1.099727004766464233e-01 -1.185698211193084717e-01 -1.695264428853988647e-01 1.504344195127487183e-01 -1.173853129148483276e-01 -7.411029934883117676e-02 -6.977254897356033325e-02 -1.496484726667404175e-01 -2.319663465023040771e-01 2.018892467021942139e-01 -4.413387179374694824e-02 1.236268207430839539e-01
-3.001446723937988281e-01 1.773965954780578613e-01 -1.199181564152240753e-02 1.747995615005493164e-01 -5.140049755573272705e-02 -2.809784412384033203e-01 4.036211669445037842e-01 -2.301181405782699585e-01 -1.495955698192119598e-02 1.886100322008132935e-01 -3.738040626049041748e-01 -2.488202154636383057e-01 2.757626473903656006e-01 -3.911925107240676880e-02 -1.028324756771326065e-02
-2.463874518871307373e-01 6.922880560159683228e-02 -1.502467542886734009e-01 1.416118890047073364e-01 -2.563426084816455841e-02 -1.857717931270599365e-01 4.300259351730346680e-01 -8.969254791736602783e-02 1.231046207249164581e-02 -5.926242098212242126e-02 -2.412724792957305908e-01 -2.990334033966064453e-01 2.601574361324310303e-01 -4.379837587475776672e-02 2.304728627204895020e-01
-1.629962325096130371e-01 2.565491199493408203e-01 3.098194599151611328e-01 8.413335680961608887e-01 -2.055881172418594360e-01 -4.352627396583557129e-01 4.628592431545257568e-01 -4.162438213825225830e-01 1.749644428491592407e-01 1.063539013266563416e-01 -4.064149037003517151e-02 -1.035232990980148315e-01 9.779661893844604492e-03 -2.112422138452529907e-01 -1.542609035968780518e-01
-2.932657897472381592e-01 1.251399219036102295e-01 -9.009957313537597656e-02 1.029395163059234619e-01 -1.445833742618560791e-01 -3.548500537872314453e-01 4.018124639987945557e-01 -3.269116878509521484e-01 -4.410199448466300964e-02 2.217516005039215088e-01 -3.543729484081268311e-01 -2.704890370368957520e-01 2.402822524309158325e-01 4.086034744977951050e-02 4.517368227243423462e-02
-2.761142849922180176e-01 3.427796438336372375e-02 -2.402216643095016479e-01 4.011072814464569092e-01 -1.426505446434020996e-01 -3.751677274703979492e-01 3.499345481395721436e-01 -3.055947124958038330e-01 8.628906309604644775e-02 -8.033227175474166870e-03 -2.940896749496459961e-01 -3.004875183105468750e-01 1.885184347629547119e-01 -6.017606332898139954e-02 1.631405502557754517e-01
-5.301033258438110352e-01 2.172820866107940674e-01 -1.599697917699813843e-01 9.054248780012130737e-02 -9.839071333408355713e-02 -2.133491337299346924e-01 2.945898473262786865e-01 -8.990155160427093506e-02 4.184942319989204407e-02 1.852327883243560791e-01 -1.484389305114746094e-01 -1.136925891041755676e-01 4.392536580562591553e-01 -1.439013928174972534e-01 1.651024669408798218e-01
3.715603947639465332e-01 4.585547745227813721e-01 2.068998515605926514e-01 9.118751622736454010e-03 -4.833492636680603027e-02 -3.033978678286075592e-02 2.328488230705261230e-02 -2.288071215152740479e-01 -7.935388013720512390e-03 -6.315920501947402954e-02 -2.902710437774658203e-01 9.083938598632812500e-02 -3.626542538404464722e-02 -3.107018172740936279e-01 -6.326871514320373535e-01
2.578476071357727051e-01 4.045782983303070068e-01 2.764310538768768311e-01 1.567178219556808472e-02 -7.713177800178527832e-02 -4.192493110895156860e-02 -1.161987408995628357e-01 -3.352293968200683594e-01 -2.613552473485469818e-02 -9.943845123052597046e-02 -1.740918159484863281e-01 9.853784739971160889e-02 -5.107753723859786987e-02 -3.095123469829559326e-01 -4.811182320117950439e-01
-3.007961213588714600e-01 3.905474022030830383e-02 -2.211888581514358521e-01 2.434101849794387817e-01 -2.371949255466461182e-01 -2.307413667440414429e-01 2.822033166885375977e-01 -2.004979252815246582e-01 -2.167792432010173798e-02 -5.572699010372161865e-03 -3.213968873023986816e-01 -1.670606285333633423e-01 2.368253022432327271e-01 -1.025369241833686829e-01 1.517560034990310669e-01
2.985810637474060059e-01 5.180817246437072754e-01 3.117287158966064453e-01 1.463030427694320679e-01 -1.031581163406372070e-01 1.223807409405708313e-01 -1.245886757969856262e-01 -3.769115507602691650e-01 -8.856388926506042480e-02 -5.769131705164909363e-02 -1.412750780582427979e-01 1.946668475866317749e-01 7.527679949998855591e-02 -2.153734415769577026e-01 -5.065838098526000977e-01
-8.120869100093841553e-02 -8.661943674087524414e-02 5.422119796276092529e-02 4.868963062763214111e-01 -2.784167826175689697e-01 -2.286277562379837036e-01 4.542894065380096436e-01 -2.922146022319793701e-01 -1.491625420749187469e-02 2.898556888103485107e-01 -4.551615193486213684e-02 -7.789764087647199631e-03 5.764888226985931396e-02 3.464027494192123413e-02 -1.638739258050918579e-01
3.410643935203552246e-01 3.197100758552551270e-01 3.850125670433044434e-01 1.896688938140869141e-01 -2.236712165176868439e-02 -8.002979308366775513e-02 -3.636452183127403259e-02 -2.512562572956085205e-01 -1.350446045398712158e-01 8.354292064905166626e-02 -1.492334306240081787e-01 9.344089776277542114e-03 -1.245963200926780701e-01 -1.980057805776596069e-01 -4.322798550128936768e-01
2.805233001708984375e-01 5.295499563217163086e-01 2.620339989662170410e-01 -4.536375775933265686e-02 1.675878278911113739e-02 -2.846146700903773308e-03 3.226291388273239136e-02 -3.198077082633972168e-01 -1.104036718606948853e-01 2.372509613633155823e-02 -2.437060475349426270e-01 -2.994422614574432373e-02 2.204306721687316895e-01 -1.248429343104362488e-01 -5.368573665618896484e-01
2.840907573699951172e-01 2.836243808269500732e-01 4.370645880699157715e-01 1.502120345830917358e-01 -2.095270752906799316e-01 -1.638511270284652710e-01 -2.605530992150306702e-02 -1.078088581562042236e-01 -1.238581836223602295e-01 -1.194324940443038940e-01 -2.501533627510070801e-01 6.693741679191589355e-02 -4.751332104206085205e-02 5.080621689558029175e-02 -5.737001299858093262e-01
3.315836191177368164e-01 5.529976487159729004e-01 3.948016762733459473e-01 1.602089852094650269e-01 -1.404606103897094727e-01 -1.461551934480667114e-01 -2.259534597396850586e-02 -3.487757146358489990e-01 -1.132397204637527466e-01 -2.011767923831939697e-01 -2.962088584899902344e-01 -3.458659630268812180e-03 4.829336702823638916e-02 -2.827631076797842979e-03 -6.783456206321716309e-01
2.622162103652954102e-01 5.788900256156921387e-01 2.251935750246047974e-01 1.724203675985336304e-01 -1.895737834274768829e-02 -2.475721687078475952e-01 1.133837848901748657e-01 -3.782543241977691650e-01 9.583863615989685059e-02 7.361394912004470825e-02 -3.696056008338928223e-01 -1.920256391167640686e-02 1.547210812568664551e-01 -2.153746038675308228e-01 -6.899630427360534668e-01
-3.194007575511932373e-01 1.747590005397796631e-01 -4.717905819416046143e-02 5.945537239313125610e-02 -2.046227306127548218e-01 -4.134142994880676270e-01 3.214917182922363281e-01 -1.499740034341812134e-01 -3.348955139517784119e-02 1.880736202001571655e-01 -2.628929018974304199e-01 -8.542562276124954224e-02 1.215376406908035278e-01 -2.326559461653232574e-02 2.998422086238861084e-01
-3.343722224235534668e-01 4.366112947463989258e-01 1.646469384431838989e-01 8.679452538490295410e-01 -1.426122188568115234e-01 -3.332314193248748779e-01 6.925815939903259277e-01 -3.233783245086669922e-01 3.803172409534454346e-01 9.388043731451034546e-02 -1.946664452552795410e-01 -1.834692358970642090e-01 -9.648784250020980835e-02 -4.298237562179565430e-01 -2.415826916694641113e-01
4.212949275970458984e-01 4.281706511974334717e-01 3.144449591636657715e-01 1.475711259990930557e-02 -4.981280770152807236e-03 3.769682021811604500e-03 1.569098681211471558e-01 -2.487081140279769897e-01 -6.208164151757955551e-03 -6.123937293887138367e-02 -2.671865820884704590e-01 2.082275971770286560e-02 5.898989737033843994e-02 -1.530291289091110229e-01 -4.430061876773834229e-01
-4.350490570068359375e-01 3.872153162956237793e-01 1.941145509481430054e-01 8.398346304893493652e-01 6.383292376995086670e-02 -3.938696086406707764e-01 6.166759133338928223e-01 -1.849724650382995605e-01 4.495326876640319824e-01 4.956271126866340637e-02 -1.585587710142135620e-01 -3.805894851684570312e-01 -1.870372593402862549e-01 -2.677843868732452393e-01 -3.744007945060729980e-01
4.534068703651428223e-01 4.794499278068542480e-01 2.771884799003601074e-01 1.887781918048858643e-02 -5.346946418285369873e-02 2.102949889376759529e-03 1.557506918907165527e-01 -2.136514633893966675e-01 -3.483669087290763855e-02 2.290654554963111877e-02 -2.194097936153411865e-01 5.682566389441490173e-02 5.624291673302650452e-02 -2.354084104299545288e-01 -4.292819797992706299e-01
3.350193500518798828e-01 3.538505434989929199e-01 5.180130600929260254e-01 1.694384217262268066e-01 -7.952146232128143311e-02 -1.842117458581924438e-01 1.313960552215576172e-02 -2.792955935001373291e-01 -1.138541400432586670e-01 -1.188525557518005371e-01 -2.075355313718318939e-02 2.086085081100463867e-01 3.779451921582221985e-02 -2.260396033525466919e-01 -2.309422940015792847e-01
-2.617856264114379883e-01 2.202939391136169434e-01 6.387008819729089737e-03 8.742211461067199707e-01 -3.061609268188476562e-01 -3.881158828735351562e-01 5.626630187034606934e-01 -4.335708022117614746e-01 2.007770091295242310e-01 1.355236768722534180e-01 -1.502110622823238373e-02 -1.467804312705993652e-01 1.696972697973251343e-01 -1.820418983697891235e-01 -3.199606239795684814e-01
6.100378558039665222e-02 5.233693122863769531e-01 3.673212528228759766e-01 2.283288091421127319e-01 -5.287627875804901123e-02 -3.896249234676361084e-01 1.513647437095642090e-01 -3.636829257011413574e-01 1.824708282947540283e-01 1.486638188362121582e-01 -2.264690697193145752e-01 1.910658031702041626e-01 5.387565493583679199e-02 -4.394433796405792236e-01 -8.639162182807922363e-01
-2.217287570238113403e-01 1.405661255121231079e-01 1.578528285026550293e-01 4.459953606128692627e-01 -1.828520894050598145e-01 -1.535476893186569214e-01 6.787463426589965820e-01 -3.623333871364593506e-01 -2.254693023860454559e-02 3.765667974948883057e-01 -1.643671542406082153e-01 1.445051133632659912e-01 2.068070769309997559e-01 1.297044754028320312e-01 -2.024743854999542236e-01
-4.053568243980407715e-01 1.105725299566984177e-02 -1.772384792566299438e-01 2.216421663761138916e-01 -6.292444467544555664e-02 -1.137270703911781311e-01 2.045026421546936035e-01 -1.824377924203872681e-01 -1.058251559734344482e-01 -3.253576532006263733e-02 -2.414330244064331055e-01 -2.393195033073425293e-01 3.310911059379577637e-01 4.974288120865821838e-02 2.267349660396575928e-01
-3.964660167694091797e-01 5.320117995142936707e-02 -1.091698557138442993e-01 8.564835786819458008e-02 3.529353439807891846e-02 -1.635598987340927124e-01 4.292212724685668945e-01 -2.379574477672576904e-01 1.827696152031421661e-02 1.561545133590698242e-01 -2.848085761070251465e-01 -3.262645602226257324e-01 3.268725574016571045e-01 -1.843506284058094025e-02 7.383839040994644165e-02
2.693308591842651367e-01 5.002211928367614746e-01 3.014079630374908447e-01 7.952039688825607300e-02 -1.643003821372985840e-01 -1.849627941846847534e-01 -1.338338553905487061e-01 -4.622927606105804443e-01 -9.189476072788238525e-02 4.754823818802833557e-02 -2.001184523105621338e-01 1.951808035373687744e-01 -9.501581639051437378e-02 -3.165028989315032959e-01 -5.891186594963073730e-01
-1.499161124229431152e-01 1.396975368261337280e-01 -2.077543139457702637e-01 3.985560685396194458e-02 -1.976147741079330444e-01 -2.278146147727966309e-01 4.167473018169403076e-01 -2.462932467460632324e-01 5.006051436066627502e-02 7.603499293327331543e-02 -3.187223076820373535e-01 -5.257537588477134705e-02 2.503939568996429443e-01 -2.847386002540588379e-01 3.640437871217727661e-02
3.355183005332946777e-01 3.542543351650238037e-01 4.186234772205352783e-01 2.144102603197097778e-01 -6.044461578130722046e-02 -2.098699659109115601e-01 3.398649394512176514e-02 -5.288239717483520508e-01 1.265956647694110870e-02 -6.609389930963516235e-02 -2.596990764141082764e-01 7.585000246763229370e-02 -7.660340517759323120e-03 -1.954917758703231812e-01 -6.361716389656066895e-01
-3.101269602775573730e-01 -2.577972039580345154e-02 5.241037905216217041e-02 3.829641044139862061e-01 -1.927335262298583984e-01 -3.665013611316680908e-01 6.863629817962646484e-01 -3.466472327709197998e-01 2.042520493268966675e-01 2.696094810962677002e-01 -2.170046716928482056e-01 9.145244210958480835e-02 5.263855308294296265e-02 -5.262289196252822876e-02 -2.763238251209259033e-01
-3.607506752014160156e-01 2.325916588306427002e-01 -5.743411183357238770e-02 2.497338205575942993e-01 3.819990158081054688e-02 -2.218560129404067993e-01 3.560869991779327393e-01 -2.731685340404510498e-01 4.277509823441505432e-02 1.348377913236618042e-01 -3.201305568218231201e-01 -3.518576025962829590e-01 3.144654333591461182e-01 -1.123896762728691101e-01 1.392471939325332642e-01
-1.277219951152801514e-01 9.838153421878814697e-02 3.979529440402984619e-02 4.034429490566253662e-01 -2.111691236495971680e-01 -2.245539277791976929e-01 4.179201126098632812e-01 -2.816526293754577637e-01 -3.222493454813957214e-02 9.485470503568649292e-02 -3.533698245882987976e-02 -9.691188484430313110e-02 3.045603036880493164e-01 -1.175299286842346191e-01 -1.958891451358795166e-01
-2.244059890508651733e-01 -4.451701790094375610e-02 -1.598143726587295532e-01 1.195504888892173767e-01 -1.454709768295288086e-01 -3.266717195510864258e-01 4.169770777225494385e-01 -2.216625660657882690e-01 -4.315835889428853989e-03 3.148281946778297424e-02 -1.973704844713211060e-01 -2.391971051692962646e-01 1.628929674625396729e-01 3.826895961537957191e-03 9.414244443178176880e-02
4.238046407699584961e-01 4.697189927101135254e-01 2.549759447574615479e-01 1.012756004929542542e-01 -1.294279396533966064e-01 -9.702420979738235474e-02 -8.398145437240600586e-02 -5.163689255714416504e-01 1.665510423481464386e-02 2.313687279820442200e-02 -1.943905651569366455e-01 4.232053831219673157e-02 -4.245912283658981323e-02 -1.642145663499832153e-01 -5.760822892189025879e-01
-1.886056512594223022e-01 4.283430576324462891e-01 3.284678757190704346e-01 7.376347184181213379e-01 -1.756584942340850830e-01 -2.537212371826171875e-01 5.426781773567199707e-01 -4.264132678508758545e-01 1.453384011983871460e-01 4.345435276627540588e-02 -3.373895213007926941e-02 -4.693134501576423645e-02 -1.512319082394242287e-03 -4.048891961574554443e-01 -2.008349895477294922e-01
4.423814415931701660e-01 4.333464801311492920e-01 3.106151819229125977e-01 1.920074075460433960e-01 7.718999683856964111e-02 -4.849380999803543091e-02 8.495021611452102661e-03 -2.604348361492156982e-01 -4.866397008299827576e-02 8.781953901052474976e-02 -1.333810687065124512e-01 5.628281086683273315e-02 -3.367389738559722900e-02 -1.855946332216262817e-01 -4.659906625747680664e-01
-2.479495108127593994e-01 8.784405142068862915e-02 1.466537825763225555e-02 3.328296542167663574e-01 -2.030740119516849518e-02 -4.922436177730560303e-01 3.403750061988830566e-01 -1.832214593887329102e-01 6.094015017151832581e-02 9.384787827730178833e-02 -1.044347956776618958e-01 -2.207643538713455200e-01 1.773773133754730225e-01 -1.525044739246368408e-01 2.377609349787235260e-02
3.833545446395874023e-01 4.029600918292999268e-01 2.380035072565078735e-01 2.529205381870269775e-01 -1.275283396244049072e-01 4.876887798309326172e-02 5.204517021775245667e-02 -2.913230061531066895e-01 1.195652969181537628e-02 -8.459687232971191406e-02 -1.032098755240440369e-01 1.375882774591445923e-01 8.888749033212661743e-02 -2.607335150241851807e-01 -4.208438396453857422e-01
3.755451440811157227e-01 3.873234689235687256e-01 2.124707400798797607e-01 1.304573118686676025e-01 -1.504644602537155151e-01 1.161358729004859924e-01 7.346414029598236084e-02 -2.777345478534698486e-01 -4.411348327994346619e-02 -9.276276081800460815e-02 -1.480487883090972900e-01 1.877986639738082886e-01 -2.682637656107544899e-03 -1.873033642768859863e-01 -2.835575342178344727e-01
-3.456777036190032959e-01 3.405221179127693176e-02 6.134061515331268311e-02 4.182505607604980469e-01 -4.130093753337860107e-01 -3.139342665672302246e-01 5.526773929595947266e-01 -2.183918207883834839e-01 8.194430172443389893e-02 5.442027449607849121e-01 -6.799382716417312622e-02 1.583066210150718689e-02 1.566919982433319092e-01 -1.765659004449844360e-01 -3.629690706729888916e-01
-4.362259209156036377e-01 4.124422073364257812e-01 2.390409260988235474e-01 7.959539294242858887e-01 1.206480860710144043e-01 -3.005682229995727539e-01 6.393187642097473145e-01 -2.212248742580413818e-01 3.783136010169982910e-01 -3.666208311915397644e-02 -4.740025475621223450e-02 -1.186360940337181091e-01 -3.276120871305465698e-02 -1.910829991102218628e-01 -1.517730951309204102e-01
3.535701930522918701e-01 2.975066304206848145e-01 2.566604316234588623e-01 1.216919645667076111e-01 -5.501081049442291260e-02 1.643111258745193481e-01 -8.595020323991775513e-02 -1.580493748188018799e-01 -4.608048126101493835e-02 -1.082800552248954773e-01 -1.104742363095283508e-01 8.965071290731430054e-02 9.007446467876434326e-03 -9.859145432710647583e-02 -3.844591677188873291e-01
3.165689110755920410e-01 4.940952360630035400e-01 3.276712298393249512e-01 1.811769157648086548e-01 -1.348092705011367798e-01 -8.565483242273330688e-02 -2.311459928750991821e-02 -3.886246681213378906e-01 3.330724546685814857e-03 -8.361320942640304565e-02 -1.432100236415863037e-01 7.727009803056716919e-02 -7.828713208436965942e-02 -3.714991509914398193e-01 -3.928543329238891602e-01
-4.792938381433486938e-02 3.242949247360229492e-01 2.886000573635101318e-01 7.192661166191101074e-01 -1.015115976333618164e-01 -4.622315764427185059e-01 2.653321921825408936e-01 -2.699767053127288818e-01 1.232419461011886597e-01 1.692857220768928528e-02 3.852654621005058289e-02 -1.411969363689422607e-01 -1.075012832880020142e-01 -8.061169087886810303e-02 -2.010170817375183105e-01
3.434020578861236572e-01 3.337725102901458740e-01 3.014099001884460449e-01 2.898018062114715576e-01 -1.990842372179031372e-01 -1.165039390325546265e-01 5.214103311300277710e-02 -3.113658726215362549e-01 -7.717460393905639648e-02 -3.415687009692192078e-02 -1.394321620464324951e-01 1.682973653078079224e-01 -9.301842004060745239e-02 -2.008640021085739136e-01 -3.229628801345825195e-01
-1.798716187477111816e-01 9.298946708440780640e-02 1.216178387403488159e-01 4.078776538372039795e-01 -1.246925592422485352e-01 -2.426801919937133789e-01 4.516905248165130615e-01 -2.346124053001403809e-01 7.605238258838653564e-02 2.539146244525909424e-01 -1.385263204574584961e-01 2.409156411886215210e-01 9.848606586456298828e-02 4.811017215251922607e-02 1.916674338281154633e-02
1.992450840771198273e-02 -3.976535424590110779e-02 2.240720838308334351e-01 6.682110428810119629e-01 -2.374600023031234741e-01 -1.266816407442092896e-01 4.150521457195281982e-01 -3.012129068374633789e-01 6.804598867893218994e-02 1.872160434722900391e-01 -6.734735518693923950e-02 -5.671548098325729370e-02 -4.431737959384918213e-02 -5.970697849988937378e-02 -3.225371539592742920e-01
-6.403543800115585327e-02 3.112665191292762756e-02 -9.909783303737640381e-02 1.886302977800369263e-02 -1.777559220790863037e-01 -3.009959757328033447e-01 1.925709843635559082e-01 -1.962550580501556396e-01 -2.005756050348281860e-01 -2.860556170344352722e-02 -1.822867989540100098e-01 -2.188241928815841675e-01 -5.172088742256164551e-03 -5.176340416073799133e-02 2.435446828603744507e-01
-1.144304946064949036e-01 1.543830614537000656e-02 -1.568577587604522705e-01 1.234644427895545959e-01 -1.641792356967926025e-01 -1.730321645736694336e-01 2.180414199829101562e-01 -2.570867240428924561e-01 6.228259881027042866e-04 5.506889894604682922e-02 -2.862332463264465332e-01 -1.032148823142051697e-01 1.857782006263732910e-01 -8.598355948925018311e-02 8.195322006940841675e-02
-2.176922261714935303e-01 3.778252601623535156e-01 1.978126019239425659e-01 7.403486371040344238e-01 -1.995105743408203125e-01 -4.361892640590667725e-01 5.059633255004882812e-01 -4.021225869655609131e-01 2.210854887962341309e-01 1.034435257315635681e-01 -3.719419613480567932e-02 -7.589460164308547974e-02 2.253485471010208130e-02 -2.586873471736907959e-01 -1.470330059528350830e-01
1.693903207778930664e-01 2.463194429874420166e-01 1.935207992792129517e-01 2.329536080360412598e-01 -2.071012705564498901e-01 -7.593870162963867188e-02 -3.327990323305130005e-02 -3.168309330940246582e-01 -9.030868113040924072e-02 8.563781529664993286e-02 -1.083336248993873596e-01 1.316695213317871094e-01 -7.513441145420074463e-03 -2.112791538238525391e-01 -3.854979276657104492e-01
-6.435657292604446411e-02 3.873671293258666992e-01 1.325202286243438721e-01 3.014980554580688477e-01 -1.138585209846496582e-01 -2.886859178543090820e-01 4.472657740116119385e-01 1.434549456462264061e-03 2.444991655647754669e-02 1.165970936417579651e-01 -1.532920002937316895e-01 -3.140139952301979065e-02 4.029645025730133057e-01 1.245285943150520325e-01 -2.958930432796478271e-01
-2.585721909999847412e-01 3.265394642949104309e-02 -2.346807271242141724e-01 2.306718379259109497e-01 -7.089319825172424316e-02 -3.632138073444366455e-01 2.376263588666915894e-01 -2.639963924884796143e-01 3.782408544793725014e-03 1.736262813210487366e-02 -4.151592850685119629e-01 -2.346708178520202637e-01 2.444116473197937012e-01 -5.193793773651123047e-02 1.352999955415725708e-01
-1.812977045774459839e-01 1.084868609905242920e-01 1.386196911334991455e-01 4.995275139808654785e-01 -2.911863625049591064e-01 -1.796697974205017090e-01 5.639547705650329590e-01 -1.481182128190994263e-01 1.143754571676254272e-01 2.681683301925659180e-01 -2.311706244945526123e-01 2.482663989067077637e-01 2.075597941875457764e-01 -2.954304404556751251e-02 -1.453329622745513916e-01
4.767151083797216415e-03 9.668827056884765625e-02 1.750954091548919678e-01 2.987201213836669922e-01 -6.559266149997711182e-02 -1.119385957717895508e-01 4.222667515277862549e-01 -3.229091465473175049e-01 -2.426127903163433075e-02 3.146005272865295410e-01 -5.649525299668312073e-02 2.400796711444854736e-01 2.106177061796188354e-02 -6.045152898877859116e-03 -8.602795749902725220e-02
-2.385773509740829468e-01 1.448726356029510498e-01 8.008691668510437012e-02 3.723142445087432861e-01 -2.342003136873245239e-01 -2.682912051677703857e-01 4.305905997753143311e-01 -2.150962352752685547e-01 8.835713565349578857e-02 4.737528264522552490e-01 -2.699774801731109619e-01 8.233288675546646118e-02 2.754803299903869629e-01 -5.633952468633651733e-02 -1.961779445409774780e-01
-9.669370204210281372e-02 2.875395715236663818e-01 3.330441713333129883e-01 7.458807826042175293e-01 -4.856441915035247803e-02 -3.441059589385986328e-01 4.044718444347381592e-01 -3.436987996101379395e-01 1.368326693773269653e-01 8.656200021505355835e-02 -7.083303481340408325e-02 -8.485042303800582886e-02 -5.040256679058074951e-02 -1.817896515130996704e-01 -2.335926592350006104e-01
-2.306197397410869598e-02 2.119887173175811768e-01 1.896099001169204712e-01 4.707402884960174561e-01 -1.648236364126205444e-01 -3.288723826408386230e-01 2.533561885356903076e-01 -2.386775910854339600e-01 4.211816564202308655e-02 4.614267498254776001e-03 -8.784813433885574341e-02 1.953751314431428909e-03 2.248690426349639893e-01 2.916809357702732086e-02 -1.998257637023925781e-01
-2.219446599483489990e-01 -2.163786813616752625e-02 1.320977658033370972e-01 4.343149662017822266e-01 -1.963856518268585205e-01 -2.262716442346572876e-01 4.332676827907562256e-01 -2.060781419277191162e-01 7.227222621440887451e-02 1.792876422405242920e-01 -4.697403684258460999e-02 1.883755810558795929e-02 1.437897384166717529e-01 -1.873073342721909285e-04 -2.870643045753240585e-03
2.252021431922912598e-01 1.793888807296752930e-01 1.237281411886215210e-01 2.019764930009841919e-01 -1.712781637907028198e-01 -6.206954270601272583e-02 3.227828741073608398e-01 -1.259348094463348389e-01 -1.169989816844463348e-02 -2.444511279463768005e-02 9.373334795236587524e-02 -2.072337642312049866e-02 1.356583982706069946e-01 5.386800318956375122e-02 -2.240101397037506104e-01
3.848778605461120605e-01 4.960476458072662354e-01 4.473842382431030273e-01 1.140565350651741028e-01 1.458585076034069061e-02 -4.851777106523513794e-02 3.779451549053192139e-02 -1.305106878280639648e-01 -1.391048878431320190e-01 -2.089170813560485840e-01 -2.170799374580383301e-01 8.583815395832061768e-02 -4.372552782297134399e-02 -1.060952246189117432e-01 -1.331384778022766113e-01
-3.691589236259460449e-01 -5.730262771248817444e-02 -7.258789148181676865e-03 4.306578934192657471e-01 -2.168645858764648438e-01 -1.633935719728469849e-01 5.078382492065429688e-01 -2.065968364477157593e-01 4.476435855031013489e-02 4.143612086772918701e-01 -1.641631424427032471e-01 4.865654557943344116e-02 1.562120020389556885e-01 -1.093730181455612183e-01 -9.727074950933456421e-02
-2.653357684612274170e-01 2.527406811714172363e-01 1.628863066434860229e-01 7.090265154838562012e-01 -1.373701244592666626e-01 -2.194898277521133423e-01 4.370798766613006592e-01 -2.106840908527374268e-01 1.169079542160034180e-01 5.793498829007148743e-02 -4.836089536547660828e-02 -9.688641130924224854e-02 1.026039868593215942e-01 -5.465905368328094482e-02 -5.248210579156875610e-02
3.484074175357818604e-01 3.487790226936340332e-01 2.424802780151367188e-01 1.627558916807174683e-01 -1.535004824399948120e-01 -3.875324875116348267e-02 -1.533680036664009094e-02 -3.041941225528717041e-01 -1.729421131312847137e-02 -9.995035827159881592e-02 -3.161887228488922119e-01 1.792458891868591309e-01 1.421906352043151855e-01 -8.162404596805572510e-02 -5.771067142486572266e-01
-3.232526779174804688e-01 2.119859755039215088e-01 -1.915308684110641479e-01 1.114300563931465149e-01 -2.215133309364318848e-01 -3.253217041492462158e-01 3.739574253559112549e-01 -2.328980565071105957e-01 5.713454261422157288e-02 1.840305030345916748e-01 -3.609921336174011230e-01 -1.949133276939392090e-01 2.313705682754516602e-01 -1.518902033567428589e-01 -4.105435218662023544e-03
-4.191961288452148438e-01 8.191472291946411133e-02 -1.896286606788635254e-01 1.947299093008041382e-01 -1.318337023258209229e-01 -2.787028551101684570e-01 4.953840672969818115e-01 -2.825406491756439209e-01 1.193935424089431763e-01 1.355157941579818726e-01 -3.450215160846710205e-01 -2.992195487022399902e-01 2.899072170257568359e-01 -1.335966587066650391e-01 1.446670386940240860e-03
-3.497563004493713379e-01 7.151263952255249023e-02 -1.176879480481147766e-01 2.393340915441513062e-01 -8.791382610797882080e-02 -3.607568740844726562e-01 2.643448710441589355e-01 -1.372507214546203613e-01 -2.557572536170482635e-02 6.259319931268692017e-02 -2.765455842018127441e-01 -2.836111783981323242e-01 1.143222749233245850e-01 -1.513042300939559937e-01 3.250171840190887451e-01
5.141814351081848145e-01 6.489962935447692871e-01 3.153946697711944580e-01 5.315140634775161743e-02 -1.119610518217086792e-01 3.832314908504486084e-02 6.811387836933135986e-03 -4.301061630249023438e-01 4.927604272961616516e-02 3.500137478113174438e-03 -2.165853381156921387e-01 1.496313810348510742e-01 -4.161067679524421692e-02 -3.362466394901275635e-01 -6.847937107086181641e-01
-2.507103681564331055e-01 1.741773188114166260e-01 4.113255441188812256e-02 1.117439046502113342e-01 -2.994995005428791046e-02 -2.846400439739227295e-01 3.680905103683471680e-01 -2.303761094808578491e-01 3.744689002633094788e-02 1.167426332831382751e-01 -3.404685556888580322e-01 -2.186602354049682617e-01 2.341583967208862305e-01 -2.198359817266464233e-01 2.058771252632141113e-01
1.397949457168579102e-01 4.093596041202545166e-01 4.646884202957153320e-01 1.971396803855895996e-01 5.744737386703491211e-02 -3.228340744972229004e-01 7.412308454513549805e-02 -5.412511825561523438e-01 3.171120956540107727e-02 1.582506597042083740e-01 -1.833430528640747070e-01 9.501982480287551880e-02 5.573294311761856079e-02 -1.711889654397964478e-01 -6.579835414886474609e-01
4.607844948768615723e-01 4.766882956027984619e-01 4.963678121566772461e-01 2.513178288936614990e-01 -2.772933430969715118e-02 -3.833424299955368042e-02 3.416284918785095215e-02 -3.890587985515594482e-01 -4.246997460722923279e-02 -5.225327238440513611e-02 -2.232411205768585205e-01 8.614381402730941772e-02 -1.253424733877182007e-01 -2.925803065299987793e-01 -4.867529571056365967e-01
-1.803564727306365967e-01 1.834112219512462616e-03 2.385771088302135468e-02 4.943970143795013428e-01 -1.590872406959533691e-01 -2.530354261398315430e-01 4.699034392833709717e-01 -2.229430973529815674e-01 2.139418013393878937e-02 3.343293666839599609e-01 -2.860954999923706055e-01 -4.633426293730735779e-02 1.758578121662139893e-01 9.464588761329650879e-02 -9.000520408153533936e-02
3.578380942344665527e-01 5.286158323287963867e-01 3.115104436874389648e-01 1.690133213996887207e-01 -8.735159039497375488e-02 -1.342066973447799683e-01 1.140271648764610291e-01 -3.267816603183746338e-01 6.125063076615333557e-02 -8.087735623121261597e-03 -1.711902916431427002e-01 1.786221116781234741e-01 8.190651237964630127e-02 -3.104024231433868408e-01 -6.376587748527526855e-01
-2.890997529029846191e-01 1.737034171819686890e-01 2.308732718229293823e-01 6.781805157661437988e-01 -2.182867825031280518e-01 -3.906231224536895752e-01 2.962470352649688721e-01 -2.404451519250869751e-01 1.334559768438339233e-01 1.414913684129714966e-01 -4.303948953747749329e-02 -1.661015599966049194e-01 -1.892535760998725891e-02 -1.367422789335250854e-01 1.004072185605764389e-02
2.455339133739471436e-01 5.433897376060485840e-01 3.987252712249755859e-01 2.998512089252471924e-01 -1.094255447387695312e-01 -2.163657993078231812e-01 3.319131955504417419e-02 -5.002076029777526855e-01 2.992582507431507111e-02 -3.066980466246604919e-02 -2.022050470113754272e-01 2.531499266624450684e-01 -2.217159420251846313e-01 -3.073137998580932617e-01 -5.822873711585998535e-01
-3.197411298751831055e-01 4.456509947776794434e-01 2.328213751316070557e-01 1.002807140350341797e+00 -1.091350093483924866e-01 -3.494227528572082520e-01 5.721788406372070312e-01 -2.703737318515777588e-01 3.877509832382202148e-01 9.290309995412826538e-02 -2.231076657772064209e-01 -2.325561344623565674e-01 8.937641978263854980e-03 -2.233255207538604736e-01 -1.572472155094146729e-01
-5.576954036951065063e-02 5.119281411170959473e-01 2.762329578399658203e-01 8.345577120780944824e-01 -1.413711160421371460e-01 -3.336539566516876221e-01 5.735208392143249512e-01 -2.702849805355072021e-01 2.962602078914642334e-01 -6.031100079417228699e-02 -2.933734357357025146e-01 -1.329955756664276123e-01 -4.703255742788314819e-02 -2.149212360382080078e-01 -3.126488924026489258e-01
-1.880021542310714722e-01 2.405060380697250366e-01 2.912895083427429199e-01 7.108172774314880371e-01 -1.170876696705818176e-01 -3.869292438030242920e-01 3.644504249095916748e-01 -1.768867820501327515e-01 1.880383342504501343e-01 2.322652488946914673e-01 -3.268294408917427063e-02 -7.215738296508789062e-02 -9.458596259355545044e-02 -4.955875873565673828e-02 -2.305997759103775024e-01
-3.167490065097808838e-01 2.581070959568023682e-01 2.223507463932037354e-01 8.857468366622924805e-01 -1.822613328695297241e-01 -3.111447393894195557e-01 3.174277245998382568e-01 -2.037374675273895264e-01 2.455732077360153198e-01 -7.177210599184036255e-02 -2.479390986263751984e-02 -1.578036993741989136e-01 -2.712636440992355347e-02 -2.050985246896743774e-01 -7.701716572046279907e-02
-1.350578516721725464e-01 2.521215379238128662e-01 2.482473105192184448e-01 7.353348135948181152e-01 -1.749628335237503052e-01 -2.285610586404800415e-01 3.634042739868164062e-01 -2.883717417716979980e-01 1.405754238367080688e-01 -7.200649706646800041e-04 -5.308439210057258606e-02 -1.137636378407478333e-01 -5.977979302406311035e-02 -1.267763525247573853e-01 -1.321950703859329224e-01
3.111079633235931396e-01 3.616479039192199707e-01 4.407934546470642090e-01 4.926296323537826538e-02 -1.899974234402179718e-02 -3.796666860580444336e-02 -3.201588988304138184e-02 -3.434446156024932861e-01 -1.106304228305816650e-01 -9.177952259778976440e-02 -1.377263069152832031e-01 2.626601159572601318e-01 -2.636099606752395630e-02 -2.365360110998153687e-01 -3.728044331073760986e-01
-1.326182484626770020e-01 3.021013140678405762e-01 -8.981437981128692627e-02 2.377889752388000488e-01 2.005406655371189117e-02 -3.410328328609466553e-01 2.988306879997253418e-01 -3.807119727134704590e-01 -1.116841807961463928e-01 1.508371159434318542e-02 -2.283865213394165039e-01 -2.012791335582733154e-01 2.180577665567398071e-01 -2.198616601526737213e-02 -3.027763031423091888e-02
-1.252977252006530762e-01 2.051101922988891602e-01 -1.392249464988708496e-01 1.413986086845397949e-01 -2.061485350131988525e-01 -1.676588505506515503e-01 3.835822641849517822e-01 -9.954434633255004883e-02 -7.694703992456197739e-03 5.302191525697708130e-02 -2.797123491764068604e-01 -2.005217224359512329e-01 1.711753308773040771e-01 -1.645417064428329468e-01 1.682099401950836182e-01
