1.871300816535949707e+00 -5.861579179763793945e-01 -2.923271656036376953e+00 -1.936196446418762207e+00 -2.918806076049804688e+00 2.411629915237426758e+00 -2.833629369735717773e+00 1.454009175300598145e+00 3.974961996078491211e+00 3.803971290588378906e+00 2.825987339019775391e+00 1.233636260032653809e+00 1.649514913558959961e+00 -2.037547826766967773e-01 1.649867415428161621e+00
4.779987931251525879e-01 -1.135464161634445190e-01 -2.358134031295776367e+00 6.790342926979064941e-02 -3.794291615486145020e-02 2.450325250625610352e+00 -1.273627281188964844e+00 1.596669077873229980e+00 1.459266662597656250e+00 4.003081321716308594e+00 1.079697251319885254e+00 3.686367273330688477e-01 1.784945487976074219e+00 1.329804539680480957e+00 -7.265743017196655273e-01
1.636528372764587402e+00 -7.497249841690063477e-01 -3.553845882415771484e+00 -2.215794563293457031e+00 -2.493836164474487305e+00 2.913694143295288086e+00 -2.171777248382568359e+00 1.831118226051330566e+00 3.028871774673461914e+00 3.565554141998291016e+00 2.304737567901611328e+00 -3.682905435562133789e-01 9.498922824859619141e-01 -6.044113263487815857e-02 -2.245816141366958618e-01
1.629334330558776855e+00 -6.187545061111450195e-01 -4.321503639221191406e+00 -2.067772865295410156e+00 -3.220842838287353516e+00 3.773364305496215820e+00 -2.219241857528686523e+00 2.196742773056030273e+00 4.800158500671386719e+00 4.894406795501708984e+00 2.539665937423706055e+00 1.752272486686706543e+00 2.084216356277465820e+00 3.191779851913452148e-01 -3.286780044436454773e-02
1.063668847084045410e+00 -1.399912983179092407e-01 -2.933771133422851562e+00 -6.081124544143676758e-01 -5.214672088623046875e-01 3.623234510421752930e+00 -2.379823446273803711e+00 7.142804861068725586e-01 2.025415182113647461e+00 4.561808586120605469e+00 2.996773004531860352e+00 1.981600522994995117e-01 3.157497406005859375e+00 1.971839666366577148e+00 -1.048465490341186523e+00
1.684499859809875488e+00 -4.931651651859283447e-01 -2.286336421966552734e+00 -1.442313790321350098e+00 -2.934074163436889648e+00 2.006159067153930664e+00 -2.592974424362182617e+00 1.639394402503967285e+00 3.319101572036743164e+00 3.321135759353637695e+00 2.353237867355346680e+00 6.493219137191772461e-01 1.202676296234130859e+00 -4.637316465377807617e-01 1.971801161766052246e+00
2.144664764404296875e+00 -6.134163141250610352e-01 -2.555902719497680664e+00 -2.355105876922607422e+00 -3.695797681808471680e+00 1.777731776237487793e+00 -2.184320449829101562e+00 1.025372385978698730e+00 3.642100095748901367e+00 4.851849079132080078e+00 2.416446208953857422e+00 1.460882782936096191e+00 3.614425659179687500e+00 2.025252342224121094e+00 3.255857229232788086e-01
6.995316147804260254e-01 -2.698737680912017822e-01 -3.226102828979492188e+00 -1.017887711524963379e+00 -2.698979139328002930e+00 3.223506212234497070e+00 -2.012235164642333984e+00 8.380485773086547852e-01 4.542890071868896484e+00 4.032177448272705078e+00 2.058301210403442383e+00 1.238262057304382324e+00 5.047762393951416016e-01 -4.681991338729858398e-01 1.001485943794250488e+00
1.190617203712463379e+00 6.175396442413330078e-01 -2.255818843841552734e+00 -1.124701142311096191e+00 -1.165457010269165039e+00 2.156864404678344727e+00 -1.790757656097412109e+00 1.424597382545471191e+00 1.983542203903198242e+00 3.645165681838989258e+00 1.794283270835876465e+00 -5.095177888870239258e-01 2.941729784011840820e+00 1.863152503967285156e+00 -2.730919048190116882e-02
1.009638905525207520e+00 -7.104507684707641602e-01 -2.853781223297119141e+00 -1.103817582130432129e+00 -3.556176185607910156e+00 3.104460000991821289e+00 -2.316175699234008789e+00 2.017753839492797852e+00 3.893886327743530273e+00 4.903809070587158203e+00 2.820511341094970703e+00 2.457889556884765625e+00 3.210452556610107422e+00 1.425359606742858887e+00 9.884392023086547852e-01
2.431867122650146484e+00 -5.893636941909790039e-01 -3.052392005920410156e+00 -2.433252334594726562e+00 -3.700654506683349609e+00 2.339560747146606445e+00 -2.345906972885131836e+00 1.353346109390258789e+00 3.820405244827270508e+00 4.870369434356689453e+00 2.530683279037475586e+00 1.628491282463073730e+00 3.563628911972045898e+00 2.043638944625854492e+00 5.514265298843383789e-01
5.118198990821838379e-01 2.621954381465911865e-01 -3.054669618606567383e+00 -1.244207978248596191e+00 -3.166670799255371094e+00 3.783843278884887695e+00 -2.076207399368286133e+00 5.628629922866821289e-01 4.160662651062011719e+00 3.729038476943969727e+00 2.055157899856567383e+00 1.149790167808532715e+00 -8.575074672698974609e-01 -9.209340810775756836e-01 1.071557164192199707e+00
2.560276508331298828e+00 -3.525186330080032349e-04 -2.587666511535644531e+00 -2.287223100662231445e+00 -2.091221570968627930e+00 2.102045536041259766e+00 -2.684207916259765625e+00 1.236883997917175293e+00 1.795707464218139648e+00 4.557495594024658203e+00 2.481451034545898438e+00 -4.556728601455688477e-01 3.654836416244506836e+00 2.719357013702392578e+00 1.955828517675399780e-01
1.006262660026550293e+00 3.987208306789398193e-01 -4.016426563262939453e+00 -1.680985450744628906e+00 -6.526182889938354492e-01 2.824498414993286133e+00 -1.630548357963562012e+00 1.970215201377868652e+00 2.459341764450073242e+00 4.147004604339599609e+00 1.499310374259948730e+00 -1.273300051689147949e+00 -1.626994460821151733e-03 1.034359097480773926e+00 -7.776519060134887695e-01
-5.302481055259704590e-01 6.126269102096557617e-01 -2.965758562088012695e+00 -3.461957871913909912e-01 -3.453301191329956055e+00 4.239883899688720703e+00 -3.063504934310913086e+00 -7.129655778408050537e-02 3.309300184249877930e+00 4.801956176757812500e+00 1.524949908256530762e+00 2.676658391952514648e+00 3.771915137767791748e-01 -2.562845945358276367e-01 1.717041373252868652e+00
1.348755002021789551e+00 9.262357652187347412e-02 -2.836130142211914062e+00 -1.232109189033508301e+00 -2.583918333053588867e+00 2.614780664443969727e+00 -2.956339120864868164e+00 6.429640054702758789e-01 3.632004499435424805e+00 3.733185052871704102e+00 2.629809617996215820e+00 1.434373974800109863e+00 1.159399628639221191e+00 -8.059362173080444336e-01 1.609870553016662598e+00
2.353021144866943359e+00 3.737173974514007568e-02 -2.901420593261718750e+00 -1.596206784248352051e+00 -2.397885084152221680e+00 2.363971233367919922e+00 -3.116515398025512695e+00 1.367193341255187988e+00 2.671176671981811523e+00 3.541062355041503906e+00 2.953967571258544922e+00 -3.044461011886596680e-01 3.222089052200317383e+00 7.328940629959106445e-01 1.957651227712631226e-01
2.842192649841308594e+00 -1.132112890481948853e-01 -2.336921215057373047e+00 -1.828574299812316895e+00 -1.792910218238830566e+00 1.852915406227111816e+00 -2.940048456192016602e+00 5.855213403701782227e-01 2.560196638107299805e+00 2.905048608779907227e+00 2.144094705581665039e+00 -1.196397900581359863e+00 2.238648653030395508e+00 2.636578083038330078e-01 3.129739761352539062e-01
3.071716308593750000e+00 -8.596793413162231445e-01 -3.733271837234497070e+00 -3.248462438583374023e+00 -3.845498800277709961e+00 2.569739341735839844e+00 -3.202379226684570312e+00 2.100982427597045898e+00 3.300164937973022461e+00 5.190148830413818359e+00 2.776068925857543945e+00 8.938285112380981445e-01 4.779849529266357422e+00 1.754407286643981934e+00 9.073816984891891479e-02
2.650546312332153320e+00 -8.786644041538238525e-02 -2.839517116546630859e+00 -1.927658677101135254e+00 -2.672799587249755859e+00 2.038577556610107422e+00 -3.072138309478759766e+00 1.625109434127807617e+00 3.372014760971069336e+00 3.732986927032470703e+00 2.684229612350463867e+00 3.431776762008666992e-01 2.934605121612548828e+00 3.209614753723144531e-01 6.263567209243774414e-01
2.807933568954467773e+00 -6.038297712802886963e-02 -3.117608070373535156e+00 -1.649872422218322754e+00 -2.370125770568847656e+00 2.263130426406860352e+00 -3.408991575241088867e+00 1.355235338211059570e+00 3.228693723678588867e+00 3.517224550247192383e+00 2.996984958648681641e+00 -3.224388360977172852e-01 3.490931987762451172e+00 1.033854484558105469e+00 2.088814824819564819e-01
2.501419544219970703e+00 1.284702867269515991e-01 -2.724013805389404297e+00 -1.719893097877502441e+00 -1.361605286598205566e+00 2.077145338058471680e+00 -3.106114625930786133e+00 1.127347826957702637e+00 2.217021703720092773e+00 2.816059350967407227e+00 2.561909914016723633e+00 -9.534989595413208008e-01 2.210402250289916992e+00 5.758327841758728027e-01 2.843264341354370117e-01
1.354952454566955566e+00 -4.171804487705230713e-01 -3.394520759582519531e+00 -2.217931509017944336e+00 -1.269865751266479492e+00 1.852733492851257324e+00 -1.360687255859375000e+00 9.105134010314941406e-01 2.797570943832397461e+00 2.764574766159057617e+00 1.794311285018920898e+00 -1.740709900856018066e+00 2.513960301876068115e-01 6.113411188125610352e-01 -3.534225821495056152e-01
5.062976479530334473e-01 -1.383849531412124634e-01 -3.112415790557861328e+00 -1.489073872566223145e+00 -2.646022319793701172e+00 3.690914392471313477e+00 -2.433826684951782227e+00 9.130357503890991211e-01 4.650626182556152344e+00 3.901308298110961914e+00 2.415073394775390625e+00 1.454559206962585449e+00 -3.938534557819366455e-01 -8.169945478439331055e-01 7.269319295883178711e-01
2.140663862228393555e+00 -4.148704111576080322e-01 -2.511531352996826172e+00 -1.693455100059509277e+00 -2.779615163803100586e+00 2.068287611007690430e+00 -2.804168462753295898e+00 1.716345906257629395e+00 3.355985403060913086e+00 3.766705751419067383e+00 2.667589187622070312e+00 8.887881040573120117e-01 1.885625123977661133e+00 2.231718301773071289e-01 1.151184916496276855e+00
1.466856837272644043e+00 -3.593085110187530518e-01 -3.764419555664062500e+00 -2.462649583816528320e+00 -1.758632183074951172e+00 2.695659637451171875e+00 -1.914387822151184082e+00 1.784199476242065430e+00 2.659059286117553711e+00 3.223196983337402344e+00 2.373602390289306641e+00 -1.137720465660095215e+00 4.252197444438934326e-01 1.849477291107177734e-01 -7.143259793519973755e-02
6.452625393867492676e-01 2.410067170858383179e-01 -1.976991295814514160e+00 -1.190178751945495605e+00 -2.724373102188110352e+00 1.678536295890808105e+00 -2.256700277328491211e+00 1.030994772911071777e+00 2.982737302780151367e+00 3.427159070968627930e+00 1.877146124839782715e+00 1.072366833686828613e+00 1.853591918945312500e+00 5.298877954483032227e-01 1.385755419731140137e+00
-3.791512846946716309e-01 9.005912542343139648e-01 -3.237481117248535156e+00 -7.846838235855102539e-01 -3.162894487380981445e+00 4.157385349273681641e+00 -2.256127119064331055e+00 3.442384004592895508e-01 4.077284812927246094e+00 4.412052631378173828e+00 1.367492556571960449e+00 1.270550847053527832e+00 -1.076565027236938477e+00 -1.477182269096374512e+00 7.771295309066772461e-01
5.770660042762756348e-01 3.713878095149993896e-01 -3.330311298370361328e+00 -1.150693774223327637e+00 -4.753151237964630127e-01 1.622609376907348633e+00 -1.172889947891235352e+00 1.487859368324279785e+00 2.366876840591430664e+00 3.227290868759155273e+00 1.061275839805603027e+00 -7.778226137161254883e-01 -2.936234772205352783e-01 4.637093544006347656e-01 -3.694193363189697266e-01
9.260893464088439941e-01 -6.951180696487426758e-01 -3.226115226745605469e+00 -1.505854725837707520e+00 -2.230545759201049805e+00 2.416949033737182617e+00 -1.677388668060302734e+00 1.145262479782104492e+00 3.657003164291381836e+00 3.166994094848632812e+00 2.444261550903320312e+00 8.648151159286499023e-01 3.601566255092620850e-01 -1.654827222228050232e-02 2.019454091787338257e-01
8.116379380226135254e-01 -4.189368784427642822e-01 -3.270748615264892578e+00 -1.402887940406799316e+00 -3.319456577301025391e+00 2.935172319412231445e+00 -1.945977926254272461e+00 1.413793206214904785e+00 4.765259742736816406e+00 4.428601741790771484e+00 2.441851615905761719e+00 1.192833542823791504e+00 1.076795578002929688e+00 3.545964136719703674e-02 9.041777849197387695e-01
4.330201745033264160e-01 -1.004310995340347290e-01 -3.995202064514160156e+00 -7.935248613357543945e-01 -2.832916021347045898e+00 4.444063663482666016e+00 -2.943293333053588867e+00 1.132204651832580566e+00 5.405099868774414062e+00 5.297399520874023438e+00 2.141130208969116211e+00 1.610694289207458496e+00 4.222144782543182373e-01 -2.168115377426147461e-01 1.089330077171325684e+00
2.588973283767700195e+00 -2.002447992563247681e-01 -2.513132572174072266e+00 -1.428103089332580566e+00 -2.571755170822143555e+00 2.138387203216552734e+00 -3.030585289001464844e+00 1.419366359710693359e+00 3.147062063217163086e+00 3.693359375000000000e+00 2.648370981216430664e+00 3.483670949935913086e-01 3.088685274124145508e+00 4.601198434829711914e-01 2.700065374374389648e-01
2.928250312805175781e+00 -7.035199403762817383e-01 -4.119590759277343750e+00 -2.496734380722045898e+00 -3.590870618820190430e+00 2.850361108779907227e+00 -3.217595100402832031e+00 2.023581504821777344e+00 2.922765493392944336e+00 4.487358093261718750e+00 2.959765911102294922e+00 1.212353825569152832e+00 5.125904083251953125e+00 2.151316165924072266e+00 -2.338467985391616821e-01
1.445978403091430664e+00 -6.436492204666137695e-01 -3.388813972473144531e+00 -1.721899867057800293e+00 -2.367156267166137695e+00 2.375175476074218750e+00 -1.752411484718322754e+00 1.066646218299865723e+00 3.677191495895385742e+00 3.475364923477172852e+00 2.329792976379394531e+00 1.795302629470825195e-01 6.824817657470703125e-01 2.592622041702270508e-01 -2.435160800814628601e-02
2.393674850463867188e+00 -3.115500509738922119e-01 -3.757081985473632812e+00 -2.752840995788574219e+00 -2.991575956344604492e+00 3.571190834045410156e+00 -3.427777528762817383e+00 2.071378469467163086e+00 2.133540868759155273e+00 5.246787071228027344e+00 3.274289369583129883e+00 5.377987623214721680e-01 4.339393138885498047e+00 3.122459411621093750e+00 -2.091456800699234009e-01
9.855461716651916504e-01 -7.043422758579254150e-02 -3.540578842163085938e+00 -9.568210840225219727e-01 -3.030425786972045898e+00 3.253611803054809570e+00 -2.081947088241577148e+00 1.443530917167663574e+00 4.825522422790527344e+00 5.104034900665283203e+00 2.391973257064819336e+00 1.961805462837219238e+00 9.495973587036132812e-01 4.853165522217750549e-02 7.559553384780883789e-01
4.371765255928039551e-01 9.453628957271575928e-02 -3.602705955505371094e+00 -1.010714769363403320e+00 -1.030181884765625000e+00 1.585453152656555176e+00 -1.179800510406494141e+00 2.552350997924804688e+00 1.279253482818603516e+00 2.717952966690063477e+00 3.560656607151031494e-01 -9.993139505386352539e-01 -5.899193286895751953e-01 4.429384469985961914e-01 -5.102611184120178223e-01
8.698073029518127441e-01 2.838991582393646240e-01 -3.202855825424194336e+00 -2.630497455596923828e+00 -4.259713649749755859e+00 3.895459413528442383e+00 -3.301307439804077148e+00 6.026707887649536133e-01 3.757282972335815430e+00 5.645689964294433594e+00 2.033287048339843750e+00 2.190072774887084961e+00 1.513269424438476562e+00 -6.542861461639404297e-02 1.121116042137145996e+00
1.981333136558532715e+00 -1.262554287910461426e+00 -5.077640533447265625e+00 -2.710978507995605469e+00 -3.668706178665161133e+00 4.985576629638671875e+00 -3.536892414093017578e+00 2.584608554840087891e+00 4.894201278686523438e+00 5.504060268402099609e+00 3.346674442291259766e+00 1.906663775444030762e+00 2.285660505294799805e+00 3.814276456832885742e-01 -7.993499040603637695e-01
6.028833985328674316e-01 1.218724131584167480e+00 -3.061150550842285156e+00 -9.178959131240844727e-01 -3.805267572402954102e+00 4.223989963531494141e+00 -3.161366224288940430e+00 8.392428159713745117e-01 4.304938316345214844e+00 5.287733078002929688e+00 2.028535366058349609e+00 2.367760181427001953e+00 2.450017929077148438e+00 2.267285585403442383e-01 1.332094311714172363e+00
1.988997578620910645e+00 -2.988697588443756104e-01 -2.470066070556640625e+00 -1.288345694541931152e+00 -2.707425117492675781e+00 1.858745455741882324e+00 -3.067476511001586914e+00 1.985659718513488770e+00 3.569517374038696289e+00 4.339851856231689453e+00 2.733443260192871094e+00 1.222144961357116699e+00 2.411076068878173828e+00 3.788985013961791992e-01 1.497405171394348145e+00
1.430114865303039551e+00 2.397142164409160614e-02 -2.950731039047241211e+00 -1.368389725685119629e+00 -3.479024648666381836e+00 3.427582979202270508e+00 -3.672815561294555664e+00 1.491842150688171387e+00 4.136310577392578125e+00 5.288125514984130859e+00 3.019454002380371094e+00 1.873229146003723145e+00 2.109584808349609375e+00 -1.277688741683959961e-01 2.063024997711181641e+00
1.363661885261535645e+00 -1.033331640064716339e-02 -3.836961507797241211e+00 -2.516014814376831055e+00 -1.253526568412780762e+00 2.677239179611206055e+00 -1.792889356613159180e+00 1.723001837730407715e+00 2.709402799606323242e+00 3.277521848678588867e+00 2.090348005294799805e+00 -1.164927124977111816e+00 8.421501517295837402e-02 3.579363822937011719e-01 -8.038142919540405273e-01
2.155907154083251953e+00 -8.580650389194488525e-02 -3.125898361206054688e+00 -1.431209683418273926e+00 -2.817960023880004883e+00 2.991822481155395508e+00 -3.453232765197753906e+00 1.376826405525207520e+00 4.309204101562500000e+00 4.404256343841552734e+00 2.940428495407104492e+00 1.640303730964660645e+00 1.769344091415405273e+00 -1.486786603927612305e-01 1.385635495185852051e+00
5.939555764198303223e-01 1.497667878866195679e-01 -4.023153305053710938e+00 -5.935732126235961914e-01 -7.570421695709228516e-01 1.958345532417297363e+00 -1.111396074295043945e+00 2.406039476394653320e+00 2.069754600524902344e+00 3.369444131851196289e+00 2.595323622226715088e-01 -7.337166070938110352e-01 -5.412138700485229492e-01 7.364702224731445312e-01 -7.561581134796142578e-01
2.017886638641357422e+00 -9.896005690097808838e-02 -2.927536249160766602e+00 -2.273967266082763672e+00 -2.887884378433227539e+00 2.448487997055053711e+00 -2.701313257217407227e+00 2.057701826095581055e+00 2.822046995162963867e+00 3.625207185745239258e+00 2.420759201049804688e+00 7.329293489456176758e-01 3.813135623931884766e+00 1.123183250427246094e+00 3.038147687911987305e-01
-3.520302176475524902e-01 7.069586515426635742e-01 -3.631760597229003906e+00 -4.614959657192230225e-01 -3.700117826461791992e+00 3.102802515029907227e+00 -2.790885210037231445e+00 3.028866052627563477e-01 2.609772443771362305e+00 4.362451076507568359e+00 6.003164052963256836e-01 1.394052863121032715e+00 -1.708510160446166992e+00 -1.892811655998229980e+00 1.739553809165954590e+00
8.193338513374328613e-01 -5.249735116958618164e-01 -2.761225938796997070e+00 -1.481176495552062988e+00 -3.562897920608520508e+00 2.624259710311889648e+00 -2.264375925064086914e+00 1.899414420127868652e+00 3.637343168258666992e+00 4.384712696075439453e+00 2.895612239837646484e+00 2.343245983123779297e+00 2.813728332519531250e+00 1.411363244056701660e+00 1.222470164299011230e+00
1.646543622016906738e+00 1.497849076986312866e-01 -3.127832889556884766e+00 -1.608934998512268066e+00 -2.719571113586425781e+00 3.236026048660278320e+00 -3.182893753051757812e+00 8.967965841293334961e-01 3.739690542221069336e+00 3.814030885696411133e+00 2.478969335556030273e+00 8.425520658493041992e-01 1.035163402557373047e+00 -1.413484930992126465e+00 1.603834986686706543e+00
5.251861214637756348e-01 5.251363515853881836e-01 -3.546456813812255859e+00 -1.605874180793762207e+00 -3.317275762557983398e+00 4.122202873229980469e+00 -2.418374776840209961e+00 3.265229463577270508e-01 5.737582206726074219e+00 5.109523296356201172e+00 2.152346611022949219e+00 1.612672209739685059e+00 -1.570251286029815674e-01 -4.613221883773803711e-01 7.997039556503295898e-01
3.407880544662475586e+00 -7.383986711502075195e-01 -4.562221527099609375e+00 -3.118868589401245117e+00 -4.042527198791503906e+00 2.777643680572509766e+00 -3.245857954025268555e+00 1.991727948188781738e+00 3.713735342025756836e+00 4.925638675689697266e+00 3.205451488494873047e+00 1.787204384803771973e+00 4.734986305236816406e+00 1.757768511772155762e+00 1.686965301632881165e-02
9.223204255104064941e-01 -2.673307955265045166e-01 -3.611201286315917969e+00 -1.514859795570373535e+00 -2.562079191207885742e+00 2.982501745223999023e+00 -2.448252677917480469e+00 1.567265868186950684e+00 4.690584182739257812e+00 4.636093616485595703e+00 3.013043642044067383e+00 1.459161400794982910e+00 6.677222251892089844e-01 -3.917572088539600372e-03 6.943053007125854492e-01
1.244142174720764160e+00 4.902113378047943115e-01 -4.030657291412353516e+00 -1.260529160499572754e+00 -2.774060010910034180e+00 3.991713762283325195e+00 -3.787542104721069336e+00 8.694807291030883789e-01 3.874048948287963867e+00 4.481991767883300781e+00 2.357423305511474609e+00 1.622444272041320801e+00 1.184214353561401367e+00 -1.198534846305847168e+00 1.355304837226867676e+00
1.338935971260070801e+00 -9.216448068618774414e-01 -3.608333349227905273e+00 -1.846058249473571777e+00 -2.787891149520874023e+00 3.025321722030639648e+00 -2.085440874099731445e+00 1.296683907508850098e+00 4.571358680725097656e+00 4.301811695098876953e+00 2.505573272705078125e+00 1.382829070091247559e+00 8.472220897674560547e-01 -2.989181280136108398e-01 1.074502110481262207e+00
1.864920496940612793e+00 -7.725521326065063477e-01 -3.785951137542724609e+00 -2.220302581787109375e+00 -2.706876754760742188e+00 1.973614335060119629e+00 -1.899392485618591309e+00 1.123046040534973145e+00 4.835408687591552734e+00 3.920455455780029297e+00 2.485251903533935547e+00 5.823158025741577148e-01 5.588665008544921875e-01 2.554100751876831055e-01 1.770013421773910522e-01
-5.979313254356384277e-01 1.081696867942810059e+00 -2.467342615127563477e+00 -2.937589585781097412e-01 -2.403915643692016602e+00 2.816400766372680664e+00 -1.862957715988159180e+00 -3.392857313156127930e-01 1.440489530563354492e+00 3.118906736373901367e+00 5.208841562271118164e-01 1.157104611396789551e+00 -8.986502885818481445e-01 -7.544754743576049805e-01 1.392315745353698730e+00
1.946163773536682129e+00 -8.906327486038208008e-01 -4.584478378295898438e+00 -2.808296680450439453e+00 -4.539849281311035156e+00 4.554278850555419922e+00 -4.072474002838134766e+00 2.081501483917236328e+00 5.542828559875488281e+00 7.926002025604248047e+00 3.486414432525634766e+00 3.922423124313354492e+00 4.218238353729248047e+00 1.553189873695373535e+00 1.144495368003845215e+00
1.695223450660705566e+00 -1.135713219642639160e+00 -3.664181709289550781e+00 -2.036441564559936523e+00 -2.981928586959838867e+00 2.444866418838500977e+00 -1.572186708450317383e+00 9.346277713775634766e-01 4.892199993133544922e+00 3.628341674804687500e+00 2.557395458221435547e+00 8.558644056320190430e-01 6.618621349334716797e-01 1.413091421127319336e-01 6.212002038955688477e-01
1.827801585197448730e+00 -6.896039247512817383e-01 -3.472434282302856445e+00 -2.066698074340820312e+00 -2.833873271942138672e+00 2.514369010925292969e+00 -1.842708587646484375e+00 1.476854205131530762e+00 3.839215993881225586e+00 4.001863956451416016e+00 2.585464239120483398e+00 4.197512865066528320e-01 1.012396812438964844e+00 2.892602682113647461e-01 -2.009958177804946899e-01
2.910840749740600586e+00 -3.390757143497467041e-01 -3.111909389495849609e+00 -2.527976512908935547e+00 -3.701754331588745117e+00 1.656583428382873535e+00 -2.356204748153686523e+00 9.648138284683227539e-01 3.153108835220336914e+00 4.509609699249267578e+00 2.561981678009033203e+00 5.020669698715209961e-01 4.424099445343017578e+00 1.969197392463684082e+00 -1.873403936624526978e-01
3.554025292396545410e-01 3.987787663936614990e-01 -3.243030548095703125e+00 -1.133648037910461426e+00 -2.708739757537841797e+00 3.780392885208129883e+00 -2.270114660263061523e+00 9.461177885532379150e-02 4.645677566528320312e+00 4.642784595489501953e+00 1.773856997489929199e+00 1.152217030525207520e+00 -5.545241832733154297e-01 -9.088567495346069336e-01 6.492394208908081055e-01
7.984047532081604004e-01 5.891517400741577148e-01 -2.520726203918457031e+00 -9.338155984878540039e-01 -2.810893058776855469e+00 2.532585382461547852e+00 -1.879902601242065430e+00 8.158086538314819336e-01 3.522378683090209961e+00 3.950058221817016602e+00 2.008528709411621094e+00 1.478559613227844238e+00 1.609376192092895508e+00 1.182657480239868164e-01 1.322247385978698730e+00
1.620898365974426270e+00 -3.497487604618072510e-01 -2.475981712341308594e+00 -2.066697835922241211e+00 -2.597049474716186523e+00 2.073128461837768555e+00 -2.163075208663940430e+00 1.459495186805725098e+00 2.683097600936889648e+00 3.334166288375854492e+00 2.064426183700561523e+00 5.222526788711547852e-01 2.586456775665283203e+00 5.876095294952392578e-01 6.466858386993408203e-01
1.738481879234313965e+00 -2.488628774881362915e-01 -2.730592966079711914e+00 -1.413378596305847168e+00 -2.975347280502319336e+00 1.907620787620544434e+00 -2.436044931411743164e+00 1.605064511299133301e+00 3.787663698196411133e+00 3.752010107040405273e+00 2.810829162597656250e+00 8.742660284042358398e-01 1.773903608322143555e+00 2.947617769241333008e-01 1.675877928733825684e+00
2.112882137298583984e+00 -5.999051332473754883e-01 -3.172888755798339844e+00 -2.024866580963134766e+00 -2.950568199157714844e+00 1.739020228385925293e+00 -3.335379838943481445e+00 1.807361960411071777e+00 3.980826139450073242e+00 3.674604177474975586e+00 3.150892496109008789e+00 1.031763434410095215e+00 1.929580211639404297e+00 2.925249338150024414e-01 1.517444491386413574e+00
2.509241819381713867e+00 -1.740948110818862915e-01 -2.773122072219848633e+00 -2.796606063842773438e+00 -2.375198602676391602e+00 2.058832883834838867e+00 -2.789575338363647461e+00 1.192948937416076660e+00 1.904039144515991211e+00 4.530162334442138672e+00 2.558238506317138672e+00 -6.086198091506958008e-01 3.612210273742675781e+00 2.820682048797607422e+00 3.613557815551757812e-01
-2.761263251304626465e-01 4.460719525814056396e-01 -3.464529991149902344e+00 -4.574266374111175537e-01 -2.547688722610473633e+00 3.803376436233520508e+00 -1.731441259384155273e+00 -4.661263227462768555e-01 3.644729375839233398e+00 3.480734109878540039e+00 4.697298109531402588e-01 6.642783880233764648e-01 -2.098890304565429688e+00 -1.449116587638854980e+00 6.353906393051147461e-01
1.801911145448684692e-01 -1.814547926187515259e-01 -3.273805856704711914e+00 -1.205538868904113770e+00 -3.560854196548461914e+00 4.043274879455566406e+00 -3.382358312606811523e+00 1.461345791816711426e+00 4.217455863952636719e+00 5.484953403472900391e+00 2.838808059692382812e+00 3.231399297714233398e+00 2.974625587463378906e+00 5.265284776687622070e-01 2.057621240615844727e+00
8.824368119239807129e-01 3.109091222286224365e-01 -3.208914756774902344e+00 -1.090468049049377441e+00 -3.305939674377441406e+00 3.114515542984008789e+00 -3.067574739456176758e+00 6.952182054519653320e-01 3.501772642135620117e+00 4.613719463348388672e+00 1.846903681755065918e+00 1.250356078147888184e+00 5.362551212310791016e-01 -1.040021777153015137e+00 1.794449210166931152e+00
5.008454918861389160e-01 1.868613809347152710e-01 -2.707054615020751953e+00 -1.359327912330627441e+00 -3.054587841033935547e+00 2.275372743606567383e+00 -2.662686109542846680e+00 1.811918854713439941e+00 3.322880506515502930e+00 3.839911699295043945e+00 2.468240976333618164e+00 1.976028800010681152e+00 2.149762630462646484e+00 5.889974832534790039e-01 1.891288638114929199e+00
2.839522957801818848e-01 1.093099474906921387e+00 -2.678926229476928711e+00 -7.844291925430297852e-01 -2.998644590377807617e+00 2.889948129653930664e+00 -2.148644685745239258e+00 -2.197841256856918335e-01 3.144575834274291992e+00 3.521388769149780273e+00 1.274391531944274902e+00 1.392598748207092285e+00 8.028168678283691406e-01 -7.735240459442138672e-02 1.561209559440612793e+00
-2.262181490659713745e-01 6.502884626388549805e-01 -2.766220331192016602e+00 -5.782777070999145508e-01 -2.620286703109741211e+00 3.092925310134887695e+00 -1.719461202621459961e+00 -6.192539930343627930e-01 2.408352613449096680e+00 3.126014471054077148e+00 7.430955171585083008e-01 9.481788873672485352e-01 -7.684493064880371094e-01 -8.509482145309448242e-01 1.383657336235046387e+00
2.312451362609863281e+00 -4.589501917362213135e-01 -4.146212577819824219e+00 -2.460234165191650391e+00 -4.646023273468017578e+00 2.633447885513305664e+00 -2.872819662094116211e+00 2.001351594924926758e+00 4.604112625122070312e+00 5.425199985504150391e+00 3.020950794219970703e+00 2.188583135604858398e+00 4.782747745513916016e+00 2.366223096847534180e+00 3.192404508590698242e-01
6.733031868934631348e-01 -3.626405298709869385e-01 -3.348119735717773438e+00 -9.104853868484497070e-01 -3.493858098983764648e+00 3.550899267196655273e+00 -2.801368951797485352e+00 1.698375105857849121e+00 4.333056449890136719e+00 5.143816471099853516e+00 3.224947452545166016e+00 2.940215826034545898e+00 2.654403209686279297e+00 8.823171854019165039e-01 1.285543084144592285e+00
7.960515618324279785e-01 2.054446786642074585e-01 -2.979993104934692383e+00 -1.271705746650695801e+00 -3.220778465270996094e+00 2.980043649673461914e+00 -2.790365457534790039e+00 1.454944729804992676e+00 4.142318725585937500e+00 4.422244548797607422e+00 2.077010154724121094e+00 1.834061026573181152e+00 2.608166933059692383e+00 1.035588860511779785e+00 1.237283349037170410e+00
1.528767943382263184e+00 -3.738857805728912354e-01 -2.667547702789306641e+00 -1.240991473197937012e+00 -1.974395155906677246e+00 2.185316085815429688e+00 -2.319473505020141602e+00 1.136618375778198242e+00 2.146205663681030273e+00 2.940291643142700195e+00 3.008114814758300781e+00 2.190130949020385742e-01 2.854316473007202148e+00 9.326475262641906738e-01 8.862637728452682495e-02
1.096077084541320801e+00 -7.802833616733551025e-02 -3.273452758789062500e+00 -9.086185693740844727e-01 -3.299263238906860352e+00 2.868447065353393555e+00 -2.155490159988403320e+00 1.110694289207458496e+00 5.503172397613525391e+00 5.149056434631347656e+00 2.330403566360473633e+00 1.740877509117126465e+00 1.292206048965454102e+00 5.140746012330055237e-02 1.185290694236755371e+00
9.184694886207580566e-01 -3.296960890293121338e-02 -2.420668840408325195e+00 -1.213241457939147949e+00 -3.044584751129150391e+00 1.636772036552429199e+00 -2.074598789215087891e+00 1.701031804084777832e+00 3.522220849990844727e+00 3.806454181671142578e+00 2.136426925659179688e+00 1.565110087394714355e+00 2.355783224105834961e+00 1.031624436378479004e+00 1.410877108573913574e+00
2.505901336669921875e+00 -5.778366327285766602e-01 -3.185106277465820312e+00 -2.243798732757568359e+00 -3.615803480148315430e+00 1.413431525230407715e+00 -2.301320075988769531e+00 1.300983548164367676e+00 2.863812685012817383e+00 3.916707754135131836e+00 2.694292545318603516e+00 9.139386415481567383e-01 3.819962739944458008e+00 1.907982707023620605e+00 2.646209001541137695e-01
1.845952391624450684e+00 -7.254565954208374023e-01 -3.772664308547973633e+00 -2.760316610336303711e+00 -2.508846998214721680e+00 2.527105808258056641e+00 -1.850096702575683594e+00 1.491567373275756836e+00 3.472987413406372070e+00 3.206235647201538086e+00 2.008714675903320312e+00 -4.760977029800415039e-01 6.097211837768554688e-01 -2.544796094298362732e-02 -3.102577850222587585e-02
1.170282483100891113e+00 3.823767602443695068e-02 -2.462417364120483398e+00 -5.171633958816528320e-01 2.047383487224578857e-01 2.573357820510864258e+00 -1.990635633468627930e+00 1.357176065444946289e+00 1.109963178634643555e+00 4.395857334136962891e+00 9.094222784042358398e-01 -8.820232152938842773e-01 1.616098642349243164e+00 5.396586656570434570e-01 -1.510843187570571899e-01
6.187606453895568848e-01 9.486375749111175537e-02 -3.388214588165283203e+00 -1.299935460090637207e+00 -3.220391988754272461e+00 3.472980737686157227e+00 -3.215386152267456055e+00 5.373717546463012695e-01 3.445793867111206055e+00 4.199530124664306641e+00 1.650174498558044434e+00 1.335110306739807129e+00 -3.740765154361724854e-01 -1.646268725395202637e+00 1.642063021659851074e+00
-2.049009874463081360e-02 5.028065443038940430e-01 -3.230487823486328125e+00 -1.007756829261779785e+00 -3.270526885986328125e+00 2.738800287246704102e+00 -2.443962335586547852e+00 3.179231882095336914e-01 2.689141035079956055e+00 3.352407693862915039e+00 7.351349592208862305e-01 1.016540646553039551e+00 -1.749401807785034180e+00 -2.234834432601928711e+00 1.745956301689147949e+00
5.154338479042053223e-01 -4.861513674259185791e-01 -3.292599439620971680e+00 -1.421064019203186035e+00 -2.818267583847045898e+00 3.442801237106323242e+00 -2.151455163955688477e+00 1.544258236885070801e+00 4.872029304504394531e+00 4.157160282135009766e+00 2.705007314682006836e+00 1.621750473976135254e+00 1.186221539974212646e-01 -2.807763814926147461e-01 8.483761548995971680e-01
2.910740375518798828e+00 -6.018582582473754883e-01 -3.561408042907714844e+00 -1.414793610572814941e+00 -3.053609848022460938e+00 2.011491537094116211e+00 -3.378230333328247070e+00 2.121042013168334961e+00 3.398814916610717773e+00 4.167899608612060547e+00 3.282966613769531250e+00 6.882134675979614258e-01 3.693565845489501953e+00 8.867629766464233398e-01 2.905677556991577148e-01
7.914729714393615723e-01 -4.528833925724029541e-01 -3.968092441558837891e+00 -1.078849434852600098e+00 -3.148472070693969727e+00 3.731135606765747070e+00 -2.453992605209350586e+00 1.496101737022399902e+00 5.267900466918945312e+00 5.005263328552246094e+00 2.652630567550659180e+00 2.276556015014648438e+00 1.240510940551757812e+00 -4.361283406615257263e-02 9.973710775375366211e-01
1.206326365470886230e+00 -2.547236979007720947e-01 -3.697137832641601562e+00 -1.307858824729919434e+00 -2.823879957199096680e+00 3.099068403244018555e+00 -2.385568380355834961e+00 1.838689684867858887e+00 5.075873374938964844e+00 4.987436771392822266e+00 2.283698558807373047e+00 1.668883204460144043e+00 1.741637945175170898e+00 2.316582575440406799e-02 3.368624448776245117e-01
-2.986072897911071777e-01 9.416302442550659180e-01 -3.109098911285400391e+00 -2.052198350429534912e-01 -3.070701599121093750e+00 2.679718255996704102e+00 -1.591267824172973633e+00 -3.988898992538452148e-01 2.117808103561401367e+00 2.358060598373413086e+00 -2.149625718593597412e-01 4.283345937728881836e-01 -1.852471351623535156e+00 -1.673959612846374512e+00 1.654971480369567871e+00
1.803096175193786621e+00 -8.170210123062133789e-01 -3.350229501724243164e+00 -2.315615415573120117e+00 -2.730439901351928711e+00 2.370536327362060547e+00 -1.512187719345092773e+00 1.322086572647094727e+00 3.627354383468627930e+00 3.608001470565795898e+00 2.134454727172851562e+00 -5.427777767181396484e-02 7.159221172332763672e-01 -1.089670658111572266e-01 2.263105958700180054e-01
-8.280519843101501465e-01 5.448797941207885742e-01 -3.531230926513671875e+00 -2.122312486171722412e-01 -4.348583698272705078e+00 2.756477594375610352e+00 -2.261965721845626831e-01 -4.481438398361206055e-01 2.209431409835815430e+00 3.165210962295532227e+00 7.063006162643432617e-01 8.390871286392211914e-01 -2.302246570587158203e+00 -1.342214465141296387e+00 7.648781538009643555e-01
1.123415112495422363e+00 -7.771474123001098633e-01 -4.514361858367919922e+00 -1.858647465705871582e+00 -3.284897565841674805e+00 4.290345668792724609e+00 -3.370584726333618164e+00 1.751842617988586426e+00 5.665961265563964844e+00 4.959334850311279297e+00 2.696318626403808594e+00 2.416974306106567383e+00 1.792337417602539062e+00 -9.535586833953857422e-02 5.505939722061157227e-01
2.747334718704223633e+00 -3.045827448368072510e-01 -3.394256114959716797e+00 -2.423406839370727539e+00 -3.359617948532104492e+00 2.718053579330444336e+00 -3.190793991088867188e+00 1.705766797065734863e+00 2.722117185592651367e+00 4.806662082672119141e+00 2.781305789947509766e+00 6.652425527572631836e-01 4.995600223541259766e+00 2.384133815765380859e+00 1.782461255788803101e-01
3.277544498443603516e+00 -2.573587000370025635e-01 -3.813582420349121094e+00 -2.703442811965942383e+00 -3.830498695373535156e+00 2.833263158798217773e+00 -2.919958591461181641e+00 1.617696881294250488e+00 3.459411382675170898e+00 4.881668567657470703e+00 2.645401239395141602e+00 5.664151906967163086e-01 5.324044227600097656e+00 2.317663908004760742e+00 -9.149325639009475708e-02
1.718493103981018066e+00 -1.112996488809585571e-01 -3.259626388549804688e+00 -2.428425312042236328e+00 -3.310703992843627930e+00 3.094043970108032227e+00 -2.664594173431396484e+00 -2.056609466671943665e-02 4.239424705505371094e+00 4.491353034973144531e+00 2.144425868988037109e+00 1.099900841712951660e+00 2.104680538177490234e+00 6.355959177017211914e-01 4.990438222885131836e-01
2.005747079849243164e+00 -1.270023733377456665e-01 -3.279842376708984375e+00 -2.183447837829589844e+00 -3.250787734985351562e+00 2.031615972518920898e+00 -2.249242067337036133e+00 9.004846811294555664e-01 3.840125322341918945e+00 4.112223148345947266e+00 2.818820476531982422e+00 1.091218590736389160e+00 3.105154991149902344e+00 2.004963159561157227e+00 3.939954042434692383e-01
1.143393158912658691e+00 1.101695150136947632e-01 -2.609847545623779297e+00 -1.228844761848449707e+00 -3.114805519580841064e-01 2.359333038330078125e+00 -1.528984785079956055e+00 1.338729023933410645e+00 1.617478609085083008e+00 4.908984661102294922e+00 1.407416939735412598e+00 7.905912399291992188e-02 2.141796588897705078e+00 2.152596235275268555e+00 -9.323859959840774536e-02
1.890976309776306152e+00 -6.800547838211059570e-01 -3.453573703765869141e+00 -2.845100641250610352e+00 -2.281738042831420898e+00 2.566508054733276367e+00 -1.773880481719970703e+00 1.513951182365417480e+00 3.143329381942749023e+00 3.445312023162841797e+00 2.416260242462158203e+00 -6.238920688629150391e-01 -1.215776801109313965e-01 1.114212274551391602e-01 1.473826617002487183e-01
1.773931264877319336e+00 4.217317998409271240e-01 -3.911849737167358398e+00 -1.397985100746154785e+00 -3.876231908798217773e+00 4.273071289062500000e+00 -4.690941333770751953e+00 1.521926999092102051e+00 5.640660285949707031e+00 6.347038745880126953e+00 3.552013874053955078e+00 2.539279699325561523e+00 2.376037836074829102e+00 -4.297360181808471680e-01 2.047958374023437500e+00
2.157965660095214844e+00 -2.011824995279312134e-01 -2.433788061141967773e+00 -1.491722702980041504e+00 -2.638226747512817383e+00 1.965343236923217773e+00 -2.680745124816894531e+00 1.522521615028381348e+00 3.542431592941284180e+00 3.496916770935058594e+00 2.562435626983642578e+00 6.948593854904174805e-01 1.767967224121093750e+00 2.731076478958129883e-01 1.041262269020080566e+00
