1.364613652229309082e+00 -6.106271743774414062e+00 -9.113359451293945312e+00 -5.906109333038330078e+00 -1.125401973724365234e+00 -5.149353504180908203e+00 8.110886573791503906e+00 -1.286491107940673828e+01 -3.413166284561157227e+00 -5.428275585174560547e+00 1.327641248703002930e+00 8.208714127540588379e-01 4.857172012329101562e+00 1.830986261367797852e+00 -6.824665546417236328e+00
2.595336675643920898e+00 -5.938759803771972656e+00 -3.622709274291992188e+00 -7.225778102874755859e-01 3.497049570083618164e+00 -2.792010307312011719e+00 -3.368624150753021240e-01 -1.869881820678710938e+01 -8.183411359786987305e-01 -1.196129703521728516e+01 -4.329017162322998047e+00 1.438711643218994141e+00 2.342801332473754883e+00 -5.000385284423828125e+00 -1.272018551826477051e+00
3.708545446395874023e+00 -2.392595291137695312e+00 -5.124741077423095703e+00 -6.224613785743713379e-01 5.485267043113708496e-01 8.797452449798583984e-01 5.656763076782226562e+00 -1.547860336303710938e+01 -1.764413714408874512e+00 -1.410266399383544922e+01 4.162705898284912109e+00 -2.723018884658813477e+00 3.050501585006713867e+00 -3.451957941055297852e+00 -5.321561336517333984e+00
5.767152786254882812e+00 -5.985087394714355469e+00 -1.393633365631103516e+00 -1.924623966217041016e+00 -9.592110663652420044e-02 -5.213550567626953125e+00 4.338903903961181641e+00 -1.956525421142578125e+01 2.529253721237182617e+00 -1.091245174407958984e+01 2.073538541793823242e+00 1.201428294181823730e+00 5.259572029113769531e+00 -7.206651687622070312e+00 -3.067118644714355469e+00
3.541590929031372070e+00 -7.022197723388671875e+00 -3.963963985443115234e+00 -1.130480289459228516e+00 4.944827079772949219e+00 -2.593570470809936523e+00 6.367089599370956421e-02 -1.875796890258789062e+01 -7.224301695823669434e-01 -1.204092121124267578e+01 -2.402635812759399414e+00 1.017871379852294922e+00 -3.812202438712120056e-02 -7.610835552215576172e+00 1.012965679168701172e+00
2.421502590179443359e+00 -5.166163444519042969e+00 -3.440258502960205078e+00 -3.120118379592895508e-01 1.938653826713562012e+00 -2.545686721801757812e+00 -2.008651196956634521e-01 -1.753624153137207031e+01 -6.945462226867675781e-01 -1.214563465118408203e+01 -3.268604993820190430e+00 1.053306937217712402e+00 3.690917789936065674e-01 -6.418007373809814453e+00 -4.841153025627136230e-01
4.150049209594726562e+00 -2.254473686218261719e+00 -5.366753101348876953e+00 -9.332457780838012695e-01 4.346517920494079590e-01 4.069633781909942627e-01 5.575583934783935547e+00 -1.451855278015136719e+01 -1.643077015876770020e+00 -1.364275264739990234e+01 3.455179691314697266e+00 -2.634895324707031250e+00 2.548481941223144531e+00 -3.242677450180053711e+00 -6.611553668975830078e+00
3.827634572982788086e+00 -2.537562370300292969e+00 -4.705452442169189453e+00 -4.838655591011047363e-01 5.743529200553894043e-01 -8.094552904367446899e-02 6.261950016021728516e+00 -1.505156993865966797e+01 -1.511370062828063965e+00 -1.382203006744384766e+01 3.711386203765869141e+00 -2.743346929550170898e+00 3.766143560409545898e+00 -3.393879890441894531e+00 -5.301363468170166016e+00
5.795491695404052734e+00 -5.154980182647705078e+00 -9.332797527313232422e-01 -1.462620496749877930e+00 -4.067127108573913574e-01 -4.489341735839843750e+00 2.773021221160888672e+00 -1.690815925598144531e+01 3.232951879501342773e+00 -8.983537673950195312e+00 2.222118854522705078e+00 7.351512908935546875e-01 4.329162120819091797e+00 -7.979029178619384766e+00 -3.272702693939208984e+00
1.849411964416503906e+00 -4.391167163848876953e+00 -3.025557518005371094e+00 -2.331904172897338867e-01 2.355646848678588867e+00 -2.259174823760986328e+00 2.741220593452453613e-01 -1.674386787414550781e+01 -1.403147339820861816e+00 -1.004899978637695312e+01 -3.127478599548339844e+00 2.075623273849487305e+00 1.026221156120300293e+00 -7.171579837799072266e+00 -6.122003793716430664e-01
1.552488565444946289e+00 -4.110095977783203125e+00 -5.047668457031250000e+00 -2.681203603744506836e+00 -9.857968091964721680e-01 -5.176226615905761719e+00 7.615598678588867188e+00 -1.331031131744384766e+01 -2.957638740539550781e+00 -6.647234439849853516e+00 1.821402907371520996e+00 1.056064724922180176e+00 5.728167533874511719e+00 1.565585732460021973e+00 -7.463454723358154297e+00
1.236441731452941895e+00 -4.504412174224853516e+00 -5.816669464111328125e+00 -3.244490385055541992e+00 -9.992925524711608887e-01 -4.876768589019775391e+00 8.112017631530761719e+00 -1.383120250701904297e+01 -3.724315404891967773e+00 -6.103724479675292969e+00 2.105867385864257812e+00 -1.509406715631484985e-01 4.774716377258300781e+00 3.423586606979370117e+00 -7.011923313140869141e+00
4.216510295867919922e+00 -2.317232131958007812e+00 -5.486370563507080078e+00 -6.890665292739868164e-01 1.326072931289672852e+00 -4.733605086803436279e-01 5.301970005035400391e+00 -1.546400070190429688e+01 -1.554285883903503418e+00 -1.434918880462646484e+01 5.744265556335449219e+00 -2.051318168640136719e+00 2.377984762191772461e+00 -2.994758844375610352e+00 -5.016583442687988281e+00
2.592075824737548828e+00 -5.894144058227539062e+00 -2.979998588562011719e+00 -7.899422645568847656e-01 3.671742200851440430e+00 -3.070579051971435547e+00 1.311155855655670166e-01 -1.877937889099121094e+01 -7.902449369430541992e-01 -1.293355369567871094e+01 -2.872724056243896484e+00 2.407126903533935547e+00 1.145061731338500977e+00 -7.564617156982421875e+00 -1.297910690307617188e+00
9.414652824401855469e+00 -7.718376159667968750e+00 2.931430339813232422e-01 -2.761296987533569336e+00 7.285737246274948120e-02 -4.688628196716308594e+00 2.346898317337036133e+00 -1.545988273620605469e+01 3.358501911163330078e+00 -7.827687263488769531e+00 1.389344692230224609e+00 2.145800352096557617e+00 4.890030384063720703e+00 -8.474399566650390625e+00 -3.966257095336914062e+00
2.135016918182373047e+00 -4.512797355651855469e+00 -3.114962100982666016e+00 -6.912211179733276367e-01 2.360235214233398438e+00 -3.102366447448730469e+00 -1.253426969051361084e-01 -1.872713851928710938e+01 -6.737445592880249023e-01 -1.290413856506347656e+01 -4.015753269195556641e+00 1.352279543876647949e+00 1.214434742927551270e+00 -6.400145530700683594e+00 -3.348852396011352539e-01
6.150630474090576172e+00 -2.117392063140869141e+00 -7.635720252990722656e+00 -1.169075965881347656e+00 2.257953643798828125e+00 -3.877617418766021729e-03 4.861887931823730469e+00 -1.479569530487060547e+01 -1.486182332038879395e+00 -1.426799297332763672e+01 4.918198108673095703e+00 -3.715143680572509766e+00 2.218121767044067383e+00 -1.412993311882019043e+00 -5.385749340057373047e+00
2.312165737152099609e+00 -5.685178756713867188e+00 -2.838568687438964844e+00 -8.936507701873779297e-01 3.652077436447143555e+00 -2.871114253997802734e+00 6.818946599960327148e-01 -2.018567657470703125e+01 -8.540531396865844727e-01 -1.359159374237060547e+01 -2.791981220245361328e+00 1.625028491020202637e+00 6.487932205200195312e-01 -7.775698184967041016e+00 -2.633810639381408691e-01
2.429921865463256836e+00 -4.932943344116210938e+00 -2.617405891418457031e+00 -8.195861577987670898e-01 2.175097942352294922e+00 -2.780509471893310547e+00 4.544033855199813843e-02 -1.716429328918457031e+01 -1.300624847412109375e+00 -1.150649833679199219e+01 -4.298565387725830078e+00 2.318622589111328125e+00 1.953892588615417480e+00 -7.208811283111572266e+00 -7.329760789871215820e-01
2.254678249359130859e+00 -4.960459232330322266e+00 -2.893597364425659180e+00 -6.894010305404663086e-01 4.199337482452392578e+00 -2.056086540222167969e+00 4.324444830417633057e-01 -1.875688934326171875e+01 -8.170810937881469727e-01 -1.288238430023193359e+01 -3.683804750442504883e+00 1.237540364265441895e+00 4.510498344898223877e-01 -7.683989048004150391e+00 -6.559557914733886719e-01
2.205649375915527344e+00 -5.913129329681396484e+00 -6.999085903167724609e+00 -4.542424678802490234e+00 -8.444691300392150879e-01 -4.734327316284179688e+00 7.841816425323486328e+00 -1.171596240997314453e+01 -3.442554712295532227e+00 -5.544621944427490234e+00 3.152965068817138672e+00 6.267795562744140625e-01 5.875543594360351562e+00 2.998562097549438477e+00 -5.573791027069091797e+00
1.810153841972351074e+00 -5.327661991119384766e+00 -7.974461555480957031e+00 -5.650233268737792969e+00 -1.025589227676391602e+00 -6.010929584503173828e+00 7.475661754608154297e+00 -1.204172515869140625e+01 -3.714478969573974609e+00 -5.123187065124511719e+00 2.177110195159912109e+00 1.469816088676452637e+00 4.988641738891601562e+00 2.221668958663940430e+00 -6.547980308532714844e+00
4.685985565185546875e+00 -5.116011142730712891e+00 -3.131125926971435547e+00 8.566007614135742188e-01 -3.440912961959838867e+00 -8.548442840576171875e+00 1.476135373115539551e+00 -1.291753673553466797e+01 -3.047248601913452148e+00 -9.819014549255371094e+00 4.450594425201416016e+00 4.344383239746093750e+00 -1.294536113739013672e+00 -3.905794858932495117e+00 -1.751531124114990234e+00
4.453276634216308594e+00 -2.539898872375488281e+00 -5.820867061614990234e+00 -8.443363308906555176e-01 6.909272670745849609e-01 1.077887058258056641e+00 4.765635013580322266e+00 -1.351656627655029297e+01 -8.940221071243286133e-01 -1.305068397521972656e+01 5.226885318756103516e+00 -1.934141159057617188e+00 2.982805013656616211e+00 -2.753903150558471680e+00 -5.286720275878906250e+00
2.527724742889404297e+00 -5.494923591613769531e+00 -3.193399667739868164e+00 -8.952646255493164062e-01 4.074691295623779297e+00 -3.641104221343994141e+00 2.926470339298248291e-01 -1.927273368835449219e+01 -9.903326630592346191e-01 -1.381538581848144531e+01 -3.444628238677978516e+00 2.189232110977172852e+00 1.760970592498779297e+00 -7.238525390625000000e+00 -6.136953830718994141e-01
3.103855133056640625e+00 -6.742973327636718750e+00 -3.529726743698120117e+00 -2.047606468200683594e+00 6.322111606597900391e+00 -2.486951589584350586e+00 5.822205916047096252e-03 -1.806101036071777344e+01 -7.176651954650878906e-01 -1.230998134613037109e+01 -3.116259098052978516e+00 1.881845116615295410e+00 -5.814747214317321777e-01 -6.959402084350585938e+00 2.584174156188964844e+00
5.988764286041259766e+00 -6.884144306182861328e+00 -3.917337179183959961e+00 2.529846906661987305e+00 -4.675660610198974609e+00 -9.430804252624511719e+00 2.601134061813354492e+00 -1.158388996124267578e+01 -3.344165325164794922e+00 -9.453643798828125000e+00 4.865941047668457031e+00 4.112208843231201172e+00 -1.134331941604614258e+00 -4.462288379669189453e+00 -3.280853986740112305e+00
4.379490375518798828e+00 -2.066716194152832031e+00 -5.804432868957519531e+00 -9.604351520538330078e-01 1.192368268966674805e+00 3.124685585498809814e-01 5.911241054534912109e+00 -1.586649799346923828e+01 -2.000532150268554688e+00 -1.365269374847412109e+01 4.565659046173095703e+00 -3.551366090774536133e+00 2.800845384597778320e+00 -1.744901537895202637e+00 -5.331019878387451172e+00
4.342060089111328125e+00 -4.860115051269531250e+00 -2.984940528869628906e+00 1.104841709136962891e+00 -2.970536231994628906e+00 -8.818906784057617188e+00 2.848891973495483398e+00 -1.538535213470458984e+01 -2.542737483978271484e+00 -1.087182426452636719e+01 4.184150218963623047e+00 2.924680709838867188e+00 -2.526955366134643555e+00 -2.322521209716796875e+00 -3.412433862686157227e+00
3.050938129425048828e+00 -3.352108478546142578e+00 -4.212895870208740234e+00 -2.189043164253234863e-01 1.700851023197174072e-01 6.439361572265625000e-01 5.411861896514892578e+00 -1.282839107513427734e+01 -1.651600480079650879e+00 -1.297492408752441406e+01 4.789908885955810547e+00 -2.124872922897338867e+00 3.627201080322265625e+00 -3.038717508316040039e+00 -5.139405727386474609e+00
1.899085044860839844e+00 -5.543568134307861328e+00 -6.590698719024658203e+00 -3.852482318878173828e+00 -1.317909717559814453e+00 -5.307319641113281250e+00 7.537755489349365234e+00 -1.084719562530517578e+01 -3.716001987457275391e+00 -4.489666938781738281e+00 2.571137905120849609e+00 1.052550315856933594e+00 4.750203132629394531e+00 2.879810333251953125e+00 -6.756893634796142578e+00
4.359168052673339844e+00 -2.902992486953735352e+00 -6.239121913909912109e+00 -6.877238154411315918e-01 8.799183368682861328e-01 -3.605165183544158936e-01 6.399790763854980469e+00 -1.656956291198730469e+01 -1.612573027610778809e+00 -1.465252590179443359e+01 4.629762649536132812e+00 -2.862033605575561523e+00 2.014111995697021484e+00 -2.845015525817871094e+00 -4.791433334350585938e+00
7.656916141510009766e+00 -6.529361248016357422e+00 -1.187788993120193481e-01 -2.609991550445556641e+00 2.904402315616607666e-01 -4.034819126129150391e+00 3.078365325927734375e+00 -1.522697257995605469e+01 3.299339532852172852e+00 -8.112440109252929688e+00 1.330307602882385254e+00 1.912872910499572754e+00 4.442780494689941406e+00 -7.674563884735107422e+00 -3.617137670516967773e+00
6.635559558868408203e+00 -5.150273799896240234e+00 -7.991157472133636475e-02 -2.237160444259643555e+00 -5.380197167396545410e-01 -3.957235097885131836e+00 2.664286851882934570e+00 -1.636153602600097656e+01 3.877699136734008789e+00 -9.707006454467773438e+00 7.981197834014892578e-01 1.161680340766906738e+00 5.289014816284179688e+00 -6.451479434967041016e+00 -3.161563158035278320e+00
2.916393756866455078e+00 -5.780682086944580078e+00 -3.643162727355957031e+00 -1.325151801109313965e+00 4.714907646179199219e+00 -3.314534664154052734e+00 3.037115633487701416e-01 -1.818200683593750000e+01 -1.038017153739929199e+00 -1.229156398773193359e+01 -3.214113712310791016e+00 2.603181123733520508e+00 1.494013667106628418e+00 -7.106824874877929688e+00 -4.790666103363037109e-01
2.216922998428344727e+00 -5.029849529266357422e+00 -3.051677227020263672e+00 -4.251577854156494141e-01 1.836984992027282715e+00 -2.865808486938476562e+00 -2.364002168178558350e-01 -1.825958442687988281e+01 -3.331732749938964844e-01 -1.257303810119628906e+01 -3.706199169158935547e+00 1.566637635231018066e+00 1.657685756683349609e+00 -6.477462291717529297e+00 1.912923306226730347e-01
1.287978649139404297e+00 -5.195896625518798828e+00 -7.231061935424804688e+00 -4.607267379760742188e+00 -8.257328271865844727e-01 -5.333257675170898438e+00 7.293880939483642578e+00 -1.180630588531494141e+01 -3.112760782241821289e+00 -3.804318666458129883e+00 2.161031007766723633e+00 6.704088449478149414e-01 5.759012699127197266e+00 2.913089990615844727e+00 -5.925329208374023438e+00
5.369080066680908203e+00 -2.555851459503173828e+00 -6.527560710906982422e+00 -1.032330989837646484e+00 1.108916878700256348e+00 5.381188392639160156e-01 6.565220832824707031e+00 -1.431156444549560547e+01 -1.601631999015808105e+00 -1.353508186340332031e+01 4.133705139160156250e+00 -2.606789350509643555e+00 2.627154350280761719e+00 -2.722587108612060547e+00 -5.716827869415283203e+00
8.242245674133300781e+00 -1.595615983009338379e+00 -9.612782478332519531e+00 -2.077973127365112305e+00 4.044042587280273438e+00 3.074348270893096924e-01 5.089854240417480469e+00 -1.431286621093750000e+01 -2.039639711380004883e+00 -1.315406417846679688e+01 5.074966430664062500e+00 -2.770996332168579102e+00 1.748745322227478027e+00 -2.172795057296752930e+00 -5.707728385925292969e+00
1.606441020965576172e+00 -6.069212913513183594e+00 -8.579351425170898438e+00 -5.611591339111328125e+00 -8.156744837760925293e-01 -5.368883132934570312e+00 7.778183460235595703e+00 -1.376504611968994141e+01 -3.791093349456787109e+00 -5.992055416107177734e+00 3.524231433868408203e+00 1.077309608459472656e+00 6.297286510467529297e+00 3.495840787887573242e+00 -4.867340087890625000e+00
4.068006992340087891e+00 -5.548302650451660156e+00 -3.813705444335937500e+00 1.394623398780822754e+00 -2.467057466506958008e+00 -8.626794815063476562e+00 2.128781795501708984e+00 -1.182337856292724609e+01 -2.973076581954956055e+00 -8.843809127807617188e+00 3.668431282043457031e+00 3.554599046707153320e+00 -1.692758679389953613e+00 -3.781316518783569336e+00 -3.199150085449218750e+00
2.729973793029785156e+00 -6.253369808197021484e+00 -3.608947992324829102e+00 -6.104232072830200195e-01 3.007520437240600586e+00 -2.204241752624511719e+00 4.087845385074615479e-01 -1.825428962707519531e+01 -1.011595964431762695e+00 -1.275297164916992188e+01 -3.576669692993164062e+00 1.146723151206970215e+00 6.489049196243286133e-01 -6.530076026916503906e+00 -9.550615549087524414e-01
5.753576278686523438e+00 -5.321206092834472656e+00 -1.092797517776489258e+00 -1.679529070854187012e+00 -2.900173664093017578e-01 -3.628618478775024414e+00 3.447450876235961914e+00 -1.537869930267333984e+01 2.983135938644409180e+00 -7.716282367706298828e+00 1.946749210357666016e+00 1.733310818672180176e+00 4.009239673614501953e+00 -7.415787220001220703e+00 -2.429910182952880859e+00
4.623787403106689453e+00 -4.978445053100585938e+00 -1.776473164558410645e+00 -1.271190404891967773e+00 -2.649793624877929688e-01 -4.102402687072753906e+00 1.900120854377746582e+00 -1.512566089630126953e+01 3.316948175430297852e+00 -8.634082794189453125e+00 1.366600632667541504e+00 1.707823514938354492e+00 4.823873519897460938e+00 -7.606268405914306641e+00 -2.951165914535522461e+00
5.344914436340332031e+00 -2.036035537719726562e+00 -6.676233291625976562e+00 -1.159343481063842773e+00 1.275126338005065918e+00 2.151351273059844971e-01 5.528116703033447266e+00 -1.493495082855224609e+01 -1.698457360267639160e+00 -1.448408699035644531e+01 4.841172218322753906e+00 -3.577798604965209961e+00 2.744348764419555664e+00 -2.415399789810180664e+00 -4.805074691772460938e+00
3.011015892028808594e+00 -6.759773254394531250e+00 -3.715564727783203125e+00 -1.792484998703002930e+00 5.673896312713623047e+00 -2.970238208770751953e+00 -6.920895725488662720e-02 -1.860818672180175781e+01 -9.521561861038208008e-01 -1.282466983795166016e+01 -4.126924514770507812e+00 1.881057143211364746e+00 1.725461840629577637e+00 -6.153257846832275391e+00 -5.791798233985900879e-01
2.427535295486450195e+00 -5.459077835083007812e+00 -3.240066766738891602e+00 -4.558743238449096680e-01 2.655661821365356445e+00 -3.250068187713623047e+00 4.113942682743072510e-01 -1.857466316223144531e+01 -5.953892469406127930e-01 -1.190312576293945312e+01 -2.391468524932861328e+00 1.082305431365966797e+00 5.089482665061950684e-01 -9.089774131774902344e+00 -1.488156318664550781e+00
3.606404781341552734e+00 -4.377824306488037109e+00 -1.630855441093444824e+00 -9.701700210571289062e-01 -2.520262300968170166e-01 -5.633827686309814453e+00 2.352559328079223633e+00 -1.718346214294433594e+01 3.910399675369262695e+00 -9.513316154479980469e+00 6.303619146347045898e-01 2.113517522811889648e+00 4.453163146972656250e+00 -7.211428165435791016e+00 -3.274919509887695312e+00
1.503262042999267578e+00 -4.839396953582763672e+00 -6.780739784240722656e+00 -3.897231817245483398e+00 -1.160835027694702148e+00 -5.855029106140136719e+00 7.732221603393554688e+00 -1.362972545623779297e+01 -2.880511045455932617e+00 -5.949876785278320312e+00 1.335431218147277832e+00 6.110650021582841873e-03 5.635648727416992188e+00 2.846428155899047852e+00 -6.254195690155029297e+00
9.689854621887207031e+00 -8.797104835510253906e+00 -9.801103174686431885e-02 -3.098775148391723633e+00 1.246488615870475769e-01 -3.976589679718017578e+00 3.039870023727416992e+00 -1.651311683654785156e+01 3.448366165161132812e+00 -9.193336486816406250e+00 9.987779259681701660e-01 1.417800903320312500e+00 4.737414836883544922e+00 -7.839790821075439453e+00 -3.286948442459106445e+00
4.536539554595947266e+00 -4.838407993316650391e+00 -3.263594150543212891e+00 8.251218795776367188e-01 -2.998815536499023438e+00 -8.739273071289062500e+00 1.728624820709228516e+00 -1.138953876495361328e+01 -2.665481328964233398e+00 -8.330998420715332031e+00 4.461533546447753906e+00 3.909153461456298828e+00 -1.243328928947448730e+00 -3.634857177734375000e+00 -2.993467569351196289e+00
7.379364013671875000e+00 -5.433039188385009766e+00 8.082742691040039062e-01 -2.212048530578613281e+00 7.546173781156539917e-02 -4.329583168029785156e+00 2.741725206375122070e+00 -1.453265571594238281e+01 3.686460256576538086e+00 -7.735724449157714844e+00 1.926145672798156738e+00 5.068229436874389648e-01 4.018210411071777344e+00 -7.550367832183837891e+00 -2.759745359420776367e+00
4.003260135650634766e+00 -4.711943149566650391e+00 -3.007279396057128906e+00 7.650781869888305664e-01 -2.481303930282592773e+00 -9.380360603332519531e+00 2.038399219512939453e+00 -1.227250385284423828e+01 -2.882726430892944336e+00 -9.394573211669921875e+00 4.108254909515380859e+00 3.556894063949584961e+00 -1.504754662513732910e+00 -5.375979423522949219e+00 -2.499212026596069336e+00
9.129549026489257812e+00 -7.105887413024902344e+00 1.339986681938171387e+00 -3.307669401168823242e+00 -4.996348172426223755e-02 -3.168928623199462891e+00 2.638758659362792969e+00 -1.444957351684570312e+01 2.855206727981567383e+00 -7.749166011810302734e+00 1.157612323760986328e+00 1.150468945503234863e+00 5.178993701934814453e+00 -7.070629596710205078e+00 -2.855768680572509766e+00
3.533462047576904297e+00 -4.074405193328857422e+00 -3.116578340530395508e+00 6.446741819381713867e-01 -2.444922685623168945e+00 -9.048633575439453125e+00 2.566936016082763672e+00 -1.254486560821533203e+01 -2.910621404647827148e+00 -9.595942497253417969e+00 4.330916404724121094e+00 4.863439083099365234e+00 -1.006181240081787109e+00 -3.340557575225830078e+00 -2.686388969421386719e+00
1.962352037429809570e+00 -5.243968486785888672e+00 -7.118446826934814453e+00 -4.762032985687255859e+00 -7.568221092224121094e-01 -5.569154739379882812e+00 8.614568710327148438e+00 -1.423460769653320312e+01 -3.744447946548461914e+00 -6.844148635864257812e+00 2.274480342864990234e+00 1.281104922294616699e+00 3.495884656906127930e+00 2.804129838943481445e+00 -6.310061931610107422e+00
3.392932176589965820e+00 -7.087031841278076172e+00 -3.477671861648559570e+00 -1.554357767105102539e+00 5.076220989227294922e+00 -2.624569416046142578e+00 -5.994089841842651367e-01 -1.730629158020019531e+01 -8.848151564598083496e-01 -1.127749252319335938e+01 -3.100907325744628906e+00 1.306921362876892090e+00 7.522161602973937988e-01 -7.385898113250732422e+00 -1.509022474288940430e+00
1.250498294830322266e+00 -5.588301658630371094e+00 -8.136823654174804688e+00 -5.498403072357177734e+00 -1.063261985778808594e+00 -6.317531108856201172e+00 8.234391212463378906e+00 -1.503626155853271484e+01 -4.062818050384521484e+00 -5.889366149902343750e+00 3.286615610122680664e+00 2.591877222061157227e+00 4.955103874206542969e+00 2.464902639389038086e+00 -5.699781894683837891e+00
3.445078849792480469e+00 -3.507698059082031250e+00 -1.220769405364990234e+00 -9.887548685073852539e-01 -2.839192152023315430e-01 -4.355234146118164062e+00 3.566666841506958008e+00 -1.546546649932861328e+01 2.436522483825683594e+00 -8.298772811889648438e+00 2.268488407135009766e+00 1.699681878089904785e+00 5.086641788482666016e+00 -7.262359142303466797e+00 -1.918033838272094727e+00
3.995121717453002930e+00 -4.299814224243164062e+00 -1.023377060890197754e+00 -1.051120281219482422e+00 -2.255988717079162598e-01 -4.078119277954101562e+00 2.525597333908081055e+00 -1.501921844482421875e+01 3.058230161666870117e+00 -7.952406883239746094e+00 2.302455902099609375e+00 1.640037417411804199e+00 4.411830425262451172e+00 -7.234099864959716797e+00 -2.775884628295898438e+00
9.468181133270263672e-01 -6.306476116180419922e+00 -9.128211021423339844e+00 -6.405242919921875000e+00 -1.248833775520324707e+00 -4.953896522521972656e+00 6.782109737396240234e+00 -1.082382869720458984e+01 -3.175817251205444336e+00 -5.215044021606445312e+00 2.084850788116455078e+00 1.217859148979187012e+00 5.105803489685058594e+00 2.438150167465209961e+00 -6.982491016387939453e+00
1.743734478950500488e+00 -5.850819587707519531e+00 -9.138027191162109375e+00 -7.320264339447021484e+00 -8.061341047286987305e-01 -6.367343902587890625e+00 7.929895877838134766e+00 -1.594035720825195312e+01 -3.284712076187133789e+00 -8.849595069885253906e+00 2.545034408569335938e+00 1.624091863632202148e+00 4.982349872589111328e+00 1.984489560127258301e+00 -6.232275485992431641e+00
4.422615528106689453e+00 -2.697820663452148438e+00 -6.069551944732666016e+00 -5.926361083984375000e-01 1.256680250167846680e+00 2.908563911914825439e-01 5.392488479614257812e+00 -1.520208263397216797e+01 -1.351711153984069824e+00 -1.510345745086669922e+01 3.318018913269042969e+00 -2.922107696533203125e+00 3.020066499710083008e+00 -2.015064954757690430e+00 -6.266525745391845703e+00
4.651906967163085938e+00 -4.439380168914794922e+00 -2.931833744049072266e+00 1.176935315132141113e+00 -3.805397748947143555e+00 -8.471102714538574219e+00 2.165368318557739258e+00 -1.281372451782226562e+01 -2.751354932785034180e+00 -9.798017501831054688e+00 5.334485530853271484e+00 3.542176485061645508e+00 -2.569375276565551758e+00 -4.451032161712646484e+00 -1.975249052047729492e+00
5.228176593780517578e+00 -5.408674240112304688e+00 -1.275496244430541992e+00 -1.590950369834899902e+00 -2.975141406059265137e-01 -3.696014881134033203e+00 2.584996700286865234e+00 -1.443307781219482422e+01 3.315034389495849609e+00 -7.716615200042724609e+00 3.104078769683837891e+00 1.467924237251281738e+00 4.478201389312744141e+00 -8.129571914672851562e+00 -1.870373606681823730e+00
6.199498176574707031e+00 -6.469297409057617188e+00 -1.379328370094299316e+00 -1.945466518402099609e+00 -2.041859626770019531e-01 -4.857590675354003906e+00 2.412010431289672852e+00 -1.451657104492187500e+01 3.588807821273803711e+00 -8.760173797607421875e+00 1.985966086387634277e+00 1.812194466590881348e+00 4.535361289978027344e+00 -7.849755287170410156e+00 -1.923240065574645996e+00
5.498612403869628906e+00 -2.584644794464111328e+00 -6.572753906250000000e+00 -1.525215029716491699e+00 1.126040220260620117e+00 2.433529198169708252e-01 5.901080608367919922e+00 -1.627114868164062500e+01 -1.475403666496276855e+00 -1.499822521209716797e+01 4.009017944335937500e+00 -1.470314145088195801e+00 2.882946729660034180e+00 -3.209291696548461914e+00 -5.252103328704833984e+00
2.671189069747924805e+00 -5.415553569793701172e+00 -2.776190042495727539e+00 -1.244250655174255371e+00 3.373822689056396484e+00 -2.471538543701171875e+00 -3.115849196910858154e-01 -2.090217781066894531e+01 -8.664801120758056641e-01 -1.525402545928955078e+01 -3.155260562896728516e+00 9.336812496185302734e-01 7.676718831062316895e-01 -7.758146762847900391e+00 -1.039784431457519531e+00
4.790507793426513672e+00 -5.783515930175781250e+00 -3.597563982009887695e+00 1.355375170707702637e+00 -2.991548776626586914e+00 -8.662384986877441406e+00 2.123944759368896484e+00 -1.201991939544677734e+01 -3.799158573150634766e+00 -9.075765609741210938e+00 3.348498106002807617e+00 3.761316776275634766e+00 -1.561672925949096680e+00 -5.070963382720947266e+00 -3.480642557144165039e+00
4.021407127380371094e+00 -4.879938602447509766e+00 -3.453517436981201172e+00 7.093098163604736328e-01 -2.544786214828491211e+00 -8.568832397460937500e+00 1.895280361175537109e+00 -1.236298942565917969e+01 -2.867716550827026367e+00 -9.071692466735839844e+00 4.192178249359130859e+00 3.311317205429077148e+00 -2.482459306716918945e+00 -1.768755674362182617e+00 -3.270332336425781250e+00
4.568026065826416016e+00 -1.580005526542663574e+00 -5.765357494354248047e+00 -1.271202087402343750e+00 1.413647890090942383e+00 -1.509095132350921631e-01 5.928592681884765625e+00 -1.753402709960937500e+01 -1.859135031700134277e+00 -1.600645637512207031e+01 4.715252399444580078e+00 -3.307947397232055664e+00 2.368372678756713867e+00 -1.749003410339355469e+00 -4.770138740539550781e+00
4.638976573944091797e+00 -2.231600046157836914e+00 -6.133550167083740234e+00 -6.928905248641967773e-01 1.488203763961791992e+00 5.740830898284912109e-01 5.576309204101562500e+00 -1.555637264251708984e+01 -1.771407723426818848e+00 -1.413493061065673828e+01 3.896837711334228516e+00 -2.581046581268310547e+00 2.617911815643310547e+00 -3.479542493820190430e+00 -6.409505367279052734e+00
2.554769277572631836e+00 -5.719078063964843750e+00 -3.518169164657592773e+00 -5.363889932632446289e-01 3.188609361648559570e+00 -4.292299747467041016e+00 1.615744948387145996e+00 -2.129429054260253906e+01 -1.295482277870178223e+00 -1.382588672637939453e+01 -2.500103235244750977e+00 2.377286195755004883e+00 1.203092694282531738e+00 -8.640921592712402344e+00 -2.206427603960037231e-01
6.997326374053955078e+00 -5.011719226837158203e+00 8.019571900367736816e-01 -2.332729578018188477e+00 -9.029970318078994751e-02 -4.057097434997558594e+00 2.326748847961425781e+00 -1.316608142852783203e+01 2.819038629531860352e+00 -6.616039752960205078e+00 2.363861799240112305e+00 1.863243818283081055e+00 4.574374198913574219e+00 -8.239237785339355469e+00 -3.009128570556640625e+00
2.108622550964355469e+00 -7.906268119812011719e+00 -1.287601757049560547e+01 -1.015642929077148438e+01 -3.261828422546386719e-01 -5.450735092163085938e+00 8.473273277282714844e+00 -1.424172782897949219e+01 -3.300907135009765625e+00 -6.392433643341064453e+00 2.164295673370361328e+00 1.111157774925231934e+00 5.846326828002929688e+00 1.772805929183959961e+00 -6.645220279693603516e+00
5.739308834075927734e+00 -5.118634223937988281e+00 -7.052121162414550781e-01 -1.937641620635986328e+00 -1.254920661449432373e-01 -4.344980716705322266e+00 2.729323148727416992e+00 -1.568990039825439453e+01 3.294360637664794922e+00 -8.407865524291992188e+00 1.011418700218200684e+00 1.751099705696105957e+00 5.061697006225585938e+00 -6.371282577514648438e+00 -2.798757791519165039e+00
4.352842330932617188e+00 -2.290206432342529297e+00 -6.001647949218750000e+00 -6.265062689781188965e-01 1.278819203376770020e+00 -5.981044769287109375e-01 5.527711868286132812e+00 -1.534131145477294922e+01 -1.575492501258850098e+00 -1.451307296752929688e+01 4.160221576690673828e+00 -2.321352720260620117e+00 2.861489772796630859e+00 -3.471460580825805664e+00 -5.995726108551025391e+00
8.203038215637207031e+00 -6.737101078033447266e+00 6.308021545410156250e-01 -2.679154634475708008e+00 3.311120718717575073e-02 -4.448848724365234375e+00 3.042719364166259766e+00 -1.622462272644042969e+01 3.345293760299682617e+00 -9.058145523071289062e+00 8.915002942085266113e-01 1.714212656021118164e+00 5.575599193572998047e+00 -7.383893013000488281e+00 -4.118764877319335938e+00
9.682999610900878906e+00 -2.138232707977294922e+00 -1.083496189117431641e+01 -2.012834310531616211e+00 3.767742156982421875e+00 -6.286416053771972656e-01 6.159690856933593750e+00 -1.554684543609619141e+01 -1.816189646720886230e+00 -1.521377563476562500e+01 5.637527942657470703e+00 -2.457350969314575195e+00 2.414909601211547852e+00 -2.970703840255737305e+00 -4.352507114410400391e+00
5.065583705902099609e+00 -4.819562911987304688e+00 -1.187435507774353027e+00 -1.633607149124145508e+00 -3.672036528587341309e-01 -5.054158210754394531e+00 3.509481668472290039e+00 -1.678402900695800781e+01 2.872046709060668945e+00 -8.697452545166015625e+00 1.296858787536621094e+00 1.025261282920837402e+00 5.078017234802246094e+00 -6.404398441314697266e+00 -3.543402910232543945e+00
8.155322074890136719e+00 -6.406314373016357422e+00 7.154617905616760254e-01 -2.752258062362670898e+00 2.044066786766052246e-04 -3.995348930358886719e+00 7.959210872650146484e-01 -1.430064105987548828e+01 3.795336484909057617e+00 -7.784211635589599609e+00 1.514176845550537109e+00 1.308457016944885254e+00 5.581800460815429688e+00 -6.562686443328857422e+00 -2.988882303237915039e+00
2.037209749221801758e+00 -5.748902320861816406e+00 -7.216707706451416016e+00 -3.844161510467529297e+00 -8.778251409530639648e-01 -5.027950286865234375e+00 7.208300113677978516e+00 -1.012536239624023438e+01 -3.530528545379638672e+00 -3.485075712203979492e+00 2.498783826828002930e+00 1.051534891128540039e+00 4.951978683471679688e+00 2.422310113906860352e+00 -5.823403358459472656e+00
2.549151659011840820e+00 -5.778267383575439453e+00 -2.568086147308349609e+00 -8.840805292129516602e-01 3.482459306716918945e+00 -2.217344522476196289e+00 3.007237017154693604e-01 -1.759093666076660156e+01 -1.574904084205627441e+00 -1.084361267089843750e+01 -2.860587120056152344e+00 1.069620370864868164e+00 6.033388376235961914e-01 -7.399768352508544922e+00 -1.852023154497146606e-01
3.290432453155517578e+00 -7.053133964538574219e+00 -3.632919788360595703e+00 -1.133101463317871094e+00 4.940110683441162109e+00 -2.908803462982177734e+00 -4.494086205959320068e-01 -1.751407051086425781e+01 -1.004702448844909668e+00 -1.167333030700683594e+01 -4.065673351287841797e+00 -2.132214158773422241e-01 4.301564395427703857e-01 -5.902226924896240234e+00 -5.074827075004577637e-01
2.088001966476440430e+00 -5.836351871490478516e+00 -8.478791236877441406e+00 -5.465527534484863281e+00 -1.273069381713867188e+00 -5.268973350524902344e+00 7.972114086151123047e+00 -1.341878986358642578e+01 -3.051381349563598633e+00 -6.089839458465576172e+00 1.725485801696777344e+00 1.803228974342346191e+00 4.890789508819580078e+00 1.325236439704895020e+00 -8.422780990600585938e+00
4.730250835418701172e+00 -5.462926387786865234e+00 -3.525950431823730469e+00 1.579709053039550781e+00 -3.401700258255004883e+00 -8.727562904357910156e+00 2.154707670211791992e+00 -1.269421768188476562e+01 -2.900288581848144531e+00 -1.006528663635253906e+01 3.170644283294677734e+00 2.929949760437011719e+00 -2.168463706970214844e+00 -3.836937665939331055e+00 -3.542170763015747070e+00
2.519696474075317383e+00 -6.206445217132568359e+00 -3.469315052032470703e+00 -5.791475772857666016e-01 3.686002016067504883e+00 -3.096199035644531250e+00 -9.280834347009658813e-02 -1.792822074890136719e+01 -1.176792502403259277e+00 -1.246921539306640625e+01 -2.642148494720458984e+00 2.127938508987426758e+00 1.292926669120788574e+00 -8.515421867370605469e+00 -6.013060212135314941e-01
3.051261186599731445e+00 -6.164136886596679688e+00 -3.090260505676269531e+00 -1.271466970443725586e+00 4.520132064819335938e+00 -2.997220039367675781e+00 1.877559721469879150e-01 -1.698654747009277344e+01 -7.562402486801147461e-01 -1.117745399475097656e+01 -3.524861812591552734e+00 9.328424930572509766e-01 8.078922629356384277e-01 -6.104470729827880859e+00 8.842457532882690430e-01
1.073782682418823242e+00 -4.613420486450195312e+00 -6.351269245147705078e+00 -3.831944942474365234e+00 -1.113119602203369141e+00 -5.254945755004882812e+00 7.467439174652099609e+00 -1.247251033782958984e+01 -3.214351892471313477e+00 -5.923545360565185547e+00 1.826809167861938477e+00 2.752512395381927490e-01 4.559412002563476562e+00 2.688883304595947266e+00 -7.279959201812744141e+00
3.049417972564697266e+00 -6.526370048522949219e+00 -3.353197336196899414e+00 -1.540951728820800781e+00 5.990633487701416016e+00 -3.158305644989013672e+00 -4.925871789455413818e-01 -1.615065765380859375e+01 -1.040503382682800293e+00 -1.077725219726562500e+01 -2.721629142761230469e+00 2.329839468002319336e+00 1.326267123222351074e+00 -7.742356300354003906e+00 7.600487470626831055e-01
2.299256801605224609e+00 -6.576548576354980469e+00 -1.118152236938476562e+01 -8.620968818664550781e+00 -3.008396625518798828e-01 -5.880157470703125000e+00 6.968569278717041016e+00 -1.234745883941650391e+01 -3.415513992309570312e+00 -6.228896617889404297e+00 2.296432733535766602e+00 1.734036803245544434e+00 5.573739051818847656e+00 1.621253490447998047e+00 -6.810830593109130859e+00
1.978040456771850586e+00 -5.101248741149902344e+00 -6.951987743377685547e+00 -4.332154273986816406e+00 -9.555765390396118164e-01 -4.558649063110351562e+00 7.444922924041748047e+00 -1.312646579742431641e+01 -3.457097768783569336e+00 -5.639615058898925781e+00 1.223308801651000977e+00 1.023000329732894897e-01 4.946009635925292969e+00 2.714372396469116211e+00 -6.992912292480468750e+00
7.351748943328857422e+00 -1.355803370475769043e+00 -8.238266944885253906e+00 -1.193579196929931641e+00 1.758413314819335938e+00 1.726469695568084717e-01 6.063652515411376953e+00 -1.730199813842773438e+01 -2.472247123718261719e+00 -1.567067623138427734e+01 5.440407276153564453e+00 -1.958854556083679199e+00 2.093620061874389648e+00 -3.130454301834106445e+00 -5.177634716033935547e+00
3.614704608917236328e+00 -1.751079440116882324e+00 -4.632801532745361328e+00 -8.231168985366821289e-01 8.779423832893371582e-01 8.133652061223983765e-02 5.526875972747802734e+00 -1.487722301483154297e+01 -1.126013994216918945e+00 -1.454867744445800781e+01 3.759821176528930664e+00 -2.164445161819458008e+00 3.277448415756225586e+00 -3.430881977081298828e+00 -6.052489757537841797e+00
2.115447282791137695e+00 -6.168517112731933594e+00 -8.779810905456542969e+00 -6.121226310729980469e+00 -8.637107610702514648e-01 -5.517978191375732422e+00 7.847227573394775391e+00 -1.217092800140380859e+01 -3.249659776687622070e+00 -5.268706798553466797e+00 1.702457547187805176e+00 5.100073814392089844e-01 4.954890251159667969e+00 2.214145421981811523e+00 -7.720446586608886719e+00
3.559060335159301758e+00 -4.317486763000488281e+00 -3.017728328704833984e+00 3.407645821571350098e-01 -1.926357030868530273e+00 -8.096741676330566406e+00 1.706749796867370605e+00 -1.162743473052978516e+01 -2.716432332992553711e+00 -9.439748764038085938e+00 3.963411569595336914e+00 3.746312618255615234e+00 -1.993089556694030762e+00 -5.052331447601318359e+00 -3.140552043914794922e+00
4.570605278015136719e+00 -5.248531818389892578e+00 -3.483254432678222656e+00 7.583200335502624512e-01 -3.195952653884887695e+00 -8.193758964538574219e+00 2.279193639755249023e+00 -1.096759033203125000e+01 -2.823414087295532227e+00 -8.845697402954101562e+00 3.226124763488769531e+00 4.144079208374023438e+00 -9.228734970092773438e-01 -4.618789196014404297e+00 -3.913773298263549805e+00
4.472491741180419922e+00 -4.890933990478515625e+00 -2.884501934051513672e+00 1.154717445373535156e+00 -2.767746210098266602e+00 -8.721134185791015625e+00 1.923873543739318848e+00 -1.056394481658935547e+01 -3.112911939620971680e+00 -7.769747257232666016e+00 4.651100635528564453e+00 3.783308506011962891e+00 -1.630459308624267578e+00 -5.594075679779052734e+00 -2.592837572097778320e+00
3.624303579330444336e+00 -7.847560882568359375e+00 -4.064066886901855469e+00 -2.061931848526000977e+00 6.931650638580322266e+00 -2.275809049606323242e+00 3.317655622959136963e-01 -1.914009284973144531e+01 -1.134885787963867188e+00 -1.196117496490478516e+01 -1.907622456550598145e+00 1.247367858886718750e+00 5.517591238021850586e-01 -8.137267112731933594e+00 6.829664707183837891e-01
5.600024223327636719e+00 -6.079413414001464844e+00 -3.268227100372314453e+00 2.028936862945556641e+00 -4.117018222808837891e+00 -8.738373756408691406e+00 3.270588397979736328e+00 -1.387365436553955078e+01 -2.959805727005004883e+00 -9.943305015563964844e+00 4.372313976287841797e+00 4.546184539794921875e+00 -1.001846551895141602e+00 -4.417731761932373047e+00 -3.189041614532470703e+00
