4.610193252563476562e+00 5.169477939605712891e+00 -3.768218755722045898e+00 5.037086009979248047e+00 -9.973757743835449219e+00
-5.612696409225463867e-01 5.017528533935546875e+00 -2.334530115127563477e+00 -8.252840638160705566e-01 -4.528219997882843018e-01
8.876826167106628418e-01 3.875289440155029297e+00 9.625924825668334961e-01 -4.060782432556152344e+00 -3.927434444427490234e+00
5.927091121673583984e+00 1.797809123992919922e+00 -3.057745397090911865e-01 2.250969171524047852e+00 8.909726738929748535e-01
-1.596443176269531250e+00 6.166709899902343750e+00 -2.629449844360351562e+00 -8.999422788619995117e-01 -7.932591438293457031e-01
2.764975130558013916e-01 4.166274070739746094e+00 -1.684256792068481445e+00 -8.543710708618164062e-01 -7.703040838241577148e-01
6.848443150520324707e-01 4.020458698272705078e+00 1.122201442718505859e+00 -3.471337556838989258e+00 -3.986606359481811523e+00
9.976814389228820801e-01 3.692498683929443359e+00 1.164673328399658203e+00 -3.669777154922485352e+00 -3.935551404953002930e+00
5.854940891265869141e+00 1.224256753921508789e+00 -1.612791046500205994e-02 1.866688251495361328e+00 8.808652162551879883e-01
-1.479882597923278809e-01 3.766035556793212891e+00 -1.595017790794372559e+00 -1.028458356857299805e+00 -5.151181221008300781e-01
3.141446828842163086e+00 2.993286609649658203e+00 -1.170720577239990234e+00 4.518297672271728516e+00 -1.063493728637695312e+01
3.305592060089111328e+00 3.423564434051513672e+00 -1.647940754890441895e+00 5.116024971008300781e+00 -1.019631481170654297e+01
3.858757913112640381e-01 4.175547122955322266e+00 1.560780167579650879e+00 -3.479132652282714844e+00 -4.105375289916992188e+00
-9.203223586082458496e-01 4.714011192321777344e+00 -2.135064125061035156e+00 -9.182727336883544922e-01 -4.636050760746002197e-01
9.400606155395507812e+00 6.935745477676391602e-01 -1.704741418361663818e-01 1.808913469314575195e+00 9.755357503890991211e-01
-3.562446236610412598e-01 3.826823711395263672e+00 -1.664541125297546387e+00 -8.294598460197448730e-01 -6.588628292083740234e-01
-5.544891357421875000e-01 5.651707649230957031e+00 2.328205823898315430e+00 -3.228016853332519531e+00 -4.077332019805908203e+00
-9.341120719909667969e-01 4.501509666442871094e+00 -2.241000890731811523e+00 -9.577711820602416992e-01 -7.784917950630187988e-01
-2.399663180112838745e-01 3.900313854217529297e+00 -1.643148541450500488e+00 -8.386132121086120605e-01 -5.130966901779174805e-01
-1.580197215080261230e+00 4.304891109466552734e+00 -1.820273995399475098e+00 -1.052881002426147461e+00 -7.484588027000427246e-01
4.646955490112304688e+00 3.969784736633300781e+00 -2.297230005264282227e+00 4.746871948242187500e+00 -9.738914489746093750e+00
4.913504600524902344e+00 4.224740028381347656e+00 -3.631208658218383789e+00 4.790908813476562500e+00 -1.028468322753906250e+01
3.073611259460449219e+00 1.740380406379699707e+00 4.213113307952880859e+00 4.057914912700653076e-01 4.206322669982910156e+00
7.668575048446655273e-01 4.345639228820800781e+00 1.319181799888610840e+00 -3.463424682617187500e+00 -4.095420837402343750e+00
-1.497874140739440918e+00 4.617354393005371094e+00 -1.862071394920349121e+00 -7.020980715751647949e-01 -5.041558742523193359e-01
-3.076719999313354492e+00 5.725450038909912109e+00 -2.619623661041259766e+00 -8.941500186920166016e-01 -9.547660350799560547e-01
4.026963710784912109e+00 1.359630823135375977e+00 7.033167362213134766e+00 3.536109626293182373e-01 4.438257694244384766e+00
1.113500744104385376e-01 4.249660491943359375e+00 1.452375531196594238e+00 -3.696504831314086914e+00 -4.108574867248535156e+00
3.278691530227661133e+00 1.203800797462463379e+00 4.081539154052734375e+00 6.160922646522521973e-01 4.236303806304931641e+00
1.623313069343566895e+00 3.356575965881347656e+00 5.339611768722534180e-01 -3.507380485534667969e+00 -4.056069850921630859e+00
4.255694866180419922e+00 3.804815530776977539e+00 -1.624481081962585449e+00 5.090899467468261719e+00 -1.026184368133544922e+01
1.030160665512084961e+00 4.755956649780273438e+00 8.641044497489929199e-01 -3.702927827835083008e+00 -3.865624189376831055e+00
7.691678524017333984e+00 9.843473434448242188e-01 -6.308096051216125488e-01 2.026594400405883789e+00 8.714269399642944336e-01
6.433694362640380859e+00 7.952029109001159668e-01 -3.161512315273284912e-01 1.602203607559204102e+00 8.230618238449096680e-01
-1.828352570533752441e+00 5.218697547912597656e+00 -2.219614982604980469e+00 -7.716627120971679688e-01 -4.900221526622772217e-01
1.879539340734481812e-01 3.883176565170288086e+00 -1.667839407920837402e+00 -8.342013955116271973e-01 -4.321338832378387451e-01
3.975599288940429688e+00 4.074038028717041016e+00 -2.800337553024291992e+00 4.722890377044677734e+00 -1.030139255523681641e+01
4.962858855724334717e-01 5.083771705627441406e+00 1.695112466812133789e+00 -3.671428680419921875e+00 -3.806539535522460938e+00
-2.901562690734863281e+00 6.341981410980224609e+00 4.638351440429687500e+00 -3.154000759124755859e+00 -3.956704854965209961e+00
4.596868515014648438e+00 4.876822471618652344e+00 -3.524928569793701172e+00 4.738045692443847656e+00 -9.873690605163574219e+00
3.875231027603149414e+00 1.948605060577392578e+00 3.832766771316528320e+00 3.835657536983489990e-01 4.479127883911132812e+00
-1.418318003416061401e-01 4.912014007568359375e+00 -2.315603017807006836e+00 -1.046834111213684082e+00 -7.586005926132202148e-01
5.853399753570556641e+00 1.306411504745483398e+00 -1.464357674121856689e-01 2.230078458786010742e+00 8.431687951087951660e-01
4.752336025238037109e+00 1.836845517158508301e+00 -1.122893914580345154e-01 1.972395300865173340e+00 8.771993517875671387e-01
5.996285378932952881e-02 4.905210494995117188e+00 2.122143983840942383e+00 -3.497818470001220703e+00 -3.911620616912841797e+00
-2.301774501800537109e+00 5.808715820312500000e+00 -2.799907922744750977e+00 -7.369042634963989258e-01 -5.436332225799560547e-01
-6.256990134716033936e-02 4.459822654724121094e+00 -2.081254005432128906e+00 -7.728008627891540527e-01 -3.607846200466156006e-01
3.920121431350708008e+00 1.575867414474487305e+00 -1.104073151946067810e-01 1.764456152915954590e+00 7.941969633102416992e-01
3.693622589111328125e+00 3.826904535293579102e+00 -2.003222465515136719e+00 4.729026317596435547e+00 -1.019299221038818359e+01
9.955461502075195312e+00 1.456885576248168945e+00 -4.698327481746673584e-01 1.883629679679870605e+00 8.249108791351318359e-01
3.375340461730957031e+00 1.751600503921508789e+00 3.801709413528442383e+00 4.569615125656127930e-01 4.290699958801269531e+00
7.074469089508056641e+00 1.643515974283218384e-01 -4.294562041759490967e-01 1.714347481727600098e+00 8.335933089256286621e-01
3.092685222625732422e+00 1.691842913627624512e+00 3.218072652816772461e+00 3.926568031311035156e-01 4.073623657226562500e+00
8.931211471557617188e+00 -2.283948510885238647e-01 -7.850270271301269531e-01 2.164077043533325195e+00 9.047864675521850586e-01
2.789237976074218750e+00 1.665459394454956055e+00 2.934062957763671875e+00 4.561911821365356445e-01 4.400265693664550781e+00
4.449021816253662109e+00 3.919320821762084961e+00 -2.714869260787963867e+00 4.893301010131835938e+00 -1.013217830657958984e+01
-1.782529115676879883e+00 5.839932441711425781e+00 -2.556960582733154297e+00 -7.308636903762817383e-01 -6.412293910980224609e-01
4.011032581329345703e+00 4.700050830841064453e+00 -3.841180801391601562e+00 5.049852371215820312e+00 -1.045219135284423828e+01
3.500388383865356445e+00 1.227271676063537598e+00 -1.459386646747589111e-01 2.266088724136352539e+00 9.586842060089111328e-01
4.232973575592041016e+00 1.193939089775085449e+00 -1.906171068549156189e-02 1.942031025886535645e+00 1.047931194305419922e+00
4.802312374114990234e+00 5.000583171844482422e+00 -4.234849929809570312e+00 4.634050846099853516e+00 -1.044692802429199219e+01
5.498845577239990234e+00 4.830070495605468750e+00 -5.170762062072753906e+00 4.649724006652832031e+00 -1.030084323883056641e+01
6.942608952522277832e-01 4.624460220336914062e+00 1.317605853080749512e+00 -3.784422874450683594e+00 -3.932670354843139648e+00
2.360647678375244141e+00 1.367443084716796875e+00 4.745398044586181641e+00 5.032263994216918945e-01 4.562770366668701172e+00
5.528306484222412109e+00 1.613519072532653809e+00 -2.478073537349700928e-01 1.856200337409973145e+00 9.256567955017089844e-01
6.523021697998046875e+00 1.885035753250122070e+00 -5.929699167609214783e-02 1.555013298988342285e+00 8.247067928314208984e-01
2.058358639478683472e-01 4.993032932281494141e+00 1.681460738182067871e+00 -3.772343158721923828e+00 -4.039567947387695312e+00
-1.147727727890014648e+00 4.317677497863769531e+00 -1.823367476463317871e+00 -1.012776970863342285e+00 -5.225742459297180176e-01
3.823722600936889648e+00 1.878269433975219727e+00 4.401563644409179688e+00 2.270880937576293945e-01 4.327185630798339844e+00
3.372141838073730469e+00 1.892210960388183594e+00 3.209791898727416992e+00 4.836840033531188965e-01 4.241195678710937500e+00
-3.650261759757995605e-01 4.183408737182617188e+00 1.877357959747314453e+00 -3.781952857971191406e+00 -3.905915260314941406e+00
4.109129011631011963e-01 4.566047668457031250e+00 1.658441901206970215e+00 -3.675728797912597656e+00 -3.794006586074829102e+00
-3.354200720787048340e-01 4.846111774444580078e+00 -2.258458375930786133e+00 -9.825857281684875488e-01 -6.960381269454956055e-01
6.681604862213134766e+00 -4.243729263544082642e-02 -5.575888156890869141e-01 2.051591873168945312e+00 9.847024083137512207e-01
7.705581665039062500e+00 7.527512550354003906e+00 -7.469637870788574219e+00 4.994663238525390625e+00 -1.027830028533935547e+01
5.813905715942382812e+00 1.125947713851928711e+00 -4.922975301742553711e-01 1.868887543678283691e+00 1.077865958213806152e+00
4.750772714614868164e-01 4.536617279052734375e+00 1.188167929649353027e+00 -3.335073471069335938e+00 -3.842592000961303711e+00
8.193572998046875000e+00 3.791115581989288330e-01 -3.946281373500823975e-01 1.810630559921264648e+00 9.016273021697998047e-01
-1.654321670532226562e+00 8.126959800720214844e+00 4.492442131042480469e+00 -3.570461511611938477e+00 -4.020624160766601562e+00
5.126696109771728516e+00 1.387936592102050781e+00 -1.970426142215728760e-01 2.122709035873413086e+00 1.097823619842529297e+00
7.999375820159912109e+00 2.620745003223419189e-01 -5.111175775527954102e-01 1.627325296401977539e+00 1.051490783691406250e+00
3.987881660461425781e+00 4.291191101074218750e+00 -1.896459460258483887e+00 4.963506221771240234e+00 -9.936225891113281250e+00
-9.523073434829711914e-01 4.504902839660644531e+00 -2.158765792846679688e+00 -1.072742223739624023e+00 -7.411512732505798340e-01
-1.651438117027282715e+00 5.890501499176025391e+00 -2.658109188079833984e+00 -6.817380785942077637e-01 -6.793379783630371094e-01
4.560578823089599609e+00 4.854242801666259766e+00 -3.044705390930175781e+00 4.640910625457763672e+00 -1.075711631774902344e+01
3.313840866088867188e+00 1.814589977264404297e+00 4.731452941894531250e+00 3.704107999801635742e-01 4.286746978759765625e+00
-5.787350535392761230e-01 4.980481147766113281e+00 -2.450233221054077148e+00 -9.973535537719726562e-01 -4.359965622425079346e-01
-1.634611845016479492e+00 5.141052246093750000e+00 -2.123242378234863281e+00 -7.231721878051757812e-01 -5.326510667800903320e-01
3.357873439788818359e+00 3.612470626831054688e+00 -2.103368043899536133e+00 4.670318603515625000e+00 -1.018694019317626953e+01
-2.951961755752563477e+00 5.444014072418212891e+00 -2.242493629455566406e+00 -6.051586270332336426e-01 -5.590326786041259766e-01
6.564197063446044922e+00 6.362549781799316406e+00 -6.301685810089111328e+00 4.776165962219238281e+00 -1.022927570343017578e+01
4.079905509948730469e+00 3.933048009872436523e+00 -2.243912458419799805e+00 4.695403099060058594e+00 -1.016614151000976562e+01
-8.411294221878051758e-01 6.085042953491210938e+00 2.874578714370727539e+00 -4.042089939117431641e+00 -3.940613508224487305e+00
2.318921834230422974e-01 3.457921028137207031e+00 1.332386255264282227e+00 -3.398143768310546875e+00 -3.959772825241088867e+00
4.885399341583251953e+00 5.052703380584716797e+00 -3.841345310211181641e+00 4.813559532165527344e+00 -1.023294258117675781e+01
2.864140987396240234e+00 2.031576156616210938e+00 2.217162370681762695e+00 4.389700293540954590e-01 4.454209804534912109e+00
3.486762285232543945e+00 1.984236478805541992e+00 3.819959402084350586e+00 3.689129054546356201e-01 4.255695819854736328e+00
3.105266571044921875e+00 1.635255694389343262e+00 4.051133155822753906e+00 3.168296515941619873e-01 4.272691726684570312e+00
-3.240875720977783203e+00 6.782708168029785156e+00 -3.313863992691040039e+00 -9.501025676727294922e-01 -5.089902877807617188e-01
4.052482128143310547e+00 8.922172784805297852e-01 6.152221679687500000e+00 5.082505345344543457e-01 4.457893371582031250e+00
