5.152947425842285156e+00 -2.474798679351806641e+00 -6.705431461334228516e+00 2.425478219985961914e+00 -6.054762363433837891e+00
8.896005898714065552e-02 -6.174575328826904297e+00 -5.893763542175292969e+00 9.931620597839355469e+00 -3.559020042419433594e+00
5.223087310791015625e+00 -7.291918992996215820e-01 -6.734469532966613770e-01 5.964591026306152344e+00 -8.868490219116210938e+00
6.604118824005126953e+00 -2.113747358322143555e+00 2.480041265487670898e+00 5.100388526916503906e+00 -2.328277349472045898e+00
-6.119920015335083008e-01 -7.766765594482421875e+00 -7.117626667022705078e+00 9.489250183105468750e+00 -3.556102991104125977e+00
1.150949239730834961e+00 -4.580563068389892578e+00 -4.036246299743652344e+00 9.564077377319335938e+00 -3.474882364273071289e+00
5.915132999420166016e+00 -4.041407108306884766e-01 -5.879165530204772949e-01 6.089467048645019531e+00 -8.833934783935546875e+00
5.177502155303955078e+00 -6.976958513259887695e-01 -4.442234933376312256e-01 5.167994976043701172e+00 -8.777469635009765625e+00
6.465167999267578125e+00 -1.321429371833801270e+00 2.791654586791992188e+00 5.133949279785156250e+00 -2.276079654693603516e+00
4.211814105510711670e-01 -4.478374004364013672e+00 -4.255698204040527344e+00 8.634965896606445312e+00 -3.346455574035644531e+00
3.119374990463256836e+00 -2.564298868179321289e+00 -3.396469831466674805e+00 2.541369438171386719e+00 -6.440283298492431641e+00
3.206613302230834961e+00 -2.798666477203369141e+00 -4.223241806030273438e+00 2.338742017745971680e+00 -6.651522159576416016e+00
6.359525680541992188e+00 5.110078677535057068e-02 -7.350119948387145996e-01 5.606421947479248047e+00 -8.910017013549804688e+00
-1.719533801078796387e-01 -6.027037620544433594e+00 -5.456922531127929688e+00 9.960921287536621094e+00 -3.222080230712890625e+00
9.760950088500976562e+00 -1.329379081726074219e+00 5.303502559661865234e+00 5.061104297637939453e+00 -2.080689191818237305e+00
2.946499884128570557e-01 -4.760893821716308594e+00 -4.449159145355224609e+00 9.934359550476074219e+00 -3.550044298171997070e+00
9.053737640380859375e+00 1.433596014976501465e+00 -1.286858558654785156e+00 6.500505447387695312e+00 -9.207363128662109375e+00
-3.825063705444335938e-01 -5.786349773406982422e+00 -5.449220180511474609e+00 9.970952033996582031e+00 -3.492014884948730469e+00
4.343352615833282471e-01 -4.609638214111328125e+00 -4.057559490203857422e+00 9.324963569641113281e+00 -3.336810827255249023e+00
-7.797859311103820801e-01 -5.865441799163818359e+00 -5.645356178283691406e+00 9.559201240539550781e+00 -3.438143253326416016e+00
3.950427770614624023e+00 -2.993867158889770508e+00 -5.145952224731445312e+00 2.511027574539184570e+00 -6.436617851257324219e+00
4.652263641357421875e+00 -1.709617376327514648e+00 -6.103050231933593750e+00 2.356208801269531250e+00 -6.103621959686279297e+00
3.413915872573852539e+00 -6.313730716705322266e+00 5.062410831451416016e-01 3.597741127014160156e-01 -2.435738295316696167e-01
6.377155303955078125e+00 -4.813684225082397461e-01 -6.957867145538330078e-01 5.845325946807861328e+00 -8.750602722167968750e+00
-4.791780412197113037e-01 -6.072657585144042969e+00 -5.429485321044921875e+00 9.485030174255371094e+00 -3.464251756668090820e+00
-1.583714842796325684e+00 -7.995189666748046875e+00 -7.742081642150878906e+00 9.090864181518554688e+00 -3.704661130905151367e+00
4.351747989654541016e+00 -9.315690040588378906e+00 7.990607619285583496e-01 2.404261678457260132e-01 -3.779122829437255859e-01
6.505861282348632812e+00 1.741744875907897949e-01 -8.310645222663879395e-01 5.538171768188476562e+00 -9.211540222167968750e+00
3.308325052261352539e+00 -6.183872222900390625e+00 1.012498855590820312e+00 5.770028829574584961e-01 -1.578533649444580078e-01
4.452848434448242188e+00 -1.518762826919555664e+00 -5.402886867523193359e-01 5.763472080230712891e+00 -9.210351943969726562e+00
4.130710124969482422e+00 -3.027936220169067383e+00 -4.494969367980957031e+00 2.363354206085205078e+00 -6.564279556274414062e+00
6.198584556579589844e+00 -9.282776713371276855e-01 -1.057974696159362793e+00 5.663138866424560547e+00 -8.960509300231933594e+00
8.633651733398437500e+00 -1.047872662544250488e+00 3.923707723617553711e+00 5.340154170989990234e+00 -2.177099466323852539e+00
6.961791992187500000e+00 -8.578955531120300293e-01 3.497341632843017578e+00 5.363677024841308594e+00 -2.303369998931884766e+00
-1.050290942192077637e+00 -6.964781284332275391e+00 -6.513585090637207031e+00 9.515324592590332031e+00 -3.465083122253417969e+00
1.118423342704772949e+00 -4.290182590484619141e+00 -3.773082017898559570e+00 9.667145729064941406e+00 -3.502137660980224609e+00
4.014679908752441406e+00 -2.503399610519409180e+00 -5.569826126098632812e+00 2.169323921203613281e+00 -6.080102443695068359e+00
7.572655677795410156e+00 -5.345428362488746643e-02 -7.920089364051818848e-01 5.439128398895263672e+00 -8.890315055847167969e+00
1.192979717254638672e+01 3.272631883621215820e+00 -1.197231531143188477e+00 5.977980136871337891e+00 -9.157220840454101562e+00
4.804990291595458984e+00 -2.619868755340576172e+00 -6.626639842987060547e+00 2.527490854263305664e+00 -6.318618774414062500e+00
3.611249923706054688e+00 -6.275395393371582031e+00 1.216444931924343109e-02 3.908714950084686279e-01 -3.125555813312530518e-01
5.772799849510192871e-01 -5.962749481201171875e+00 -5.092319488525390625e+00 9.945891380310058594e+00 -3.311429023742675781e+00
6.436340332031250000e+00 -1.544396042823791504e+00 3.003197669982910156e+00 4.833516120910644531e+00 -2.149297475814819336e+00
5.555041313171386719e+00 -1.906292676925659180e+00 1.893377304077148438e+00 5.221747398376464844e+00 -2.176494121551513672e+00
7.641562461853027344e+00 7.366112470626831055e-01 -1.017273902893066406e+00 6.358853816986083984e+00 -9.110959053039550781e+00
-1.222565531730651855e+00 -7.717665195465087891e+00 -7.359396934509277344e+00 9.234962463378906250e+00 -3.358517169952392578e+00
5.107880830764770508e-01 -5.364861011505126953e+00 -4.816303253173828125e+00 9.308557510375976562e+00 -3.248528957366943359e+00
4.453454494476318359e+00 -1.770817279815673828e+00 1.377255678176879883e+00 5.474851608276367188e+00 -1.977947950363159180e+00
3.731491327285766602e+00 -2.766232490539550781e+00 -4.761980533599853516e+00 2.387540578842163086e+00 -6.156260490417480469e+00
1.056120491027832031e+01 -1.963859081268310547e+00 5.016484260559082031e+00 5.147618770599365234e+00 -2.097981452941894531e+00
3.418731689453125000e+00 -5.718091964721679688e+00 5.390882492065429688e-01 2.109199166297912598e-01 -1.547320038080215454e-01
7.965153694152832031e+00 -3.195674419403076172e-01 4.260556221008300781e+00 5.177782535552978516e+00 -2.210653781890869141e+00
3.170884847640991211e+00 -5.332318782806396484e+00 6.061972379684448242e-01 1.051535308361053467e-01 -6.737835407257080078e-01
9.299866676330566406e+00 -6.726201772689819336e-01 5.677182674407958984e+00 4.996155261993408203e+00 -2.415162086486816406e+00
3.301199913024902344e+00 -4.534219741821289062e+00 2.230750024318695068e-01 1.656589806079864502e-01 -2.158804982900619507e-01
3.983899116516113281e+00 -2.257062911987304688e+00 -5.763725280761718750e+00 2.418222188949584961e+00 -5.979449272155761719e+00
-5.458559989929199219e-01 -7.574355125427246094e+00 -6.377122879028320312e+00 9.926983833312988281e+00 -3.480873346328735352e+00
4.443521976470947266e+00 -2.310804367065429688e+00 -6.445291519165039062e+00 2.478424549102783203e+00 -6.163216114044189453e+00
3.881097078323364258e+00 -1.306422114372253418e+00 1.368040800094604492e+00 4.923974037170410156e+00 -2.155362367630004883e+00
4.707399845123291016e+00 -1.391884326934814453e+00 1.779740452766418457e+00 5.311800479888916016e+00 -2.149245500564575195e+00
5.308473587036132812e+00 -2.128941059112548828e+00 -6.807574272155761719e+00 2.299975633621215820e+00 -6.411355972290039062e+00
5.332930564880371094e+00 -1.620663642883300781e+00 -7.403646469116210938e+00 2.590688228607177734e+00 -6.198523521423339844e+00
6.691531181335449219e+00 -3.963527083396911621e-01 -8.602786660194396973e-01 5.678153038024902344e+00 -9.087604522705078125e+00
3.066513776779174805e+00 -6.469804763793945312e+00 9.053081870079040527e-01 4.182284176349639893e-01 -3.697997629642486572e-01
6.228609085083007812e+00 -1.614707708358764648e+00 2.366902828216552734e+00 5.359849452972412109e+00 -2.241687059402465820e+00
7.258548259735107422e+00 -2.117276668548583984e+00 3.009078025817871094e+00 4.936270236968994141e+00 -2.247060298919677734e+00
7.682245254516601562e+00 3.779847621917724609e-01 -8.608234524726867676e-01 5.812808036804199219e+00 -8.601529121398925781e+00
2.526048384606838226e-02 -5.735880851745605469e+00 -4.754804134368896484e+00 1.084417247772216797e+01 -3.454574823379516602e+00
3.804816246032714844e+00 -6.742044448852539062e+00 5.683208703994750977e-01 1.288433372974395752e-01 -4.305061697959899902e-01
3.462541580200195312e+00 -5.269196987152099609e+00 1.895194947719573975e-01 3.702034652233123779e-01 -1.119041964411735535e-01
6.608202934265136719e+00 9.574567675590515137e-01 -9.462625384330749512e-01 6.436169147491455078e+00 -9.256586074829101562e+00
6.980767726898193359e+00 1.674765944480895996e-01 -1.001119613647460938e+00 6.393612384796142578e+00 -9.082932472229003906e+00
2.508718669414520264e-01 -5.740836620330810547e+00 -5.315324783325195312e+00 8.691951751708984375e+00 -3.354751348495483398e+00
7.240834712982177734e+00 -1.543623208999633789e-01 4.052023887634277344e+00 4.807411670684814453e+00 -2.194977283477783203e+00
7.433109283447265625e+00 -1.605866432189941406e+00 -1.038612270355224609e+01 2.530777931213378906e+00 -6.275237083435058594e+00
6.716318130493164062e+00 -1.239747166633605957e+00 2.860683679580688477e+00 5.429236888885498047e+00 -2.272110462188720703e+00
6.652919769287109375e+00 -1.675472855567932129e-01 -8.751609921455383301e-01 6.101041316986083984e+00 -9.048024177551269531e+00
8.525747299194335938e+00 -1.007878303527832031e+00 4.962215423583984375e+00 5.386366367340087891e+00 -2.373698472976684570e+00
1.346495437622070312e+01 2.957529544830322266e+00 -1.453584790229797363e+00 6.043844699859619141e+00 -8.761561393737792969e+00
5.488782405853271484e+00 -1.537448167800903320e+00 2.150666713714599609e+00 4.904872417449951172e+00 -2.319376945495605469e+00
8.556431770324707031e+00 -7.485267519950866699e-01 4.901134967803955078e+00 5.177720546722412109e+00 -2.370893478393554688e+00
3.738777399063110352e+00 -3.444454431533813477e+00 -5.287455081939697266e+00 2.090849399566650391e+00 -6.115211963653564453e+00
-3.220247030258178711e-01 -6.011268615722656250e+00 -5.157595634460449219e+00 8.887738227844238281e+00 -3.612041473388671875e+00
-8.394513726234436035e-01 -7.564039230346679688e+00 -7.028815746307373047e+00 9.676703453063964844e+00 -3.742261409759521484e+00
5.006605148315429688e+00 -2.389071226119995117e+00 -5.830889701843261719e+00 2.592395544052124023e+00 -5.934788227081298828e+00
3.800663709640502930e+00 -7.147750854492187500e+00 6.075744032859802246e-01 4.063799083232879639e-01 -3.201965391635894775e-01
-1.015326902270317078e-01 -5.868259429931640625e+00 -5.708279609680175781e+00 9.638806343078613281e+00 -3.386423110961914062e+00
-8.560290932655334473e-01 -6.791492938995361328e+00 -5.935752868652343750e+00 8.802227973937988281e+00 -3.418301105499267578e+00
3.495784759521484375e+00 -2.596226453781127930e+00 -4.705428123474121094e+00 2.312900066375732422e+00 -6.275717735290527344e+00
-1.424220204353332520e+00 -7.482637405395507812e+00 -7.038175582885742188e+00 8.760295867919921875e+00 -3.444445133209228516e+00
6.661412239074707031e+00 -1.228899955749511719e+00 -8.726271629333496094e+00 2.399582147598266602e+00 -6.114332199096679688e+00
4.005146026611328125e+00 -2.510012149810791016e+00 -4.942577362060546875e+00 2.687909841537475586e+00 -6.073068618774414062e+00
9.971422195434570312e+00 1.979501128196716309e+00 -1.262447357177734375e+00 6.224982738494873047e+00 -8.936113357543945312e+00
5.287992000579833984e+00 5.189805850386619568e-02 -7.615668177604675293e-01 5.771076679229736328e+00 -8.752484321594238281e+00
5.090343475341796875e+00 -2.580956459045410156e+00 -6.711090087890625000e+00 2.325058460235595703e+00 -6.451385974884033203e+00
3.280608654022216797e+00 -4.134568214416503906e+00 4.866871610283851624e-02 4.978286623954772949e-01 -4.486379623413085938e-01
3.649540662765502930e+00 -5.827186107635498047e+00 2.314418852329254150e-01 -1.545164883136749268e-01 -4.527422785758972168e-01
3.303692817687988281e+00 -5.871713638305664062e+00 8.412779569625854492e-01 1.774377673864364624e-01 -5.099490880966186523e-01
-1.521110653877258301e+00 -9.318932533264160156e+00 -8.624396324157714844e+00 9.106418609619140625e+00 -3.518966674804687500e+00
3.739138841629028320e+00 -8.347687721252441406e+00 1.004469394683837891e+00 4.336534142494201660e-01 -3.660028576850891113e-01
