-1.396428197622299194e-01 4.772985875606536865e-01 3.734248578548431396e-01 -7.211898267269134521e-02 1.782035082578659058e-01 1.784447282552719116e-01 6.752903014421463013e-02 -3.214045763015747070e-01 -1.246311515569686890e-01 2.729700207710266113e-01 2.446397244930267334e-01 2.976509276777505875e-03 3.925414383411407471e-01 1.384776979684829712e-01 -2.224085628986358643e-01
-1.977350264787673950e-01 -1.986006274819374084e-02 7.356594502925872803e-02 -2.423991262912750244e-01 2.472186684608459473e-01 -1.191219761967658997e-01 -3.911718353629112244e-02 -4.040040671825408936e-01 6.340442597866058350e-02 2.253227494657039642e-02 -4.458394646644592285e-01 -2.609556317329406738e-01 4.033305644989013672e-01 1.733239442110061646e-01 -2.552404105663299561e-01
5.623240396380424500e-02 9.563708305358886719e-02 -2.179194539785385132e-01 -7.002887874841690063e-02 1.081910729408264160e-01 -6.254446506500244141e-02 -1.016386970877647400e-02 -4.583918452262878418e-01 -2.149431556463241577e-01 -3.591074049472808838e-01 -1.258722841739654541e-01 -3.140131756663322449e-02 3.060096800327301025e-01 6.204300560057163239e-03 -7.113039959222078323e-03
1.013135444372892380e-02 3.537276014685630798e-02 -5.505476891994476318e-02 -3.141089975833892822e-01 -7.449024915695190430e-02 -1.222749007865786552e-03 -1.581395119428634644e-01 4.868804663419723511e-02 8.358988165855407715e-02 -3.786284029483795166e-01 -1.138826087117195129e-01 3.333215117454528809e-01 1.383141428232192993e-01 -3.399258553981781006e-01 6.746847182512283325e-02
-2.825057506561279297e-01 3.541376292705535889e-01 6.850853562355041504e-02 -4.732834398746490479e-01 2.389107942581176758e-01 -9.527532011270523071e-02 -1.079934909939765930e-01 -4.768045842647552490e-01 2.686713449656963348e-02 -1.373485922813415527e-01 -4.054084122180938721e-01 -3.350377082824707031e-01 4.681377112865447998e-01 2.195003628730773926e-02 -1.146753802895545959e-01
-1.336678415536880493e-01 1.032254621386528015e-01 5.533868074417114258e-02 -2.703780531883239746e-01 1.732181310653686523e-01 -1.057288274168968201e-01 -1.179821714758872986e-01 -3.676623702049255371e-01 -8.193966746330261230e-02 1.212160103023052216e-02 -2.392679154872894287e-01 -9.696699678897857666e-02 1.857147514820098877e-01 2.811020612716674805e-02 -6.706813722848892212e-02
3.989325091242790222e-02 9.246689826250076294e-02 -1.297647207975387573e-01 1.041604503989219666e-01 7.827305793762207031e-02 -6.505605764687061310e-03 -4.763002321124076843e-02 -2.009148299694061279e-01 -2.089016586542129517e-01 -2.855617403984069824e-01 -7.304957509040832520e-02 8.362950757145881653e-03 1.717199683189392090e-01 -1.230673491954803467e-01 1.852497160434722900e-01
-5.922589451074600220e-02 4.508822560310363770e-01 -1.829835027456283569e-01 1.112441271543502808e-01 2.187089920043945312e-01 1.578859612345695496e-02 1.118425950407981873e-01 -3.405717313289642334e-01 -2.412383444607257843e-02 -9.213272482156753540e-02 -3.392350301146507263e-02 -9.715862572193145752e-02 3.663192093372344971e-01 -1.297128051519393921e-01 1.337094604969024658e-01
4.731070622801780701e-02 9.737155586481094360e-02 -7.398425601422786713e-03 -3.741944432258605957e-01 -5.337113142013549805e-02 -1.211753953248262405e-02 -2.663152813911437988e-01 6.192208826541900635e-02 2.086412906646728516e-01 -4.959836229681968689e-02 -4.722100868821144104e-02 1.850143074989318848e-01 1.854531615972518921e-01 -1.480683833360671997e-01 1.868593543767929077e-01
-3.080403208732604980e-01 1.904252022504806519e-01 2.345550246536731720e-02 -3.847738504409790039e-01 2.496992349624633789e-01 -1.158438697457313538e-01 -7.889592647552490234e-02 -3.252023160457611084e-01 -1.979633606970310211e-02 -1.544601619243621826e-01 -3.729232549667358398e-01 2.502092905342578888e-02 1.788812428712844849e-01 -4.965542256832122803e-02 -8.837696909904479980e-02
-1.201683208346366882e-01 3.553066253662109375e-01 1.442137807607650757e-01 2.760765841230750084e-03 1.729579418897628784e-01 1.687563210725784302e-01 2.712370827794075012e-02 -9.183978289365768433e-02 -1.816869974136352539e-01 2.462394833564758301e-01 2.254776358604431152e-01 -3.165360912680625916e-02 4.109073281288146973e-01 2.384514361619949341e-01 -1.394772231578826904e-01
-2.940845862030982971e-02 4.037221968173980713e-01 1.223066225647926331e-01 -1.067445352673530579e-01 3.046606481075286865e-01 1.628066748380661011e-01 1.516100019216537476e-01 -3.147042356431484222e-03 -1.468165814876556396e-01 9.128008782863616943e-02 5.982780084013938904e-02 -5.612063035368919373e-02 3.045282959938049316e-01 1.005140542984008789e-01 -1.511561423540115356e-01
-2.049241960048675537e-02 2.771327793598175049e-01 -2.235208451747894287e-01 1.234059259295463562e-01 7.400654256343841553e-02 1.041243001818656921e-01 -3.934467956423759460e-02 -1.364793926477432251e-01 -1.833930015563964844e-01 -2.016162574291229248e-01 4.310858622193336487e-02 3.653528168797492981e-02 2.643805742263793945e-01 -1.188812106847763062e-01 5.286096408963203430e-02
-1.727803498506546021e-01 5.228536203503608704e-02 -4.285953938961029053e-02 -4.028779864311218262e-01 3.515089750289916992e-01 -6.845621764659881592e-02 1.464582830667495728e-01 -4.635640680789947510e-01 1.089873015880584717e-01 -3.323180973529815674e-01 -4.833846092224121094e-01 -2.062185108661651611e-01 2.362790256738662720e-01 3.666988015174865723e-02 -1.389053165912628174e-01
-1.012543216347694397e-01 1.281640678644180298e-01 5.165638029575347900e-02 -3.657829761505126953e-01 -9.758536517620086670e-02 5.236102268099784851e-02 -3.527645468711853027e-01 2.484055608510971069e-01 1.510925889015197754e-01 -2.727391123771667480e-01 -5.730398371815681458e-02 2.196726500988006592e-01 3.570308387279510498e-01 -2.989880740642547607e-01 1.643450558185577393e-01
-7.707074983045458794e-04 2.898949384689331055e-01 -7.517343014478683472e-02 -3.061689138412475586e-01 2.025874704122543335e-01 -5.656585469841957092e-02 9.912777692079544067e-03 -3.691588640213012695e-01 4.107259958982467651e-02 -3.238745406270027161e-02 -4.006665647029876709e-01 -7.284335792064666748e-02 1.936724334955215454e-01 -6.742668151855468750e-02 -8.240302652120590210e-02
-8.165655285120010376e-02 3.627919256687164307e-01 -2.455503493547439575e-01 -1.030811369419097900e-01 2.831051945686340332e-01 -2.813666313886642456e-02 7.094251364469528198e-02 -3.029667437076568604e-01 -1.722872555255889893e-01 -2.117656469345092773e-01 -6.425293628126382828e-03 -2.742162346839904785e-01 5.033465847373008728e-02 -1.052402034401893616e-01 6.188925728201866150e-02
-7.827768474817276001e-02 3.133278787136077881e-01 -1.159405037760734558e-01 -3.817367851734161377e-01 2.893137931823730469e-01 9.339536540210247040e-03 -8.691576868295669556e-02 -3.006997704505920410e-01 1.246514394879341125e-01 -1.496171057224273682e-01 -4.019027650356292725e-01 -1.805917024612426758e-01 2.421946227550506592e-01 -6.111185252666473389e-02 -5.523079261183738708e-02
-2.541421055793762207e-01 2.098879665136337280e-01 -6.833105348050594330e-03 -2.706939280033111572e-01 2.657933831214904785e-01 -1.506806015968322754e-01 -8.431103080511093140e-02 -4.200639724731445312e-01 -1.068699453026056290e-02 -2.580918967723846436e-01 -3.912364840507507324e-01 -1.293885111808776855e-01 2.702352702617645264e-01 1.714979112148284912e-02 -2.647827193140983582e-02
-2.681726813316345215e-01 9.575932472944259644e-02 1.447669863700866699e-01 -4.878008663654327393e-01 2.061964571475982666e-01 -3.574857488274574280e-02 -6.620168685913085938e-02 -4.531128704547882080e-01 1.147237271070480347e-01 -1.212437748908996582e-01 -3.745111227035522461e-01 -1.545756459236145020e-01 2.052069455385208130e-01 8.226497471332550049e-02 -8.533274382352828979e-02
4.369853809475898743e-02 5.150198340415954590e-01 4.441918432712554932e-01 3.174782171845436096e-02 2.194969207048416138e-01 1.307068318128585815e-01 1.456258893013000488e-01 -1.984230428934097290e-01 -1.063705161213874817e-01 2.608076930046081543e-01 1.665669232606887817e-01 -1.458467841148376465e-01 4.397667348384857178e-01 1.479863524436950684e-01 -2.491993755102157593e-01
-1.092524151317775249e-03 4.432947039604187012e-01 2.191155701875686646e-01 -8.672963082790374756e-02 1.059415787458419800e-01 1.223729476332664490e-01 5.557525902986526489e-03 -5.449898540973663330e-02 -1.918752193450927734e-01 2.543063163757324219e-01 7.833623886108398438e-02 -1.343155205249786377e-01 4.798370003700256348e-01 -1.099748015403747559e-01 -7.792019098997116089e-02
-3.156727254390716553e-01 -1.930723339319229126e-01 9.803549386560916901e-03 -1.357055902481079102e-01 -7.142148911952972412e-02 -2.397199422121047974e-01 -4.636511579155921936e-02 9.455639868974685669e-02 -2.528905868530273438e-01 -2.580291628837585449e-01 -3.647928535938262939e-01 1.936726272106170654e-01 9.435605257749557495e-02 -1.477684825658798218e-01 2.459413707256317139e-01
3.228663280606269836e-02 2.234317660331726074e-01 -1.246214359998703003e-01 2.677074261009693146e-02 2.266290187835693359e-01 2.560330554842948914e-02 -1.998963579535484314e-02 -3.547396659851074219e-01 -1.030725464224815369e-01 -1.558755338191986084e-01 7.875354588031768799e-02 6.689282599836587906e-03 3.025678396224975586e-01 -9.617294371128082275e-02 5.179242417216300964e-02
-2.612426280975341797e-01 1.077585294842720032e-01 -7.845953106880187988e-02 -4.443285465240478516e-01 2.255022972822189331e-01 -9.901235997676849365e-02 -1.073549315333366394e-01 -2.339806556701660156e-01 -7.472390681505203247e-02 -2.307046651840209961e-01 -4.878108799457550049e-01 -1.246180236339569092e-01 2.130837887525558472e-01 -1.691526472568511963e-01 -6.610231101512908936e-02
-8.776286989450454712e-02 3.953712284564971924e-01 9.074188023805618286e-02 -4.270220994949340820e-01 2.741630971431732178e-01 -2.294941619038581848e-02 -1.193947866559028625e-01 -2.668365538120269775e-01 1.938020996749401093e-02 -9.564260020852088928e-03 -3.753940165042877197e-01 -3.655206561088562012e-01 3.224245011806488037e-01 -8.445836603641510010e-02 -1.911473572254180908e-01
-2.781402766704559326e-01 -3.549790084362030029e-01 2.312656790018081665e-01 1.000370532274246216e-01 1.153236348181962967e-02 -3.594786524772644043e-01 1.051684543490409851e-01 1.992581635713577271e-01 -2.969172596931457520e-01 -1.619424819946289062e-01 -7.784208655357360840e-02 1.108756065368652344e-01 2.123989015817642212e-01 -1.419932544231414795e-01 4.461707174777984619e-01
7.327843457460403442e-02 3.630636930465698242e-01 -9.701225161552429199e-02 7.729016244411468506e-02 8.345448225736618042e-02 1.838745176792144775e-02 1.809032633900642395e-02 -1.662168353796005249e-01 -2.381577193737030029e-01 -1.669132411479949951e-01 1.499709039926528931e-01 -9.785456210374832153e-02 1.812570542097091675e-01 -1.453007608652114868e-01 5.722600594162940979e-02
-1.791991144418716431e-01 -4.358426108956336975e-02 2.138577215373516083e-02 -8.100745081901550293e-02 1.336832763627171516e-03 -2.400919795036315918e-01 1.030966341495513916e-01 1.579921394586563110e-01 -2.101616859436035156e-01 -1.266030818223953247e-01 -1.921102404594421387e-01 2.832740731537342072e-02 9.222814440727233887e-02 -2.079052180051803589e-01 8.869761973619461060e-02
1.150666773319244385e-01 -9.677588241174817085e-04 -2.370717078447341919e-01 1.638783328235149384e-02 1.470641642808914185e-01 -5.018419399857521057e-02 1.939383298158645630e-01 -1.783282011747360229e-01 -7.074311375617980957e-02 -1.766118109226226807e-01 3.538778051733970642e-02 -1.134316027164459229e-01 2.288007438182830811e-01 -3.990484029054641724e-02 5.462992563843727112e-02
-1.167192980647087097e-01 4.697955846786499023e-01 3.821118175983428955e-01 -1.652334630489349365e-01 3.481531739234924316e-01 2.299161553382873535e-01 1.895716339349746704e-01 -2.211122959852218628e-02 -1.268853992223739624e-01 -5.503025278449058533e-02 7.624055445194244385e-02 -7.970258593559265137e-02 3.559372127056121826e-01 1.036495789885520935e-01 -2.630869150161743164e-01
2.724304096773266792e-03 2.007518410682678223e-01 -4.763387143611907959e-02 -5.055676400661468506e-02 1.080993041396141052e-01 3.233330324292182922e-02 -8.426233381032943726e-02 -2.404352575540542603e-01 -1.558278501033782959e-01 -1.557918637990951538e-01 1.195698790252208710e-02 1.459474861621856689e-01 9.370304644107818604e-02 -8.502314984798431396e-02 4.136639460921287537e-02
-1.625131815671920776e-02 1.507995873689651489e-01 7.011789083480834961e-02 -2.619426548480987549e-01 -3.292471542954444885e-02 1.911862790584564209e-01 -1.943797618150711060e-01 -1.523079723119735718e-01 6.637396663427352905e-02 -3.418815433979034424e-01 -1.436343230307102203e-02 2.134370207786560059e-01 1.987756639719009399e-01 -1.530257016420364380e-01 7.688638567924499512e-02
3.031793283298611641e-03 5.666729994118213654e-03 1.335908621549606323e-01 -3.679816126823425293e-01 -5.178156308829784393e-03 8.186241984367370605e-02 -2.515038847923278809e-01 -7.870449870824813843e-02 1.648542881011962891e-01 -3.220161497592926025e-01 -1.559763103723526001e-01 2.235540002584457397e-01 1.320813000202178955e-01 -7.624965906143188477e-02 7.519496232271194458e-02
-3.839737772941589355e-01 2.105782926082611084e-01 -6.457580626010894775e-02 -4.065054357051849365e-01 2.085012793540954590e-01 -9.475518018007278442e-02 -1.095763817429542542e-01 -4.359176456928253174e-01 -2.949093468487262726e-02 -1.873576343059539795e-01 -5.199782848358154297e-01 -2.055118680000305176e-01 4.046493172645568848e-01 -1.512357294559478760e-01 -1.388956308364868164e-01
-1.828600913286209106e-01 8.748849481344223022e-02 4.576706886291503906e-02 -3.539091348648071289e-01 2.836991548538208008e-01 -3.291139379143714905e-02 -1.250196844339370728e-01 -3.074286282062530518e-01 1.270896047353744507e-01 -2.325766719877719879e-02 -4.000720083713531494e-01 -1.773388981819152832e-01 1.969846189022064209e-01 8.768309652805328369e-02 -2.483959496021270752e-01
-7.755599170923233032e-02 3.751476705074310303e-01 3.064456284046173096e-01 -8.673135191202163696e-02 1.231402009725570679e-01 2.262800186872482300e-01 -1.448649317026138306e-01 4.053401947021484375e-02 -1.638741642236709595e-01 2.158437967300415039e-01 1.712843775749206543e-01 -2.016657888889312744e-01 5.537822246551513672e-01 -1.148141827434301376e-02 -1.074024364352226257e-01
-2.853807760402560234e-03 3.650075495243072510e-01 -5.422717332839965820e-02 5.737598612904548645e-02 2.258653044700622559e-01 5.440445616841316223e-02 1.520626619458198547e-02 -4.512259960174560547e-01 -9.290604293346405029e-02 -2.973309159278869629e-01 -2.629019506275653839e-02 -9.183067083358764648e-02 3.328888714313507080e-01 -1.413646787405014038e-01 2.086928784847259521e-01
-6.786361336708068848e-02 5.157387852668762207e-01 -1.302386820316314697e-01 1.346976868808269501e-02 2.040731310844421387e-01 4.176107421517372131e-02 -9.446889907121658325e-02 -4.277307093143463135e-01 -1.401610672473907471e-01 2.778902463614940643e-02 -5.916518345475196838e-02 -1.390419006347656250e-01 2.834947109222412109e-01 -1.972721070051193237e-01 1.329287290573120117e-01
4.202086851000785828e-02 3.797115683555603027e-01 6.046065092086791992e-01 -1.064982265233993530e-01 1.242326796054840088e-01 2.847697734832763672e-01 1.307389587163925171e-01 7.563918828964233398e-02 -1.441822499036788940e-01 1.752098947763442993e-01 -5.914935842156410217e-02 -9.801885485649108887e-02 3.168011009693145752e-01 1.456710994243621826e-01 -1.674750447273254395e-01
-2.650681436061859131e-01 -4.052115976810455322e-01 2.230031639337539673e-01 1.087289117276668549e-02 1.062687188386917114e-01 -3.350373506546020508e-01 -4.186071082949638367e-02 2.005300298333168030e-02 -3.517175614833831787e-01 -2.660663723945617676e-01 -2.625300586223602295e-01 1.564925014972686768e-01 1.369061619043350220e-01 1.818662136793136597e-02 4.668485224246978760e-01
-2.331826239824295044e-01 2.241267561912536621e-01 -2.900828234851360321e-02 -3.827726244926452637e-01 2.584795653820037842e-01 -5.214454606175422668e-02 -8.806931227445602417e-02 -3.788081109523773193e-01 1.488432195037603378e-02 -1.820022463798522949e-01 -4.765917360782623291e-01 -9.030038118362426758e-02 2.647396028041839600e-01 2.768646180629730225e-02 -1.638974398374557495e-01
5.406668409705162048e-02 -3.530263528227806091e-02 -1.800750754773616791e-02 -2.670770883560180664e-01 -2.997058909386396408e-04 9.388647228479385376e-02 -1.564643085002899170e-01 6.804218888282775879e-02 3.856490366160869598e-03 -3.858432769775390625e-01 -1.325953602790832520e-01 2.687391340732574463e-01 2.063894122838973999e-01 -2.513043582439422607e-01 1.849543601274490356e-01
-6.472604721784591675e-02 -5.505286529660224915e-02 -4.085952043533325195e-02 -1.552212387323379517e-01 1.067123338580131531e-01 -3.519248915836215019e-03 -5.308238044381141663e-02 8.030050992965698242e-02 -5.772370472550392151e-02 -3.119161725044250488e-01 -5.950429663062095642e-02 3.617120161652565002e-02 5.438938364386558533e-02 -2.214395105838775635e-01 1.501236110925674438e-01
1.720969006419181824e-02 2.323259711265563965e-01 -2.326240204274654388e-02 -4.927572980523109436e-02 1.759535670280456543e-01 -3.588733449578285217e-02 -4.123134538531303406e-02 -1.738446354866027832e-01 -1.786143630743026733e-01 -1.451571434736251831e-01 3.168770298361778259e-02 2.736391965299844742e-03 1.426138579845428467e-01 -1.459147483110427856e-01 1.755121946334838867e-01
-3.308098912239074707e-01 2.445210665464401245e-01 -8.307113312184810638e-03 -3.700419068336486816e-01 3.437936604022979736e-01 -7.591379433870315552e-02 -1.552757471799850464e-01 -3.207455873489379883e-01 -4.094624519348144531e-02 -1.885937750339508057e-01 -3.262978494167327881e-01 -3.257248997688293457e-01 3.333857953548431396e-01 -3.004844486713409424e-02 -1.645031124353408813e-01
-3.379915952682495117e-01 5.410241708159446716e-02 -8.343568444252014160e-02 -4.774579405784606934e-01 1.559332609176635742e-01 -1.720715463161468506e-01 -1.818934231996536255e-01 -3.369064331054687500e-01 2.664259634912014008e-03 -1.144488379359245300e-01 -4.886574447154998779e-01 -4.210194572806358337e-02 1.989975273609161377e-01 -7.072664797306060791e-02 -1.057731211185455322e-01
1.701503098011016846e-01 -1.787114441394805908e-01 -1.334065105766057968e-02 -1.613831520080566406e-01 8.540221303701400757e-02 2.396586984395980835e-01 -2.191755771636962891e-01 8.798081427812576294e-02 1.000730097293853760e-01 -4.284617900848388672e-01 -1.242634132504463196e-01 5.659437552094459534e-02 1.416506618261337280e-01 -1.783319264650344849e-01 -4.635251685976982117e-02
-2.992717027664184570e-01 2.976563870906829834e-01 3.598452508449554443e-01 -1.443717479705810547e-01 3.614011406898498535e-01 1.802854686975479126e-01 -5.869527813047170639e-04 -1.414923369884490967e-01 -1.118264868855476379e-01 2.968282811343669891e-02 1.309303045272827148e-01 4.800320044159889221e-02 3.605215847492218018e-01 1.449042260646820068e-01 -9.501763433218002319e-02
1.105500832200050354e-01 1.351582556962966919e-01 -1.176911890506744385e-01 -3.414611220359802246e-01 -5.544699728488922119e-02 5.469825491309165955e-02 -2.257697731256484985e-01 -1.553438305854797363e-01 2.103914171457290649e-01 -1.188902035355567932e-01 -1.211629435420036316e-01 5.474466457962989807e-02 2.689986824989318848e-01 -3.464807271957397461e-01 9.848053008317947388e-02
-2.370773851871490479e-01 -1.331014782190322876e-01 1.141399592161178589e-01 -7.084371894598007202e-02 -4.695823788642883301e-02 -2.664110362529754639e-01 -1.202442571520805359e-01 9.722295403480529785e-02 -1.395922005176544189e-01 -8.718996495008468628e-02 -2.269692718982696533e-01 2.547834813594818115e-01 1.010597348213195801e-01 -1.466437727212905884e-01 1.762874424457550049e-01
-1.790835335850715637e-02 -9.233499877154827118e-03 -5.705550312995910645e-02 -4.381806254386901855e-01 -6.838017702102661133e-02 1.328961085528135300e-02 -2.686211764812469482e-01 1.615421026945114136e-01 1.297812908887863159e-01 -2.466759383678436279e-01 -1.067780852317810059e-01 1.865041255950927734e-01 2.209631055593490601e-01 -3.141851723194122314e-01 8.085788041353225708e-02
-1.314297020435333252e-01 -3.838502466678619385e-01 1.593044847249984741e-01 3.958162292838096619e-02 7.574114203453063965e-02 -2.402946949005126953e-01 -5.821236595511436462e-02 1.255684047937393188e-01 -2.814799547195434570e-01 -1.890349984169006348e-01 -1.073582619428634644e-01 2.469194829463958740e-01 5.645429342985153198e-02 -3.464721888303756714e-02 3.975410461425781250e-01
1.458607316017150879e-01 7.796449214220046997e-02 -1.274909973144531250e-01 -3.900405466556549072e-01 -7.284535467624664307e-02 2.904706597328186035e-01 -1.896976679563522339e-01 3.870782628655433655e-02 1.247234940528869629e-01 -2.101727426052093506e-01 -1.258371174335479736e-01 2.237629592418670654e-01 3.788676485419273376e-02 -3.877751529216766357e-01 6.468982249498367310e-02
-1.149744093418121338e-01 -3.129655718803405762e-01 7.574832439422607422e-02 1.865463107824325562e-01 2.382004074752330780e-02 -1.276387125253677368e-01 4.317769780755043030e-02 1.458116471767425537e-01 -2.661801874637603760e-01 -3.250803947448730469e-01 -1.525675356388092041e-01 1.276427805423736572e-01 1.363336853682994843e-02 -1.605213880538940430e-01 2.631177008152008057e-01
-5.379104986786842346e-02 4.298227727413177490e-01 6.276094913482666016e-01 -1.243191398680210114e-02 9.290615469217300415e-02 1.182707995176315308e-01 1.311479955911636353e-01 -3.716391697525978088e-02 -7.065796107053756714e-02 3.671433776617050171e-02 4.122642800211906433e-02 -1.097215116024017334e-01 3.783867061138153076e-01 2.355018258094787598e-01 -2.234822809696197510e-01
-2.612933516502380371e-01 2.455828785896301270e-01 4.617311060428619385e-02 -4.245161414146423340e-01 2.527332901954650879e-01 -7.746780663728713989e-02 -4.789172485470771790e-02 -4.080463051795959473e-01 5.922428891062736511e-02 -1.273426860570907593e-01 -4.949025213718414307e-01 -4.032217264175415039e-01 3.760194778442382812e-01 8.513115346431732178e-02 -2.784814536571502686e-01
-2.064361050724983215e-02 2.673871219158172607e-01 3.842934668064117432e-01 -2.955316901206970215e-01 2.295888364315032959e-01 2.287950217723846436e-01 -3.178880736231803894e-02 6.615174561738967896e-02 -1.738220453262329102e-01 2.103234380483627319e-01 5.371433123946189880e-02 -1.223753094673156738e-01 3.276948332786560059e-01 3.091308474540710449e-02 -1.109255477786064148e-01
6.148706749081611633e-02 1.631494909524917603e-01 -2.060907334089279175e-01 -1.430265307426452637e-01 -5.356193706393241882e-02 4.542726092040538788e-03 -8.223071694374084473e-02 6.543783098459243774e-02 5.382957868278026581e-03 -1.930349469184875488e-01 -4.576491191983222961e-02 1.921627819538116455e-01 2.004075348377227783e-01 -2.004571557044982910e-01 1.217119693756103516e-01
1.296771597117185593e-02 3.783597424626350403e-02 -7.595106214284896851e-02 -2.596038579940795898e-01 -1.223290562629699707e-01 -9.574811160564422607e-02 -1.127158775925636292e-01 6.932421028614044189e-02 1.658025085926055908e-01 -1.446114778518676758e-01 -1.014901101589202881e-01 2.188311219215393066e-01 1.900364309549331665e-01 -1.910516470670700073e-01 9.321820735931396484e-02
-3.119729161262512207e-01 5.154927372932434082e-01 3.593783676624298096e-01 -2.164969295263290405e-01 1.445820778608322144e-01 2.666535973548889160e-01 -1.320736259222030640e-01 -2.125757485628128052e-01 -9.890889376401901245e-02 1.400533914566040039e-01 -8.292379975318908691e-02 -4.589138086885213852e-03 3.080731332302093506e-01 1.391994655132293701e-01 -2.695711851119995117e-01
-5.512515828013420105e-02 4.748558104038238525e-01 4.021401107311248779e-01 -5.369388684630393982e-02 2.684990167617797852e-01 2.000000029802322388e-01 2.478699758648872375e-02 -2.223583757877349854e-01 -1.589863747358322144e-01 4.493997246026992798e-02 1.645260751247406006e-01 -8.062240481376647949e-02 4.796565771102905273e-01 1.947441250085830688e-01 -9.734090417623519897e-02
-1.372784525156021118e-01 2.279397249221801758e-01 -1.175268217921257019e-01 -1.616290807723999023e-01 9.351027011871337891e-02 -1.332971751689910889e-01 3.180884197354316711e-02 -3.680956661701202393e-01 -1.230604648590087891e-01 -2.723418474197387695e-01 -1.376694440841674805e-01 -8.128406107425689697e-02 2.851139605045318604e-01 -8.660109341144561768e-02 1.268419623374938965e-01
-2.347528636455535889e-01 -2.052924036979675293e-01 1.223006024956703186e-01 1.045884490013122559e-01 -1.242808923125267029e-01 -2.806998491287231445e-01 -6.645465642213821411e-02 1.249061524868011475e-01 -2.818850278854370117e-01 -2.203864753246307373e-01 -1.738880276679992676e-01 2.039102464914321899e-01 7.573125883936882019e-03 -1.574302464723587036e-01 2.964927852153778076e-01
-3.379570320248603821e-02 8.546014316380023956e-03 9.274999797344207764e-02 -3.508934676647186279e-01 6.576243042945861816e-02 6.521719507873058319e-03 -1.018762066960334778e-01 2.478766590356826782e-01 -2.163300104439258575e-02 -4.444282650947570801e-01 -3.975171968340873718e-02 1.992506682872772217e-01 1.386207789182662964e-01 -2.767292261123657227e-01 1.344328001141548157e-02
-4.838449135422706604e-02 2.536967804189771414e-04 -1.095904484391212463e-01 -3.886975944042205811e-01 -8.026501536369323730e-02 4.647715017199516296e-02 -2.266515344381332397e-01 2.484399676322937012e-01 1.255103796720504761e-01 -4.880214035511016846e-01 -2.170569002628326416e-01 1.402411162853240967e-01 7.638400793075561523e-02 -3.028077781200408936e-01 1.159353777766227722e-01
1.018040906637907028e-02 2.715069353580474854e-01 -3.177870064973831177e-02 -1.065437644720077515e-01 1.686386913061141968e-01 1.275222003459930420e-01 1.405698657035827637e-01 -4.634181261062622070e-01 -3.671967983245849609e-02 -2.471588253974914551e-01 1.516422182321548462e-01 6.685140728950500488e-02 2.509923577308654785e-01 -3.522276878356933594e-02 1.094322800636291504e-01
-2.397368401288986206e-01 1.723540574312210083e-01 -1.693752855062484741e-01 -3.352357149124145508e-01 2.610241174697875977e-01 -3.530581668019294739e-02 -1.191896423697471619e-01 -3.277799785137176514e-01 7.888402044773101807e-02 -2.154830656945705414e-02 -2.831455469131469727e-01 -1.001880466938018799e-01 3.124566376209259033e-01 -4.379301331937313080e-03 -3.081171587109565735e-02
-2.738291025161743164e-01 -2.509489953517913818e-01 2.042241990566253662e-01 4.479399695992469788e-02 -6.658485531806945801e-02 -2.901960015296936035e-01 1.084334775805473328e-01 2.381412833929061890e-01 -3.400077223777770996e-01 -2.656618654727935791e-01 -1.508979648351669312e-01 2.358935475349426270e-01 1.990742236375808716e-01 1.008485332131385803e-01 2.933872342109680176e-01
-1.685141623020172119e-01 -1.277543157339096069e-01 2.960997633635997772e-02 -1.440422423183917999e-02 -1.826140284538269043e-01 -3.179108500480651855e-01 4.205397143959999084e-02 1.144686788320541382e-01 -2.542893886566162109e-01 -7.558074593544006348e-02 -1.916131079196929932e-01 2.408678829669952393e-01 3.574514761567115784e-02 -5.860930681228637695e-02 1.672858297824859619e-01
2.725924178957939148e-02 2.322025895118713379e-01 -2.450003772974014282e-01 1.269681751728057861e-01 9.073567390441894531e-02 1.951595768332481384e-02 -8.973162621259689331e-03 -2.454043477773666382e-01 -1.505763679742813110e-01 -4.663561657071113586e-02 9.420266002416610718e-02 -5.770474299788475037e-02 3.428840041160583496e-01 -1.909794956445693970e-01 1.613146066665649414e-01
3.643931820988655090e-02 6.578830629587173462e-02 -1.019994765520095825e-01 1.014984846115112305e-01 1.652445346117019653e-01 -2.775586768984794617e-02 3.384091332554817200e-02 -4.057883620262145996e-01 6.395015120506286621e-02 4.752003774046897888e-02 4.768624529242515564e-02 -7.340997457504272461e-02 1.853749454021453857e-01 1.226028725504875183e-01 2.054855227470397949e-01
-2.211489826440811157e-01 1.885756850242614746e-01 -9.585890918970108032e-02 -1.333689242601394653e-01 2.805108428001403809e-01 -4.001181200146675110e-02 -1.550941467285156250e-01 -2.648827731609344482e-01 6.539363414049148560e-02 -1.812031567096710205e-01 -3.223383128643035889e-01 -4.043221101164817810e-02 2.334103882312774658e-01 -2.998378872871398926e-02 -1.053404584527015686e-01
4.194794967770576477e-02 3.004360571503639221e-02 -1.434163004159927368e-01 -3.014730811119079590e-01 -1.760423779487609863e-01 1.110061779618263245e-01 -2.608860135078430176e-01 1.791679263114929199e-01 1.776418834924697876e-01 -1.493741422891616821e-01 -3.034836985170841217e-02 3.645630180835723877e-01 2.123823314905166626e-01 -4.197559654712677002e-01 1.421165764331817627e-01
-2.030351012945175171e-01 6.074264645576477051e-01 7.894613146781921387e-01 -3.202572837471961975e-02 7.674936205148696899e-02 2.245755046606063843e-01 -1.530153155326843262e-01 -2.862609922885894775e-01 -1.816062778234481812e-01 3.910591602325439453e-01 5.463936552405357361e-02 -7.532274723052978516e-02 6.923367381095886230e-01 2.153246104717254639e-01 -2.049739658832550049e-01
-6.227593496441841125e-02 4.521639272570610046e-02 6.809980422258377075e-02 -4.171164333820343018e-01 -6.910691410303115845e-02 3.153703734278678894e-02 -9.402696043252944946e-02 2.470246851444244385e-01 7.073874771595001221e-02 -3.488187193870544434e-01 -1.658067703247070312e-01 4.357396960258483887e-01 1.439151614904403687e-01 -1.644818037748336792e-01 9.069501608610153198e-02
-1.425159573554992676e-01 4.123647511005401611e-01 -1.756246238946914673e-01 9.859950095415115356e-02 3.252140879631042480e-01 4.986901953816413879e-02 2.158091515302658081e-01 -3.684082925319671631e-01 -1.728133261203765869e-01 -8.119061589241027832e-02 2.581554949283599854e-01 -1.970083564519882202e-01 2.864742577075958252e-01 7.825874490663409233e-04 1.505748331546783447e-01
-6.041485443711280823e-02 7.514125108718872070e-02 3.314032405614852905e-02 -3.354411721229553223e-01 -1.352964043617248535e-01 7.631004601716995239e-02 -2.537319958209991455e-01 4.731174930930137634e-02 1.387640088796615601e-01 -3.007783591747283936e-01 -1.313263326883316040e-01 2.143788933753967285e-01 1.194755136966705322e-01 -1.679498255252838135e-01 1.529210656881332397e-01
7.925819605588912964e-02 4.764482080936431885e-01 5.224204063415527344e-02 2.113115601241588593e-02 4.102456569671630859e-01 3.502951189875602722e-02 8.249341696500778198e-02 -3.957021832466125488e-01 -1.626993715763092041e-01 -4.691832885146141052e-02 4.613665398210287094e-03 -1.587496101856231689e-01 4.389990568161010742e-01 -1.479175090789794922e-01 2.161731719970703125e-01
7.293953746557235718e-02 -1.681419834494590759e-02 -9.497252106666564941e-02 -3.054935038089752197e-01 -8.359181880950927734e-02 2.001150324940681458e-02 -2.025905102491378784e-01 1.158058717846870422e-01 3.651649504899978638e-02 -2.789618670940399170e-01 -9.097939729690551758e-02 7.986757159233093262e-02 1.146442145109176636e-01 -3.048827946186065674e-01 6.139155011624097824e-03
-1.559994071722030640e-01 -1.040242686867713928e-01 1.198533624410629272e-01 -3.879065513610839844e-01 -1.078151315450668335e-01 6.825391203165054321e-02 -3.845745325088500977e-01 2.223409563302993774e-01 4.036883264780044556e-02 -3.234631717205047607e-01 -2.733953297138214111e-01 2.799434363842010498e-01 3.568062484264373779e-01 -2.594209015369415283e-01 1.846087723970413208e-01
3.931368514895439148e-02 3.050128519535064697e-01 5.456496477127075195e-01 -4.287438467144966125e-03 2.148919105529785156e-01 1.455521881580352783e-01 7.305427640676498413e-02 5.400692112743854523e-03 -1.414716988801956177e-01 -6.361252162605524063e-04 8.810636401176452637e-02 -8.074536919593811035e-02 4.615321457386016846e-01 1.586534976959228516e-01 -1.390897035598754883e-01
-2.005428224802017212e-01 2.333548814058303833e-01 1.581177301704883575e-02 -2.985131144523620605e-01 7.191948592662811279e-02 -1.072794422507286072e-01 -7.392743229866027832e-02 -2.684814333915710449e-01 -7.740494608879089355e-02 -6.274183094501495361e-02 -3.873877823352813721e-01 -8.034875988960266113e-02 2.647113800048828125e-01 6.859970837831497192e-02 -1.167866960167884827e-02
-2.388588041067123413e-01 3.897333890199661255e-02 -4.378159344196319580e-02 -4.350737333297729492e-01 2.682899832725524902e-01 -3.584835305809974670e-02 -7.980661094188690186e-02 -2.494803667068481445e-01 1.139380782842636108e-01 -2.331529743969440460e-02 -4.542784988880157471e-01 -3.360770940780639648e-01 3.376714289188385010e-01 1.159960180521011353e-01 -1.173667535185813904e-01
-3.915977850556373596e-02 4.993435144424438477e-01 3.596628010272979736e-01 3.601169958710670471e-02 1.392804924398660660e-02 3.029351830482482910e-01 -9.202469140291213989e-02 -2.282678335905075073e-01 -1.762143671512603760e-01 3.547822237014770508e-01 2.537491619586944580e-01 1.182893067598342896e-01 5.734872221946716309e-01 1.653927117586135864e-01 -3.943805024027824402e-02
-2.916046380996704102e-01 -4.178177118301391602e-01 1.650402098894119263e-01 1.093452200293540955e-01 4.100006446242332458e-02 -3.884651660919189453e-01 -5.336187407374382019e-02 4.647737368941307068e-02 -3.779218196868896484e-01 -3.119332492351531982e-01 -1.708605885505676270e-01 2.415001541376113892e-01 -1.554015465080738068e-02 -1.542295664548873901e-01 3.052128851413726807e-01
-1.939536631107330322e-01 1.503974199295043945e-01 -2.865309827029705048e-02 -4.099928140640258789e-01 1.090754568576812744e-01 -2.776347473263740540e-02 -9.236022830009460449e-02 -3.382838964462280273e-01 -5.627560615539550781e-02 -2.064267247915267944e-01 -3.496173620223999023e-01 -9.320649504661560059e-02 3.597185313701629639e-01 -1.527915801852941513e-02 -1.240740716457366943e-01
-1.789578944444656372e-01 1.288077980279922485e-01 -4.607923328876495361e-02 -4.192505180835723877e-01 1.856169551610946655e-01 -7.994576543569564819e-02 -1.682260781526565552e-01 -2.308962196111679077e-01 9.460156410932540894e-02 6.135826930403709412e-03 -3.810971081256866455e-01 -1.697354614734649658e-01 4.421221315860748291e-01 -9.335049986839294434e-02 -1.654798537492752075e-01
-1.119668502360582352e-02 2.685337066650390625e-01 2.738086283206939697e-01 -1.099204272031784058e-01 2.575330734252929688e-01 2.131522893905639648e-01 9.566519409418106079e-03 -1.372776459902524948e-02 -1.543764472007751465e-01 1.369553953409194946e-01 3.060397319495677948e-02 -3.083088807761669159e-02 3.337351679801940918e-01 8.837967365980148315e-02 -1.108779087662696838e-01
-4.575015902519226074e-01 1.624920666217803955e-01 -7.341788709163665771e-02 -2.785191535949707031e-01 1.724773049354553223e-01 -2.291131168603897095e-01 -6.398520618677139282e-02 -2.480836957693099976e-01 4.554845765233039856e-02 -1.318414509296417236e-01 -4.411749839782714844e-01 -3.865161538124084473e-01 4.712140858173370361e-01 -1.599959135055541992e-01 -3.305445611476898193e-01
-3.436158597469329834e-01 6.604120135307312012e-01 6.146554946899414062e-01 -2.095666229724884033e-01 2.451168894767761230e-01 2.050588876008987427e-01 -3.341985866427421570e-02 -1.904322057962417603e-01 -6.263855099678039551e-02 1.162782460451126099e-01 5.834297463297843933e-02 -5.572376307100057602e-03 5.366295576095581055e-01 1.181733161211013794e-01 -1.903842687606811523e-01
-3.071072995662689209e-01 5.041437745094299316e-01 3.617208600044250488e-01 -1.669377535581588745e-01 1.757929772138595581e-01 2.848307788372039795e-01 2.775189653038978577e-02 -1.705807596445083618e-01 -6.049804389476776123e-02 4.559058323502540588e-02 5.515257641673088074e-02 8.191399276256561279e-02 3.463285267353057861e-01 1.404266506433486938e-01 -2.878364622592926025e-01
1.665684510953724384e-03 4.967956840991973877e-01 -1.600456088781356812e-01 -4.981356859207153320e-02 3.689293265342712402e-01 1.719896048307418823e-01 1.691866666078567505e-01 -3.273670673370361328e-01 -8.324422687292098999e-02 -1.290910243988037109e-01 1.299431473016738892e-01 -1.286950409412384033e-01 2.425535768270492554e-01 -1.601124256849288940e-01 2.940970361232757568e-01
-1.314880996942520142e-01 1.629242673516273499e-02 -1.963997930288314819e-01 2.928505241870880127e-01 2.022008597850799561e-01 -5.810082331299781799e-02 -3.360967850312590599e-03 -1.696397811174392700e-01 -1.281515508890151978e-01 -1.984537541866302490e-01 2.646228065714240074e-03 -3.748054429888725281e-02 1.361573785543441772e-01 -5.504000186920166016e-02 3.780010342597961426e-01
-7.971144467592239380e-02 4.363282024860382080e-01 3.639197647571563721e-01 -7.988531142473220825e-02 1.633277982473373413e-01 1.898550838232040405e-01 -8.311261981725692749e-02 -1.855833679437637329e-01 -2.218055427074432373e-01 2.178925275802612305e-01 1.187489181756973267e-01 3.918731585144996643e-02 5.638191103935241699e-01 6.738790869712829590e-02 -5.443849042057991028e-02
-1.667119115591049194e-01 -3.925422728061676025e-01 6.306225061416625977e-02 4.276411607861518860e-02 2.861854247748851776e-02 -3.288411498069763184e-01 -3.454622253775596619e-02 9.231222420930862427e-02 -2.972424626350402832e-01 -3.263710737228393555e-01 -2.313180416822433472e-01 2.289611399173736572e-01 -4.100934788584709167e-02 -2.036879956722259521e-01 3.178015351295471191e-01
-2.455336004495620728e-01 -3.276644051074981689e-01 1.706267595291137695e-01 7.574002444744110107e-02 -6.449203193187713623e-02 -2.135819196701049805e-01 -8.170758932828903198e-02 2.775821089744567871e-02 -3.075354695320129395e-01 -3.298884034156799316e-01 -2.365742474794387817e-01 2.599810063838958740e-01 -1.131234616041183472e-01 -1.189004909247159958e-02 3.605839014053344727e-01
-1.974304169416427612e-01 -2.130799442529678345e-01 1.200404316186904907e-01 5.798233672976493835e-03 4.567955806851387024e-02 -2.830479145050048828e-01 -1.579061746597290039e-01 3.518611192703247070e-02 -1.576213389635086060e-01 -1.291027069091796875e-01 -1.515038013458251953e-01 3.281356096267700195e-01 9.034779667854309082e-02 -1.543804705142974854e-01 3.508743941783905029e-01
-2.784141898155212402e-01 1.620866507291793823e-01 -3.113176114857196808e-02 -2.576887011528015137e-01 2.932343184947967529e-01 -1.900089681148529053e-01 3.614368662238121033e-02 -3.346698284149169922e-01 4.584421217441558838e-02 -2.705732593312859535e-03 -3.244002461433410645e-01 -2.230671942234039307e-01 4.325618445873260498e-01 9.915784932672977448e-03 -2.446822673082351685e-01
-3.378124535083770752e-01 -2.738555073738098145e-01 2.152884304523468018e-01 -1.669675298035144806e-02 -8.861782960593700409e-03 -2.802111804485321045e-01 3.964700922369956970e-02 2.844288572669029236e-02 -3.607239127159118652e-01 -2.181629240512847900e-01 -2.337142229080200195e-01 1.696360707283020020e-01 1.463329344987869263e-01 -7.019492238759994507e-02 4.347393214702606201e-01
