2.088478654623031616e-01 5.948654934763908386e-02 -6.418774276971817017e-02 8.704500272870063782e-03 5.811524391174316406e-02 -2.170262634754180908e-01 -2.773946523666381836e-01 -2.158157899975776672e-02 1.040414497256278992e-01 -3.603384792804718018e-01 1.535371690988540649e-01 -2.551185190677642822e-01 -9.534623473882675171e-02 6.550095975399017334e-02 8.634942024946212769e-02
-6.901796907186508179e-02 2.087559551000595093e-02 -3.314995467662811279e-01 5.785836279392242432e-02 -1.802915334701538086e-02 -3.232689499855041504e-01 -1.360844969749450684e-01 -1.666622608900070190e-01 2.736106812953948975e-01 -3.134753406047821045e-01 -6.632166355848312378e-02 -1.043466776609420776e-01 -6.888088583946228027e-02 -1.404686123132705688e-01 2.767545580863952637e-01
8.419101685285568237e-02 -1.615128852427005768e-02 -3.461911156773567200e-02 3.125907480716705322e-02 -5.214832723140716553e-02 6.042345240712165833e-02 -6.354870647192001343e-02 -1.847484409809112549e-01 1.849776655435562134e-01 -2.345434278249740601e-01 3.957226406782865524e-03 -2.065724134445190430e-01 -2.521173655986785889e-01 -8.537931740283966064e-02 1.708447188138961792e-01
-6.549479812383651733e-02 6.116799637675285339e-02 1.583391241729259491e-02 -1.549497060477733612e-02 2.157495170831680298e-02 1.500565856695175171e-01 -2.001910656690597534e-01 1.622663289308547974e-01 4.689946770668029785e-01 -4.109349474310874939e-02 -1.394826471805572510e-01 -1.070933043956756592e-01 -8.962501585483551025e-02 -9.267559647560119629e-02 1.994540840387344360e-01
-1.288481503725051880e-01 1.895639300346374512e-01 -1.635187119245529175e-01 1.119709312915802002e-01 3.824228048324584961e-02 -3.024824857711791992e-01 5.451968684792518616e-02 -2.352172881364822388e-01 1.344382762908935547e-01 -3.102673292160034180e-01 -2.411909252405166626e-01 -4.093394149094820023e-03 1.118293125182390213e-02 -3.364891046658158302e-03 1.108749881386756897e-01
-1.926256343722343445e-02 5.564037337899208069e-02 -3.434577584266662598e-01 7.458703592419624329e-03 -1.006481200456619263e-01 -1.968486011028289795e-01 -2.849460840225219727e-01 -1.269234269857406616e-01 2.037073522806167603e-01 -3.488496840000152588e-01 -1.130233034491539001e-01 -7.088565826416015625e-02 -1.171119213104248047e-01 -7.217937707901000977e-02 1.508878022432327271e-01
2.052371948957443237e-01 -6.000934541225433350e-02 -2.051922827959060669e-01 2.931249327957630157e-02 -1.438803225755691528e-01 6.185552850365638733e-02 -1.989081054925918579e-01 -3.119267523288726807e-02 1.400363892316818237e-01 -3.959718644618988037e-01 -1.495862603187561035e-01 -7.789379358291625977e-02 -1.866461634635925293e-01 -1.168250963091850281e-01 2.708785608410835266e-02
1.375937163829803467e-01 -1.427242904901504517e-02 -7.687219232320785522e-02 5.926938727498054504e-03 -1.202215999364852905e-01 -2.520621754229068756e-02 -2.551392018795013428e-01 -1.424027085304260254e-01 1.245690956711769104e-01 -2.446308732032775879e-01 8.858972042798995972e-02 -1.966720521450042725e-01 -2.059562951326370239e-01 -1.400196552276611328e-01 1.910488009452819824e-01
-1.597942784428596497e-02 -4.497419670224189758e-02 2.248991429805755615e-01 -2.051315754652023315e-01 -2.325382083654403687e-01 2.138681858777999878e-01 -3.623387813568115234e-01 1.558308750391006470e-01 2.271286696195602417e-01 -1.894451677799224854e-01 -8.840466290712356567e-02 -4.825033713132143021e-03 -1.677848845720291138e-01 -1.544096916913986206e-01 1.405706256628036499e-01
-2.169813066720962524e-01 1.587452441453933716e-01 -2.503039240837097168e-01 7.268676161766052246e-02 4.643431305885314941e-02 -1.598880290985107422e-01 -4.409427195787429810e-02 -1.291093975305557251e-01 1.326276957988739014e-01 -2.497166395187377930e-01 -9.063139557838439941e-02 -6.917914748191833496e-02 -1.547150015830993652e-01 -2.023021876811981201e-01 8.056556433439254761e-02
8.545774221420288086e-02 -5.997006315737962723e-03 8.450747281312942505e-02 3.517189994454383850e-03 -3.591649234294891357e-02 9.535352140665054321e-02 -1.417841482907533646e-02 4.629493132233619690e-02 2.077511101961135864e-01 -1.784703582525253296e-01 1.401073783636093140e-01 -9.778435528278350830e-02 1.145062595605850220e-01 -1.060009300708770752e-01 2.507855296134948730e-01
-6.753388047218322754e-02 -2.744856849312782288e-02 7.743684947490692139e-02 1.206492334604263306e-01 1.333734393119812012e-02 -7.027966529130935669e-02 -1.119149923324584961e-01 -2.277850732207298279e-02 8.891513571143150330e-03 -1.246940940618515015e-01 1.430574059486389160e-01 -7.930789887905120850e-02 5.326124280691146851e-02 -8.198662847280502319e-02 3.092165589332580566e-01
2.207067161798477173e-01 -2.349252626299858093e-02 3.381287679076194763e-02 -1.882769316434860229e-01 -1.590515375137329102e-01 -3.862988576292991638e-02 -1.767188310623168945e-01 5.827396735548973083e-02 2.480910867452621460e-01 -3.915647566318511963e-01 -2.325547933578491211e-01 -1.062643975019454956e-01 -1.649322509765625000e-01 -1.769800335168838501e-01 -1.116757169365882874e-01
-1.216625049710273743e-01 1.284455358982086182e-01 -3.973240852355957031e-01 4.045234620571136475e-02 1.289921253919601440e-01 -1.263647824525833130e-01 -1.532381474971771240e-01 -1.844577491283416748e-01 2.264051288366317749e-01 -2.568192780017852783e-01 -1.827007085084915161e-01 -1.063222736120223999e-01 -8.109907805919647217e-02 -1.823397427797317505e-01 1.010621711611747742e-01
-3.397839516401290894e-02 -1.142323091626167297e-01 1.805020719766616821e-01 -3.764681816101074219e-01 -1.071905642747879028e-01 -3.263139352202415466e-02 -1.221027299761772156e-01 1.832311451435089111e-01 5.891051292419433594e-01 -1.912392526865005493e-01 -1.015155911445617676e-01 -1.132514327764511108e-01 -2.952561676502227783e-01 -3.749748170375823975e-01 8.095822483301162720e-02
-1.692191958427429199e-01 4.230251908302307129e-02 -3.795408308506011963e-01 3.233769536018371582e-02 3.037883341312408447e-02 -1.251574456691741943e-01 -6.312998384237289429e-02 -9.845670312643051147e-02 2.352890670299530029e-01 -1.431529372930526733e-01 -7.636204827576875687e-03 -7.541880011558532715e-02 -3.288033232092857361e-02 -1.788684129714965820e-01 3.047939240932464600e-01
2.043114751577377319e-01 2.650892734527587891e-01 -2.972769141197204590e-01 -9.846769273281097412e-02 -1.180267184972763062e-01 -6.449145078659057617e-02 -3.999300003051757812e-01 -1.723000407218933105e-01 5.822058767080307007e-02 -4.143896996974945068e-01 -2.103947848081588745e-01 -1.803696304559707642e-01 -4.380781352519989014e-01 1.960292225703597069e-03 -1.053616926074028015e-01
-1.661637276411056519e-01 9.187857061624526978e-02 -3.548342883586883545e-01 3.036265373229980469e-01 2.702667415142059326e-01 -1.792759597301483154e-01 2.688835933804512024e-02 -1.653584539890289307e-01 1.805072575807571411e-01 -2.313183397054672241e-01 -9.091769158840179443e-02 -8.376063406467437744e-02 -1.250485330820083618e-01 -1.118040606379508972e-01 1.239995732903480530e-01
-1.992570310831069946e-01 4.811123013496398926e-02 -3.176468312740325928e-01 9.717119485139846802e-02 4.080842435359954834e-02 4.631877318024635315e-02 -9.372171759605407715e-02 -6.424378603696823120e-02 2.699618041515350342e-01 -1.603738814592361450e-01 -3.989813476800918579e-02 -1.166993454098701477e-01 -5.361116304993629456e-02 -7.054313272237777710e-02 2.668975591659545898e-01
-1.424718946218490601e-01 8.885082602500915527e-02 -2.956845760345458984e-01 -4.548640549182891846e-02 -5.524523556232452393e-02 -2.676573097705841064e-01 -1.014188304543495178e-01 -1.453849077224731445e-01 2.226545065641403198e-01 -2.172329574823379517e-01 -1.178809180855751038e-01 -1.497053205966949463e-01 1.936780475080013275e-02 -1.913034766912460327e-01 2.954165935516357422e-01
9.225837141275405884e-02 8.103831857442855835e-02 -9.472871571779251099e-02 1.055170297622680664e-01 6.579619646072387695e-02 -1.382558643817901611e-01 -1.773795783519744873e-01 -6.652072537690401077e-03 1.154798083007335663e-02 -2.668049633502960205e-01 8.754272013902664185e-02 -1.541755795478820801e-01 -2.277429252862930298e-01 -3.435754776000976562e-02 3.779285773634910583e-02
5.052277818322181702e-02 7.475208491086959839e-02 -5.975679680705070496e-02 5.855615437030792236e-02 1.037129908800125122e-01 -8.675108663737773895e-03 -2.228993773460388184e-01 8.483558148145675659e-02 1.473739296197891235e-01 -2.609063684940338135e-01 7.226651906967163086e-02 -2.347855418920516968e-01 -8.926606178283691406e-02 -1.602345705032348633e-01 1.781398355960845947e-01
-6.054858490824699402e-02 -1.213255152106285095e-01 -3.028930425643920898e-01 1.294213384389877319e-01 1.161236464977264404e-01 2.800485193729400635e-01 -8.819233626127243042e-02 9.521874599158763885e-03 4.950939118862152100e-02 -1.308144181966781616e-01 1.513049751520156860e-02 1.202537193894386292e-01 -1.298622339963912964e-01 -8.987082540988922119e-02 4.126189276576042175e-02
7.668342441320419312e-02 2.967030182480812073e-02 -1.785065531730651855e-01 -1.228433772921562195e-01 -1.341690272092819214e-01 2.637630887329578400e-02 -3.803626000881195068e-01 -1.211922913789749146e-01 9.460248053073883057e-02 -2.618574798107147217e-01 1.920129754580557346e-03 -4.786950349807739258e-02 -1.661443263292312622e-01 -1.425774395465850830e-01 9.906918555498123169e-02
-1.696341484785079956e-01 7.088224589824676514e-02 -3.445290327072143555e-01 1.342399120330810547e-01 1.226218938827514648e-01 -2.342723906040191650e-01 -8.368440717458724976e-02 -1.699350327253341675e-01 2.280540019273757935e-01 -3.009754717350006104e-01 -5.394414067268371582e-02 -1.452201306819915771e-01 -5.673990026116371155e-02 -1.048234850168228149e-01 2.004977166652679443e-01
-1.014178693294525146e-01 2.548915147781372070e-01 -3.150305449962615967e-01 1.644233912229537964e-01 7.941576186567544937e-04 -4.697461053729057312e-02 -1.619374155998229980e-01 -1.328907907009124756e-01 -1.480231620371341705e-02 -1.579691022634506226e-01 -2.105605304241180420e-01 -1.201202794909477234e-01 9.506545215845108032e-02 1.066104397177696228e-01 1.123442202806472778e-01
1.640627831220626831e-01 -8.643289655447006226e-02 -4.337676167488098145e-01 6.816181540489196777e-02 1.763159632682800293e-01 1.119351685047149658e-01 -2.956095337867736816e-01 -6.998664140701293945e-02 1.457453332841396332e-02 -2.234699577093124390e-01 -1.134750097990036011e-01 9.793236851692199707e-03 -1.988875418901443481e-01 -1.793671995401382446e-01 5.134659633040428162e-02
2.344465851783752441e-01 7.413622736930847168e-02 -4.095648601651191711e-02 8.859995007514953613e-02 -3.813324868679046631e-02 5.931903608143329620e-03 -2.505515813827514648e-01 -6.436536461114883423e-02 -5.046346690505743027e-03 -3.267460465431213379e-01 -2.608686685562133789e-01 2.752548456192016602e-02 -3.734245002269744873e-01 8.196747303009033203e-02 -8.943962305784225464e-02
2.753256559371948242e-01 -1.043606325984001160e-01 -2.423586398363113403e-01 1.671867258846759796e-02 1.598548889160156250e-01 9.464738517999649048e-02 -1.495477110147476196e-01 -3.458165749907493591e-02 1.721884012222290039e-01 5.933010950684547424e-02 -2.427818030118942261e-01 -3.342112153768539429e-02 -1.648908406496047974e-01 -2.438176423311233521e-01 1.033932045102119446e-01
3.685727342963218689e-02 3.702395036816596985e-02 -1.785409599542617798e-01 -2.523467130959033966e-02 -1.119625270366668701e-01 3.938273712992668152e-02 -1.585661917924880981e-01 -1.923611909151077271e-01 1.860779374837875366e-01 -1.697193831205368042e-01 -1.221384406089782715e-01 -2.952417731285095215e-02 -1.307865828275680542e-01 -1.250349730253219604e-01 1.058480516076087952e-01
-1.012429520487785339e-01 -1.094965413212776184e-01 1.872623711824417114e-01 9.632362425327301025e-02 2.518834173679351807e-02 -2.022032588720321655e-01 -8.552218228578567505e-02 1.061309650540351868e-01 2.107458859682083130e-01 -2.298019677400588989e-01 2.961364760994911194e-02 -2.038926780223846436e-01 8.495649695396423340e-02 -2.518524527549743652e-01 3.604568243026733398e-01
9.058360010385513306e-02 -1.065942719578742981e-01 -1.741153188049793243e-02 4.922240972518920898e-02 -9.770564734935760498e-02 -1.077368184924125671e-01 -8.866605907678604126e-02 -3.098640963435173035e-02 2.723823785781860352e-01 -3.180157244205474854e-01 -1.891024410724639893e-02 -1.662874519824981689e-01 -1.462447196245193481e-01 -3.451192378997802734e-02 1.744862645864486694e-01
7.029584050178527832e-02 -8.485852926969528198e-02 8.910198509693145752e-02 -1.822514832019805908e-01 -6.747518479824066162e-02 -1.032922193408012390e-01 -1.016311571002006531e-01 8.300424367189407349e-02 4.540121555328369141e-01 -2.573206126689910889e-01 -1.259496062994003296e-01 -2.070959806442260742e-01 -1.901035159826278687e-01 -3.012210130691528320e-01 9.498328715562820435e-02
1.350898593664169312e-01 -1.732331514358520508e-01 3.884137049317359924e-02 -2.266056388616561890e-01 -1.176181435585021973e-02 1.616468578577041626e-01 -2.383337467908859253e-01 7.443954050540924072e-02 3.857425153255462646e-01 -1.680363714694976807e-01 -9.093873202800750732e-02 -7.898679375648498535e-02 -1.949547082185745239e-01 -1.832067519426345825e-01 1.107039377093315125e-01
-1.875418275594711304e-01 2.060535848140716553e-01 -3.500722944736480713e-01 6.925971806049346924e-02 1.279648393392562866e-01 -9.368825703859329224e-02 -1.939102262258529663e-02 -2.199078351259231567e-01 2.122737616300582886e-01 -1.986724436283111572e-01 -1.777625530958175659e-01 7.078542839735746384e-03 -4.168923571705818176e-02 -1.165141165256500244e-01 2.104956209659576416e-01
-1.062717959284782410e-01 -6.071415264159440994e-03 -3.267057836055755615e-01 2.303843386471271515e-02 -4.823268949985504150e-02 1.700983010232448578e-02 -1.906067281961441040e-01 -5.475874990224838257e-02 3.185913264751434326e-01 -1.481609940528869629e-01 9.216824173927307129e-02 -1.775876879692077637e-01 3.083762340247631073e-02 -2.650256752967834473e-01 3.739845156669616699e-01
6.757892668247222900e-02 -6.055140867829322815e-02 -2.844172157347202301e-02 1.592269390821456909e-01 -2.317826449871063232e-02 -1.765462458133697510e-01 -2.284040302038192749e-01 -1.370494160801172256e-02 -1.594411768019199371e-02 -2.021670788526535034e-01 1.844017356634140015e-01 -1.920373588800430298e-01 -8.162558823823928833e-02 -3.534881770610809326e-02 1.640777140855789185e-01
4.382285177707672119e-01 -9.858552366495132446e-02 -3.350906446576118469e-02 5.508622527122497559e-02 -9.800375998020172119e-02 -2.051243484020233154e-01 -1.336997300386428833e-01 -1.493415981531143188e-01 2.269919365644454956e-01 -3.653401434421539307e-01 -2.440967708826065063e-01 -1.499658077955245972e-01 -2.319544255733489990e-01 -7.678441703319549561e-02 1.551197320222854614e-01
1.848863512277603149e-01 3.131787478923797607e-01 -2.989181876182556152e-01 -2.124672830104827881e-01 -2.444196790456771851e-01 -9.582715481519699097e-02 -6.094003915786743164e-01 -8.743961900472640991e-02 9.169184416532516479e-02 -4.122927486896514893e-01 -1.374285817146301270e-01 -2.771452367305755615e-01 -4.534744620323181152e-01 -4.045346379280090332e-02 6.381704658269882202e-02
1.075290143489837646e-01 -6.237860396504402161e-02 -1.285673081874847412e-01 2.456897199153900146e-01 2.078634649515151978e-01 -1.568227857351303101e-01 -1.990611106157302856e-01 -4.011837020516395569e-02 -3.569855540990829468e-02 -2.061498016119003296e-01 1.181543245911598206e-01 -4.841569066047668457e-02 -1.025601029396057129e-01 -7.547120749950408936e-02 2.114419192075729370e-01
1.125132665038108826e-01 -2.064690366387367249e-02 -4.087184965610504150e-01 -1.324951462447643280e-02 2.032344043254852295e-02 1.607221812009811401e-01 -2.687463462352752686e-01 -9.100066870450973511e-02 9.751268476247787476e-02 -1.582568287849426270e-01 4.443621635437011719e-02 4.812668263912200928e-02 -2.056656181812286377e-01 -8.651341497898101807e-02 3.365708515048027039e-02
-9.822243452072143555e-02 3.897656127810478210e-02 -4.312276244163513184e-01 8.426435291767120361e-02 3.199274837970733643e-02 -2.000791281461715698e-01 -1.462587267160415649e-01 -8.619751781225204468e-02 3.068601489067077637e-01 -2.317847311496734619e-01 -3.492812067270278931e-02 -6.972086429595947266e-02 -1.786393858492374420e-02 -1.734759062528610229e-01 2.815265059471130371e-01
-4.207741841673851013e-02 -1.186087206006050110e-01 1.037317980080842972e-02 -1.497045010328292847e-01 -5.880631506443023682e-02 6.985754519701004028e-02 -2.851472795009613037e-01 1.368577033281326294e-01 3.930052518844604492e-01 -5.769854038953781128e-02 -1.083966642618179321e-01 2.188432216644287109e-02 -1.125708669424057007e-01 -2.322235256433486938e-01 1.199005395174026489e-01
-3.333312645554542542e-02 -1.257193461060523987e-02 6.244713440537452698e-02 -1.486546546220779419e-01 -1.377208381891250610e-01 -1.425048243254423141e-02 -1.991659402847290039e-01 9.361601620912551880e-02 4.129187166690826416e-01 -1.921070069074630737e-01 -4.769168049097061157e-02 -1.127909570932388306e-01 -4.026383534073829651e-02 -1.656443178653717041e-01 1.977493911981582642e-01
1.361189335584640503e-01 1.181137710809707642e-01 -1.232989579439163208e-01 -1.058399677276611328e-01 -2.440322488546371460e-01 -2.333774603903293610e-02 -3.838677108287811279e-01 -1.147892046719789505e-02 1.049750819802284241e-01 -4.444828629493713379e-01 -1.941491365432739258e-01 -1.414759308099746704e-01 -3.320597112178802490e-01 -5.458340048789978027e-03 -2.886106446385383606e-02
-7.078354060649871826e-02 8.142293244600296021e-02 -3.680917918682098389e-01 1.544331610202789307e-01 -5.970977246761322021e-02 -1.808632314205169678e-01 -1.898811757564544678e-01 -2.256321907043457031e-01 1.463397890329360962e-01 -3.251530826091766357e-01 1.905438303947448730e-02 -2.246496528387069702e-01 2.335814060643315315e-03 3.017911314964294434e-02 2.633313536643981934e-01
-1.420784592628479004e-01 -3.976422175765037537e-02 -4.306131303310394287e-01 4.198701679706573486e-02 1.031896919012069702e-01 -7.318084686994552612e-02 -9.175870567560195923e-02 7.506142836064100266e-03 3.687245547771453857e-01 -1.314154565334320068e-01 -2.982372045516967773e-02 -1.489558815956115723e-01 2.404866926372051239e-02 -1.530006527900695801e-01 2.724916934967041016e-01
-8.522576838731765747e-02 2.983953338116407394e-03 1.160437911748886108e-01 -5.092193186283111572e-02 8.040922880172729492e-02 8.137033134698867798e-02 -2.380902022123336792e-01 1.804245263338088989e-01 5.193775296211242676e-01 3.591096028685569763e-02 -3.863153979182243347e-02 -2.375625520944595337e-01 -1.570096760988235474e-01 -1.990949064493179321e-01 1.530511528253555298e-01
4.463749006390571594e-02 6.645064335316419601e-03 -3.847976401448249817e-02 7.463039457798004150e-02 -5.018560588359832764e-02 -1.110480502247810364e-01 -1.975548714399337769e-01 3.751237317919731140e-02 1.276410669088363647e-01 -3.017723560333251953e-01 1.270380318164825439e-01 -7.036058604717254639e-02 -1.010333821177482605e-01 5.310481041669845581e-02 1.761438548564910889e-01
-6.296621263027191162e-02 -5.685677006840705872e-02 8.519170433282852173e-02 -4.944355785846710205e-02 -1.176103129982948303e-01 2.130289794877171516e-03 -1.458958536386489868e-01 1.225305274128913879e-01 2.298936396837234497e-01 -1.180475726723670959e-01 -4.790847003459930420e-02 -3.866301476955413818e-02 -1.522468179464340210e-01 -8.620718121528625488e-02 1.083013042807579041e-01
1.224291324615478516e-01 -1.034138351678848267e-01 -2.362887561321258545e-01 -2.511974237859249115e-02 2.848225831985473633e-02 5.164607986807823181e-02 -2.862787544727325439e-01 -1.358096152544021606e-01 5.571254342794418335e-02 -1.499977558851242065e-01 -1.369905620813369751e-01 1.812431216239929199e-02 -2.249626517295837402e-01 -1.366604417562484741e-01 -2.587239071726799011e-02
1.214141622185707092e-01 -7.055720686912536621e-02 1.711276471614837646e-01 -4.308877587318420410e-01 -3.063091933727264404e-01 3.778641298413276672e-02 -1.863846033811569214e-01 6.608369201421737671e-02 4.581845104694366455e-01 -2.697084546089172363e-01 -1.409565508365631104e-01 -2.323406636714935303e-01 -2.320556938648223877e-01 -2.699757814407348633e-01 2.327157184481620789e-02
8.876592665910720825e-02 -2.009025588631629944e-02 -3.740291297435760498e-01 -5.159433186054229736e-02 1.470559239387512207e-01 2.830425463616847992e-02 -2.956236600875854492e-01 -7.535187155008316040e-02 1.097970381379127502e-01 -1.267554759979248047e-01 -1.426786035299301147e-01 -1.127818226814270020e-01 -3.225388228893280029e-01 -1.721999198198318481e-01 -4.368912056088447571e-02
2.778302179649472237e-03 1.958542689681053162e-02 3.108314983546733856e-02 5.338865518569946289e-02 3.249602392315864563e-02 1.637501828372478485e-02 -1.074264198541641235e-01 1.120501235127449036e-01 1.553876549005508423e-01 -1.233429089188575745e-01 -1.934713572263717651e-01 -2.976450324058532715e-02 -7.947212457656860352e-02 -4.430714249610900879e-02 3.890775516629219055e-02
-9.460116922855377197e-02 -1.194567158818244934e-01 -1.305374503135681152e-01 9.661258757114410400e-02 -1.725609600543975830e-02 2.035870701074600220e-01 -3.630662336945533752e-02 -1.050340309739112854e-01 1.135244667530059814e-01 -1.028210893273353577e-01 1.622435003519058228e-01 2.022800296545028687e-01 -1.133697628974914551e-01 -1.823492497205734253e-01 3.570924978703260422e-03
-2.630738541483879089e-02 -3.751315549015998840e-02 1.057005394250154495e-02 1.662241369485855103e-01 2.291269600391387939e-02 -7.741355150938034058e-02 -5.829327180981636047e-02 5.003419890999794006e-02 1.797315776348114014e-01 -2.966107130050659180e-01 2.166482061147689819e-02 -1.298085302114486694e-01 -1.008625477552413940e-01 1.708380877971649170e-02 8.787566423416137695e-02
-1.262719780206680298e-01 1.608982980251312256e-01 -3.728484809398651123e-01 7.080887258052825928e-02 2.098910510540008545e-02 -2.264534533023834229e-01 -1.220332011580467224e-01 -1.882019639015197754e-01 1.627020239830017090e-01 -3.400321304798126221e-01 -2.278205156326293945e-01 -1.027997657656669617e-01 -1.058979406952857971e-01 -2.330035204067826271e-03 4.033568128943443298e-02
-6.502055376768112183e-02 -7.450498640537261963e-02 -1.373516302555799484e-02 1.372704058885574341e-01 1.679512206465005875e-04 -2.162893861532211304e-01 -3.576950430870056152e-01 8.371230214834213257e-02 1.848159730434417725e-01 -3.556785881519317627e-01 2.258659303188323975e-01 -2.228904664516448975e-01 2.506268443539738655e-03 1.918663084506988525e-02 2.683508396148681641e-01
-6.578079611063003540e-02 1.195410117506980896e-01 9.599237143993377686e-02 -9.430858492851257324e-02 -7.154635619372129440e-03 1.214502677321434021e-01 -1.687469333410263062e-01 2.445527166128158569e-01 4.305129349231719971e-01 -9.809378534555435181e-02 2.947670407593250275e-02 -1.733668446540832520e-01 -1.165158003568649292e-01 -1.409602612257003784e-01 1.291064321994781494e-01
-1.383609473705291748e-01 -1.197936609387397766e-01 3.839283287525177002e-01 -1.702123135328292847e-01 -1.313167959451675415e-01 3.451500460505485535e-02 -1.433161199092864990e-01 2.254246920347213745e-01 4.198403060436248779e-01 -1.177601590752601624e-01 -8.601202815771102905e-02 4.765062034130096436e-02 -1.352143883705139160e-01 -2.746792733669281006e-01 9.379558265209197998e-02
1.208700165152549744e-01 3.552322462201118469e-02 -5.911353044211864471e-03 1.997839659452438354e-01 -3.398388624191284180e-02 -2.565482258796691895e-01 -2.920583784580230713e-01 -2.215467989444732666e-01 -9.387273341417312622e-02 -3.956123292446136475e-01 -3.623832017183303833e-02 -1.038246527314186096e-01 -1.028497591614723206e-01 1.067239195108413696e-01 1.076405048370361328e-01
6.025267764925956726e-02 -3.207122907042503357e-02 2.335790358483791351e-02 1.083223707973957062e-02 1.818559318780899048e-01 -1.901347376406192780e-02 -1.848267614841461182e-01 -1.611043065786361694e-01 1.323096156120300293e-01 -3.275822103023529053e-01 4.793366044759750366e-02 -3.637993335723876953e-01 -1.573826968669891357e-01 1.856773858889937401e-03 1.298524588346481323e-01
2.568426728248596191e-01 -6.111235544085502625e-02 -2.184981107711791992e-01 -1.740873306989669800e-01 -2.806070744991302490e-01 -1.312040984630584717e-01 -2.943989038467407227e-01 -1.236754879355430603e-01 2.647701501846313477e-01 -4.339504241943359375e-01 -1.009900420904159546e-01 -1.490838527679443359e-01 -2.038313746452331543e-01 -1.022937968373298645e-01 7.920343428850173950e-02
6.269340962171554565e-02 -1.160344257950782776e-01 -2.877323031425476074e-01 -1.902955584228038788e-02 -2.251704037189483643e-02 2.816917300224304199e-01 -2.875215411186218262e-01 -1.078389659523963928e-01 -4.428984131664037704e-03 -1.496179103851318359e-01 -7.892832905054092407e-02 -5.168959964066743851e-03 -2.384847849607467651e-01 -4.000959917902946472e-02 6.592529243789613247e-04
-1.731931045651435852e-02 -1.985434070229530334e-02 1.895978450775146484e-01 -1.712547093629837036e-01 -1.224156543612480164e-01 8.031319826841354370e-02 -1.387886255979537964e-01 2.155930846929550171e-01 4.863956272602081299e-01 -2.172757387161254883e-01 -1.098094061017036438e-01 -2.125867009162902832e-01 -1.997985541820526123e-01 -2.257898598909378052e-01 1.769811958074569702e-01
2.515187487006187439e-02 -1.073272749781608582e-01 1.635081321001052856e-01 -3.439759612083435059e-01 -1.744558662176132202e-01 -1.091844961047172546e-01 -1.117112934589385986e-01 1.265606433153152466e-01 6.337761878967285156e-01 -2.069734036922454834e-01 -1.627463102340698242e-01 -1.769615113735198975e-01 -9.546697139739990234e-02 -2.662049829959869385e-01 2.127085477113723755e-01
2.233245074748992920e-01 1.396712064743041992e-01 -3.565925732254981995e-02 -9.888611733913421631e-02 -3.740851581096649170e-02 -1.897310651838779449e-02 -1.942216306924819946e-01 -6.179410591721534729e-02 9.190564602613449097e-02 -4.127103388309478760e-01 -2.246513813734054565e-01 -8.676822483539581299e-02 -2.560172975063323975e-01 -8.747632801532745361e-02 -1.560409367084503174e-01
-1.261790990829467773e-01 1.674917042255401611e-01 -3.446848392486572266e-01 1.353146731853485107e-01 1.433888822793960571e-01 -1.241072788834571838e-01 -5.385473743081092834e-02 -2.211642712354660034e-01 1.733008474111557007e-01 -2.282902151346206665e-01 -2.160124331712722778e-01 -4.929943382740020752e-02 -1.701734215021133423e-01 -6.933129578828811646e-02 4.280045256018638611e-02
-7.122208923101425171e-02 1.358257979154586792e-01 -4.405075907707214355e-01 5.646538734436035156e-02 2.283931672573089600e-01 -1.266201864928007126e-02 -2.416124939918518066e-01 -2.032488584518432617e-01 6.772267166525125504e-03 -1.383907049894332886e-01 -9.264308214187622070e-02 3.530531888827681541e-03 -3.456792533397674561e-01 -1.479364037513732910e-01 -2.780768871307373047e-01
-2.726941928267478943e-02 7.447208743542432785e-03 -3.380825817584991455e-01 3.414753079414367676e-02 -6.064310204237699509e-03 7.450624555349349976e-02 -2.952704131603240967e-01 -1.453734785318374634e-01 9.349165111780166626e-02 -9.001623839139938354e-02 -1.836395263671875000e-02 -1.496623009443283081e-01 -2.621703445911407471e-01 -1.445307731628417969e-01 5.432510748505592346e-02
1.524445712566375732e-01 1.318784356117248535e-01 -2.244515568017959595e-01 -1.842768304049968719e-02 -1.372171044349670410e-01 1.819254904985427856e-01 -3.277917802333831787e-01 -4.434296861290931702e-02 1.238509826362133026e-02 -2.857726216316223145e-01 -1.363306045532226562e-01 -9.207144379615783691e-03 -3.463437855243682861e-01 -7.761915028095245361e-02 -1.674102395772933960e-01
1.257704645395278931e-01 6.120615825057029724e-02 -1.303892284631729126e-01 8.938031271100044250e-03 -2.419279664754867554e-01 -1.834271103143692017e-01 -3.486152589321136475e-01 -2.160745710134506226e-01 -8.173936977982521057e-03 -4.304898679256439209e-01 -1.579660549759864807e-02 -1.662746965885162354e-01 -2.862278521060943604e-01 -3.369912737980484962e-03 4.335273429751396179e-02
-1.737765520811080933e-01 1.006408259272575378e-01 -3.494601547718048096e-01 1.886957138776779175e-01 1.038964390754699707e-01 -1.471075266599655151e-01 -5.602632090449333191e-02 -8.138176798820495605e-02 2.473895847797393799e-01 -2.646479606628417969e-01 -5.349174141883850098e-02 2.616144716739654541e-02 1.098784524947404861e-02 -1.664979159832000732e-01 2.502468526363372803e-01
-1.026410683989524841e-01 4.030924662947654724e-02 1.836744248867034912e-01 -2.810111045837402344e-01 -2.025047540664672852e-01 5.753565207123756409e-02 -1.519560217857360840e-01 1.230269148945808411e-01 3.596408367156982422e-01 -1.308306902647018433e-01 2.617621049284934998e-02 -7.059875130653381348e-02 -3.357757031917572021e-01 -2.111205011606216431e-01 -1.272716075181961060e-01
1.276959180831909180e-01 6.971665471792221069e-02 -4.145947471261024475e-02 1.052784621715545654e-01 -4.957315977662801743e-04 -2.986916601657867432e-01 -4.253785312175750732e-01 -1.006137505173683167e-01 -3.799434751272201538e-02 -5.563570261001586914e-01 -1.217819526791572571e-01 -2.607799172401428223e-01 -7.082380354404449463e-02 1.126352697610855103e-01 6.372534483671188354e-02
4.710151627659797668e-02 -8.576939254999160767e-02 1.599914580583572388e-01 -2.362199425697326660e-01 -1.387390345335006714e-01 5.400662496685981750e-02 -8.359158039093017578e-02 2.359072715044021606e-01 4.720441401004791260e-01 -1.652284711599349976e-01 -2.217706143856048584e-01 1.072288155555725098e-01 -1.402178704738616943e-01 -1.498801857233047485e-01 7.175669819116592407e-02
9.897354990243911743e-02 1.203994732350111008e-03 -1.858660131692886353e-01 -9.414103627204895020e-02 -2.257488965988159180e-01 -1.057271808385848999e-01 -3.656275272369384766e-01 -4.760604724287986755e-02 1.222897246479988098e-01 -3.123165369033813477e-01 -5.714458972215652466e-02 -1.126128435134887695e-01 -1.527485400438308716e-01 -1.836149245500564575e-01 5.981282517313957214e-02
6.799257546663284302e-02 -5.419461801648139954e-02 -5.936815962195396423e-02 -2.154330760240554810e-01 -1.777857393026351929e-01 5.145971849560737610e-02 -2.194622755050659180e-01 4.382775351405143738e-02 3.689604699611663818e-01 -2.080002278089523315e-01 -6.037138774991035461e-02 -3.664545714855194092e-02 -1.748021245002746582e-01 -1.027161553502082825e-01 1.402442008256912231e-01
3.391818702220916748e-01 3.888173401355743408e-01 -1.814983189105987549e-01 -1.424755901098251343e-01 -2.568619251251220703e-01 -2.865692377090454102e-01 -4.733507931232452393e-01 -1.017439737915992737e-01 9.626003354787826538e-02 -6.235933303833007812e-01 -3.023931086063385010e-01 -2.515901923179626465e-01 -3.766872286796569824e-01 7.634353637695312500e-02 -9.246530383825302124e-02
-1.715194731950759888e-01 -2.433970198035240173e-02 2.088984996080398560e-01 4.951113462448120117e-02 -9.743435680866241455e-02 1.570609211921691895e-01 -1.661257296800613403e-01 7.668211311101913452e-02 2.266464382410049438e-01 -2.511764764785766602e-01 -1.781307309865951538e-01 -6.435598433017730713e-02 -3.154393732547760010e-01 -7.435097545385360718e-02 -4.146110638976097107e-02
-1.409174799919128418e-01 -4.829142708331346512e-03 3.510403335094451904e-01 -1.690316796302795410e-01 -1.073273569345474243e-01 1.574425101280212402e-01 4.676009714603424072e-02 -1.089568156749010086e-02 3.620626032352447510e-01 -1.994623541831970215e-01 -2.593298554420471191e-01 6.497596204280853271e-02 -2.685062289237976074e-01 -1.335637271404266357e-01 6.948655098676681519e-02
7.281979918479919434e-02 1.223238185048103333e-02 2.449214272201061249e-02 1.574097424745559692e-01 5.288621783256530762e-02 -3.702211380004882812e-01 -2.968231737613677979e-01 1.735308021306991577e-02 1.883792132139205933e-01 -3.509854972362518311e-01 2.024171799421310425e-01 -2.552433311939239502e-01 -1.810735613107681274e-01 -4.106166958808898926e-02 1.540766507387161255e-01
-5.484696105122566223e-02 2.130255699157714844e-01 -3.248128890991210938e-01 1.714389771223068237e-01 1.269322037696838379e-01 -2.156254798173904419e-01 -1.354076061397790909e-02 -2.041212469339370728e-01 1.374552994966506958e-01 -3.374131619930267334e-01 -1.704578101634979248e-01 -1.211650297045707703e-01 -1.105693727731704712e-01 -1.782660186290740967e-02 7.768141478300094604e-02
-1.038437783718109131e-01 1.147096529603004456e-01 -3.038831353187561035e-01 7.262419164180755615e-02 -8.389388024806976318e-02 -3.192464113235473633e-01 -1.532140821218490601e-01 -2.109761536121368408e-01 2.122061997652053833e-01 -2.987099885940551758e-01 -2.497820556163787842e-01 -7.129038125276565552e-02 5.251062288880348206e-02 -1.005689427256584167e-01 2.446961551904678345e-01
1.845344454050064087e-01 3.902222495526075363e-03 -4.526086524128913879e-02 1.532844305038452148e-01 1.799673736095428467e-01 -1.175170317292213440e-01 -1.664905846118927002e-01 1.324612647294998169e-01 1.270331293344497681e-01 -3.016882836818695068e-01 1.435085535049438477e-01 -2.630871832370758057e-01 -1.003899425268173218e-01 -2.996030449867248535e-02 8.321548253297805786e-02
1.072460934519767761e-01 -1.188442930579185486e-01 -2.315946370363235474e-01 5.587711930274963379e-02 1.326300650835037231e-01 2.418443709611892700e-01 -1.041527464985847473e-01 -1.154151186347007751e-01 1.827059835195541382e-01 -9.325443208217620850e-02 -2.758162468671798706e-02 -5.163525044918060303e-02 -1.904780566692352295e-01 -2.028629332780838013e-01 7.239531725645065308e-02
-1.743619292974472046e-01 1.684973090887069702e-01 -2.897172272205352783e-01 4.089419543743133545e-02 2.675393223762512207e-02 -1.848918646574020386e-01 -1.055471152067184448e-01 -1.640668064355850220e-01 1.768239587545394897e-01 -3.186585009098052979e-01 -1.381479501724243164e-01 -1.343392878770828247e-01 5.498779006302356720e-03 -9.393092989921569824e-02 2.042659521102905273e-01
-8.834623545408248901e-02 4.806266352534294128e-02 -3.155248463153839111e-01 1.389859803020954132e-02 2.891683578491210938e-02 -2.948721051216125488e-01 -3.748532384634017944e-02 -2.512215077877044678e-01 2.334750890731811523e-01 -3.035527169704437256e-01 -1.474837362766265869e-01 -1.237197145819664001e-01 -6.560949981212615967e-02 -1.104700192809104919e-01 1.635479927062988281e-01
6.554188579320907593e-02 2.459053322672843933e-02 -2.692889608442783356e-02 5.030718445777893066e-02 -5.661293398588895798e-03 -3.168682381510734558e-02 -2.054744064807891846e-01 -5.858880002051591873e-03 9.657524526119232178e-02 -2.151232659816741943e-01 2.096812725067138672e-01 -2.170271724462509155e-01 -1.261242926120758057e-01 4.820677638053894043e-02 1.530087888240814209e-01
-2.448304370045661926e-02 1.769442707300186157e-01 -2.189295887947082520e-01 -6.230963766574859619e-02 -1.425089836120605469e-01 -2.368045598268508911e-01 -9.443070739507675171e-02 -1.468382030725479126e-01 5.221161991357803345e-02 -3.977908790111541748e-01 -2.783045768737792969e-01 -9.978654235601425171e-02 -5.509893968701362610e-02 4.180902987718582153e-02 1.024428829550743103e-01
4.423500970005989075e-02 -2.285211905837059021e-02 -7.700729370117187500e-02 1.451627910137176514e-01 7.155956327915191650e-02 7.385230064392089844e-02 -3.045996725559234619e-01 -8.234987407922744751e-02 6.392925232648849487e-02 -3.934852182865142822e-01 3.917539119720458984e-02 -2.610139548778533936e-01 -5.168891325592994690e-02 3.245639801025390625e-02 1.685527116060256958e-01
1.318575292825698853e-01 3.360493108630180359e-02 2.193828485906124115e-02 9.628319740295410156e-02 -1.218630373477935791e-02 1.390844304114580154e-02 -1.814896315336227417e-01 -3.696415573358535767e-02 -2.469834871590137482e-02 -3.162020444869995117e-01 3.833491355180740356e-02 -5.274596810340881348e-02 3.001759760081768036e-02 2.165078883990645409e-03 8.276735991239547729e-02
1.116188690066337585e-01 6.442069541662931442e-03 4.557020589709281921e-02 6.373946368694305420e-02 -1.801054179668426514e-01 -9.559521824121475220e-02 -2.216796129941940308e-01 -1.626428514719009399e-01 8.679673820734024048e-02 -4.260971248149871826e-01 -2.056249380111694336e-01 -2.135325074195861816e-01 -2.687031328678131104e-01 1.526994258165359497e-01 1.358986794948577881e-01
3.390018269419670105e-02 -2.946117892861366272e-02 -8.674999326467514038e-02 3.190459683537483215e-03 -2.043136209249496460e-01 7.824870198965072632e-02 -3.504367470741271973e-01 -5.922255292534828186e-02 1.187730282545089722e-01 -2.718707621097564697e-01 2.118538692593574524e-02 -8.315533399581909180e-02 -1.850265115499496460e-01 2.028821036219596863e-02 -6.261697411537170410e-02
4.568082466721534729e-02 9.395528584718704224e-03 -1.873024739325046539e-02 2.217324227094650269e-01 5.104974377900362015e-03 -2.804436385631561279e-01 -2.090012580156326294e-01 9.804957360029220581e-02 1.170416101813316345e-01 -2.309971302747726440e-01 2.827032934874296188e-03 -1.938089430332183838e-01 -1.861188001930713654e-02 5.562409758567810059e-03 1.607698798179626465e-01
1.866628602147102356e-02 -4.826020076870918274e-02 -2.619591653347015381e-01 2.280409820377826691e-02 -2.596305310726165771e-02 6.490276008844375610e-02 -3.008830249309539795e-01 -1.876771301031112671e-01 1.154785230755805969e-01 -1.239257082343101501e-01 -6.370039284229278564e-02 -1.982949227094650269e-01 -3.157642185688018799e-01 -2.092628628015518188e-01 -3.362306579947471619e-02
5.073941126465797424e-02 -1.290266811847686768e-01 -2.475305497646331787e-01 9.806363284587860107e-02 1.763508617877960205e-01 6.164624169468879700e-02 -1.101272478699684143e-01 -1.614122539758682251e-01 5.975420773029327393e-02 -5.680598318576812744e-02 -1.845376342535018921e-01 5.158928036689758301e-02 -2.815333604812622070e-01 -2.143151164054870605e-01 -1.043913140892982483e-01
4.273531213402748108e-02 1.158617064356803894e-02 -3.852106928825378418e-01 -9.945344924926757812e-02 1.361133903264999390e-01 3.800050616264343262e-01 -1.877693980932235718e-01 -1.269188970327377319e-01 7.707861065864562988e-02 -5.571010708808898926e-02 -2.094948589801788330e-01 3.989834338426589966e-02 -1.887201815843582153e-01 -2.201715558767318726e-01 3.840241208672523499e-02
-2.032681852579116821e-01 1.688911616802215576e-01 -4.412948191165924072e-01 2.530249953269958496e-01 1.779713481664657593e-01 -2.083101421594619751e-01 -2.032612264156341553e-01 -3.272176980972290039e-01 5.649419873952865601e-02 -3.221908807754516602e-01 -2.732045650482177734e-01 -5.962886661291122437e-02 -8.181649446487426758e-02 6.913238018751144409e-02 4.705190286040306091e-02
1.979520171880722046e-01 8.721645921468734741e-03 -3.519631028175354004e-01 1.137391701340675354e-01 2.883857190608978271e-01 2.016664743423461914e-01 -3.096586167812347412e-01 -7.950697839260101318e-02 -1.084543839097023010e-01 -4.459365829825401306e-02 -2.318177819252014160e-01 8.760782331228256226e-02 -2.263085544109344482e-01 -1.550062894821166992e-01 -1.350608170032501221e-01
