TCGA.A6.4105.01 -1.314292049407958984e+01 8.027078628540039062e+00 2.251951217651367188e+01 -3.137028455734252930e+00 -2.011805057525634766e+00 -4.595819413661956787e-01 -1.330919075012207031e+01 3.302066421508789062e+01 -9.667179107666015625e+00 -2.061662292480468750e+01
TCGA.A6.5656.01 -4.483752548694610596e-01 -1.035533618927001953e+01 1.804386711120605469e+01 -1.574399769306182861e-01 -3.396434307098388672e+00 -3.363852024078369141e+00 1.179944396018981934e+00 -1.106484508514404297e+01 -1.655096626281738281e+01 -3.300899505615234375e+01
TCGA.A6.5657.01 -2.571013069152832031e+01 6.230926036834716797e+00 1.122330188751220703e+01 5.925057888031005859e+00 -2.801394462585449219e-01 -9.818885326385498047e-01 6.253452777862548828e+00 9.206346511840820312e+00 1.770547294616699219e+01 -2.126895904541015625e+01
TCGA.A6.5659.01 -1.332768821716308594e+01 -1.108012580871582031e+01 1.436891555786132812e+01 -2.313431978225708008e+00 -5.104075670242309570e-01 -2.755990624427795410e-01 -3.150874710083007812e+01 3.228820800781250000e+01 -8.943379402160644531e+00 -1.945835113525390625e+01
TCGA.A6.5660.01 -6.818266391754150391e+00 -3.935313463211059570e+00 2.186806678771972656e+01 3.262146234512329102e+00 -1.288544535636901855e+00 -3.886016607284545898e-01 -2.077449035644531250e+01 1.977913737297058105e+00 -2.221950340270996094e+01 -2.500748825073242188e+01
TCGA.A6.5661.01 -1.348824143409729004e+00 1.784257888793945312e+01 9.069997787475585938e+00 -1.340431785583496094e+01 -1.809588551521301270e+00 -4.971063733100891113e-01 -1.218589115142822266e+01 2.467430496215820312e+01 2.793464279174804688e+01 -1.883353996276855469e+01
TCGA.A6.5662.01 -6.426763057708740234e+00 -6.589331150054931641e+00 1.436565876007080078e+01 1.312486362457275391e+01 4.364871382713317871e-01 -1.829837411642074585e-01 1.324708461761474609e+01 -1.491625308990478516e+01 -1.383474111557006836e+00 -1.634145355224609375e+01
TCGA.A6.5664.01 -3.047239494323730469e+01 2.324538707733154297e+00 4.126354217529296875e+00 -6.304664611816406250e+00 2.166048765182495117e+00 -3.179063081741333008e+00 1.098046302795410156e+01 9.758494377136230469e+00 6.863886356353759766e+00 -1.438889884948730469e+01
TCGA.A6.5665.01 2.900625944137573242e+00 1.486257266998291016e+01 7.880293369293212891e+00 -1.509122657775878906e+01 -9.570738673210144043e-01 1.294792294502258301e+00 -1.512438488006591797e+01 2.757051849365234375e+01 3.005826187133789062e+01 -2.816689491271972656e+01
TCGA.A6.5666.01 9.543576240539550781e+00 -7.241688966751098633e-01 1.471247768402099609e+01 -1.076126471161842346e-01 -1.767564892768859863e+00 3.721399232745170593e-03 -4.803884029388427734e+00 -6.331792354583740234e+00 -1.020014953613281250e+01 -2.631155014038085938e+00
TCGA.A6.5667.01 -1.328315353393554688e+01 -5.393945693969726562e+00 1.644136810302734375e+01 7.828608989715576172e+00 -3.560150563716888428e-01 -8.458359837532043457e-01 8.715655326843261719e+00 -1.768274307250976562e+01 -5.146474361419677734e+00 -9.559508323669433594e+00
TCGA.A6.6137.01 -1.802165031433105469e+01 -3.666340351104736328e+00 1.374726581573486328e+01 -1.974061965942382812e+01 -3.043875217437744141e+00 7.562878131866455078e-01 2.489909887313842773e+00 -6.783184528350830078e+00 -1.110886478424072266e+01 -1.219442081451416016e+01
TCGA.A6.6138.01 -1.527542114257812500e+01 1.118176364898681641e+01 1.870928192138671875e+01 3.866848647594451904e-01 -1.709255218505859375e+00 -7.700472474098205566e-01 6.069790363311767578e+00 2.399044036865234375e+01 -1.400635957717895508e+00 -2.486415672302246094e+01
TCGA.A6.6140.01 -1.237868022918701172e+01 -6.981761455535888672e+00 1.227389144897460938e+01 -1.274594116210937500e+01 -4.031519889831542969e+00 1.468634605407714844e+00 9.047221183776855469e+00 -1.867871165275573730e+00 -5.495413303375244141e+00 -2.845849096775054932e-02
TCGA.A6.6141.01 -1.475907516479492188e+01 -5.486067533493041992e-01 6.269164562225341797e+00 -2.769680595397949219e+01 -3.423567771911621094e+00 -1.961163520812988281e+00 1.625951004028320312e+01 7.736191749572753906e+00 -1.299350112676620483e-01 -1.620342826843261719e+01
TCGA.A6.6142.01 -7.797731876373291016e+00 6.130720615386962891e+00 2.369793891906738281e+01 1.712253189086914062e+01 -1.792922616004943848e+00 -1.384575843811035156e+00 5.222098827362060547e+00 -8.236720085144042969e+00 6.348932743072509766e+00 -3.464130163192749023e+00
TCGA.A6.6648.01 -1.765325355529785156e+01 -9.226417541503906250e+00 8.090396881103515625e+00 -1.819783973693847656e+01 -2.591735839843750000e+00 1.185501694679260254e+00 9.200219154357910156e+00 -5.105132102966308594e+00 -7.469328641891479492e-01 -2.297844648361206055e+00
TCGA.A6.6649.01 -2.723579788208007812e+01 1.042018032073974609e+01 3.284240245819091797e+00 -1.079089641571044922e+01 -7.596384286880493164e-01 -8.100226521492004395e-01 7.436012744903564453e+00 2.814029312133789062e+01 4.083799839019775391e+00 -1.138103008270263672e+01
TCGA.A6.6650.01 -7.192347049713134766e+00 -4.150857925415039062e+00 1.118855094909667969e+01 -1.473155975341796875e+01 -2.550160408020019531e+00 1.000457167625427246e+00 -1.942376899719238281e+01 -9.462791442871093750e+00 -4.905265331268310547e+00 -2.106281852722167969e+01
TCGA.A6.6651.01 -3.605830764770507812e+01 4.677200317382812500e+00 9.488278388977050781e+00 1.415821266174316406e+01 -3.323664665222167969e-01 -2.969567060470581055e+00 9.208029747009277344e+00 -7.950043201446533203e+00 1.088488483428955078e+01 -7.913139820098876953e+00
TCGA.A6.6652.01 9.760713577270507812e-01 -8.660248756408691406e+00 1.112011623382568359e+01 6.100399494171142578e+00 -2.567038297653198242e+00 -1.112800002098083496e+00 5.046614170074462891e+00 -1.744234657287597656e+01 -1.618468093872070312e+01 -1.980766487121582031e+01
TCGA.A6.6653.01 3.871427059173583984e+00 1.809547424316406250e+01 1.294811153411865234e+01 -1.101235485076904297e+01 -2.411021232604980469e+00 2.008254051208496094e+00 -6.889319896697998047e+00 4.815276718139648438e+01 7.839720726013183594e+00 -2.618843078613281250e+01
TCGA.A6.6654.01 -2.576341056823730469e+01 1.537651157379150391e+01 1.763730812072753906e+01 1.279809474945068359e+01 -7.399747371673583984e-01 -3.507431983947753906e+00 -4.621435701847076416e-01 2.809121131896972656e+00 2.030285835266113281e+01 -2.090353965759277344e+01
TCGA.A6.6780.01 -1.198757529258728027e+00 2.034030532836914062e+01 1.962172889709472656e+01 -9.678899765014648438e+00 -1.701954126358032227e+00 4.513681411743164062e+00 -5.507579326629638672e+00 2.169836425781250000e+01 4.737844944000244141e+00 -4.392086410522460938e+01
TCGA.A6.6781.01 -2.113335609436035156e+01 3.203312301635742188e+01 1.857157897949218750e+01 1.107262325286865234e+01 -2.410506486892700195e+00 -1.862760186195373535e+00 2.306453132629394531e+01 4.582295417785644531e+00 5.229479789733886719e+00 -1.125327491760253906e+01
TCGA.A6.6782.01 -2.056750488281250000e+01 1.068149471282958984e+01 2.612897682189941406e+01 1.220393848419189453e+01 -2.203542709350585938e+00 -1.756761074066162109e+00 6.901574134826660156e+00 -8.952899932861328125e+00 -1.138750076293945312e+01 -2.104368209838867188e+01
TCGA.AA.3489.01 -2.901920890808105469e+01 2.271703147888183594e+01 2.387761497497558594e+01 9.470468521118164062e+00 -1.394804954528808594e+00 -2.260329008102416992e+00 1.314916419982910156e+01 -3.006968975067138672e+00 9.843892097473144531e+00 -1.750507736206054688e+01
TCGA.AA.3496.01 -1.838556289672851562e+01 8.589866638183593750e+00 2.035204505920410156e+01 -4.754189014434814453e+00 -2.374138355255126953e+00 -2.934642136096954346e-01 -2.128072738647460938e+01 4.651335716247558594e+00 -7.046592235565185547e+00 -1.463632297515869141e+01
TCGA.AA.3511.01 -1.980488014221191406e+01 -4.655760288238525391e+00 1.656628799438476562e+01 -7.244358539581298828e+00 -2.275045871734619141e+00 -9.516599178314208984e-01 1.507852745056152344e+01 -6.309532165527343750e+00 -5.183784008026123047e+00 -1.790104103088378906e+01
TCGA.AA.3655.01 -6.628269195556640625e+00 6.687737464904785156e+00 1.976151275634765625e+01 -1.613644218444824219e+01 -1.642606854438781738e+00 -4.184063076972961426e-01 1.404330062866210938e+01 1.044140911102294922e+01 -8.766559600830078125e+00 -1.738613510131835938e+01
TCGA.AA.3660.01 -1.309710693359375000e+01 8.539975881576538086e-01 1.850903129577636719e+01 -1.588000202178955078e+01 -1.164001345634460449e+00 -8.294062316417694092e-02 -2.025059127807617188e+01 2.544714689254760742e+00 -4.606548786163330078e+00 -2.685375976562500000e+01
TCGA.AA.3662.01 -1.651594734191894531e+01 3.144121646881103516e+00 2.320685386657714844e+01 -9.786074638366699219e+00 -1.222474694252014160e+00 -8.027981966733932495e-02 -1.396806907653808594e+01 -4.491767883300781250e+00 4.140172004699707031e+00 -3.450237035751342773e+00
TCGA.AA.3663.01 -1.864480972290039062e+00 1.375400257110595703e+01 8.073108673095703125e+00 -1.992401504516601562e+01 -1.320322394371032715e+00 1.429907083511352539e+00 3.917945325374603271e-01 1.572554969787597656e+01 1.298073387145996094e+01 -4.297715377807617188e+01
TCGA.AA.3697.01 -1.395099067687988281e+01 -3.153731346130371094e+00 1.501024341583251953e+01 -1.001349925994873047e+01 -5.230448842048645020e-01 6.973703503608703613e-01 5.421401023864746094e+00 -1.074723720550537109e+01 -1.719728088378906250e+01 -7.559305667877197266e+00
TCGA.AA.3712.01 -8.642518997192382812e+00 4.281107425689697266e+00 2.167084884643554688e+01 -5.933434963226318359e+00 -2.687897682189941406e+00 -7.645528316497802734e-01 4.282330989837646484e+00 -1.440135097503662109e+01 -4.748802185058593750e+00 -1.859703445434570312e+01
TCGA.AA.3713.01 -1.861049270629882812e+01 1.792190170288085938e+01 3.435653448104858398e+00 -1.613649368286132812e+01 -1.105429768562316895e+00 1.131443858146667480e+00 -4.447470664978027344e+00 1.868828201293945312e+01 1.465016269683837891e+01 -1.970324707031250000e+01
TCGA.AD.5900.01 -1.221920394897460938e+01 2.325615501403808594e+01 9.729361534118652344e+00 -1.633285284042358398e+00 -7.673164010047912598e-01 -1.178003072738647461e+00 3.447564691305160522e-02 2.369896125793457031e+01 2.253525543212890625e+01 -2.255437278747558594e+01
TCGA.AD.6548.01 -1.504722595214843750e+01 1.344166469573974609e+01 1.869281005859375000e+01 -6.843613624572753906e+00 -2.300009489059448242e+00 -8.471633791923522949e-01 -1.862964248657226562e+01 1.122908473014831543e+00 1.533419418334960938e+01 -8.953215599060058594e+00
TCGA.AD.6888.01 4.629125118255615234e+00 -1.037728214263916016e+01 6.324919223785400391e+00 -1.104033565521240234e+01 -3.322510480880737305e+00 1.027960181236267090e+00 -1.417723298072814941e+00 -1.127158260345458984e+01 -9.946912765502929688e+00 -8.125866889953613281e+00
TCGA.AD.6889.01 7.402051925659179688e+00 1.268622589111328125e+01 7.764605045318603516e+00 -1.552076435089111328e+01 -1.448374986648559570e+00 1.329373836517333984e+00 -1.531453895568847656e+01 4.668877410888671875e+01 1.415684413909912109e+01 -3.403445053100585938e+01
TCGA.AD.6890.01 -2.856754064559936523e+00 4.501047611236572266e+00 2.079602241516113281e+01 -1.239618206024169922e+01 -2.747708797454833984e+00 -7.303844690322875977e-01 3.014234304428100586e+00 -1.158987641334533691e+00 -1.182991790771484375e+01 -1.905651664733886719e+01
TCGA.AD.6895.01 -4.495624065399169922e+00 2.193801307678222656e+01 1.035331630706787109e+01 5.208806395530700684e-01 -1.269937157630920410e+00 -1.505098581314086914e+00 4.567677021026611328e+00 2.714266586303710938e+01 1.549834918975830078e+01 -1.809257125854492188e+01
TCGA.AD.6899.01 -2.405353927612304688e+01 1.551528549194335938e+01 2.202070808410644531e+01 -4.368895053863525391e+00 -1.320771813392639160e+00 -6.870344877243041992e-01 -3.001697301864624023e+00 2.211047172546386719e+01 -1.083776760101318359e+01 -2.064047813415527344e+01
TCGA.AD.6901.01 -1.594475936889648438e+01 1.179932308197021484e+01 2.090416908264160156e+01 1.630414390563964844e+01 -2.001074314117431641e+00 -1.755317330360412598e+00 -1.035335159301757812e+01 1.603325080871582031e+01 -3.011756658554077148e+00 -3.084361648559570312e+01
TCGA.AD.6963.01 -1.896234869956970215e+00 6.963803291320800781e+00 2.051006889343261719e+01 -5.665951251983642578e+00 -3.826805591583251953e+00 -1.624714374542236328e+00 9.108042716979980469e+00 -5.656179428100585938e+00 3.572322607040405273e+00 -7.484235286712646484e+00
TCGA.AD.6964.01 -2.416981315612792969e+01 2.939831161499023438e+01 1.589454364776611328e+01 4.568062305450439453e+00 -2.744707584381103516e+00 -1.868260025978088379e+00 1.116955661773681641e+01 -1.754652261734008789e+00 9.143040657043457031e+00 -8.020617485046386719e+00
TCGA.AD.6965.01 -3.700842380523681641e+00 -1.062119722366333008e+00 1.873093414306640625e+01 -9.446322441101074219e+00 -2.079406976699829102e+00 2.947033345699310303e-01 -1.840417289733886719e+01 6.379161357879638672e+00 -1.437990093231201172e+01 -7.551331043243408203e+00
TCGA.AM.5820.01 -1.378050327301025391e+01 -7.467304229736328125e+00 1.040832424163818359e+01 4.513597011566162109e+00 -1.443774998188018799e-01 -5.510416626930236816e-01 -7.862102508544921875e+00 -1.387297344207763672e+01 3.992326974868774414e+00 -1.716746139526367188e+01
TCGA.AM.5821.01 1.805491805076599121e+00 1.671129226684570312e+01 1.374154853820800781e+01 3.535042047500610352e+00 -2.329493284225463867e+00 -2.427342087030410767e-01 -1.659354591369628906e+01 1.141315746307373047e+01 2.677252578735351562e+01 -9.714164733886718750e+00
TCGA.AU.3779.01 -1.284538078308105469e+01 4.565288543701171875e+00 2.884436988830566406e+01 3.295740783214569092e-01 -1.590564131736755371e+00 -6.541941165924072266e-01 5.428513526916503906e+00 -1.376973533630371094e+01 1.411410713195800781e+01 -1.357085037231445312e+01
TCGA.AU.6004.01 -9.549759864807128906e+00 2.556700515747070312e+01 1.674830436706542969e+01 -3.680757284164428711e+00 -9.801420569419860840e-01 -1.140198111534118652e+00 -2.569302320480346680e+00 1.200533676147460938e+01 3.096237754821777344e+01 -2.097686958312988281e+01
TCGA.AY.5543.01 -5.995915412902832031e+00 3.935391008853912354e-01 1.099900722503662109e+01 -2.144833564758300781e+01 -1.726355910301208496e+00 7.347900867462158203e-01 -1.057719802856445312e+01 -6.492908954620361328e+00 2.672807455062866211e+00 -1.025287914276123047e+01
TCGA.AY.6196.01 -3.188825416564941406e+01 3.014635086059570312e+01 9.074221611022949219e+00 1.189124488830566406e+01 -1.688449978828430176e+00 -2.568720102310180664e+00 1.007512664794921875e+01 1.030430316925048828e+01 2.562558174133300781e+00 -4.948486328125000000e+00
TCGA.AY.6197.01 5.090916752815246582e-01 1.544603633880615234e+01 1.628534126281738281e+01 -1.944332313537597656e+01 -1.759452939033508301e+00 1.091523408889770508e+00 -3.854240179061889648e+00 2.902785301208496094e+01 -1.497795820236206055e+00 -3.583748626708984375e+01
TCGA.AY.6386.01 -5.980862140655517578e+00 7.874762058258056641e+00 1.036833095550537109e+01 -2.166406440734863281e+01 -2.872614383697509766e+00 -6.484336256980895996e-01 -1.758020019531250000e+01 1.225660324096679688e+01 2.172844314575195312e+01 -3.025343894958496094e+01
TCGA.AZ.4323.01 -3.948277282714843750e+01 1.121548366546630859e+01 1.645606458187103271e-01 4.908573627471923828e+00 -1.788939356803894043e+00 -4.171363353729248047e+00 8.731618881225585938e+00 4.925646781921386719e+00 1.239495849609375000e+01 -8.805646896362304688e+00
TCGA.AZ.4616.01 5.594493389129638672e+00 1.224129962921142578e+01 1.866830253601074219e+01 2.250800132751464844e+00 -1.462206602096557617e+00 -1.033948779106140137e+00 -1.844242858886718750e+01 5.124280452728271484e+00 1.561176013946533203e+01 -2.812647628784179688e+01
TCGA.AZ.5403.01 -1.137087535858154297e+01 -4.152487277984619141e+00 2.057865524291992188e+01 8.290017127990722656e+00 -8.560852408409118652e-01 -1.087181329727172852e+00 8.692540168762207031e+00 -3.940124034881591797e+00 4.262850761413574219e+00 -4.243584632873535156e+00
TCGA.AZ.5407.01 -8.692662239074707031e+00 3.982260704040527344e+00 5.131654262542724609e+00 -2.613419914245605469e+01 -1.651262342929840088e-01 4.163745045661926270e-01 -2.213092613220214844e+01 2.043442535400390625e+01 1.921779441833496094e+01 -2.861268997192382812e+01
TCGA.AZ.6598.01 6.863516569137573242e-01 1.543917751312255859e+01 1.129721760749816895e+00 -4.369959354400634766e+00 -2.574331998825073242e+00 2.968181371688842773e+00 -2.316392135620117188e+01 3.912608718872070312e+01 1.901724815368652344e+01 -2.547065353393554688e+01
TCGA.AZ.6599.01 -5.075272560119628906e+00 1.279012262821197510e-01 -8.699180483818054199e-01 -2.343072128295898438e+01 -7.428173422813415527e-01 -2.260060794651508331e-02 -1.570249652862548828e+01 2.090810585021972656e+01 -1.323680114746093750e+01 -6.607762813568115234e+00
TCGA.AZ.6600.01 -1.742481040954589844e+01 1.755303573608398438e+01 1.507439136505126953e+01 -2.745770692825317383e+00 -1.698675990104675293e+00 -8.749877214431762695e-01 7.637760639190673828e+00 9.172536849975585938e+00 1.023880243301391602e+00 -3.154086685180664062e+01
TCGA.AZ.6601.01 -9.414930343627929688e+00 2.438790512084960938e+01 1.886477279663085938e+01 3.209347724914550781e+00 -1.721447825431823730e+00 -1.464975357055664062e+00 1.872028708457946777e+00 1.298083877563476562e+01 1.703759193420410156e+01 -2.918888092041015625e+01
TCGA.AZ.6603.01 -2.008074378967285156e+01 -2.876502752304077148e+00 2.327053451538085938e+01 -5.695169568061828613e-01 -1.823702573776245117e+00 -1.162034630775451660e+00 -2.317117452621459961e+00 -1.129618549346923828e+01 4.565301418304443359e+00 -6.769648551940917969e+00
TCGA.AZ.6605.01 -2.785951042175292969e+01 1.262478160858154297e+01 1.826464462280273438e+01 1.101650819182395935e-01 -2.125526666641235352e+00 -1.488220810890197754e+00 4.920159816741943359e+00 -2.586264371871948242e+00 2.869356393814086914e+00 -2.057057571411132812e+01
TCGA.AZ.6606.01 2.363198697566986084e-01 2.664113998413085938e+00 9.642944335937500000e+00 -2.004396820068359375e+01 -2.586245298385620117e+00 -6.015475839376449585e-02 -4.389928340911865234e+00 4.442519378662109375e+01 -3.972498655319213867e+00 -2.580678939819335938e+01
TCGA.AZ.6607.01 -1.682732200622558594e+01 1.648665237426757812e+01 1.277330589294433594e+01 1.834960174560546875e+01 -1.032534241676330566e+00 -1.926780581474304199e+00 1.289824199676513672e+01 1.719271278381347656e+01 2.645307779312133789e+00 -1.732819938659667969e+01
TCGA.AZ.6608.01 6.248733520507812500e+00 -6.143949985504150391e+00 1.116469287872314453e+01 -1.076107311248779297e+01 -2.753531694412231445e+00 1.071100711822509766e+00 -1.953008532524108887e+00 -1.031683826446533203e+01 -3.335892915725708008e+00 1.341516017913818359e+00
TCGA.CA.5254.01 2.684197664260864258e+00 2.071858787536621094e+01 2.347451591491699219e+01 -2.720525264739990234e+00 -2.525759935379028320e+00 -2.720049142837524414e+00 -1.531230926513671875e+01 3.011584854125976562e+01 6.276999950408935547e+00 -6.829889774322509766e+00
TCGA.CA.5255.01 6.152826786041259766e+00 8.887631416320800781e+00 1.125941658020019531e+01 -1.618786811828613281e+01 6.937704980373382568e-03 -6.407740116119384766e+00 9.876675605773925781e+00 1.644589233398437500e+01 1.323923301696777344e+01 -2.229490470886230469e+01
TCGA.CA.5796.01 -1.051979732513427734e+01 8.816575050354003906e+00 1.242825984954833984e+00 -2.541458129882812500e+01 5.653055906295776367e-01 8.024416565895080566e-01 -1.130885982513427734e+01 -2.592651247978210449e-01 2.229650878906250000e+01 -2.524529647827148438e+01
TCGA.CA.5797.01 -1.311252689361572266e+01 -7.504621505737304688e+00 1.630063629150390625e+01 1.815731525421142578e+00 -1.346921920776367188e+00 -3.523733913898468018e-01 5.329896450042724609e+00 -6.520678520202636719e+00 5.505788326263427734e-01 -3.589052915573120117e+00
TCGA.CA.6715.01 -3.884338617324829102e+00 -1.470604228973388672e+01 1.389309120178222656e+01 -3.441118299961090088e-01 -2.558891057968139648e+00 1.441128849983215332e+00 2.581423044204711914e+00 -4.927824974060058594e+00 -5.690711498260498047e+00 5.334935188293457031e-01
TCGA.CA.6716.01 -1.349458026885986328e+01 -1.421979427337646484e+01 5.793767452239990234e+00 -1.691617727279663086e+00 -1.056979537010192871e+00 -4.088467657566070557e-01 -1.165126419067382812e+01 2.996830177307128906e+01 -2.127582359313964844e+01 -4.624305725097656250e+01
TCGA.CA.6717.01 -3.294104385375976562e+01 1.284553432464599609e+01 6.884607791900634766e+00 -7.732391953468322754e-01 6.954126060009002686e-02 -8.812144398689270020e-01 1.277942562103271484e+01 9.087994575500488281e+00 1.222802925109863281e+01 -2.304359436035156250e+01
TCGA.CA.6718.01 -9.601099014282226562e+00 2.437837600708007812e+01 9.489312171936035156e+00 8.199993133544921875e+00 -9.501871466636657715e-01 -1.033488392829895020e+00 7.103905200958251953e+00 2.678966522216796875e+01 1.460687446594238281e+01 -3.146769142150878906e+01
TCGA.CA.6719.01 -1.914061164855957031e+01 3.264205932617187500e+00 1.681237220764160156e+01 1.289447402954101562e+01 -6.540698558092117310e-02 -3.389136195182800293e-01 -1.469071674346923828e+01 9.630027770996093750e+00 -7.871169567108154297e+00 -3.663909149169921875e+01
TCGA.CK.4947.01 -1.799362373352050781e+01 4.963027477264404297e+00 1.063555431365966797e+01 -1.904096031188964844e+01 -1.577579617500305176e+00 -8.079583048820495605e-01 -2.135367965698242188e+01 1.734664320945739746e+00 2.139615821838378906e+01 -2.121180725097656250e+01
TCGA.CK.4948.01 -1.334207057952880859e+00 1.370351409912109375e+01 2.858759117126464844e+01 -2.257501125335693359e+00 -2.667421817779541016e+00 -6.958975195884704590e-01 -5.515516281127929688e+00 -3.315285921096801758e+00 7.114561080932617188e+00 -1.504553079605102539e+00
TCGA.CK.4950.01 -1.927182960510253906e+01 8.767224311828613281e+00 5.786331176757812500e+00 -2.357448005676269531e+01 -1.649439930915832520e+00 -7.291144728660583496e-01 -1.204927349090576172e+01 1.101104450225830078e+01 2.628003311157226562e+01 -2.631213378906250000e+01
TCGA.CK.4952.01 3.155297994613647461e+00 1.173288822174072266e+01 1.938602805137634277e+00 -1.585258102416992188e+01 -3.436151444911956787e-01 2.563099145889282227e+00 -3.195671081542968750e+01 2.314964294433593750e+01 9.820490837097167969e+00 -5.743423938751220703e+00
TCGA.CK.5912.01 -1.014233493804931641e+01 -6.502857208251953125e+00 1.468682956695556641e+01 -7.084399223327636719e+00 -1.520843029022216797e+00 3.762559294700622559e-01 1.748702406883239746e+00 8.354676961898803711e-01 -8.646142005920410156e+00 -1.301866769790649414e+00
TCGA.CK.5913.01 -1.967802405357360840e+00 2.353125381469726562e+01 1.414438247680664062e+01 -6.037098407745361328e+00 -1.046421647071838379e+00 1.364356637001037598e+00 -2.760031509399414062e+01 1.960086250305175781e+01 2.766766548156738281e+01 -1.807368850708007812e+01
TCGA.CK.5914.01 -3.621109724044799805e+00 1.170683979988098145e+00 1.737275886535644531e+01 -3.942190170288085938e+00 -2.438432455062866211e+00 -3.391232788562774658e-01 -7.243047237396240234e+00 -3.526269674301147461e+00 -2.973704719543457031e+01 -3.825306701660156250e+01
TCGA.CK.5915.01 -1.047612094879150391e+01 -1.203102588653564453e+01 3.735409259796142578e+00 -1.083582210540771484e+01 -2.065018177032470703e+00 4.085462391376495361e-01 -6.996060848236083984e+00 1.056103038787841797e+01 -2.616258811950683594e+01 -4.919880676269531250e+01
TCGA.CK.5916.01 -1.143323516845703125e+01 2.426231956481933594e+01 9.834570884704589844e+00 2.485110521316528320e+00 -9.664384722709655762e-01 -5.355714559555053711e-01 -1.242019557952880859e+01 1.830100059509277344e+01 3.491397857666015625e+01 -2.121115303039550781e+01
TCGA.CK.6746.01 2.097792863845825195e+00 1.479466533660888672e+01 4.048017024993896484e+00 2.479115724563598633e+00 -1.700701951980590820e+00 2.865308046340942383e+00 -3.335641479492187500e+01 2.123931694030761719e+01 2.305921554565429688e+01 -9.090763092041015625e+00
TCGA.CK.6747.01 -1.124324893951416016e+01 3.398881912231445312e+00 9.841435432434082031e+00 -2.373875427246093750e+01 -1.957951664924621582e+00 -4.004386961460113525e-01 -3.014197921752929688e+01 4.138415813446044922e+00 3.161088228225708008e+00 -2.418804168701171875e+01
TCGA.CK.6748.01 -1.278582572937011719e+01 1.277653336524963379e+00 1.838495826721191406e+01 1.708815002441406250e+01 -9.318166375160217285e-01 -7.742494940757751465e-01 1.257814979553222656e+01 -1.290469455718994141e+01 8.898571968078613281e+00 -2.061231040954589844e+01
TCGA.CK.6751.01 -6.524629116058349609e+00 1.125644016265869141e+01 1.369759750366210938e+01 -1.550956249237060547e+01 -3.037238359451293945e+00 -1.060005903244018555e+00 -3.351591110229492188e+01 2.257189559936523438e+01 1.538220119476318359e+01 -2.906555366516113281e+01
TCGA.CM.4743.01 2.722745418548583984e+00 2.052701950073242188e+01 1.403232479095458984e+01 -2.042873859405517578e+00 -1.542996168136596680e+00 1.763086080551147461e+00 5.319340229034423828e+00 1.860300064086914062e+01 1.852224540710449219e+01 -1.389198207855224609e+01
TCGA.CM.4751.01 -2.088617134094238281e+01 1.369788455963134766e+01 8.858644485473632812e+00 -1.469059467315673828e+01 -1.520338892936706543e+00 -8.399728536605834961e-01 -3.771820783615112305e+00 2.238433837890625000e+01 1.160035228729248047e+01 -2.612423324584960938e+01
TCGA.CM.5344.01 -1.227697563171386719e+01 6.945263147354125977e-01 2.225207328796386719e+01 1.181588649749755859e+01 -1.280376434326171875e+00 -9.693436026573181152e-01 3.194464683532714844e+00 -1.396655941009521484e+01 2.285685777664184570e+00 -7.935098648071289062e+00
TCGA.CM.5348.01 -2.408543014526367188e+01 1.024223995208740234e+01 1.332539653778076172e+01 1.775112915039062500e+01 -3.261063396930694580e-01 -9.927543401718139648e-01 -3.599770784378051758e+00 7.351910591125488281e+00 8.397189140319824219e+00 -1.805410957336425781e+01
TCGA.CM.5349.01 -2.379098701477050781e+01 -1.672616600990295410e+00 1.183522129058837891e+01 5.245799422264099121e-01 -3.265669941902160645e-01 -9.690691232681274414e-01 -2.966935873031616211e+00 6.416350007057189941e-01 1.579512977600097656e+01 -2.719619369506835938e+01
TCGA.CM.5860.01 -1.182200050354003906e+01 1.377773094177246094e+01 2.370653533935546875e+01 3.695523262023925781e+00 -1.766185998916625977e+00 -1.290484547615051270e+00 -2.146284294128417969e+01 2.726264190673828125e+01 -2.289698839187622070e+00 -2.070315551757812500e+01
TCGA.CM.5861.01 7.353211402893066406e+00 1.104707717895507812e+01 4.429413795471191406e+00 2.674576081335544586e-02 -9.938433766365051270e-01 -7.658206820487976074e-01 -1.576200485229492188e+01 2.581070327758789062e+01 1.889057731628417969e+01 -1.197451877593994141e+01
TCGA.CM.5862.01 -5.985917091369628906e+00 -1.091723632812500000e+01 1.492850017547607422e+01 6.594015121459960938e+00 -1.072562217712402344e+00 -9.532085806131362915e-02 -1.234069824218750000e+01 -5.602120399475097656e+00 -1.294006156921386719e+01 -1.109090042114257812e+01
TCGA.CM.5863.01 -1.890408515930175781e+01 1.588748073577880859e+01 1.244746589660644531e+01 -8.666289329528808594e+00 -1.329552769660949707e+00 -1.162852168083190918e+00 -7.928301811218261719e+00 1.139978289604187012e+00 2.139040565490722656e+01 -1.624164390563964844e+01
TCGA.CM.5864.01 -6.437587738037109375e+00 -8.836791038513183594e+00 1.307768821716308594e+01 -1.170090198516845703e+01 -8.280900716781616211e-01 3.809931874275207520e-01 -1.279445075988769531e+01 6.073135375976562500e+00 -2.740568733215332031e+01 -1.460389041900634766e+01
TCGA.CM.5868.01 -3.397174119949340820e+00 1.953174948692321777e+00 2.561790084838867188e+01 4.663709163665771484e+00 -1.492455840110778809e+00 -1.070213437080383301e+00 1.381048321723937988e+00 -1.522270202636718750e+01 7.594425201416015625e+00 -4.670015811920166016e+00
TCGA.CM.6161.01 -2.276946258544921875e+01 -9.395689964294433594e+00 5.899513721466064453e+00 -1.158789157867431641e+01 -1.209213852882385254e+00 -3.376969695091247559e-01 -3.064509928226470947e-01 -1.752975654602050781e+01 4.293663501739501953e+00 -2.139890289306640625e+01
TCGA.CM.6162.01 -3.129892539978027344e+01 2.209264373779296875e+01 1.286235713958740234e+01 2.838935852050781250e+00 -1.462627887725830078e+00 -1.736042499542236328e+00 5.020720005035400391e+00 -2.381863832473754883e+00 1.246544742584228516e+01 -3.828170537948608398e+00
TCGA.CM.6163.01 -2.527026176452636719e+01 -5.521739721298217773e-01 1.588880252838134766e+01 -9.430385589599609375e+00 -1.811155557632446289e+00 -1.084444522857666016e+00 1.139354896545410156e+01 -5.478263854980468750e+00 7.952508926391601562e+00 -2.387830734252929688e+01
TCGA.CM.6164.01 -1.358675003051757812e+01 -3.579828262329101562e+00 2.326180076599121094e+01 3.020459890365600586e+00 -1.366236567497253418e+00 -9.562649130821228027e-01 5.713118076324462891e+00 -1.455170345306396484e+01 7.027875423431396484e+00 -8.162850379943847656e+00
TCGA.CM.6165.01 -2.447158241271972656e+01 -4.760870933532714844e+00 1.212634944915771484e+01 -6.675280094146728516e+00 -1.122271537780761719e+00 -9.897157549858093262e-01 1.404799079895019531e+01 -5.875162124633789062e+00 -2.993362188339233398e+00 -2.986404418945312500e+01
TCGA.CM.6166.01 -8.479271888732910156e+00 -1.407450103759765625e+01 1.174363422393798828e+01 5.912157893180847168e-01 -1.224583625793457031e+00 -4.962579011917114258e-01 -2.349223709106445312e+01 -4.826232910156250000e+00 -6.201878070831298828e+00 -1.242832279205322266e+01
TCGA.CM.6167.01 -3.700323867797851562e+01 1.045883560180664062e+01 7.880294322967529297e+00 9.095709800720214844e+00 -1.080498769879341125e-01 -1.449702262878417969e+00 4.245560646057128906e+00 -3.861854791641235352e+00 1.810474205017089844e+01 -1.020168876647949219e+01
TCGA.CM.6168.01 -3.174901390075683594e+01 1.309512042999267578e+01 1.164241886138916016e+01 2.018765687942504883e+00 -2.298664152622222900e-01 -1.009159088134765625e+00 -1.151359200477600098e+00 -2.533389329910278320e+00 2.427033233642578125e+01 -1.839782905578613281e+01
TCGA.CM.6169.01 -2.191557312011718750e+01 1.552137660980224609e+01 2.289765548706054688e+01 4.908841609954833984e+00 -1.145663261413574219e+00 -2.240331619977951050e-01 -1.322582364082336426e+00 1.615136742591857910e+00 -9.015347957611083984e-01 -2.436034011840820312e+01
TCGA.CM.6170.01 -1.525014591217041016e+01 1.621081709861755371e+00 2.148431777954101562e+01 1.543599605560302734e+00 -1.414021492004394531e+00 -7.758864164352416992e-01 -4.833148479461669922e+00 -1.576914882659912109e+01 8.330914974212646484e-01 -8.060091972351074219e+00
TCGA.CM.6171.01 -3.314335107803344727e+00 1.578458499908447266e+01 9.031852334737777710e-02 -1.422898578643798828e+01 -3.526561260223388672e-01 1.606316566467285156e+00 -2.141142463684082031e+01 2.455727767944335938e+01 1.645077705383300781e+01 -4.872310161590576172e+00
TCGA.CM.6172.01 -2.335255622863769531e+01 1.220170617103576660e+00 1.124590682983398438e+01 -1.482620906829833984e+01 -1.264143586158752441e+00 5.420936942100524902e-01 6.128762722015380859e+00 -1.406818866729736328e+01 8.362126350402832031e+00 -3.036688423156738281e+01
TCGA.CM.6674.01 -1.027162361145019531e+01 2.309899520874023438e+01 1.137730312347412109e+01 -9.176012992858886719e+00 -8.045780062675476074e-01 -1.620932579040527344e+00 1.706929588317871094e+01 6.368141174316406250e+00 8.863264083862304688e+00 -1.401858806610107422e+01
TCGA.CM.6675.01 6.387325286865234375e+00 1.474421596527099609e+01 1.704686546325683594e+01 -9.688729286193847656e+00 -1.730470657348632812e+00 -4.157512784004211426e-01 -2.301569747924804688e+01 4.105149459838867188e+01 -2.489529848098754883e+00 -1.408367347717285156e+01
TCGA.CM.6676.01 -1.042597770690917969e+01 -1.111266803741455078e+01 1.700275802612304688e+01 3.741546154022216797e+00 -2.889748096466064453e+00 -1.284275770187377930e+00 1.272685813903808594e+01 -1.214799594879150391e+01 -8.302504539489746094e+00 -1.750922393798828125e+01
TCGA.CM.6677.01 -9.815071105957031250e+00 9.733088493347167969e+00 1.955392456054687500e+01 -8.277035713195800781e+00 -2.133880615234375000e+00 -1.122387290000915527e+00 -3.161830902099609375e+01 9.106785774230957031e+00 1.261114025115966797e+01 -1.879344749450683594e+01
TCGA.CM.6678.01 -1.299230194091796875e+01 -1.330670928955078125e+01 1.114027214050292969e+01 -7.849217891693115234e+00 -2.771619796752929688e+00 -4.640229225158691406e+00 -1.101138210296630859e+01 -9.295621871948242188e+00 1.422206783294677734e+01 -2.234637451171875000e+01
TCGA.CM.6679.01 -2.079014587402343750e+01 3.569168090820312500e+00 2.315719413757324219e+01 6.674864292144775391e+00 -1.601414680480957031e+00 -1.241603374481201172e+00 8.338897705078125000e+00 -4.148391246795654297e+00 -6.464732170104980469e+00 -2.053268814086914062e+01
TCGA.CM.6680.01 -1.715682601928710938e+01 8.618636131286621094e+00 1.705516052246093750e+01 -1.619829940795898438e+01 -1.779441118240356445e+00 -1.050426959991455078e+00 -2.753267288208007812e+01 -5.131213068962097168e-01 4.329576015472412109e+00 -1.285539913177490234e+01
TCGA.D5.5537.01 -4.796499252319335938e+00 -4.928603649139404297e+00 1.686175537109375000e+01 -1.446827316284179688e+01 -2.414788484573364258e+00 -4.639336466789245605e-01 -2.147337532043457031e+01 2.250685691833496094e+01 -9.885277748107910156e+00 -2.683443450927734375e+01
TCGA.D5.5538.01 -6.590588092803955078e+00 1.842145538330078125e+01 2.969944953918457031e+01 5.387139797210693359e+00 -8.623003959655761719e-01 -1.950401663780212402e-01 -1.642327499389648438e+01 3.410360336303710938e+00 7.429964065551757812e+00 -1.800858497619628906e+00
TCGA.D5.5539.01 -2.263560295104980469e+01 1.044176387786865234e+01 1.299020481109619141e+01 -7.997817516326904297e+00 -1.380556344985961914e+00 -1.288786053657531738e+00 3.387157678604125977e+00 1.307343769073486328e+01 -1.146092987060546875e+01 -1.343873119354248047e+01
TCGA.D5.5540.01 -1.501053094863891602e+00 -4.657130241394042969e+00 1.640209579467773438e+01 5.912866115570068359e+00 -1.027070760726928711e+00 -3.251870572566986084e-01 8.440298080444335938e+00 1.419638633728027344e+01 -1.997055244445800781e+01 -3.317688751220703125e+01
TCGA.D5.5541.01 -1.337586784362792969e+01 2.844345569610595703e+00 2.409130668640136719e+01 6.290739536285400391e+00 -1.278952836990356445e+00 -3.081412315368652344e-01 8.936464309692382812e+00 -1.044847869873046875e+01 -4.801344394683837891e+00 -1.962278962135314941e+00
TCGA.D5.6529.01 -1.583011531829833984e+01 1.967253875732421875e+01 2.325787544250488281e+01 -5.722046494483947754e-01 -2.394213676452636719e+00 -1.340364933013916016e+00 1.798050284385681152e+00 2.531485319137573242e+00 8.443037033081054688e+00 -3.029732131958007812e+01
TCGA.D5.6530.01 -8.607853889465332031e+00 1.956933212280273438e+01 1.186307239532470703e+01 -1.927838325500488281e+01 -2.061319112777709961e+00 -5.961493849754333496e-01 1.130174064636230469e+01 9.950882911682128906e+00 1.475051641464233398e+00 -2.225370597839355469e+01
TCGA.D5.6531.01 -5.630158424377441406e+00 1.657308578491210938e+01 2.182767295837402344e+01 -7.937465310096740723e-01 -1.310337781906127930e+00 -4.243986010551452637e-01 -2.217384719848632812e+01 3.646675109863281250e+01 9.395967483520507812e+00 -3.039376068115234375e+01
TCGA.D5.6532.01 -5.140513181686401367e-01 -6.142651081085205078e+00 1.594469261169433594e+01 -7.482700824737548828e+00 -1.887094140052795410e+00 -3.213728070259094238e-01 -1.204371643066406250e+01 -2.528198719024658203e+00 -1.242505645751953125e+01 -2.779458236694335938e+01
TCGA.D5.6533.01 -9.793647766113281250e+00 -1.898788928985595703e+00 1.769134330749511719e+01 -2.431574344635009766e+00 -1.208043575286865234e+00 -7.001261711120605469e-01 -9.277660369873046875e+00 -1.273451328277587891e+01 1.116304111480712891e+01 -1.084300708770751953e+01
TCGA.D5.6534.01 -3.228164291381835938e+01 2.277553176879882812e+01 1.359939289093017578e+01 1.326551055908203125e+01 -1.862670540809631348e+00 -2.139743566513061523e+00 -4.025290966033935547e+00 4.046307563781738281e+00 2.485306739807128906e+01 -9.729127883911132812e+00
TCGA.D5.6535.01 -5.404320240020751953e+00 1.056766796112060547e+01 1.917836380004882812e+01 -1.159168624877929688e+01 -1.681536316871643066e+00 -4.466963112354278564e-01 -7.923514842987060547e+00 3.241253376007080078e+00 1.041238117218017578e+01 -2.496875381469726562e+01
TCGA.D5.6536.01 3.178401947021484375e+00 5.991406440734863281e+00 1.620742034912109375e+01 1.095834636688232422e+01 -2.256568431854248047e+00 -7.398753643035888672e+00 1.251224899291992188e+01 3.637721538543701172e-01 2.466604471206665039e+00 -1.853310775756835938e+01
TCGA.D5.6537.01 8.097761154174804688e+00 2.435497999191284180e+00 1.677470779418945312e+01 -6.684782981872558594e+00 -1.967881560325622559e+00 -7.178538292646408081e-02 -9.310783386230468750e+00 -4.826735496520996094e+00 -2.477738761901855469e+01 -1.792828369140625000e+01
TCGA.D5.6538.01 -5.349320411682128906e+00 -1.233380413055419922e+01 7.346867561340332031e+00 -1.234040927886962891e+01 -1.263797760009765625e+00 9.050048142671585083e-02 -4.189189910888671875e+01 2.390378952026367188e+01 -4.933204650878906250e+00 -1.287425804138183594e+01
TCGA.D5.6539.01 -2.026680374145507812e+01 2.121417999267578125e+00 2.254249572753906250e+00 -2.043454742431640625e+01 -1.589116215705871582e+00 -5.879694223403930664e-01 5.967269420623779297e+00 -4.445147514343261719e+00 1.455873775482177734e+01 -1.406968688964843750e+01
TCGA.D5.6540.01 6.651773929595947266e+00 1.994645690917968750e+01 1.140369892120361328e+01 -3.186625003814697266e+00 -2.003556251525878906e+00 2.238014698028564453e+00 -3.405284643173217773e+00 3.476214218139648438e+01 1.560805892944335938e+01 -2.649274635314941406e+01
TCGA.D5.6541.01 -8.927110671997070312e+00 1.851607131958007812e+01 2.383885002136230469e+01 1.021241188049316406e+01 -1.259984731674194336e+00 -4.407841265201568604e-01 -2.020615816116333008e+00 7.076972484588623047e+00 -6.040631771087646484e+00 -2.188526153564453125e+01
TCGA.D5.6898.01 -1.936969947814941406e+01 -3.517316102981567383e+00 1.691657447814941406e+01 7.240067481994628906e+00 -5.964221358299255371e-01 -5.371168255805969238e-01 2.723389148712158203e+00 -1.676524162292480469e+01 -2.565492391586303711e+00 -1.205996990203857422e+01
TCGA.D5.6920.01 -2.016983604431152344e+01 1.009828686714172363e+00 7.096145629882812500e+00 -2.220442962646484375e+01 -2.105879783630371094e+00 1.078636407852172852e+00 2.416594922542572021e-01 -7.998238086700439453e+00 1.388000297546386719e+01 -2.510195922851562500e+01
TCGA.D5.6922.01 -2.248860740661621094e+01 -3.771028995513916016e+00 1.811139869689941406e+01 3.408829927444458008e+00 -3.902859985828399658e-01 -5.678281784057617188e-01 -1.525432705879211426e+00 -6.269633293151855469e+00 -1.335151100158691406e+01 -8.453194618225097656e+00
TCGA.D5.6923.01 -1.291876792907714844e+01 5.772881984710693359e+00 2.681672096252441406e+01 9.015102386474609375e+00 -2.389272212982177734e+00 -1.255391597747802734e+00 1.432404708862304688e+01 -9.222288131713867188e+00 -5.800776004791259766e+00 -8.365607261657714844e+00
TCGA.D5.6924.01 -1.952314949035644531e+01 7.192152023315429688e+00 2.525976371765136719e+01 4.140335559844970703e+00 -2.282463788986206055e+00 -1.092972278594970703e+00 7.423575878143310547e+00 -8.095356941223144531e+00 -1.347896289825439453e+01 -1.190984058380126953e+01
TCGA.D5.6926.01 -1.209526538848876953e+01 1.053125953674316406e+01 2.806619453430175781e+01 9.889349937438964844e+00 -1.079016804695129395e+00 -5.809978842735290527e-01 3.411177873611450195e+00 -3.332667589187622070e+00 -1.908611869812011719e+01 -1.681376266479492188e+01
TCGA.D5.6927.01 -1.094610214233398438e+01 2.121122360229492188e+01 1.955150413513183594e+01 -4.567677497863769531e+00 -1.712229490280151367e+00 -6.671826839447021484e-01 1.196120452880859375e+01 2.235534906387329102e+00 1.393648242950439453e+01 -1.608054733276367188e+01
TCGA.D5.6928.01 -2.721555519104003906e+01 3.144527053833007812e+01 8.376249313354492188e+00 1.055781841278076172e+00 -1.600371003150939941e+00 -6.492677330970764160e-01 6.532469749450683594e+00 1.100723361968994141e+01 1.708022308349609375e+01 -1.249593544006347656e+01
TCGA.D5.6929.01 -7.340454101562500000e+00 9.271838188171386719e+00 3.076479911804199219e+01 4.657708168029785156e+00 -2.035992860794067383e+00 -5.440747737884521484e-01 4.642919063568115234e+00 -1.084752941131591797e+01 4.526154041290283203e+00 -1.021661567687988281e+01
TCGA.D5.6930.01 -1.642192840576171875e+01 2.335141372680664062e+01 7.509444236755371094e+00 -8.725282669067382812e+00 -8.190107345581054688e-01 -1.273196935653686523e+00 7.092909336090087891e+00 2.485837364196777344e+01 1.822303199768066406e+01 -2.256325531005859375e+01
TCGA.D5.6931.01 -1.657769775390625000e+01 1.412865924835205078e+01 1.073621940612792969e+01 -1.895946121215820312e+01 -1.523350358009338379e+00 1.148879528045654297e+00 -1.027578353881835938e+01 1.948426818847656250e+01 1.424808406829833984e+01 -2.281754875183105469e+01
TCGA.D5.6932.01 -6.140412330627441406e+00 4.100134849548339844e+00 2.336725044250488281e+01 9.748747825622558594e+00 -2.353817939758300781e+00 -1.040545940399169922e+00 1.366546058654785156e+01 -3.623047113418579102e+00 -1.308960247039794922e+01 -1.531350421905517578e+01
TCGA.D5.7000.01 -1.124583435058593750e+01 1.632424545288085938e+01 1.497212123870849609e+01 -1.051991271972656250e+01 -1.460151553153991699e+00 -6.781371831893920898e-01 -2.798200607299804688e+01 2.163911819458007812e+01 1.670713424682617188e+01 -1.942832946777343750e+01
TCGA.DM.A0X9.01 -1.215318560600280762e+00 -5.464192628860473633e-01 1.300219535827636719e+01 -1.662230682373046875e+01 -2.795007467269897461e+00 4.758257865905761719e-01 -3.410774612426757812e+01 1.817417144775390625e+01 1.568830728530883789e+00 -2.380618858337402344e+01
TCGA.DM.A0XD.01 1.019027328491210938e+01 9.726074218750000000e+00 2.036224937438964844e+01 -4.144057273864746094e+00 -4.543808937072753906e+00 -2.223437875509262085e-01 -2.127908325195312500e+01 2.441691780090332031e+01 6.763151645660400391e+00 -2.720991134643554688e+01
TCGA.DM.A0XF.01 -9.581176042556762695e-01 -1.328581213951110840e+00 2.184124183654785156e+01 -1.279841899871826172e+00 -4.799925804138183594e+00 -2.040669441223144531e+00 -2.760429620742797852e+00 -1.068270778656005859e+01 1.296680927276611328e+01 -8.525510787963867188e+00
TCGA.DM.A1D0.01 5.943102359771728516e+00 -1.019740962982177734e+01 1.102162075042724609e+01 -6.710106849670410156e+00 -2.920354604721069336e+00 4.992290437221527100e-01 2.253231525421142578e+00 -5.557259082794189453e+00 1.912932515144348145e+00 2.175385951995849609e+00
TCGA.DM.A1D4.01 3.483757495880126953e+00 -4.861831188201904297e+00 7.635879993438720703e+00 -1.957880020141601562e+01 -2.861697912216186523e+00 -6.686581373214721680e-01 -1.831390571594238281e+01 3.419515609741210938e+01 -4.603037357330322266e+00 -3.657511138916015625e+01
TCGA.DM.A1D6.01 2.701581716537475586e+00 3.940711319446563721e-01 2.502099275588989258e+00 -1.757298088073730469e+01 -2.533398866653442383e+00 -8.379873037338256836e-01 2.356937408447265625e+01 -2.897708654403686523e+00 -4.536953449249267578e+00 -1.658218955993652344e+01
TCGA.DM.A1D7.01 -5.527646541595458984e+00 -6.206210613250732422e+00 1.004860591888427734e+01 -2.037137413024902344e+01 -3.025532007217407227e+00 -1.216520905494689941e+00 1.671699523925781250e+01 1.224667906761169434e+00 -6.585425853729248047e+00 -2.370524597167968750e+01
TCGA.DM.A1D8.01 3.759552240371704102e+00 -3.683193922042846680e+00 1.159115409851074219e+01 -1.396919155120849609e+01 -2.415252447128295898e+00 -1.152709841728210449e+00 -2.257423782348632812e+01 9.927929878234863281e+00 8.255517005920410156e+00 -3.812023544311523438e+01
TCGA.DM.A1D9.01 -1.020533919334411621e+00 -6.026977062225341797e+00 1.155857276916503906e+01 -1.440556716918945312e+01 -3.295992374420166016e+00 -1.091533422470092773e+00 -2.217342758178710938e+01 -4.167048454284667969e+00 5.452653408050537109e+00 -2.007932281494140625e+01
TCGA.DM.A1DA.01 1.075036621093750000e+01 4.266972064971923828e+00 7.990427494049072266e+00 -1.241483020782470703e+01 -4.557653427124023438e+00 4.555682659149169922e+00 -4.285504531860351562e+01 3.788291549682617188e+01 8.481551170349121094e+00 -2.336344718933105469e+01
TCGA.DM.A1DB.01 6.982395648956298828e+00 -4.251905441284179688e+00 2.001085853576660156e+01 -3.497940063476562500e+00 4.731139242649078369e-01 3.995925664901733398e+00 1.852042579650878906e+01 -9.596117973327636719e+00 -1.470322990417480469e+01 -1.421857738494873047e+01
TCGA.DM.A1HA.01 6.711200714111328125e+00 2.327341318130493164e+00 5.630933284759521484e+00 1.754458189010620117e+00 -1.064003944396972656e+00 1.375707536935806274e-01 -1.968011093139648438e+01 2.847146224975585938e+01 -3.135467338562011719e+01 -2.747953796386718750e+01
TCGA.DM.A1HB.01 9.999441146850585938e+00 1.501725196838378906e+01 1.079568576812744141e+01 -7.078962802886962891e+00 -4.656507968902587891e+00 -2.061611890792846680e+00 -7.052322864532470703e+00 3.532294464111328125e+01 1.102815532684326172e+01 -1.529620265960693359e+01
TCGA.DM.A280.01 9.544135093688964844e+00 8.727730751037597656e+00 1.631752395629882812e+01 -1.079478645324707031e+01 -3.363491058349609375e+00 -1.835962176322937012e+00 -4.897473335266113281e+00 -2.881187200546264648e+00 2.109534072875976562e+01 -9.668732643127441406e+00
TCGA.DM.A282.01 -5.829766273498535156e+00 -1.559576606750488281e+01 9.274817466735839844e+00 -6.271044254302978516e+00 -3.757042646408081055e+00 -2.274226188659667969e+00 -1.549398231506347656e+01 -5.972958087921142578e+00 2.526861429214477539e+00 -2.618181610107421875e+01
TCGA.DM.A285.01 2.080146551132202148e+00 8.430817604064941406e+00 2.483379364013671875e+01 2.377876043319702148e+00 -1.451707720756530762e+00 -1.145377278327941895e+00 -1.733737564086914062e+01 6.366483688354492188e+00 1.926509857177734375e+01 -1.482175922393798828e+01
TCGA.DM.A288.01 1.160781478881835938e+01 3.389322757720947266e+00 1.140830898284912109e+01 -7.191410541534423828e+00 -2.090405464172363281e+00 1.465292453765869141e+00 3.579498529434204102e+00 1.745224761962890625e+01 -8.821022033691406250e+00 -3.030120277404785156e+01
TCGA.DM.A28A.01 2.516324281692504883e+00 2.088741362094879150e-01 2.042176818847656250e+01 6.084787845611572266e+00 -2.082815170288085938e+00 -6.217944025993347168e-01 6.595065593719482422e+00 1.221698474884033203e+01 -2.916076278686523438e+01 -2.320503044128417969e+01
TCGA.DM.A28C.01 -4.648568630218505859e+00 -1.322201061248779297e+01 2.251514673233032227e+00 -1.285319137573242188e+01 -2.578919172286987305e+00 -2.687844932079315186e-01 1.670796966552734375e+01 6.092469215393066406e+00 -1.003888988494873047e+01 -8.897912979125976562e+00
TCGA.DM.A28E.01 1.147875666618347168e+00 -9.154042243957519531e+00 9.987242698669433594e+00 -9.327295303344726562e+00 -2.599289178848266602e+00 -1.337403245270252228e-02 -4.234704494476318359e+00 -1.239631462097167969e+01 9.318941116333007812e+00 -1.508339524269104004e+00
TCGA.DM.A28F.01 2.404785633087158203e+00 3.106584310531616211e+00 1.770227622985839844e+01 -1.002317523956298828e+01 -2.782133817672729492e+00 3.613577187061309814e-01 -6.757051467895507812e+00 -1.009729099273681641e+01 -1.295248126983642578e+01 -1.874282455444335938e+01
TCGA.DM.A28G.01 -1.191713142395019531e+01 -1.193889236450195312e+01 3.395386695861816406e+00 -2.191275787353515625e+01 -1.347520709037780762e+00 -1.438976824283599854e-01 -1.946913528442382812e+01 9.258269309997558594e+00 -1.275083351135253906e+01 -2.481793594360351562e+01
TCGA.DM.A28H.01 3.698139905929565430e+00 -3.140462636947631836e+00 1.545174312591552734e+01 -8.170410156250000000e+00 -2.730153322219848633e+00 9.116162061691284180e-01 -1.152801609039306641e+01 5.332199096679687500e+00 2.961707353591918945e+00 -4.088700103759765625e+01
TCGA.DM.A28K.01 6.651895523071289062e+00 7.394379615783691406e+00 2.784909486770629883e+00 -1.808185958862304688e+01 -4.411168575286865234e+00 -2.522421181201934814e-01 -1.710135579109191895e+00 1.878415489196777344e+01 -1.278168296813964844e+01 -6.484292984008789062e+00
TCGA.DM.A28M.01 8.987840652465820312e+00 -2.366258621215820312e+00 6.141789436340332031e+00 -1.457743358612060547e+01 -3.054505109786987305e+00 -2.662338912487030029e-01 -1.015024375915527344e+01 1.173539924621582031e+01 -2.021893310546875000e+01 -2.759223365783691406e+01
TCGA.F4.6459.01 -2.323186492919921875e+01 -4.634930133819580078e+00 1.664354515075683594e+01 1.514965915679931641e+01 -7.015225887298583984e-01 -7.626107931137084961e-01 -8.454324603080749512e-01 -1.474466705322265625e+01 1.185259723663330078e+01 -1.693920516967773438e+01
TCGA.F4.6460.01 -2.912634658813476562e+01 -1.241712665557861328e+01 9.904975891113281250e+00 -3.941386044025421143e-01 -7.048361301422119141e-01 -7.680013179779052734e-01 3.471563100814819336e+00 -9.442530632019042969e+00 1.227954101562500000e+01 -3.613208770751953125e+00
TCGA.F4.6461.01 -2.424560546875000000e+01 1.598171329498291016e+01 3.648237228393554688e+00 -4.801139354705810547e+00 -2.363975524902343750e+00 -1.503411769866943359e+00 -1.083628559112548828e+01 1.515552425384521484e+01 3.045734977722167969e+01 -4.146210861206054688e+01
TCGA.F4.6463.01 -2.444479179382324219e+01 -6.521690368652343750e+00 2.215553045272827148e+00 -2.260084629058837891e+00 -1.763922691345214844e+00 -2.606180191040039062e+00 4.788515090942382812e+00 1.175714969635009766e+00 -1.435886621475219727e+00 -1.841905593872070312e+01
TCGA.F4.6569.01 -1.974791526794433594e+01 2.146111297607421875e+01 2.040102767944335938e+01 1.366350555419921875e+01 -1.402163147926330566e+00 -1.516629457473754883e+00 6.780782222747802734e+00 4.193284034729003906e+00 1.000381660461425781e+01 -2.456715583801269531e+01
TCGA.F4.6570.01 -7.781406402587890625e+00 2.431542587280273438e+01 1.674980735778808594e+01 8.367968559265136719e+00 -2.479459047317504883e+00 -1.318778276443481445e+00 -2.175643539428710938e+01 2.063168334960937500e+01 2.780555152893066406e+01 -2.158263397216796875e+01
TCGA.F4.6703.01 -2.322325897216796875e+01 2.982180595397949219e+01 1.439846801757812500e+01 1.756651878356933594e+01 -1.024182081222534180e+00 -2.147499084472656250e+00 9.943717956542968750e+00 2.018103122711181641e+00 1.060937976837158203e+01 -5.786286354064941406e+00
TCGA.F4.6704.01 -3.052212715148925781e+01 1.773266410827636719e+01 4.844438076019287109e+00 4.500263690948486328e+00 -7.397325038909912109e-01 -1.365638494491577148e+00 1.385279083251953125e+01 -3.086093664169311523e+00 1.653649568557739258e+00 -6.620970726013183594e+00
TCGA.F4.6805.01 -2.906998252868652344e+01 7.823997020721435547e+00 1.071281814575195312e+01 -1.291241943836212158e-01 -3.763989210128784180e-01 -1.126584053039550781e+00 2.382730007171630859e+00 -8.203143119812011719e+00 1.822405242919921875e+01 -1.227239513397216797e+01
TCGA.F4.6806.01 -9.229139328002929688e+00 3.606947898864746094e+00 1.517689609527587891e+01 -1.893226623535156250e+01 -2.243050813674926758e+00 -8.979009985923767090e-01 -2.712457656860351562e+01 1.139780426025390625e+01 1.872216606140136719e+01 -2.632894325256347656e+01
TCGA.F4.6807.01 -2.949311447143554688e+01 1.344076251983642578e+01 1.226792240142822266e+01 6.718612194061279297e+00 -1.129710555076599121e+00 -3.604395389556884766e+00 -1.176653766632080078e+01 -5.764050483703613281e+00 1.886816978454589844e+01 -1.334453392028808594e+01
TCGA.F4.6808.01 3.337224483489990234e+00 -8.508109092712402344e+00 1.557336044311523438e+01 -5.316009044647216797e+00 -4.732573032379150391e+00 -7.147599220275878906e+00 -7.642065525054931641e+00 -1.008260250091552734e+01 -3.657767295837402344e+00 -5.222744941711425781e+00
TCGA.F4.6809.01 -2.944694328308105469e+01 4.700087606906890869e-01 1.209722423553466797e+01 7.328708171844482422e+00 -4.831184446811676025e-01 -1.234197139739990234e+00 -6.427800059318542480e-01 -3.812036514282226562e+00 1.973922157287597656e+01 -2.250488662719726562e+01
TCGA.F4.6854.01 -1.971638679504394531e+01 -8.120483398437500000e+00 1.502965450286865234e+01 -3.559103488922119141e+00 -1.345754623413085938e+00 -6.483187079429626465e-01 -3.658901929855346680e+00 -1.076562404632568359e+01 -2.812383413314819336e+00 -2.568338775634765625e+01
TCGA.F4.6855.01 -1.242597770690917969e+01 1.388258171081542969e+01 2.416353034973144531e+01 1.188446521759033203e+01 -2.171144962310791016e+00 -1.748935461044311523e+00 -1.147799015045166016e+01 -3.569144010543823242e+00 9.693233489990234375e+00 -2.554402923583984375e+01
TCGA.F4.6856.01 -8.728835105895996094e+00 1.756847572326660156e+01 5.913192272186279297e+00 -1.490918159484863281e+01 -2.915259838104248047e+00 -1.989610195159912109e+00 7.532581806182861328e+00 1.564799404144287109e+01 7.485050201416015625e+00 -2.614454650878906250e+01
TCGA.G4.6293.01 -1.454732036590576172e+01 -1.356160044670104980e+00 1.064239978790283203e+01 -2.275119400024414062e+01 -8.669806718826293945e-01 6.030344367027282715e-01 -2.272627639770507812e+01 -3.279678225517272949e-01 1.335156917572021484e+01 -1.647863006591796875e+01
TCGA.G4.6294.01 -5.015869617462158203e+00 -8.540814399719238281e+00 1.832113647460937500e+01 -3.760246753692626953e+00 -2.015376091003417969e+00 -9.388849884271621704e-02 1.411506557464599609e+01 2.793446540832519531e+00 -2.108482742309570312e+01 -3.035466575622558594e+01
TCGA.G4.6295.01 -9.403658866882324219e+00 4.361246109008789062e+00 1.318397808074951172e+01 -4.087705612182617188e+00 -4.559350967407226562e+00 2.332028865814208984e+00 -6.081669807434082031e+00 -4.877805709838867188e+00 2.948238849639892578e+00 -3.200821876525878906e+00
TCGA.G4.6297.01 -2.350477027893066406e+01 6.536466598510742188e+00 1.871989822387695312e+01 4.169226169586181641e+00 -1.583507895469665527e+00 -1.212731361389160156e+00 -1.587245559692382812e+01 -6.090373992919921875e+00 1.003845596313476562e+01 -9.373604774475097656e+00
TCGA.G4.6298.01 1.310888290405273438e+00 -3.019707202911376953e+00 1.421073532104492188e+01 9.471375465393066406e+00 -1.216684818267822266e+00 -9.890006780624389648e-01 8.018394470214843750e+00 5.647539615631103516e+00 -6.306616306304931641e+00 -2.439619827270507812e+01
TCGA.G4.6299.01 -4.377269744873046875e+00 1.528163814544677734e+01 1.339297580718994141e+01 1.175804138183593750e+01 -3.494883537292480469e+00 -2.207457065582275391e+00 1.456983923912048340e+00 3.169490242004394531e+01 1.388481807708740234e+01 -1.184733581542968750e+01
TCGA.G4.6302.01 -2.991061401367187500e+01 1.255088520050048828e+01 5.123899459838867188e+00 1.437497806549072266e+01 1.533555090427398682e-01 -1.371685743331909180e+00 3.639721155166625977e+00 3.808789014816284180e+00 2.357802581787109375e+01 -1.194414901733398438e+01
TCGA.G4.6303.01 -1.685936546325683594e+01 -2.631629407405853271e-01 2.066087722778320312e+01 8.882390022277832031e+00 -7.233816385269165039e-01 -6.190966963768005371e-01 -5.054260730743408203e+00 -1.893041229248046875e+01 -5.625728607177734375e+00 -1.763005638122558594e+01
TCGA.G4.6304.01 7.749543666839599609e+00 2.359014034271240234e+00 1.334136009216308594e+01 -1.445806217193603516e+01 -2.769577503204345703e+00 2.427519708871841431e-01 -2.552592515945434570e+00 3.015410184860229492e+00 2.571011161804199219e+01 -1.660873603820800781e+01
TCGA.G4.6306.01 1.039698505401611328e+01 -2.102631807327270508e+00 1.272826766967773438e+01 -1.348299121856689453e+01 -4.444288253784179688e+00 1.012405753135681152e+00 -4.721152782440185547e+00 5.419450759887695312e+00 -2.468303680419921875e+01 -2.292766189575195312e+01
TCGA.G4.6307.01 1.713833451271057129e+00 -1.460591602325439453e+01 1.032663917541503906e+01 -3.833689451217651367e+00 -2.513491153717041016e+00 5.558775067329406738e-01 6.496337413787841797e+00 -1.437501335144042969e+01 4.286181926727294922e+00 -2.847039461135864258e+00
TCGA.G4.6309.01 2.495836734771728516e+00 1.116400146484375000e+01 2.043211174011230469e+01 -1.576975727081298828e+01 -3.186819076538085938e+00 2.282346010208129883e+00 -1.831139206886291504e+00 -4.071381092071533203e+00 1.334926795959472656e+01 -1.296424269676208496e+00
TCGA.G4.6310.01 -1.648384094238281250e+01 -1.074375629425048828e+01 7.956144809722900391e+00 8.571236610412597656e+00 -6.185389161109924316e-01 -1.650550246238708496e+00 3.873495340347290039e+00 -1.958445757627487183e-01 -1.112928104400634766e+01 -3.194272232055664062e+01
TCGA.G4.6311.01 -2.007518196105957031e+01 6.038081645965576172e+00 1.834460639953613281e+01 -4.629864990711212158e-01 -1.865019202232360840e+00 -1.090436577796936035e+00 2.586949586868286133e+00 -5.499620437622070312e+00 -9.763514995574951172e-01 -1.826524734497070312e+01
TCGA.G4.6314.01 -2.572589302062988281e+01 -3.176518917083740234e+00 6.833495616912841797e+00 6.676143646240234375e+00 -3.799159526824951172e-01 -1.230455994606018066e+00 -2.051111459732055664e+00 -5.369712352752685547e+00 4.723299026489257812e+00 -1.789383506774902344e+01
TCGA.G4.6315.01 -9.274175643920898438e+00 -8.781702995300292969e+00 5.778472423553466797e+00 -1.716936492919921875e+01 -2.694911479949951172e+00 -8.135551214218139648e-01 9.084984779357910156e+00 -1.078512763977050781e+01 -4.713263034820556641e+00 -2.133373641967773438e+01
TCGA.G4.6317.01 7.591662406921386719e+00 -8.656529426574707031e+00 9.565515518188476562e+00 -1.457126259803771973e+00 -2.855325222015380859e+00 -8.750714063644409180e-01 2.780277013778686523e+00 -2.145011520385742188e+01 -2.123245000839233398e+00 -6.633843898773193359e+00
TCGA.G4.6317.02 5.307850837707519531e+00 -6.632410526275634766e+00 1.308735561370849609e+01 2.392463207244873047e+00 -2.134859085083007812e+00 1.057974472641944885e-01 -5.135164737701416016e+00 -5.416859626770019531e+00 1.778524160385131836e+00 1.146584153175354004e+00
TCGA.G4.6320.01 3.941348791122436523e+00 6.848044872283935547e+00 8.784167289733886719e+00 -2.274647521972656250e+01 -1.699896931648254395e+00 -7.752327919006347656e-01 -2.313405990600585938e+01 4.063225936889648438e+01 1.180622339248657227e+00 -2.895534133911132812e+01
TCGA.G4.6321.01 -1.461980628967285156e+01 9.050138473510742188e+00 -1.149135470390319824e+00 -1.925067138671875000e+01 -1.497694492340087891e+00 -9.907602667808532715e-01 -7.747403621673583984e+00 1.781745719909667969e+01 2.812579154968261719e+01 -2.309194755554199219e+01
TCGA.G4.6322.01 -2.289940595626831055e+00 8.856223106384277344e+00 4.470203399658203125e+00 -2.769808769226074219e+01 -1.236678600311279297e+00 4.020856320858001709e-01 -1.547412586212158203e+01 2.068891525268554688e+01 1.024127483367919922e+01 -3.674083709716796875e+01
TCGA.G4.6323.01 -1.696640014648437500e+01 -3.721826553344726562e+00 1.052034854888916016e+00 -2.603956604003906250e+01 -6.572058200836181641e-01 1.268922835588455200e-01 -6.978569030761718750e+00 1.964821624755859375e+01 5.226099967956542969e+00 -2.269042205810546875e+01
TCGA.G4.6586.01 1.144244670867919922e+01 1.259498119354248047e+01 8.800174713134765625e+00 -1.181060791015625000e+01 -2.531129121780395508e+00 1.740054845809936523e+00 -1.936310005187988281e+01 2.294373130798339844e+01 2.807787513732910156e+01 -1.412276268005371094e+01
TCGA.G4.6588.01 2.899854183197021484e+00 1.963712310791015625e+01 8.485712051391601562e+00 -7.269658565521240234e+00 -4.569721698760986328e+00 -1.209622859954833984e+00 -1.901864624023437500e+01 2.182755851745605469e+01 3.212051391601562500e+01 -2.600003433227539062e+01
TCGA.G4.6625.01 -2.642444801330566406e+01 4.644479274749755859e+00 1.525278759002685547e+01 -5.417332172393798828e+00 -3.684721946716308594e+00 -1.708306670188903809e+00 -3.467105627059936523e+00 -7.494459629058837891e+00 1.694469833374023438e+01 -1.490885448455810547e+01
TCGA.G4.6626.01 5.146045684814453125e+00 1.383875250816345215e+00 1.977590370178222656e+01 -1.997213721275329590e+00 -3.715094327926635742e+00 -7.733702063560485840e-01 4.053180217742919922e+00 -1.482011699676513672e+01 -1.107370948791503906e+01 -6.879807949066162109e+00
TCGA.G4.6627.01 -3.123944664001464844e+01 6.219078540802001953e+00 8.067940711975097656e+00 -6.929056644439697266e+00 -8.604549616575241089e-02 -1.101020336151123047e+00 6.714931488037109375e+00 3.880878925323486328e+00 1.653930473327636719e+01 -2.210205268859863281e+01
TCGA.G4.6628.01 -1.286660766601562500e+01 2.337260055541992188e+01 4.465817451477050781e+00 -5.106929689645767212e-02 -2.171344041824340820e+00 -8.910378217697143555e-01 -9.683176875114440918e-01 1.998302078247070312e+01 2.698368453979492188e+01 -3.032895278930664062e+01
