-4.470816612243652344e+00 3.821337223052978516e+00 1.218312621116638184e+00 1.760930299758911133e+00 8.614484071731567383e-01 -6.052794933319091797e+00 1.322709679603576660e+00 3.429664611816406250e+00 2.156192064285278320e+00 2.459996938705444336e+00
2.265606261789798737e-02 6.734885215759277344e+00 8.079664707183837891e-01 -6.823824048042297363e-01 -1.067116737365722656e+00 1.269104182720184326e-01 -6.306632995605468750e+00 -1.659611582756042480e+00 1.521864295005798340e+00 -6.182254552841186523e-01
1.642684102058410645e+00 -7.219263315200805664e-01 3.144990921020507812e+00 3.580116987228393555e+00 1.176795005798339844e+00 2.967809677124023438e+00 9.197996854782104492e-01 4.634303092956542969e+00 2.958549976348876953e+00 -1.582724452018737793e+00
5.467742681503295898e-01 1.080359935760498047e+00 2.010970830917358398e+00 2.697083473205566406e+00 3.507507324218750000e+00 1.563818693161010742e+00 1.118479967117309570e+00 -3.738001585006713867e+00 -1.871060490608215332e+00 2.218741655349731445e+00
9.234241247177124023e-01 2.724875926971435547e+00 -1.397608757019042969e+00 1.473660826683044434e+00 -1.515823364257812500e+00 -1.313259363174438477e+00 -2.256827592849731445e+00 -3.523488342761993408e-01 -2.481355905532836914e+00 3.321916103363037109e+00
-2.042170047760009766e+00 1.906338214874267578e+00 3.057727336883544922e+00 7.411326169967651367e-01 -3.679852560162544250e-02 -3.393000841140747070e+00 -1.931766986846923828e+00 -9.420942068099975586e-01 2.425231695175170898e+00 3.058324337005615234e+00
4.028363227844238281e+00 -7.708487510681152344e-01 3.404054641723632812e+00 1.737949728965759277e+00 1.008260488510131836e+00 4.324218273162841797e+00 -2.357169389724731445e+00 3.391482532024383545e-01 5.683335065841674805e-01 3.652962744235992432e-01
1.377481460571289062e+00 -3.215742409229278564e-01 5.442559719085693359e+00 2.049872398376464844e+00 2.664746642112731934e-01 3.258533239364624023e+00 1.240962028503417969e+00 1.779559850692749023e+00 3.091545343399047852e+00 -2.207085043191909790e-01
-1.591436982154846191e+00 1.245466232299804688e+00 -1.430993795394897461e+00 1.514081835746765137e+00 -3.800624608993530273e-01 3.142743110656738281e+00 -2.087237596511840820e+00 2.763653755187988281e+00 3.545960187911987305e+00 4.422472953796386719e+00
-2.369543075561523438e+00 1.553986430168151855e+00 4.203797817230224609e+00 1.488272547721862793e+00 -1.192124605178833008e+00 -2.144669294357299805e+00 -2.020438671112060547e+00 -1.235105991363525391e+00 1.469713091850280762e+00 3.310001611709594727e+00
1.061337947845458984e+00 3.053885698318481445e+00 -4.016239643096923828e-01 3.204577445983886719e+00 -1.694042801856994629e+00 2.916472852230072021e-01 -4.103809833526611328e+00 -3.062927722930908203e+00 -1.620149970054626465e+00 3.769435644149780273e+00
-1.250394731760025024e-01 5.007502555847167969e+00 2.519724071025848389e-01 4.659162759780883789e-01 -1.715723514556884766e+00 -8.451382517814636230e-01 -8.298221826553344727e-01 -1.754749298095703125e+00 -2.005219697952270508e+00 3.610266685485839844e+00
-4.808603286743164062e+00 3.450621843338012695e+00 2.113117694854736328e+00 3.009990930557250977e+00 1.549068450927734375e+00 4.283445775508880615e-01 3.491637945175170898e+00 3.520276308059692383e+00 -2.204623460769653320e+00 1.685937285423278809e+00
3.553605318069458008e+00 1.340450525283813477e+00 4.251683235168457031e+00 7.463737726211547852e-01 -1.352624654769897461e+00 4.016771793365478516e+00 -1.370116949081420898e+00 -1.534991145133972168e+00 1.987107038497924805e+00 2.851622998714447021e-01
-4.052058756351470947e-01 -4.582111909985542297e-02 -5.452275872230529785e-01 1.954576373100280762e+00 -1.790475368499755859e+00 3.007419824600219727e+00 -4.187449455261230469e+00 9.641451761126518250e-04 2.280522346496582031e+00 4.269612789154052734e+00
1.231820344924926758e+00 1.919529318809509277e+00 1.150721430778503418e+00 1.738071799278259277e+00 -1.130401134490966797e+00 -8.946303129196166992e-01 -1.471230268478393555e+00 -1.044531106948852539e+00 -2.901216268539428711e+00 4.121145248413085938e+00
-2.148025751113891602e+00 4.778956890106201172e+00 -7.135058641433715820e-01 6.117944240570068359e+00 3.521758079528808594e+00 -1.389528751373291016e+00 -4.341046810150146484e+00 2.253517150878906250e+00 1.778082013130187988e+00 -6.662562489509582520e-01
1.420563578605651855e+00 2.572638273239135742e+00 -9.383373856544494629e-01 -2.960089445114135742e+00 1.198941230773925781e+00 -2.093111515045166016e+00 -1.344093084335327148e+00 -3.322309017181396484e+00 1.909665465354919434e+00 1.514543652534484863e+00
6.414844512939453125e+00 5.345340251922607422e+00 -5.642950162291526794e-02 -1.357903122901916504e+00 1.924223423004150391e+00 -9.486042261123657227e-01 -2.334948301315307617e+00 7.630662322044372559e-01 -9.709277153015136719e-01 8.172597289085388184e-01
7.367532730102539062e+00 4.419162273406982422e+00 -6.943732500076293945e-01 2.235251665115356445e+00 1.581157207489013672e+00 -7.755465507507324219e-01 -3.690027236938476562e+00 3.647479712963104248e-01 -2.768396139144897461e-01 3.579820096492767334e-01
-6.352587789297103882e-02 3.767747163772583008e+00 1.282365083694458008e+00 3.404190778732299805e+00 3.264895677566528320e+00 2.308112382888793945e+00 7.324083447456359863e-01 -2.253292083740234375e+00 1.381214499473571777e+00 2.350349187850952148e+00
-1.731742978096008301e+00 9.168579101562500000e+00 7.742083072662353516e-01 -2.010887861251831055e+00 -1.188107967376708984e+00 -9.668287634849548340e-01 -4.898818969726562500e+00 7.991693019866943359e-01 4.195069789886474609e+00 -1.010706782341003418e+00
2.819626569747924805e+00 1.606253504753112793e+00 5.298815727233886719e+00 1.135708451271057129e+00 7.759132981300354004e-01 3.776193857192993164e+00 -7.962840199470520020e-01 1.619055032730102539e+00 1.308662146329879761e-01 -4.888482391834259033e-02
-6.684856414794921875e-01 1.424838781356811523e+00 6.615157723426818848e-01 4.884538650512695312e+00 3.984967708587646484e+00 2.357094764709472656e+00 4.837503731250762939e-01 -1.605849862098693848e+00 -1.742750406265258789e+00 -3.005682528018951416e-01
6.042200326919555664e-01 1.896882772445678711e+00 3.608306944370269775e-01 2.270432233810424805e+00 3.443622827529907227e+00 2.215204000473022461e+00 -5.051361918449401855e-01 -2.985666275024414062e+00 3.595251142978668213e-01 -2.210541069507598877e-02
-2.207684516906738281e+00 4.523964405059814453e+00 5.304025411605834961e-01 3.932836532592773438e+00 -7.412177920341491699e-01 -1.541351795196533203e+00 1.075087666511535645e+00 9.596686363220214844e-01 -3.456192016601562500e+00 5.725328445434570312e+00
-5.391113281250000000e+00 2.690052747726440430e+00 9.259792566299438477e-01 3.641339778900146484e+00 4.081132411956787109e+00 -2.577859163284301758e+00 8.787388801574707031e+00 6.963126659393310547e+00 -2.280430793762207031e+00 1.038686633110046387e+00
-4.711349606513977051e-01 -1.227080971002578735e-01 -1.430847167968750000e+00 2.334835052490234375e+00 -1.681048631668090820e+00 3.048927783966064453e+00 -2.896197080612182617e+00 4.959760606288909912e-01 2.070819854736328125e+00 4.686024188995361328e+00
1.709728837013244629e+00 3.051358461380004883e-01 5.142092704772949219e+00 5.568443298339843750e+00 -3.644249439239501953e-01 3.318712472915649414e+00 6.265342235565185547e-01 3.132919311523437500e+00 1.666838973760604858e-01 2.885536849498748779e-02
6.074133872985839844e+00 6.786814689636230469e+00 -1.508389830589294434e+00 -4.162407815456390381e-01 1.964106798171997070e+00 -2.412029504776000977e+00 -1.555271387100219727e+00 2.602730512619018555e+00 3.774642944335937500e-01 -1.074219822883605957e+00
-6.975537538528442383e-01 3.743893623352050781e+00 -4.790138721466064453e+00 -1.545701146125793457e+00 3.167884588241577148e+00 -4.141140937805175781e+00 2.349903821945190430e+00 3.040911853313446045e-01 3.893324136734008789e+00 2.469517469406127930e+00
3.331368207931518555e+00 6.795741558074951172e+00 -5.896803140640258789e-01 1.921361088752746582e+00 2.695009469985961914e+00 -2.555782079696655273e+00 -1.603063702583312988e+00 3.870147943496704102e+00 -3.347446024417877197e-02 2.713706731796264648e+00
-1.834905743598937988e+00 3.370369195938110352e+00 -4.058957576751708984e+00 -3.488158881664276123e-01 3.441001176834106445e+00 -3.769975900650024414e+00 4.511595726013183594e+00 -1.566615462303161621e+00 3.441544771194458008e+00 5.032860755920410156e+00
-2.563309192657470703e+00 2.974447965621948242e+00 -1.030348181724548340e+00 4.718018531799316406e+00 3.896104812622070312e+00 1.625067234039306641e+00 1.602849841117858887e+00 -3.826211452484130859e+00 2.270005829632282257e-02 1.166695713996887207e+00
-4.392007291316986084e-01 1.918222665786743164e+00 -9.104956388473510742e-01 1.826312780380249023e+00 -4.853150248527526855e-01 3.564918279647827148e+00 -2.129112005233764648e+00 2.105354547500610352e+00 3.671469926834106445e+00 4.237575531005859375e+00
4.183837413787841797e+00 6.489694595336914062e+00 6.369326114654541016e-01 3.822312355041503906e+00 2.893546104431152344e+00 -3.265155315399169922e+00 -2.566593587398529053e-01 3.103881835937500000e+00 1.682832598686218262e+00 1.358434319496154785e+00
7.713577151298522949e-01 3.819314956665039062e+00 -2.604842185974121094e+00 -1.479894995689392090e+00 2.597916364669799805e+00 -1.680433392524719238e+00 -1.034714818000793457e+00 -3.041691780090332031e+00 4.284155368804931641e+00 3.160533905029296875e+00
-4.962170600891113281e+00 4.052388191223144531e+00 1.730339407920837402e+00 2.924487829208374023e+00 2.782486677169799805e+00 -1.156534180045127869e-01 4.505436897277832031e+00 5.186873912811279297e+00 -2.463346242904663086e+00 4.589235484600067139e-01
-3.672123193740844727e+00 2.089555501937866211e+00 6.938839703798294067e-02 1.917731165885925293e+00 3.078241825103759766e+00 -8.322004079818725586e-01 -4.083542823791503906e+00 8.478529453277587891e-01 3.307945489883422852e+00 -1.121595978736877441e+00
1.815011024475097656e+00 2.820341825485229492e+00 -2.282341718673706055e+00 -1.361895442008972168e+00 2.202042579650878906e+00 3.475297242403030396e-02 -2.274185180664062500e+00 -3.348428726196289062e+00 3.529478549957275391e+00 1.370257019996643066e+00
4.523269176483154297e+00 6.837895393371582031e+00 -3.368986770510673523e-02 2.422807455062866211e+00 2.266900300979614258e+00 2.617920339107513428e-01 -4.981633186340332031e+00 4.050405979156494141e+00 4.555006623268127441e-01 -3.421373665332794189e-02
-7.371568202972412109e+00 5.857685565948486328e+00 -2.842301845550537109e+00 7.127326965332031250e+00 5.665188312530517578e+00 -2.836715221405029297e+00 1.946396976709365845e-01 5.835515499114990234e+00 4.657205104827880859e+00 -2.030760765075683594e+00
-4.206642806529998779e-01 3.011846780776977539e+00 -3.156498908996582031e+00 -3.297512054443359375e+00 3.102438211441040039e+00 -2.342517614364624023e+00 -2.767370641231536865e-01 -8.459551334381103516e-01 3.716328620910644531e+00 1.883265495300292969e+00
-2.843119382858276367e+00 2.234988451004028320e+00 1.144640088081359863e+00 5.570358276367187500e+00 2.653097391128540039e+00 -1.137264966964721680e+00 -3.437756538391113281e+00 2.482835769653320312e+00 1.697162747383117676e+00 -1.212991118431091309e+00
-1.087337017059326172e+00 2.165718317031860352e+00 7.645921707153320312e-01 2.820631027221679688e+00 -2.213675498962402344e+00 -1.199553012847900391e+00 -5.376027822494506836e-01 -1.300931215286254883e+00 -3.474759340286254883e+00 2.756041765213012695e+00
4.319921493530273438e+00 5.378247261047363281e+00 -1.825714707374572754e+00 3.657451152801513672e+00 3.540276527404785156e+00 -3.799566268920898438e+00 6.531448960304260254e-01 6.667545795440673828e+00 -1.438919454813003540e-01 -1.412486672401428223e+00
5.037241578102111816e-01 6.420522212982177734e+00 3.774497032165527344e+00 -1.928231358528137207e+00 -1.560866117477416992e+00 -1.423387289047241211e+00 -3.254857778549194336e+00 -1.230635881423950195e+00 2.198728322982788086e+00 -1.743583232164382935e-01
-1.599775791168212891e+00 1.540532350540161133e+00 3.368458509445190430e+00 2.146005392074584961e+00 -1.306278109550476074e+00 -3.426553726196289062e+00 -7.234018445014953613e-01 1.517584562301635742e+00 3.776075601577758789e+00 3.170134067535400391e+00
-8.411183953285217285e-01 -4.861935377120971680e-01 3.969225406646728516e+00 2.886188745498657227e+00 -1.729395836591720581e-01 -2.757048368453979492e+00 -1.513350129127502441e+00 -2.596706390380859375e+00 1.232750654220581055e+00 3.164980411529541016e+00
-3.486108034849166870e-02 2.467190027236938477e+00 2.520082294940948486e-01 4.168940067291259766e+00 3.844327926635742188e+00 1.814439773559570312e+00 1.910950660705566406e+00 -2.808139324188232422e+00 -7.889792323112487793e-01 1.034074544906616211e+00
-6.762714385986328125e-01 4.177836894989013672e+00 -1.051352024078369141e+00 2.507073879241943359e+00 -9.339365363121032715e-01 -3.386309444904327393e-01 -3.856634140014648438e+00 -1.141037512570619583e-02 -3.205614566802978516e+00 3.134607791900634766e+00
-1.152093052864074707e+00 4.370932102203369141e+00 -3.096135616302490234e+00 6.570035964250564575e-02 2.469816684722900391e+00 -1.814485311508178711e+00 8.689204454421997070e-01 -3.344862222671508789e+00 3.919455766677856445e+00 5.260103702545166016e+00
-1.665664434432983398e+00 4.417719364166259766e+00 -2.559944391250610352e-01 4.360679149627685547e+00 2.735050201416015625e+00 -8.000732660293579102e-01 -4.893946647644042969e+00 7.782415300607681274e-02 2.530200242996215820e+00 -4.889262616634368896e-01
-1.370285004377365112e-01 1.744104176759719849e-01 5.205689072608947754e-01 3.463311195373535156e+00 4.184239864349365234e+00 1.483814358711242676e+00 3.334873437881469727e+00 -4.656067371368408203e+00 7.821774482727050781e-01 2.249945878982543945e+00
3.886144399642944336e+00 1.902592539787292480e+00 3.003752708435058594e+00 1.227906823158264160e+00 -3.043749928474426270e-01 3.764647245407104492e+00 -3.984048128128051758e+00 1.707424968481063843e-01 1.588791966438293457e+00 -1.643214821815490723e+00
4.476183891296386719e+00 6.596333980560302734e+00 -1.227073594927787781e-01 5.499843955039978027e-01 3.472182512283325195e+00 -1.808084249496459961e+00 -1.802095413208007812e+00 3.542618513107299805e+00 -3.538511395454406738e-01 1.887321114540100098e+00
-1.369563460350036621e+00 3.090602874755859375e+00 2.208003759384155273e+00 2.736098766326904297e+00 2.680410861968994141e+00 -5.490388870239257812e-01 -4.887134552001953125e+00 2.641123831272125244e-01 1.997971892356872559e+00 -7.481877207756042480e-01
-3.380632638931274414e+00 3.001407384872436523e+00 6.517208814620971680e-01 3.142170667648315430e+00 2.644099235534667969e+00 -3.613307327032089233e-02 3.607648372650146484e+00 5.187106609344482422e+00 -4.230500221252441406e+00 4.364462792873382568e-01
-9.470065832138061523e-01 1.178178310394287109e+00 3.353965654969215393e-02 3.682388782501220703e+00 2.834619522094726562e+00 2.086708545684814453e+00 -3.300356268882751465e-01 -5.548064231872558594e+00 1.517443545162677765e-02 1.401083350181579590e+00
-1.454465985298156738e+00 2.860659360885620117e+00 5.311726331710815430e-01 2.770165920257568359e+00 4.005199432373046875e+00 1.343660712242126465e+00 1.786078453063964844e+00 -4.210886478424072266e+00 -6.015230715274810791e-02 1.365130662918090820e+00
-4.110465049743652344e+00 5.018388748168945312e+00 2.280327558517456055e+00 2.589920043945312500e+00 2.265491962432861328e+00 8.092210292816162109e-01 2.798320531845092773e+00 3.670589923858642578e+00 -1.502719044685363770e+00 1.404826760292053223e+00
-2.908244132995605469e-01 2.612693548202514648e+00 1.733852505683898926e+00 3.890976190567016602e+00 3.035873651504516602e+00 1.927310943603515625e+00 -5.450773835182189941e-01 -3.495256185531616211e+00 -1.390499114990234375e+00 1.569917321205139160e+00
-3.013238430023193359e+00 2.756278753280639648e+00 1.729005932807922363e+00 2.774357795715332031e+00 8.881686627864837646e-02 -4.358261108398437500e+00 1.671283096075057983e-01 1.918137788772583008e+00 2.085553646087646484e+00 4.358594894409179688e+00
-2.127932310104370117e+00 4.222662925720214844e+00 1.018935322761535645e+00 1.395135045051574707e+00 3.552074193954467773e+00 3.017725646495819092e-01 -4.947063446044921875e+00 1.559096336364746094e+00 3.007298469543457031e+00 -1.459081768989562988e+00
9.787198305130004883e-01 3.493515491485595703e+00 -3.340764045715332031e+00 -2.690060615539550781e+00 2.266576766967773438e+00 -1.216060519218444824e+00 -3.745831251144409180e+00 -1.582625627517700195e+00 2.407082319259643555e+00 5.034813284873962402e-01
-2.992228031158447266e+00 4.793699741363525391e+00 8.437426090240478516e-01 2.669053554534912109e+00 1.943769931793212891e+00 -7.787911891937255859e-01 -4.136110305786132812e+00 9.593126922845840454e-02 2.447983503341674805e+00 -3.158816397190093994e-01
-7.325795292854309082e-01 3.024855136871337891e+00 6.319232583045959473e-01 2.277576446533203125e+00 4.378318309783935547e+00 2.874462842941284180e+00 -3.467057272791862488e-02 -2.280863046646118164e+00 9.487120807170867920e-02 -6.255811452865600586e-01
-3.821703672409057617e+00 5.964250087738037109e+00 1.154395818710327148e+00 1.571514248847961426e+00 1.741763710975646973e+00 2.070418357849121094e+00 -1.042493581771850586e+00 2.420709609985351562e+00 -2.475807428359985352e+00 1.837546706199645996e+00
-1.218222141265869141e+00 4.286401748657226562e+00 -2.841171264648437500e+00 -2.244513511657714844e+00 3.592504024505615234e+00 -3.800930738449096680e+00 1.168284773826599121e+00 -1.340694189071655273e+00 2.301338434219360352e+00 3.690508842468261719e+00
-1.945713281631469727e+00 1.779560595750808716e-01 1.421920895576477051e+00 5.720757484436035156e+00 4.551227569580078125e+00 8.193606138229370117e-01 4.402772903442382812e+00 -1.314316511154174805e+00 -1.947696954011917114e-01 4.205327630043029785e-01
-2.131943702697753906e+00 -3.405665159225463867e-01 -6.211546063423156738e-01 2.955799102783203125e+00 -1.276977300643920898e+00 2.679367303848266602e+00 -3.233292400836944580e-01 1.471619248390197754e+00 3.319745779037475586e+00 5.668923377990722656e+00
7.342159748077392578e-01 2.313875436782836914e+00 6.923356652259826660e-01 1.401410937309265137e+00 2.610522270202636719e+00 1.740946531295776367e+00 -6.914886832237243652e-01 -4.524621009826660156e+00 -1.050020307302474976e-01 4.670042693614959717e-01
-2.914335489273071289e+00 1.715854883193969727e+00 2.647107839584350586e+00 5.358681678771972656e+00 -7.846343331038951874e-03 -4.806996822357177734e+00 1.211398124694824219e+00 1.537234783172607422e+00 1.145025849342346191e+00 3.330845832824707031e+00
-1.420452356338500977e+00 4.405937671661376953e+00 5.592032670974731445e-01 3.153029441833496094e+00 -1.622133612632751465e+00 -7.337529659271240234e-01 -2.047922134399414062e+00 -2.116091012954711914e+00 -2.145895242691040039e+00 3.769088506698608398e+00
5.584546089172363281e+00 4.966432571411132812e+00 9.019107371568679810e-02 2.035878181457519531e+00 2.669602394104003906e+00 -1.486500501632690430e+00 -3.009797334671020508e+00 2.193070411682128906e+00 -2.168381959199905396e-01 1.463065981864929199e+00
-8.197709321975708008e-01 -8.100154399871826172e-01 -4.946914911270141602e-01 1.295818924903869629e+00 -1.333111763000488281e+00 2.958659172058105469e+00 -3.000832557678222656e+00 4.137933731079101562e+00 2.640301704406738281e+00 2.920561790466308594e+00
-1.396033912897109985e-01 3.161597967147827148e+00 1.480726003646850586e+00 2.343420982360839844e+00 3.070809364318847656e+00 5.629386901855468750e-01 -6.376557350158691406e+00 4.109763801097869873e-01 1.073245644569396973e+00 -1.256669998168945312e+00
8.203418254852294922e-01 3.377329111099243164e+00 -3.633425235748291016e+00 -3.195136547088623047e+00 2.422450065612792969e+00 -3.349680423736572266e+00 7.652285695075988770e-01 -7.081775069236755371e-01 4.016118526458740234e+00 1.430519104003906250e+00
-3.518564224243164062e+00 3.922168970108032227e+00 -1.724119544029235840e+00 3.723665475845336914e+00 2.961585283279418945e+00 -1.002302646636962891e+00 -4.814606666564941406e+00 3.666943073272705078e+00 1.996320605278015137e+00 -9.420441985130310059e-01
-3.021461009979248047e+00 4.039887428283691406e+00 2.477134704589843750e+00 9.997667670249938965e-01 -3.573701381683349609e-01 -4.553410053253173828e+00 -1.506614685058593750e+00 1.079839229583740234e+00 3.268585801124572754e-01 1.680276274681091309e+00
3.319081783294677734e+00 2.485504388809204102e+00 3.831272602081298828e+00 2.067569255828857422e+00 -1.632456541061401367e+00 3.457123517990112305e+00 -8.020753860473632812e-01 2.721935749053955078e+00 1.132374286651611328e+00 -1.701207756996154785e+00
-9.725677371025085449e-01 4.809500575065612793e-01 -2.771378755569458008e-01 3.762679398059844971e-01 -4.055016636848449707e-01 3.037176847457885742e+00 -2.896402359008789062e+00 1.485316038131713867e+00 3.538669347763061523e+00 3.572455883026123047e+00
3.511382579803466797e+00 1.572251677513122559e+00 2.391509532928466797e+00 4.224336624145507812e+00 5.710822343826293945e-01 4.133201599121093750e+00 -3.664697647094726562e+00 3.784051895141601562e+00 1.495039343833923340e+00 -1.885316491127014160e+00
-1.994839668273925781e+00 4.083458423614501953e+00 4.627916336059570312e+00 -8.200863599777221680e-01 1.403434276580810547e+00 2.548189878463745117e+00 2.964184284210205078e-01 8.865396976470947266e-01 -3.050602436065673828e+00 1.078713417053222656e+00
-6.746907830238342285e-01 4.678428173065185547e+00 -3.843612074851989746e-01 1.349559903144836426e+00 -1.509180307388305664e+00 1.201655641198158264e-01 -3.836080312728881836e+00 -1.003429412841796875e+00 -2.057276010513305664e+00 2.807578086853027344e+00
-1.502515912055969238e+00 9.816935062408447266e-01 3.660119056701660156e+00 8.563439846038818359e-01 -7.805208563804626465e-01 -2.408263206481933594e+00 -3.391954421997070312e+00 -1.186955094337463379e+00 1.140107989311218262e+00 1.925638198852539062e+00
-5.361577510833740234e+00 3.637949705123901367e+00 2.158370971679687500e+00 4.151759147644042969e+00 2.229755878448486328e+00 3.178715407848358154e-01 3.576584100723266602e+00 3.265035867691040039e+00 -3.743770837783813477e+00 2.230420559644699097e-01
-4.148096084594726562e+00 4.710068225860595703e+00 1.730554342269897461e+00 3.862562656402587891e+00 2.532904386520385742e+00 1.633076906204223633e+00 1.593434333801269531e+00 3.399011611938476562e+00 -3.911543369293212891e+00 2.204567909240722656e+00
-2.511871576309204102e+00 3.484495401382446289e+00 2.348269939422607422e+00 3.716534674167633057e-01 1.186532974243164062e+00 1.070798993110656738e+00 1.492371916770935059e+00 1.751775741577148438e+00 -4.319571971893310547e+00 6.638893485069274902e-01
-1.946133852005004883e+00 4.769389629364013672e+00 -1.820358276367187500e+00 5.201194763183593750e+00 -8.470253944396972656e-01 -1.895795345306396484e+00 5.289410948753356934e-01 -7.033624649047851562e-01 -2.890413522720336914e+00 3.927194118499755859e+00
1.140244483947753906e+00 -1.469738632440567017e-01 7.808933258056640625e-01 2.060932874679565430e+00 3.798047065734863281e+00 2.820019960403442383e+00 1.089689612388610840e+00 -3.474703550338745117e+00 2.939383871853351593e-02 -6.819288134574890137e-01
2.226337671279907227e+00 5.516680240631103516e+00 1.297144293785095215e+00 -2.595990180969238281e+00 -1.012894153594970703e+00 -1.730258762836456299e-01 -6.842892646789550781e+00 -7.312946319580078125e-01 1.396634101867675781e+00 -2.225841760635375977e+00
-1.638658195734024048e-01 1.532828330993652344e+00 -3.082654476165771484e-01 2.070164680480957031e+00 -1.062898278236389160e+00 3.684636831283569336e+00 -7.786725163459777832e-01 3.635672569274902344e+00 3.223650217056274414e+00 4.716599464416503906e+00
-2.332449436187744141e+00 3.914460897445678711e+00 1.890862226486206055e+00 3.935983657836914062e+00 2.035921096801757812e+00 2.492998838424682617e+00 -4.397505223751068115e-01 -3.320000648498535156e+00 8.329135775566101074e-01 1.962318301200866699e+00
2.216361284255981445e+00 6.073536872863769531e+00 2.550275087356567383e+00 -2.887796640396118164e+00 -9.771342873573303223e-01 3.605209290981292725e-01 -6.504336357116699219e+00 -9.789503812789916992e-01 3.036669492721557617e-01 -2.334611415863037109e+00
-2.477741003036499023e+00 6.024270653724670410e-01 -3.411403298377990723e-01 2.301105976104736328e+00 -1.175557613372802734e+00 2.293720245361328125e+00 -3.817200660705566406e+00 1.260007858276367188e+00 3.274098157882690430e+00 5.217893123626708984e+00
-3.423260450363159180e+00 2.180256843566894531e+00 1.858121156692504883e+00 2.187337398529052734e+00 2.725409865379333496e-01 -7.002931594848632812e+00 3.429646015167236328e+00 2.798912525177001953e+00 1.375073790550231934e+00 3.858567714691162109e+00
-2.919799387454986572e-01 1.197171330451965332e+00 1.128029942512512207e+00 1.739189624786376953e+00 -1.600713133811950684e+00 4.008613109588623047e+00 -2.357914209365844727e+00 2.158026210963726044e-03 2.349830150604248047e+00 5.339015960693359375e+00
2.568158388137817383e+00 -1.097710132598876953e+00 4.726422786712646484e+00 3.333909034729003906e+00 -1.609758615493774414e+00 1.754253625869750977e+00 3.142741441726684570e+00 2.604045867919921875e+00 2.924416065216064453e+00 -4.532379209995269775e-01
1.774660825729370117e+00 7.005760669708251953e+00 -1.691756129264831543e+00 4.647246360778808594e+00 3.548397541046142578e+00 -4.312892436981201172e+00 6.952563524246215820e-01 8.869105339050292969e+00 3.421253859996795654e-01 2.525732517242431641e+00
