-6.799314618110656738e-01 6.493265628814697266e+00 7.471686601638793945e-02 -1.060761928558349609e+00 1.034032553434371948e-01 3.228297472000122070e+00 -2.965824365615844727e+00 9.576028823852539062e+00 -6.714526653289794922e+00 2.931733131408691406e+00 4.178583621978759766e+00 -1.748283624649047852e+00 1.335844278335571289e+00 -3.760942697525024414e+00 -4.568766593933105469e+00
-2.164604902267456055e+00 3.687356710433959961e+00 3.768722295761108398e+00 -1.823747903108596802e-01 2.485213756561279297e+00 3.755306959152221680e+00 6.924195289611816406e-01 4.659639358520507812e+00 -7.575678825378417969e+00 1.626973032951354980e+00 3.610809087753295898e+00 -3.650408029556274414e+00 -1.511738538742065430e+00 -4.609577655792236328e+00 1.077203392982482910e+00
-6.729362010955810547e+00 6.035328388214111328e+00 4.881967067718505859e+00 -6.394825935363769531e+00 -2.512387633323669434e-01 2.295093059539794922e+00 2.231529951095581055e+00 9.712384939193725586e-01 -6.786808013916015625e+00 8.772953748703002930e-01 9.057701379060745239e-02 -8.033367156982421875e+00 -5.184586048126220703e+00 -4.056287288665771484e+00 -2.625309228897094727e-01
-4.112118721008300781e+00 3.451777935028076172e+00 7.880235910415649414e-01 -1.048719048500061035e+00 2.031130313873291016e+00 1.130238294601440430e+00 2.567127466201782227e+00 -1.676825284957885742e+00 -6.056368827819824219e+00 1.490519881248474121e+00 -2.849787712097167969e+00 -4.766407012939453125e+00 -2.976102113723754883e+00 -4.032800495624542236e-01 8.711971282958984375e+00
1.398083209991455078e+00 6.093747615814208984e+00 1.973079204559326172e+00 -2.109041690826416016e+00 -1.128531247377395630e-01 -1.378671407699584961e+00 1.634299397468566895e+00 5.206784248352050781e+00 -4.607891082763671875e+00 3.992342233657836914e+00 -5.333860397338867188e+00 -1.006946444511413574e+00 -7.997047901153564453e-01 -2.846928596496582031e+00 2.499535083770751953e+00
-8.602843284606933594e-01 5.964271068572998047e+00 2.163434743881225586e+00 9.988258481025695801e-01 -8.140960335731506348e-01 1.378248929977416992e+00 -5.381825566291809082e-01 7.039135932922363281e+00 -7.220932960510253906e+00 3.572931528091430664e+00 2.827430486679077148e+00 -1.033861875534057617e+00 -2.295780658721923828e+00 -2.202372312545776367e+00 -1.198499202728271484e-01
-4.838616371154785156e+00 4.429250240325927734e+00 4.660387039184570312e+00 -5.041133403778076172e+00 -3.390548825263977051e-01 7.269259095191955566e-01 4.490874767303466797e+00 -6.660442352294921875e-01 -5.804142951965332031e+00 1.002943515777587891e+00 1.032519459724426270e+00 -6.211728572845458984e+00 -4.023353099822998047e+00 -2.672751665115356445e+00 2.614368677139282227e+00
-5.726286888122558594e+00 4.598384380340576172e+00 4.124579906463623047e+00 -5.085433959960937500e+00 7.032846808433532715e-01 1.803262710571289062e+00 2.806288242340087891e+00 1.054618954658508301e+00 -7.438767433166503906e+00 9.442383050918579102e-01 7.559097558259963989e-02 -8.923282623291015625e+00 -5.728183269500732422e+00 -4.493381500244140625e+00 8.159042596817016602e-01
-2.256628423929214478e-01 7.733181476593017578e+00 4.877630233764648438e+00 -5.141251087188720703e+00 -5.041281580924987793e-01 -1.237668633460998535e+00 6.023480892181396484e+00 2.622905254364013672e+00 -1.672514081001281738e+00 1.588112115859985352e+00 9.624422788619995117e-01 -1.932348012924194336e+00 -1.090949535369873047e+00 -2.994655847549438477e+00 -1.017091989517211914e+00
-2.878200709819793701e-01 4.362762928009033203e+00 2.581818819046020508e+00 -8.584578335285186768e-02 -8.441879153251647949e-01 2.310554683208465576e-01 -4.256550371646881104e-01 6.176353931427001953e+00 -7.632114887237548828e+00 3.731064558029174805e+00 3.813962697982788086e+00 1.324828416109085083e-01 2.541034221649169922e-01 -1.366047978401184082e+00 -5.833772420883178711e-01
1.431836605072021484e+00 5.348035335540771484e+00 2.161215066909790039e+00 -1.936599016189575195e+00 -1.168884634971618652e+00 -6.648711115121841431e-02 3.050199747085571289e+00 6.942298412322998047e+00 -4.978275299072265625e+00 4.786591053009033203e+00 -3.860322237014770508e+00 -9.469488263130187988e-01 7.237238883972167969e-01 -6.701983213424682617e-01 4.056105136871337891e+00
2.278712272644042969e+00 3.638700485229492188e+00 1.454661130905151367e+00 -4.242568016052246094e+00 4.223667457699775696e-02 -1.736208677291870117e+00 2.536145448684692383e+00 7.103816986083984375e+00 -6.229458332061767578e+00 3.117300033569335938e+00 -3.156206846237182617e+00 4.038484096527099609e-01 1.839987158775329590e+00 -1.531687736511230469e+00 2.793321609497070312e+00
1.603095889091491699e+00 4.027427196502685547e+00 1.448468208312988281e+00 -4.712179183959960938e+00 2.443592548370361328e+00 1.638421535491943359e+00 6.352019786834716797e+00 3.606592416763305664e+00 -6.472437381744384766e+00 -3.901342153549194336e+00 -3.906488418579101562e+00 -2.772819042205810547e+00 -2.340370565652847290e-01 -2.849767208099365234e+00 1.111196637153625488e+00
-5.604643344879150391e+00 4.361855030059814453e+00 5.037167549133300781e+00 -4.130870819091796875e+00 1.311371803283691406e+00 1.306012868881225586e+00 3.419180154800415039e+00 -1.153758168220520020e-01 -7.219009399414062500e+00 1.837034344673156738e+00 6.954730302095413208e-02 -5.834476470947265625e+00 -4.059156417846679688e+00 -4.045196056365966797e+00 2.426458597183227539e+00
-6.704478859901428223e-01 7.588637351989746094e+00 4.680674552917480469e+00 -2.411339044570922852e+00 4.972334504127502441e-01 -8.068166375160217285e-01 5.623120784759521484e+00 2.099712371826171875e+00 -2.368893623352050781e+00 2.330906152725219727e+00 1.658841520547866821e-01 -1.890768527984619141e+00 -1.945410966873168945e+00 -2.697392463684082031e+00 1.320796132087707520e+00
7.208263278007507324e-01 5.027550220489501953e+00 1.354323625564575195e+00 -3.388846635818481445e+00 -3.198449909687042236e-01 5.689606070518493652e-01 1.746937394142150879e+00 5.106913566589355469e+00 -6.260143280029296875e+00 3.565684556961059570e+00 -5.424893856048583984e+00 -2.328887432813644409e-01 1.282760947942733765e-01 -1.154710054397583008e+00 3.058194637298583984e+00
-2.513724803924560547e+00 6.589813232421875000e+00 8.865677714347839355e-01 9.408985972404479980e-01 -4.721610546112060547e-01 7.342576026916503906e+00 4.895808696746826172e+00 3.719866037368774414e+00 -5.244196891784667969e+00 -3.228500783443450928e-01 1.810385137796401978e-01 -3.680770874023437500e+00 -1.045833826065063477e+00 -3.561062812805175781e+00 3.231107950210571289e+00
-3.440207004547119141e+00 4.688965797424316406e+00 2.476731777191162109e+00 -1.618715643882751465e+00 2.950585365295410156e+00 2.438470363616943359e+00 -3.801236450672149658e-01 4.127311706542968750e-02 -1.011031913757324219e+01 -9.700508117675781250e-01 1.802319765090942383e+00 2.143210321664810181e-01 -4.788924694061279297e+00 -1.405986666679382324e+00 2.101916790008544922e+00
-7.608808279037475586e-01 1.325572654604911804e-02 3.039029836654663086e+00 -6.377696990966796875e+00 -2.043638974428176880e-01 5.628250598907470703e+00 6.100686550140380859e+00 -8.580710887908935547e-01 -3.339368820190429688e+00 1.727256894111633301e+00 2.872393608093261719e+00 -9.070830345153808594e-01 3.255820274353027344e+00 -4.956552982330322266e+00 2.777581453323364258e+00
-1.961448937654495239e-01 9.335814714431762695e-01 3.787950754165649414e+00 -6.329559326171875000e+00 -1.803368330001831055e+00 6.003076076507568359e+00 7.848205089569091797e+00 -1.856203675270080566e+00 -1.541414499282836914e+00 2.473712205886840820e+00 1.949226021766662598e+00 -1.323867321014404297e+00 2.683451175689697266e+00 -4.357522964477539062e+00 3.778752088546752930e+00
-4.727970123291015625e+00 1.998185068368911743e-01 1.341916084289550781e+00 -9.127778410911560059e-01 1.373863935470581055e+00 4.604985713958740234e+00 3.324101209640502930e+00 -1.582935810089111328e+00 -6.469755172729492188e+00 1.643657088279724121e+00 -1.755842089653015137e+00 -4.134660243988037109e+00 7.121710777282714844e-01 8.526085615158081055e-01 9.762004852294921875e+00
-2.068078994750976562e+00 3.041037797927856445e+00 3.618440151214599609e+00 -2.093275338411331177e-01 2.389179706573486328e+00 4.422176837921142578e+00 2.792082726955413818e-01 7.306628227233886719e+00 -7.483435630798339844e+00 -2.899712026119232178e-01 4.723548889160156250e+00 -5.188225746154785156e+00 -4.409719631075859070e-02 -5.628439426422119141e+00 -1.714579701423645020e+00
-5.519711971282958984e+00 4.302115917205810547e+00 4.497465133666992188e+00 -5.640765190124511719e+00 8.448033034801483154e-02 1.804623961448669434e+00 3.759436368942260742e+00 -1.892603039741516113e-01 -7.177320480346679688e+00 6.320260763168334961e-01 4.611814767122268677e-02 -7.582383632659912109e+00 -4.671712398529052734e+00 -3.483578443527221680e+00 1.718292593955993652e+00
-4.366398811340332031e+00 2.617208242416381836e+00 2.269105195999145508e+00 -5.273769423365592957e-02 7.140932977199554443e-02 2.320361614227294922e+00 1.746017098426818848e+00 -7.559986114501953125e-01 -5.388863563537597656e+00 1.616290569305419922e+00 -2.646660089492797852e+00 -5.304267883300781250e+00 -3.176323652267456055e+00 1.280259013175964355e+00 8.801156044006347656e+00
-6.117943763732910156e+00 3.251571655273437500e+00 2.409519910812377930e+00 -1.827084541320800781e+00 7.367476820945739746e-01 3.044230222702026367e+00 1.900028944015502930e+00 -9.847036600112915039e-01 -5.212606906890869141e+00 2.441837072372436523e+00 -1.946670889854431152e+00 -3.838000059127807617e+00 -9.366490244865417480e-01 -1.966964751482009888e-01 8.061546325683593750e+00
3.871940374374389648e+00 5.820967197418212891e+00 -3.584302067756652832e-01 -4.043983936309814453e+00 -2.932896316051483154e-01 -1.415692567825317383e+00 3.067398548126220703e+00 9.360356330871582031e+00 -7.521540641784667969e+00 1.409604191780090332e+00 -4.828494548797607422e+00 -2.976084232330322266e+00 -1.809631586074829102e+00 -1.852622389793395996e+00 2.047138214111328125e+00
2.589596986770629883e+00 3.703310728073120117e+00 -1.015283465385437012e-01 -5.016157627105712891e+00 3.563318252563476562e+00 3.252290010452270508e+00 6.127043724060058594e+00 5.615660190582275391e+00 -7.087424278259277344e+00 -5.737647056579589844e+00 -5.015624523162841797e+00 -6.274826526641845703e+00 -1.327769905328750610e-01 -5.244831085205078125e+00 -2.551770210266113281e-01
2.402709238231182098e-02 7.178542137145996094e+00 4.052368164062500000e+00 -3.676927804946899414e+00 1.006648987531661987e-01 -1.368547320365905762e+00 6.097754478454589844e+00 2.352928876876831055e+00 -2.779958963394165039e+00 1.090499162673950195e+00 6.103786230087280273e-01 -1.264681696891784668e+00 -1.503452658653259277e+00 -1.580193042755126953e+00 6.695199012756347656e-01
-5.561006069183349609e+00 5.875121593475341797e+00 5.314111709594726562e+00 -5.927611351013183594e+00 6.791232228279113770e-01 6.420978903770446777e-01 4.400516986846923828e+00 1.301741361618041992e+00 -5.777455806732177734e+00 2.670697271823883057e-01 8.849073648452758789e-01 -9.799702644348144531e+00 -6.117681980133056641e+00 -2.638147592544555664e+00 1.115195989608764648e+00
-1.158368349075317383e+00 3.051143884658813477e-01 3.229828119277954102e+00 -6.892804145812988281e+00 -3.157515451312065125e-02 6.469871997833251953e+00 6.357157707214355469e+00 6.059384346008300781e-02 -2.165718555450439453e+00 1.232273101806640625e+00 4.058643341064453125e+00 -2.394532918930053711e+00 3.546316385269165039e+00 -6.060990333557128906e+00 1.460993885993957520e+00
-4.438663005828857422e+00 8.379052162170410156e+00 -5.075816512107849121e-01 -5.105173587799072266e+00 2.927728414535522461e+00 2.984254598617553711e+00 -1.794466078281402588e-01 -2.134374976158142090e-01 -1.087472724914550781e+01 -6.056072235107421875e+00 1.514016866683959961e+00 -3.262562513351440430e+00 -6.079736709594726562e+00 -2.903459310531616211e+00 -1.141231775283813477e+00
-9.186709523200988770e-01 3.126429319381713867e+00 2.229399204254150391e+00 -7.583802223205566406e+00 -1.102917194366455078e+00 7.133809566497802734e+00 7.855877876281738281e+00 8.986303806304931641e-01 -3.961352348327636719e+00 6.402901411056518555e-01 1.741682052612304688e+00 -3.720750570297241211e+00 1.662579655647277832e+00 -5.838116168975830078e+00 1.877922654151916504e+00
-3.761440515518188477e+00 9.339777946472167969e+00 -2.386929750442504883e+00 -3.784158706665039062e+00 3.725805044174194336e+00 8.537177443504333496e-01 1.253750026226043701e-01 -4.474277496337890625e-01 -1.023850440979003906e+01 -7.226887226104736328e+00 1.888409256935119629e+00 -3.058060884475708008e+00 -6.584522724151611328e+00 -2.336439847946166992e+00 -7.290009856224060059e-01
-4.629821777343750000e+00 2.478455066680908203e+00 1.383403062820434570e+00 3.265686333179473877e-01 1.807815790176391602e+00 3.244734525680541992e+00 2.393443584442138672e+00 -8.782375454902648926e-01 -5.881167411804199219e+00 2.554136991500854492e+00 -3.495172023773193359e+00 -5.404029369354248047e+00 -1.166271328926086426e+00 6.025040745735168457e-01 9.670903205871582031e+00
-1.197133541107177734e+00 7.307590007781982422e+00 4.603138923645019531e+00 -4.253631114959716797e+00 1.649206161499023438e+00 -1.215366959571838379e+00 5.621222496032714844e+00 2.783524274826049805e+00 -1.244105458259582520e+00 1.598917603492736816e+00 1.300450682640075684e+00 -2.857995510101318359e+00 -1.578921437263488770e+00 -4.121278285980224609e+00 -2.535952329635620117e-01
-2.941079854965209961e+00 3.535202503204345703e+00 2.783221721649169922e+00 -8.612345695495605469e+00 -1.746649503707885742e+00 7.990140914916992188e+00 7.255311965942382812e+00 1.337860584259033203e+00 -2.728982448577880859e+00 1.709785342216491699e+00 2.419906854629516602e+00 -3.856196641921997070e+00 3.336545944213867188e+00 -5.715881347656250000e+00 2.009987354278564453e+00
-4.397734165191650391e+00 8.329273223876953125e+00 8.848833441734313965e-01 -3.512524843215942383e+00 1.384872913360595703e+00 3.465696096420288086e+00 7.342975139617919922e-01 4.929301142692565918e-01 -1.057383632659912109e+01 -1.802328348159790039e+00 1.837976574897766113e+00 -1.209806680679321289e+00 -4.063301563262939453e+00 -1.615395545959472656e+00 3.883574008941650391e-01
2.744012117385864258e+00 2.661000728607177734e+00 1.342831373214721680e+00 -3.015522480010986328e+00 4.102199077606201172e+00 2.068625926971435547e+00 6.418468952178955078e+00 5.066925048828125000e+00 -6.786870479583740234e+00 -4.602494716644287109e+00 -3.207849740982055664e+00 -3.588187217712402344e+00 1.611525297164916992e+00 -3.627609968185424805e+00 1.308907508850097656e+00
-2.622118949890136719e+00 5.906446456909179688e+00 6.435403227806091309e-01 1.314040660858154297e+00 -1.623824000358581543e+00 6.126264095306396484e+00 3.057824373245239258e+00 2.544958591461181641e+00 -5.515028953552246094e+00 -1.245008826255798340e+00 1.939431786537170410e+00 -3.149806261062622070e+00 -2.554962635040283203e+00 -2.662803888320922852e+00 3.040921926498413086e+00
-4.916772365570068359e+00 5.985010623931884766e+00 1.747351884841918945e+00 -2.984706401824951172e+00 2.084216594696044922e+00 2.298363685607910156e+00 9.435822963714599609e-01 -1.309495568275451660e-01 -8.416515350341796875e+00 -2.291867017745971680e+00 3.354938745498657227e+00 -1.172542095184326172e+00 -4.327879428863525391e+00 -1.982902407646179199e+00 1.369105458259582520e+00
-6.852473616600036621e-01 1.708440065383911133e+00 4.560683250427246094e+00 -6.330556392669677734e+00 -1.622574448585510254e+00 6.800523281097412109e+00 6.672116756439208984e+00 9.033105373382568359e-01 -4.450963020324707031e+00 1.731795549392700195e+00 2.572403669357299805e+00 -1.876090884208679199e+00 2.373274564743041992e+00 -5.218782901763916016e+00 1.689134240150451660e+00
-2.691940546035766602e+00 7.729962825775146484e+00 -9.025615453720092773e-01 1.202402234077453613e+00 -3.018756508827209473e-01 8.131244659423828125e+00 4.354124069213867188e+00 6.349078178405761719e+00 -6.117596149444580078e+00 -5.066961765289306641e+00 2.246371269226074219e+00 -7.681167602539062500e+00 -2.463340044021606445e+00 -5.327638149261474609e+00 6.329150199890136719e-01
-3.340994358062744141e+00 6.818788051605224609e+00 3.711727261543273926e-02 -4.133175849914550781e+00 1.997792959213256836e+00 2.345661640167236328e+00 -4.801399707794189453e-01 -7.895805835723876953e-01 -1.168408584594726562e+01 -4.448773384094238281e+00 2.242700576782226562e+00 -2.080075502395629883e+00 -5.196258068084716797e+00 -2.583290576934814453e+00 -5.058430433273315430e-01
-2.764328956604003906e+00 5.645025730133056641e+00 8.569496273994445801e-01 1.002411961555480957e+00 -1.323758244514465332e+00 6.983283519744873047e+00 3.687532424926757812e+00 2.962635278701782227e+00 -3.759278774261474609e+00 -5.665613412857055664e-01 5.895870923995971680e-01 -3.133000850677490234e+00 -4.319114089012145996e-01 -1.894415497779846191e+00 2.647262096405029297e+00
2.575669050216674805e+00 4.873367309570312500e+00 1.262909650802612305e+00 -1.654027462005615234e+00 -9.335233271121978760e-02 -1.701263904571533203e+00 8.618645668029785156e-01 6.870136737823486328e+00 -5.886464118957519531e+00 2.954112291336059570e+00 -5.359263420104980469e+00 -1.172087907791137695e+00 -2.118842363357543945e+00 -9.569057226181030273e-01 2.337720632553100586e+00
-2.047888517379760742e+00 3.823182821273803711e+00 2.727677106857299805e+00 -8.730235099792480469e+00 -2.502458095550537109e+00 7.025220394134521484e+00 7.375715732574462891e+00 5.379910469055175781e-01 5.393563956022262573e-02 4.823779165744781494e-01 2.585824251174926758e+00 -5.423783779144287109e+00 2.179947137832641602e+00 -7.174889087677001953e+00 -2.958800792694091797e-01
-2.252298116683959961e+00 1.102376341819763184e+00 2.714333295822143555e+00 -1.091360688209533691e+00 1.971594214439392090e+00 2.960409164428710938e+00 -8.139537572860717773e-01 6.934312820434570312e+00 -8.620117187500000000e+00 7.756648063659667969e-01 4.441484928131103516e+00 -5.038505554199218750e+00 6.548631936311721802e-03 -3.736517190933227539e+00 3.778215646743774414e-01
-1.075359106063842773e+00 6.361043930053710938e+00 2.496184110641479492e+00 -1.524057865142822266e+00 -9.903482198715209961e-01 7.564319968223571777e-01 -1.160069227218627930e+00 7.418155193328857422e+00 -7.599448204040527344e+00 3.628700733184814453e+00 2.749096632003784180e+00 -1.146652936935424805e+00 -1.401457071304321289e+00 -2.317256212234497070e+00 -2.418579101562500000e+00
-1.641937732696533203e+00 6.034443855285644531e+00 1.853284597396850586e+00 9.667257964611053467e-02 -1.619044184684753418e+00 2.522188425064086914e+00 3.426531255245208740e-01 5.856576919555664062e+00 -5.727836608886718750e+00 4.568011760711669922e+00 2.669344186782836914e+00 6.308127939701080322e-02 -7.411360740661621094e-01 -1.068678021430969238e+00 8.983795046806335449e-01
-5.063060283660888672e+00 1.649098753929138184e+00 1.011557102203369141e+00 -1.472562313079833984e+00 1.105226278305053711e+00 3.025225400924682617e+00 2.732643842697143555e+00 -1.819833636283874512e+00 -5.799290180206298828e+00 1.263646483421325684e+00 -2.298779726028442383e+00 -5.617407798767089844e+00 -2.016632080078125000e+00 5.565440654754638672e-01 9.570923805236816406e+00
3.891068935394287109e+00 3.781098365783691406e+00 2.253207445144653320e+00 -1.853239655494689941e+00 -7.983199954032897949e-01 -4.176659882068634033e-01 3.191371440887451172e+00 5.749871253967285156e+00 -6.350310325622558594e+00 2.897197008132934570e+00 -3.344209432601928711e+00 1.834296733140945435e-01 -4.066994190216064453e-01 -1.595336675643920898e+00 3.343648910522460938e+00
-3.400886535644531250e+00 8.602743148803710938e+00 4.105000495910644531e-01 -2.478866100311279297e+00 3.620805263519287109e+00 1.268463850021362305e+00 1.812452673912048340e+00 -4.650354385375976562e-04 -9.515998840332031250e+00 -3.618583440780639648e+00 1.732464432716369629e+00 -1.668565273284912109e+00 -4.964788913726806641e+00 -1.589078068733215332e+00 4.231913089752197266e-01
-2.099573850631713867e+00 4.621031761169433594e+00 1.412428379058837891e+00 2.678642988204956055e+00 4.239014983177185059e-01 6.720669746398925781e+00 4.092035770416259766e+00 2.480975627899169922e+00 -5.176628589630126953e+00 -2.299138158559799194e-01 2.284222841262817383e+00 -3.078076124191284180e+00 -7.858432531356811523e-01 -3.214986562728881836e+00 3.873424530029296875e+00
-5.511101722717285156e+00 4.063104152679443359e+00 1.406016111373901367e+00 -1.209643483161926270e+00 1.259205818176269531e+00 2.459038496017456055e+00 2.433596849441528320e+00 -9.856467843055725098e-01 -5.305753231048583984e+00 3.204296350479125977e+00 -4.896364688873291016e+00 -5.495637416839599609e+00 -2.007018774747848511e-03 -2.549902498722076416e-01 9.294963836669921875e+00
-4.978386402130126953e+00 3.429928541183471680e+00 6.314103603363037109e+00 -3.886347055435180664e+00 8.736696839332580566e-01 1.777266740798950195e+00 3.139482021331787109e+00 1.311458349227905273e-01 -7.045385837554931641e+00 1.572057604789733887e+00 1.816511392593383789e+00 -5.519880771636962891e+00 -3.661252737045288086e+00 -2.736575365066528320e+00 2.202853202819824219e+00
-1.388311624526977539e+00 2.048163175582885742e+00 2.544166803359985352e+00 -7.122179031372070312e+00 -2.786942124366760254e-01 7.291975021362304688e+00 7.152388572692871094e+00 1.045210123062133789e+00 -4.500771522521972656e+00 1.331896305084228516e+00 1.471787571907043457e+00 -3.336430788040161133e+00 2.915805578231811523e+00 -6.832515239715576172e+00 2.381812572479248047e+00
-2.944672822952270508e+00 4.471896648406982422e+00 1.447630167007446289e+00 6.171688437461853027e-01 -9.916182160377502441e-01 6.745230197906494141e+00 3.069369077682495117e+00 2.483353614807128906e+00 -6.391121864318847656e+00 -2.003465741872787476e-01 1.639732718467712402e+00 -2.022547006607055664e+00 -6.627958416938781738e-01 -2.528649806976318359e+00 3.327820539474487305e+00
3.129922151565551758e+00 3.785499572753906250e+00 1.121583938598632812e+00 -4.327829837799072266e+00 1.618184089660644531e+00 2.486908674240112305e+00 6.979815959930419922e+00 3.896960735321044922e+00 -5.437048912048339844e+00 -3.598551273345947266e+00 -5.033164024353027344e+00 -3.510662794113159180e+00 -4.046790599822998047e-01 -3.211181879043579102e+00 1.428055882453918457e+00
-3.435223817825317383e+00 1.481813073158264160e+00 8.330921530723571777e-01 8.458116650581359863e-01 2.508986473083496094e+00 1.455763101577758789e+00 3.624264240264892578e+00 -4.425604045391082764e-01 -4.720385074615478516e+00 2.045447349548339844e+00 -2.264284849166870117e+00 -4.080926418304443359e+00 -4.148240685462951660e-01 -5.308221280574798584e-02 9.836129188537597656e+00
-4.839138507843017578e+00 1.351957678794860840e+00 8.298951983451843262e-01 -5.316475629806518555e-01 3.035741329193115234e+00 3.116576910018920898e+00 2.276675462722778320e+00 -1.173557162284851074e+00 -6.794466018676757812e+00 1.224609851837158203e+00 -1.954676508903503418e+00 -5.625126838684082031e+00 -2.139860391616821289e+00 5.287752151489257812e-01 9.435940742492675781e+00
2.057929754257202148e+00 2.467098712921142578e+00 2.115194082260131836e+00 -2.718610763549804688e+00 3.718818426132202148e+00 3.300769090652465820e+00 5.446063041687011719e+00 4.643706321716308594e+00 -8.027482986450195312e+00 -3.793657541275024414e+00 -3.242767095565795898e+00 -3.315808773040771484e+00 -5.107047557830810547e-01 -2.915513753890991211e+00 2.045119524002075195e+00
-3.017938852310180664e+00 2.462197303771972656e+00 1.388584852218627930e+00 3.710756301879882812e-01 1.911714434623718262e+00 2.462552309036254883e+00 3.406917572021484375e+00 -1.599884510040283203e+00 -5.905252456665039062e+00 1.287644028663635254e+00 -2.155694723129272461e+00 -3.641784906387329102e+00 -2.406015634536743164e+00 2.919215261936187744e-01 9.184526443481445312e+00
-2.676655352115631104e-01 6.154315948486328125e+00 7.281676530838012695e-01 -2.507788181304931641e+00 -2.189396142959594727e+00 2.033151626586914062e+00 -6.385972499847412109e-01 7.885205268859863281e+00 -7.618879795074462891e+00 3.695297956466674805e+00 3.070087432861328125e+00 -8.298400044441223145e-01 2.334604740142822266e+00 -3.126300334930419922e+00 -3.655669212341308594e+00
-2.898947715759277344e+00 4.694807529449462891e+00 1.518315315246582031e+00 7.435091733932495117e-01 -7.905018515884876251e-03 6.476327419281005859e+00 3.127327919006347656e+00 2.241656303405761719e+00 -7.637966156005859375e+00 -1.855999588966369629e+00 2.462108135223388672e+00 -3.164686918258666992e+00 -1.247500419616699219e+00 -3.967646360397338867e+00 2.751839637756347656e+00
-3.766533136367797852e+00 5.753539562225341797e+00 2.228388786315917969e+00 -1.786853194236755371e+00 1.736771583557128906e+00 2.569704294204711914e+00 3.372157216072082520e-01 -2.928266525268554688e-01 -9.244204521179199219e+00 -2.393801450729370117e+00 2.387005329132080078e+00 -1.702603936195373535e+00 -6.653074741363525391e+00 -2.071934461593627930e+00 1.261539578437805176e+00
-2.502549886703491211e+00 4.396369457244873047e+00 1.356048822402954102e+00 1.798775672912597656e+00 4.116268754005432129e-01 5.944404125213623047e+00 3.171922922134399414e+00 2.887207984924316406e+00 -5.176464080810546875e+00 -1.230787396430969238e+00 2.756898641586303711e+00 -2.535183906555175781e+00 -4.374064803123474121e-01 -2.957065343856811523e+00 2.462821722030639648e+00
-5.486033916473388672e+00 2.400146484375000000e+00 2.513306140899658203e+00 -6.983960270881652832e-01 9.884889721870422363e-01 3.915209054946899414e+00 1.647925615310668945e+00 -1.610143899917602539e+00 -6.933653831481933594e+00 1.382376074790954590e+00 -1.253381609916687012e+00 -4.828278541564941406e+00 -2.432622671127319336e+00 3.516832292079925537e-01 8.976090431213378906e+00
2.963262796401977539e+00 3.448997974395751953e+00 2.730446338653564453e+00 -2.136601448059082031e+00 7.019621133804321289e-01 2.997293472290039062e+00 6.669632911682128906e+00 2.617466211318969727e+00 -7.317206382751464844e+00 -3.485801458358764648e+00 -2.975476264953613281e+00 -1.392027854919433594e+00 -3.009469509124755859e-01 -1.574298858642578125e+00 2.655512094497680664e+00
-3.107927799224853516e+00 6.749685764312744141e+00 -1.207035303115844727e+00 -3.654880285263061523e+00 3.833063364028930664e+00 9.971267580986022949e-01 3.826997578144073486e-01 -1.028631925582885742e+00 -1.175800514221191406e+01 -6.034402370452880859e+00 2.829953908920288086e+00 -2.826580762863159180e+00 -6.153408527374267578e+00 -1.441953301429748535e+00 1.000971555709838867e+00
-6.584293365478515625e+00 2.919692039489746094e+00 1.020466089248657227e+00 -1.225043177604675293e+00 -8.342616558074951172e-01 3.217418432235717773e+00 7.790929079055786133e-01 -1.220881462097167969e+00 -5.409418106079101562e+00 1.491383075714111328e+00 -4.936534881591796875e+00 -6.251081943511962891e+00 -1.886264920234680176e+00 1.722237229347229004e+00 9.161219596862792969e+00
2.336944788694381714e-01 8.121107101440429688e+00 3.222138166427612305e+00 -3.812226533889770508e+00 -1.116169244050979614e-01 -3.237175226211547852e+00 5.766070842742919922e+00 3.917268276214599609e+00 -1.508327245712280273e+00 1.051595330238342285e+00 4.475148916244506836e-01 -2.219180345535278320e+00 -1.405142068862915039e+00 -1.871585011482238770e+00 -3.011232614517211914e-01
-4.253873348236083984e+00 2.258620977401733398e+00 2.159721612930297852e+00 -1.728433012962341309e+00 1.773725867271423340e+00 2.501924753189086914e+00 3.076470851898193359e+00 -2.353606700897216797e+00 -4.893433094024658203e+00 1.725086092948913574e+00 -5.182060003280639648e-01 -3.203926563262939453e+00 -1.505306363105773926e+00 -3.266848623752593994e-02 8.286905288696289062e+00
-6.239566206932067871e-01 7.226150512695312500e+00 4.581946730613708496e-01 -1.307075738906860352e+00 -1.826115250587463379e+00 2.133494138717651367e+00 -2.401655614376068115e-01 8.761065483093261719e+00 -6.173451423645019531e+00 3.358267545700073242e+00 2.911112546920776367e+00 -2.229253053665161133e+00 -6.842565536499023438e-01 -2.355483293533325195e+00 -2.375919580459594727e+00
3.020219087600708008e+00 3.874766826629638672e+00 1.627633094787597656e+00 -1.179091572761535645e+00 6.647671461105346680e-01 -8.895068764686584473e-01 2.490756750106811523e+00 6.925091266632080078e+00 -6.119684219360351562e+00 3.484287261962890625e+00 -4.151978015899658203e+00 -5.679656863212585449e-01 4.441468715667724609e-01 -1.172446608543395996e+00 3.227191686630249023e+00
-1.096672058105468750e+00 2.140183687210083008e+00 3.048152923583984375e+00 -6.521648883819580078e+00 -1.580758213996887207e+00 6.889509201049804688e+00 7.394633769989013672e+00 -4.053995609283447266e-01 -2.890595912933349609e+00 2.261150121688842773e+00 7.917168140411376953e-01 -2.379867553710937500e+00 2.509680747985839844e+00 -5.249683856964111328e+00 3.321801900863647461e+00
-7.635721564292907715e-01 7.721427917480468750e+00 5.616420745849609375e+00 -4.081017494201660156e+00 2.296319752931594849e-01 -1.158706188201904297e+00 4.380646705627441406e+00 2.011437892913818359e+00 -3.810989379882812500e+00 2.082259416580200195e+00 -3.438428640365600586e-01 -7.193458676338195801e-01 -5.499788522720336914e-01 -2.379751920700073242e+00 -1.549079060554504395e+00
-2.447175264358520508e+00 4.280136585235595703e+00 2.281547307968139648e+00 1.390536278486251831e-01 -6.876280903816223145e-01 6.186403751373291016e+00 3.639548063278198242e+00 1.567595362663269043e+00 -6.405757904052734375e+00 3.853051960468292236e-01 1.453229069709777832e+00 -1.214650630950927734e+00 -4.395674467086791992e-01 -2.773698091506958008e+00 3.373432636260986328e+00
-4.710689544677734375e+00 6.618645191192626953e+00 3.048682212829589844e-01 -2.658446788787841797e+00 3.787524700164794922e+00 2.672914266586303711e+00 -1.123867154121398926e+00 -1.671496391296386719e+00 -1.053799819946289062e+01 -5.050116062164306641e+00 2.573294162750244141e+00 -2.175831079483032227e+00 -6.463258743286132812e+00 -2.987368345260620117e+00 -2.110000848770141602e-01
-1.525140285491943359e+00 6.917815685272216797e+00 9.543965458869934082e-01 1.088290661573410034e-01 -1.551286220550537109e+00 5.652933597564697266e+00 5.132775306701660156e+00 3.254243850708007812e+00 -5.569325447082519531e+00 -1.254752993583679199e+00 5.849822759628295898e-01 -3.996974229812622070e+00 -2.475180864334106445e+00 -4.005007266998291016e+00 2.172787666320800781e+00
5.329374670982360840e-01 4.050026416778564453e+00 2.070740461349487305e+00 1.278274416923522949e+00 3.501661419868469238e-01 4.624111354351043701e-01 -1.130337476730346680e+00 7.954745769500732422e+00 -7.508200645446777344e+00 2.671926736831665039e+00 4.100449085235595703e+00 -8.351739645004272461e-01 1.373586505651473999e-01 -2.725952625274658203e+00 -2.111450433731079102e+00
-6.231914997100830078e+00 4.021672725677490234e+00 5.231797218322753906e+00 -5.789892673492431641e+00 2.362001895904541016e+00 6.019448637962341309e-01 2.361024379730224609e+00 -5.132131576538085938e-01 -7.421802520751953125e+00 7.836725562810897827e-02 1.533210635185241699e+00 -7.809368133544921875e+00 -5.208295345306396484e+00 -4.557691574096679688e+00 1.023271203041076660e+00
-6.625262498855590820e-01 6.663483142852783203e+00 4.906249046325683594e+00 -3.519547700881958008e+00 2.797864675521850586e-01 -5.085265040397644043e-01 5.272904872894287109e+00 3.258031845092773438e+00 -2.278296709060668945e+00 1.831630825996398926e+00 7.826586961746215820e-01 -2.210369348526000977e+00 -1.644075393676757812e+00 -2.892306089401245117e+00 5.541971921920776367e-01
-5.511886596679687500e+00 4.223524570465087891e+00 6.314471721649169922e+00 -5.790565490722656250e+00 1.257045269012451172e+00 1.523172140121459961e+00 3.481751918792724609e+00 -6.465948224067687988e-01 -7.009620189666748047e+00 4.730128347873687744e-01 2.067728757858276367e+00 -6.587649822235107422e+00 -4.789510726928710938e+00 -3.237933158874511719e+00 1.034414291381835938e+00
1.977177381515502930e+00 1.734490394592285156e+00 1.720990180969238281e+00 -2.659854888916015625e+00 3.096238851547241211e+00 2.828655481338500977e+00 7.179060459136962891e+00 1.370971918106079102e+00 -6.673854827880859375e+00 -2.161301374435424805e+00 -3.530323505401611328e+00 -2.218440532684326172e+00 2.110685586929321289e+00 -3.362696886062622070e+00 3.844384908676147461e+00
2.209541082382202148e+00 3.543463230133056641e+00 3.079873561859130859e+00 -1.894499540328979492e+00 -1.171646863222122192e-01 -9.769914746284484863e-01 2.719694852828979492e+00 6.424415588378906250e+00 -5.007387638092041016e+00 3.898507833480834961e+00 -3.702720642089843750e+00 -9.952111840248107910e-01 1.377331972122192383e+00 -2.563983201980590820e+00 2.518265485763549805e+00
-1.051760673522949219e+00 4.647798061370849609e+00 3.547887563705444336e+00 6.444149613380432129e-01 -1.420914292335510254e+00 1.230979919433593750e+00 -1.101015210151672363e+00 5.989539146423339844e+00 -6.045391082763671875e+00 4.876957893371582031e+00 3.946643114089965820e+00 6.046468019485473633e-01 -1.007928609848022461e+00 -1.088850259780883789e+00 3.833091631531715393e-02
3.380822896957397461e+00 2.870111942291259766e+00 6.718201041221618652e-01 -2.483338117599487305e+00 2.090227127075195312e+00 3.185956716537475586e+00 7.208396911621093750e+00 4.910050392150878906e+00 -5.727292537689208984e+00 -3.806347608566284180e+00 -4.189568519592285156e+00 -4.414429187774658203e+00 9.711875915527343750e-01 -2.399031639099121094e+00 2.291599512100219727e+00
1.987868070602416992e+00 3.415265083312988281e+00 1.849759817123413086e+00 -2.744499444961547852e+00 3.256931543350219727e+00 3.387208223342895508e+00 7.567246913909912109e+00 3.435619115829467773e+00 -6.800167560577392578e+00 -2.298556089401245117e+00 -4.198531627655029297e+00 -4.632302761077880859e+00 -8.560270071029663086e-01 -4.487061977386474609e+00 2.536649227142333984e+00
2.441080331802368164e+00 2.337823867797851562e+00 1.964211940765380859e+00 -3.427570819854736328e+00 2.355054855346679688e+00 2.681281805038452148e+00 6.521555423736572266e+00 2.869443178176879883e+00 -5.718358516693115234e+00 -9.545903205871582031e-01 -4.640604019165039062e+00 -1.806221961975097656e+00 1.706814289093017578e+00 -2.822278976440429688e+00 2.458524227142333984e+00
4.453493595123291016e+00 4.263383865356445312e+00 -2.936990857124328613e-01 -2.115508556365966797e+00 1.147973537445068359e+00 -6.253202557563781738e-01 4.008722305297851562e+00 8.947209358215332031e+00 -5.489251613616943359e+00 2.490662336349487305e+00 -5.952687263488769531e+00 -2.568454504013061523e+00 6.158370971679687500e-01 -2.160136938095092773e+00 2.892252206802368164e+00
-5.938416957855224609e+00 1.849214196205139160e+00 2.437159299850463867e+00 -1.531103134155273438e+00 1.684259891510009766e+00 1.373049259185791016e+00 2.013823032379150391e+00 -2.069196701049804688e+00 -4.820768833160400391e+00 1.113493561744689941e+00 -2.753810405731201172e+00 -3.924968004226684570e+00 2.601679563522338867e-01 2.153355479240417480e-01 9.399384498596191406e+00
-2.551456928253173828e+00 1.352638602256774902e+00 3.204093217849731445e+00 -6.273063421249389648e-01 1.241417169570922852e+00 4.297955036163330078e+00 -3.606531918048858643e-01 3.985780239105224609e+00 -9.023337364196777344e+00 1.181489109992980957e+00 4.543388843536376953e+00 -3.940385103225708008e+00 -2.078459501266479492e+00 -4.432898998260498047e+00 1.556488156318664551e+00
-1.068186908960342407e-01 6.370665073394775391e+00 4.939689636230468750e+00 -5.348461627960205078e+00 2.127924442291259766e+00 -2.030522108078002930e+00 6.064226627349853516e+00 3.701033830642700195e+00 -1.826867103576660156e+00 2.307350397109985352e+00 8.499637842178344727e-01 -2.358919858932495117e+00 -2.652120590209960938e-01 -3.923173666000366211e+00 3.197994232177734375e-01
-3.646689891815185547e+00 1.267169713973999023e+00 1.186039924621582031e+00 4.309200048446655273e-01 7.810262441635131836e-01 4.012512683868408203e+00 3.118362665176391602e+00 -1.315320968627929688e+00 -6.749220371246337891e+00 7.398175001144409180e-01 -1.138253569602966309e+00 -4.560791969299316406e+00 -1.916712880134582520e+00 1.533301472663879395e+00 8.643900871276855469e+00
-2.127804994583129883e+00 9.201418161392211914e-01 3.905102968215942383e+00 -5.172907710075378418e-01 1.364079117774963379e+00 4.328286170959472656e+00 -1.103872418403625488e+00 4.215817451477050781e+00 -1.012939453125000000e+01 1.772014498710632324e+00 4.850356101989746094e+00 -2.720502853393554688e+00 -2.902190685272216797e-01 -4.201626777648925781e+00 6.078783273696899414e-01
5.418918728828430176e-01 8.661153793334960938e+00 4.320654392242431641e+00 -2.388036727905273438e+00 -1.368653327226638794e-01 -1.686819314956665039e+00 5.530060291290283203e+00 3.675420761108398438e+00 -2.763609886169433594e+00 1.294322133064270020e+00 1.298464685678482056e-01 -2.594035625457763672e+00 -3.480769157409667969e+00 -2.654894828796386719e+00 -4.827218055725097656e-01
-4.336372315883636475e-01 7.191195487976074219e+00 -8.559649586677551270e-01 -1.541421175003051758e+00 -8.622767925262451172e-01 9.161493182182312012e-01 -2.524514913558959961e+00 9.886831283569335938e+00 -8.005956649780273438e+00 2.106667757034301758e+00 3.092101573944091797e+00 -3.280607700347900391e+00 -1.343133926391601562e+00 -3.924658060073852539e+00 -4.362308502197265625e+00
1.899203509092330933e-01 6.441568374633789062e+00 4.299299716949462891e+00 -4.000056743621826172e+00 1.073447227478027344e+00 -2.124280929565429688e+00 6.449471473693847656e+00 2.764962196350097656e+00 -2.107247352600097656e+00 2.022653341293334961e+00 2.014450788497924805e+00 -1.866601467132568359e+00 -1.563081860542297363e+00 -2.221740245819091797e+00 1.740489482879638672e+00
-7.055831909179687500e+00 5.300778388977050781e+00 4.986503601074218750e+00 -6.445330142974853516e+00 1.181243896484375000e+00 -8.984207510948181152e-01 1.967635273933410645e+00 9.611725807189941406e-03 -5.787830352783203125e+00 -5.765077471733093262e-01 6.660515069961547852e-01 -9.344830513000488281e+00 -6.132914066314697266e+00 -4.440820217132568359e+00 -4.608817100524902344e-01
1.866076737642288208e-01 4.033058643341064453e+00 7.477683424949645996e-01 -1.006456279754638672e+01 -2.423007011413574219e+00 7.803343296051025391e+00 9.360762596130371094e+00 2.621325492858886719e+00 -2.342982053756713867e+00 -1.076947808265686035e+00 2.021866083145141602e+00 -6.348298072814941406e+00 1.892689585685729980e+00 -7.447129726409912109e+00 -2.111880183219909668e-01
