3.899741411209106445e+00 -4.246109962463378906e+00 6.811398029327392578e+00 -2.467421531677246094e+00 2.276279211044311523e+00 -6.856983155012130737e-02 -2.272629499435424805e+00 1.071363568305969238e+00 3.027127981185913086e+00 2.425451040267944336e+00 -8.039326071739196777e-01 -7.068307995796203613e-01 -3.196932792663574219e+00 -2.939725399017333984e+00 7.375032424926757812e+00
1.128268335014581680e-02 7.077288031578063965e-01 5.051980018615722656e+00 -1.113391876220703125e+00 -3.092308044433593750e+00 3.212088823318481445e+00 -5.061442777514457703e-02 2.685307025909423828e+00 -3.251242399215698242e+00 3.761188268661499023e+00 2.849251031875610352e+00 9.169473499059677124e-02 -3.336917161941528320e+00 -3.252930641174316406e+00 4.937868118286132812e+00
8.355010151863098145e-01 -1.633088453672826290e-03 7.380533695220947266e+00 5.061182022094726562e+00 -4.328045845031738281e+00 -7.103552110493183136e-03 1.455378413200378418e+00 2.540280580520629883e+00 -1.952506780624389648e+00 5.516636371612548828e+00 -5.426698684692382812e+00 -1.014252424240112305e+00 1.189360499382019043e+00 -7.332261085510253906e+00 1.785743117332458496e+00
-2.454846382141113281e+00 3.014074802398681641e+00 3.293893575668334961e+00 -1.643541455268859863e+00 -3.274400949478149414e+00 4.178093910217285156e+00 4.756886005401611328e+00 -2.579671517014503479e-02 -2.152159214019775391e+00 8.590980529785156250e+00 2.478814363479614258e+00 7.236874103546142578e-01 5.568618774414062500e-01 -2.862662553787231445e+00 -2.930785417556762695e+00
4.182439327239990234e+00 9.824784845113754272e-02 3.277778625488281250e+00 -3.192146539688110352e+00 -5.124810338020324707e-01 3.485571384429931641e+00 3.107940673828125000e+00 -1.630431771278381348e+00 1.940442800521850586e+00 5.349187374114990234e+00 4.650708198547363281e+00 2.205590724945068359e+00 3.165994644165039062e+00 -3.971470594406127930e+00 4.519806206226348877e-01
5.334283828735351562e+00 -2.157122135162353516e+00 7.585450172424316406e+00 -1.586301565170288086e+00 -1.673978328704833984e+00 1.379636168479919434e+00 -3.074603557586669922e+00 2.660996913909912109e-01 1.502459168434143066e+00 1.679290175437927246e+00 1.933537483215332031e+00 -9.285409450531005859e-01 -2.243579149246215820e+00 -2.199304819107055664e+00 2.411768674850463867e+00
1.210506439208984375e+00 1.202178716659545898e+00 5.657131195068359375e+00 3.618070602416992188e+00 -6.168248653411865234e+00 8.998439311981201172e-01 2.131879568099975586e+00 9.856227636337280273e-01 -2.492400169372558594e+00 5.385396957397460938e+00 -2.849511623382568359e+00 5.435812473297119141e-01 8.137537240982055664e-01 -6.160429477691650391e+00 -5.188230276107788086e-01
5.279022455215454102e-02 1.272967696189880371e+00 7.472916126251220703e+00 2.612202167510986328e+00 -4.008213996887207031e+00 2.969089150428771973e-01 2.449746131896972656e+00 2.159438133239746094e+00 -3.474325418472290039e+00 5.634846210479736328e+00 -4.182298660278320312e+00 -8.842450380325317383e-01 2.825484752655029297e+00 -6.750225543975830078e+00 8.905405402183532715e-01
3.185617685317993164e+00 -2.223798483610153198e-01 2.574191331863403320e+00 -1.627023220062255859e-01 -7.055353641510009766e+00 -3.484546184539794922e+00 2.211929559707641602e+00 9.644123315811157227e-01 -1.649561673402786255e-01 7.868780136108398438e+00 2.325468063354492188e+00 3.338146924972534180e+00 -3.393502235412597656e+00 -9.049924612045288086e-01 3.654601335525512695e+00
4.977131366729736328e+00 -1.773774981498718262e+00 5.914316654205322266e+00 -1.300709724426269531e+00 -1.576156854629516602e+00 1.226762294769287109e+00 -3.948083877563476562e+00 -7.426850795745849609e-01 2.560557126998901367e+00 2.512022256851196289e+00 9.975702166557312012e-01 1.664714366197586060e-01 -4.331476211547851562e+00 -1.775791406631469727e+00 2.609770536422729492e+00
4.876463890075683594e+00 -3.781650364398956299e-01 4.040266990661621094e+00 -3.229485511779785156e+00 -2.194987773895263672e+00 3.479994773864746094e+00 2.822903871536254883e+00 -5.682172775268554688e-01 1.956462860107421875e+00 5.823153495788574219e+00 6.035080909729003906e+00 2.620506525039672852e+00 1.083633303642272949e+00 -2.361128807067871094e+00 2.414344251155853271e-02
4.108891963958740234e+00 -4.110173285007476807e-01 3.192839384078979492e+00 -5.017966747283935547e+00 -3.428249806165695190e-02 3.370841026306152344e+00 1.775058507919311523e+00 -1.542714953422546387e+00 2.370214700698852539e+00 6.743083477020263672e+00 2.651729106903076172e+00 1.407287955284118652e+00 1.770783662796020508e-01 -1.363392233848571777e+00 1.704969048500061035e+00
-2.199439764022827148e+00 2.008507490158081055e+00 6.112600803375244141e+00 -2.676242828369140625e+00 4.475595355033874512e-01 -1.969502091407775879e+00 3.114901304244995117e+00 2.976825475692749023e+00 2.200698137283325195e+00 5.923389434814453125e+00 -5.558285236358642578e+00 1.086428403854370117e+00 -7.613767385482788086e-01 9.732019901275634766e-01 6.089347362518310547e+00
3.363593220710754395e-01 1.580384373664855957e+00 6.367981910705566406e+00 2.427924394607543945e+00 -6.107562541961669922e+00 2.372070739511400461e-04 7.991115450859069824e-01 7.114139795303344727e-01 -3.854664087295532227e+00 5.024046421051025391e+00 -2.188078403472900391e+00 -7.775795459747314453e-01 7.299726009368896484e-01 -5.506471157073974609e+00 -7.361764907836914062e-01
3.176468133926391602e+00 2.469028711318969727e+00 3.446896076202392578e+00 -9.543514996767044067e-02 -7.761962413787841797e+00 -2.912340164184570312e+00 1.762557506561279297e+00 -5.590628385543823242e-01 -1.185309171676635742e+00 6.797556877136230469e+00 3.660239219665527344e+00 3.898793458938598633e+00 -1.986247777938842773e+00 -1.841364979743957520e+00 8.234897851943969727e-01
3.913688182830810547e+00 -7.320943474769592285e-01 4.536427974700927734e+00 -3.800666809082031250e+00 -1.695054024457931519e-01 3.773113489151000977e+00 2.284846067428588867e+00 -1.264045834541320801e+00 2.110572099685668945e+00 5.903866767883300781e+00 3.120954990386962891e+00 9.887915253639221191e-01 1.788503527641296387e+00 -1.963132739067077637e+00 -3.636465966701507568e-01
2.750674486160278320e+00 3.056913375854492188e+00 4.018870830535888672e+00 -7.167938947677612305e-01 -1.539206147193908691e+00 6.338501453399658203e+00 -2.746590971946716309e-01 2.465710878372192383e+00 -8.461315631866455078e-01 -7.036188244819641113e-02 -1.489302992820739746e+00 3.253440380096435547e+00 -3.601736307144165039e+00 -5.530786037445068359e+00 2.401391506195068359e+00
4.164745330810546875e+00 2.989391982555389404e-01 4.380998134613037109e+00 -2.465473651885986328e+00 -2.049415111541748047e+00 2.186505079269409180e+00 -2.319410562515258789e+00 2.668910264968872070e+00 -4.185113906860351562e+00 5.394490242004394531e+00 1.099470973014831543e+00 -2.717636346817016602e+00 8.609894514083862305e-01 2.777189731597900391e+00 -5.638241767883300781e-01
1.378844141960144043e+00 -4.303512096405029297e+00 7.276564240455627441e-01 1.301279544830322266e+00 -7.542564272880554199e-01 8.644479751586914062e+00 1.459612250328063965e+00 2.141095399856567383e+00 1.834356546401977539e+00 4.967477798461914062e+00 -1.249810576438903809e+00 2.697984874248504639e-01 -3.877717733383178711e+00 -2.299941539764404297e+00 2.402604073286056519e-01
1.354819178581237793e+00 -4.318818569183349609e+00 9.798248857259750366e-02 3.565820932388305664e+00 -1.167169332504272461e+00 8.339580535888671875e+00 1.460424542427062988e+00 3.318322420120239258e+00 3.260723114013671875e+00 4.243036746978759766e+00 -2.797849848866462708e-02 1.467532515525817871e+00 -5.201642990112304688e+00 -2.978560447692871094e+00 1.630492657423019409e-01
-3.684448719024658203e+00 2.057981014251708984e+00 3.414828300476074219e+00 -2.383708477020263672e+00 -3.382969617843627930e+00 3.828847885131835938e+00 3.562750101089477539e+00 4.353225827217102051e-01 -1.521476030349731445e+00 9.968529701232910156e+00 1.826397180557250977e+00 -8.984509706497192383e-01 -2.642931699752807617e+00 -6.357313990592956543e-01 -1.242533683776855469e+00
-1.009049773216247559e+00 9.806638360023498535e-01 3.335137128829956055e+00 -2.736675262451171875e+00 -2.126718759536743164e+00 3.078299999237060547e+00 4.497795179486274719e-02 1.661780238151550293e+00 -4.593720912933349609e+00 4.691740989685058594e+00 1.363963246345520020e+00 1.436695814132690430e+00 -3.286566257476806641e+00 -4.003235816955566406e+00 8.365997314453125000e+00
2.342709898948669434e-01 1.524779200553894043e+00 5.887814521789550781e+00 2.977094888687133789e+00 -4.455515861511230469e+00 6.458453536033630371e-01 1.967934846878051758e+00 1.389671921730041504e+00 -3.167945384979248047e+00 6.037170886993408203e+00 -4.049486160278320312e+00 -9.454618692398071289e-01 1.140676140785217285e+00 -6.480510234832763672e+00 1.079664468765258789e+00
-3.843949794769287109e+00 2.612212896347045898e+00 3.935317993164062500e+00 -2.064195156097412109e+00 -2.457491874694824219e+00 3.587024688720703125e+00 4.472998142242431641e+00 5.716174840927124023e-01 -1.771067857742309570e+00 8.812814712524414062e+00 1.362129211425781250e+00 1.650430634617805481e-02 2.266167998313903809e-01 -2.321601867675781250e+00 -1.284593462944030762e+00
-2.129614591598510742e+00 3.283006846904754639e-01 2.898112058639526367e+00 -9.215627312660217285e-01 -4.234060764312744141e+00 4.343994617462158203e+00 4.445195674896240234e+00 8.449646234512329102e-01 -2.568977594375610352e+00 9.121146202087402344e+00 3.027683496475219727e+00 -2.356653064489364624e-01 -5.705881118774414062e-01 -2.871401071548461914e+00 -1.587005257606506348e+00
2.885205030441284180e+00 -2.738067209720611572e-01 6.275444507598876953e+00 -4.583444595336914062e+00 2.597918510437011719e+00 1.941610932350158691e+00 3.477530956268310547e+00 -9.620459079742431641e-01 2.979182958602905273e+00 7.750499248504638672e+00 -6.408756375312805176e-01 1.460672140121459961e+00 3.595617055892944336e+00 -3.296839237213134766e+00 3.463571786880493164e+00
-3.754347801208496094e+00 3.319509923458099365e-01 6.823502063751220703e+00 -8.739534616470336914e-01 4.191387653350830078e+00 -8.456615805625915527e-01 4.822817325592041016e+00 4.688248634338378906e+00 2.249567031860351562e+00 6.909773349761962891e+00 -7.524662494659423828e+00 -2.230004519224166870e-01 2.322563886642456055e+00 -1.253789186477661133e+00 9.249234199523925781e+00
4.040262699127197266e+00 2.486052989959716797e+00 2.469617366790771484e+00 -1.003105759620666504e+00 -6.636604785919189453e+00 -3.452801465988159180e+00 1.296966433525085449e+00 -8.614767789840698242e-01 1.282269060611724854e-01 6.364058017730712891e+00 1.881546139717102051e+00 4.256171226501464844e+00 -3.351356029510498047e+00 -8.457751274108886719e-01 9.797867536544799805e-01
1.250358223915100098e-01 1.745788693428039551e+00 6.513492107391357422e+00 3.833819866180419922e+00 -4.295920372009277344e+00 -9.078336358070373535e-01 3.020479202270507812e+00 3.070969104766845703e+00 -3.515748977661132812e+00 6.579714298248291016e+00 -4.234856128692626953e+00 -2.405395358800888062e-01 1.586593747138977051e+00 -7.789430141448974609e+00 1.612290740013122559e+00
1.177369952201843262e+00 -5.937405109405517578e+00 -1.562623023986816406e+00 2.245944738388061523e+00 -4.138281196355819702e-02 8.782374382019042969e+00 1.503439545631408691e+00 3.017770528793334961e+00 2.356781959533691406e+00 6.125128269195556641e+00 -2.328318595886230469e+00 1.327654868364334106e-01 -4.231024742126464844e+00 -3.129918575286865234e+00 2.353125333786010742e+00
2.970018148422241211e+00 -1.761969685554504395e+00 3.976822614669799805e+00 -1.948372602462768555e+00 2.706342339515686035e-01 5.450554490089416504e-01 -1.332016825675964355e+00 3.938172101974487305e+00 -3.438971042633056641e+00 8.676136970520019531e+00 -5.176947593688964844e+00 -3.279996395111083984e+00 8.249188065528869629e-01 1.805875182151794434e+00 2.892198085784912109e+00
1.894540190696716309e+00 -5.862894058227539062e+00 2.916445493698120117e+00 2.716477155685424805e+00 -2.500458359718322754e-01 7.559460163116455078e+00 1.604841589927673340e+00 4.617740631103515625e+00 2.152714729309082031e+00 7.397586822509765625e+00 -2.989994525909423828e+00 1.543690919876098633e+00 -2.163522481918334961e+00 -3.219419956207275391e+00 1.339185357093811035e+00
2.313534498214721680e+00 -2.028554677963256836e+00 3.504028081893920898e+00 -2.114298820495605469e+00 1.202149037271738052e-02 -4.635158181190490723e-01 -1.066176056861877441e+00 3.770668268203735352e+00 -3.623110294342041016e+00 9.492799758911132812e+00 -3.158730983734130859e+00 -2.926961183547973633e+00 1.229574322700500488e+00 4.162688732147216797e+00 3.373680591583251953e+00
-4.148244857788085938e+00 1.406615138053894043e+00 3.414669990539550781e+00 -1.428333044052124023e+00 -2.228613853454589844e+00 4.065340518951416016e+00 4.359115123748779297e+00 7.860246896743774414e-01 -1.776134967803955078e+00 1.017814826965332031e+01 2.636877536773681641e+00 1.288677603006362915e-01 -1.409049987792968750e+00 -1.787772178649902344e+00 -2.357908725738525391e+00
1.713807940483093262e+00 -4.069048464298248291e-01 3.412712097167968750e+00 3.978682160377502441e-01 -7.275829315185546875e+00 -2.870870590209960938e+00 3.020285367965698242e+00 1.451584100723266602e-01 -5.398442149162292480e-01 8.419055938720703125e+00 2.666364431381225586e+00 2.973025083541870117e+00 -1.592095255851745605e+00 -1.580818295478820801e+00 3.448488950729370117e+00
1.281452536582946777e+00 -7.422070980072021484e+00 8.990216851234436035e-01 2.847229242324829102e+00 7.769000530242919922e-01 8.501329421997070312e+00 2.080877542495727539e+00 4.382888793945312500e+00 1.915120005607604980e+00 8.121336936950683594e+00 -2.934167385101318359e+00 3.789104893803596497e-02 -1.998383641242980957e+00 -3.692008972167968750e+00 1.848694324493408203e+00
4.584486484527587891e+00 -2.681279182434082031e+00 5.501953125000000000e+00 -1.476961731910705566e+00 -2.937438964843750000e+00 2.620905876159667969e+00 -1.769670724868774414e+00 3.416700363159179688e+00 -2.210868835449218750e+00 7.730989933013916016e+00 -1.740550875663757324e+00 -1.930722951889038086e+00 5.057501792907714844e-01 3.405928611755371094e+00 1.111416220664978027e+00
-2.988846540451049805e+00 2.540415763854980469e+00 5.735171794891357422e+00 -2.587744235992431641e+00 1.849118947982788086e+00 -1.812231987714767456e-01 3.297549962997436523e+00 3.772440433502197266e+00 1.799741625785827637e+00 6.277515411376953125e+00 -6.407776355743408203e+00 -3.489152491092681885e-01 -2.569944262504577637e-01 2.834353744983673096e-01 7.660793781280517578e+00
2.147569417953491211e+00 1.116820096969604492e+00 3.909380912780761719e+00 -7.861827015876770020e-01 -2.609586238861083984e+00 6.754515171051025391e+00 3.147936463356018066e-01 2.950398206710815430e+00 -2.200785636901855469e+00 -6.076605916023254395e-01 3.902063369750976562e-01 3.240034818649291992e+00 -9.127478599548339844e-01 -5.646097660064697266e+00 8.184673786163330078e-01
3.114271402359008789e+00 -2.198468685150146484e+00 3.280568122863769531e+00 -2.711077928543090820e-01 -2.675262212753295898e+00 2.191273212432861328e+00 -1.237041592597961426e+00 2.907858133316040039e+00 -3.704837560653686523e+00 7.192556858062744141e+00 -4.101769328117370605e-01 -2.519366979598999023e+00 -7.210546135902404785e-01 1.895895838737487793e+00 7.308107614517211914e-01
2.853752374649047852e+00 -3.686421155929565430e+00 2.231220722198486328e+00 2.217020750045776367e+00 -2.100630521774291992e+00 6.707604885101318359e+00 4.447187781333923340e-01 3.993479967117309570e+00 3.400483131408691406e+00 5.743854522705078125e+00 -2.606289625167846680e+00 7.846341133117675781e-01 -4.841823101043701172e+00 -2.524509906768798828e+00 1.403771400451660156e+00
1.250583767890930176e+00 3.567186295986175537e-01 4.280457019805908203e+00 -2.324394941329956055e+00 1.708973884582519531e+00 7.820223331451416016e+00 5.961092114448547363e-01 4.684539794921875000e+00 -1.914060831069946289e+00 -2.486605942249298096e-01 -3.372010231018066406e+00 2.891206979751586914e+00 2.910406142473220825e-02 -8.501148223876953125e+00 5.363091945648193359e+00
3.083575010299682617e+00 -1.007319688796997070e+00 4.195213794708251953e+00 -2.654336452484130859e+00 -5.567498803138732910e-01 1.243525221943855286e-01 -2.070794820785522461e+00 3.611971139907836914e+00 -3.300523996353149414e+00 6.994918823242187500e+00 -4.613664150238037109e+00 -3.519612550735473633e+00 -3.134604096412658691e-01 2.508688926696777344e+00 2.028099536895751953e+00
2.307920217514038086e+00 2.221007585525512695e+00 2.871570110321044922e+00 4.279464483261108398e-01 -1.753775238990783691e+00 5.602120876312255859e+00 -3.517082333564758301e-01 2.099154233932495117e+00 -8.505468964576721191e-01 -1.706242322921752930e+00 -1.267344474792480469e+00 2.459059476852416992e+00 -4.180850982666015625e+00 -6.367754936218261719e+00 1.598748803138732910e+00
3.585173368453979492e+00 5.378180146217346191e-01 4.832507133483886719e+00 -4.161068916320800781e+00 9.239107966423034668e-01 1.923583745956420898e+00 2.257735729217529297e+00 -1.219893336296081543e+00 1.924638032913208008e+00 5.201050281524658203e+00 3.333637714385986328e+00 1.595623493194580078e+00 3.370218038558959961e+00 -2.310538291931152344e+00 1.106114864349365234e+00
7.095304131507873535e-01 -7.540512561798095703e+00 -1.553849577903747559e+00 3.938617467880249023e+00 1.663787126541137695e+00 9.291305541992187500e+00 3.316491365432739258e+00 4.041560649871826172e+00 3.393132925033569336e+00 7.375633716583251953e+00 -4.375581264495849609e+00 1.050317645072937012e+00 -9.776331782341003418e-01 -5.791503429412841797e+00 3.585873603820800781e+00
-9.039933681488037109e-01 1.671115398406982422e+00 3.843301296234130859e+00 -2.633897781372070312e+00 -1.456591606140136719e+00 1.916642189025878906e+00 -1.305680274963378906e+00 1.410938501358032227e+00 -4.195734024047851562e+00 3.605543613433837891e+00 2.047790527343750000e+00 -9.480886459350585938e-01 -4.491026401519775391e+00 -2.793398380279541016e+00 6.828351497650146484e+00
5.178749084472656250e+00 -3.140223026275634766e+00 6.983022689819335938e+00 -1.641001701354980469e-01 -1.361705183982849121e+00 2.864664196968078613e-01 -3.320821762084960938e+00 -4.261077642440795898e-01 3.300543546676635742e+00 3.306216478347778320e+00 -2.669028639793395996e-01 -1.082489967346191406e+00 -2.857835054397583008e+00 -3.657149791717529297e+00 4.041507244110107422e+00
5.507284164428710938e+00 -3.031891822814941406e+00 6.457370281219482422e+00 5.224168300628662109e-01 -2.381956815719604492e+00 1.684299468994140625e+00 -2.200105667114257812e+00 1.082877397537231445e+00 2.814544677734375000e+00 1.518918514251708984e+00 2.852578878402709961e+00 -3.140965104103088379e-01 -2.791587591171264648e+00 -2.002229213714599609e+00 8.694769144058227539e-01
-4.339654445648193359e+00 1.691027402877807617e+00 3.421417474746704102e+00 -1.082909107208251953e+00 -2.201093912124633789e+00 3.913688182830810547e+00 4.823335647583007812e+00 7.689827680587768555e-01 -2.184211730957031250e+00 9.840124130249023438e+00 1.323161482810974121e+00 -5.295631885528564453e-01 -1.128153443336486816e+00 -2.193576812744140625e+00 -1.478381276130676270e+00
4.140917301177978516e+00 1.009023785591125488e+00 4.647617816925048828e+00 -4.032391071319580078e+00 -6.122229695320129395e-01 3.377774477005004883e+00 2.518662452697753906e+00 -9.375677704811096191e-01 2.253487110137939453e+00 6.066477775573730469e+00 1.859887361526489258e+00 2.632683038711547852e+00 1.009610414505004883e+00 -2.342910289764404297e+00 1.353833556175231934e+00
4.009208202362060547e+00 -1.771425724029541016e+00 3.322088718414306641e+00 -8.275434970855712891e-01 -2.260578155517578125e+00 7.582842111587524414e-01 -1.676162004470825195e+00 3.542636394500732422e+00 -2.838688611984252930e+00 9.161867141723632812e+00 -1.027738213539123535e+00 -9.316816329956054688e-01 -2.868066430091857910e-01 3.605453968048095703e+00 1.301273465156555176e+00
1.184592127799987793e+00 3.166538238525390625e+00 2.641778469085693359e+00 -2.762822508811950684e-01 -2.778400897979736328e+00 7.307346820831298828e+00 -6.149827837944030762e-01 1.441510915756225586e+00 -1.836303830146789551e+00 -1.174003817141056061e-03 -6.697580218315124512e-01 3.540425539016723633e+00 -3.684692621231079102e+00 -6.322805881500244141e+00 1.956294178962707520e+00
-3.472739458084106445e+00 6.759632229804992676e-01 3.638432502746582031e+00 -1.164934396743774414e+00 -3.177762269973754883e+00 5.069765090942382812e+00 5.439612865447998047e+00 1.054633498191833496e+00 -1.473675847053527832e+00 9.316761016845703125e+00 3.869266986846923828e+00 2.858604490756988525e-01 6.912357807159423828e-01 -2.905575752258300781e+00 -2.954316854476928711e+00
1.275818586349487305e+00 8.525983691215515137e-01 4.997860908508300781e+00 2.533660888671875000e+00 -6.019920825958251953e+00 1.199058532714843750e+00 1.880498766899108887e+00 2.539333343505859375e+00 -3.656328201293945312e+00 5.210158348083496094e+00 -1.826985597610473633e+00 -6.126487255096435547e-01 1.481588482856750488e-01 -5.691670894622802734e+00 1.196791082620620728e-01
1.643606066703796387e+00 -4.999252319335937500e+00 3.865447998046875000e+00 1.601695656776428223e+00 -8.572247624397277832e-01 8.269048690795898438e+00 1.283347129821777344e+00 3.550339937210083008e+00 1.953981876373291016e+00 7.965291976928710938e+00 -3.259065151214599609e+00 3.675170242786407471e-01 -1.197003245353698730e+00 -2.386777400970458984e+00 2.098770141601562500e+00
2.453309297561645508e+00 2.344797611236572266e+00 3.158220529556274414e+00 -9.995350241661071777e-01 -2.594611167907714844e+00 6.680580615997314453e+00 -1.058238029479980469e+00 1.152470827102661133e+00 -1.760304212570190430e+00 -1.040935814380645752e-01 -6.660243272781372070e-01 2.088167905807495117e+00 -3.252341985702514648e+00 -5.210603713989257812e+00 9.147605299949645996e-01
-2.064587593078613281e+00 1.734144091606140137e+00 6.683968544006347656e+00 -9.263719916343688965e-01 1.530346155166625977e+00 -2.023854702711105347e-01 4.169412136077880859e+00 3.039668560028076172e+00 2.684741497039794922e+00 6.114037990570068359e+00 -6.469711303710937500e+00 6.295881867408752441e-01 6.011868119239807129e-01 -6.625581979751586914e-01 6.305744647979736328e+00
-4.594416141510009766e+00 2.577219963073730469e+00 4.563726425170898438e+00 -1.284107565879821777e+00 -3.163467884063720703e+00 4.029858112335205078e+00 4.335817813873291016e+00 1.070608019828796387e+00 -6.158643364906311035e-01 8.089527130126953125e+00 2.887328386306762695e+00 1.729250788688659668e+00 -2.406997919082641602e+00 -9.883612394332885742e-01 -1.992433309555053711e+00
-4.114767551422119141e+00 1.725767731666564941e+00 3.625563144683837891e+00 -1.289663553237915039e+00 -2.686034679412841797e+00 4.167056560516357422e+00 4.215328693389892578e+00 1.524899482727050781e+00 -2.275439977645874023e+00 9.857061386108398438e+00 1.820678472518920898e+00 -3.609279096126556396e-01 -1.722490668296813965e+00 -1.731810212135314941e+00 -1.469675183296203613e+00
-1.940878391265869141e+00 3.410055875778198242e+00 5.881990909576416016e+00 -2.236915588378906250e+00 5.883983373641967773e-01 -6.731806397438049316e-01 2.342050552368164062e+00 4.426456928253173828e+00 1.591006517410278320e+00 6.270444869995117188e+00 -5.622231483459472656e+00 -1.213611736893653870e-01 -1.509391665458679199e+00 5.816450119018554688e-01 6.212067604064941406e+00
-3.163312435150146484e+00 3.864232063293457031e+00 3.521181344985961914e+00 -1.741547822952270508e+00 -2.982356548309326172e+00 4.025956630706787109e+00 4.358020305633544922e+00 6.871457099914550781e-01 -1.403258323669433594e+00 8.723490715026855469e+00 1.127167582511901855e+00 1.042502641677856445e+00 -1.398093819618225098e+00 -1.711092591285705566e+00 -1.572442531585693359e+00
4.691347122192382812e+00 -4.398930072784423828e+00 6.875862598419189453e+00 -1.843601465225219727e+00 2.489059716463088989e-01 1.984959125518798828e+00 -1.671993494033813477e+00 -6.172312498092651367e-01 3.310194253921508789e+00 4.419486522674560547e+00 -1.238604187965393066e+00 5.104038715362548828e-01 -3.509203672409057617e+00 -2.408595085144042969e+00 4.767456531524658203e+00
2.735619544982910156e+00 1.404133319854736328e+00 2.997888565063476562e+00 -2.526007890701293945e+00 -2.551858425140380859e+00 8.056991577148437500e+00 -4.152466654777526855e-01 1.506888270378112793e+00 -3.037120103836059570e+00 7.667426466941833496e-01 -1.118438094854354858e-01 1.985293745994567871e+00 -1.315842747688293457e+00 -5.377104282379150391e+00 1.257307171821594238e+00
3.408773183822631836e+00 -1.653351038694381714e-01 4.557650566101074219e+00 -1.297362089157104492e+00 -2.612863302230834961e+00 2.311455488204956055e+00 -1.060502290725708008e+00 2.796061515808105469e+00 -3.855476140975952148e+00 6.271109104156494141e+00 -1.184586167335510254e+00 -2.343709945678710938e+00 1.146860480308532715e+00 1.334051966667175293e+00 1.123590826988220215e+00
1.804481744766235352e+00 1.677780866622924805e+00 2.864395856857299805e+00 -1.702344775199890137e+00 -2.739717960357666016e+00 6.665078639984130859e+00 -2.610418200492858887e-01 1.857922792434692383e+00 -1.983685731887817383e+00 3.140010535717010498e-01 -1.620243042707443237e-01 3.032645702362060547e+00 -3.098077058792114258e+00 -4.604085445404052734e+00 1.633172392845153809e+00
-2.629291772842407227e+00 1.595764636993408203e+00 3.427086353302001953e+00 -2.002666711807250977e+00 -2.987803459167480469e+00 5.086491584777832031e+00 4.436646938323974609e+00 1.325827479362487793e+00 -2.751342296600341797e+00 9.644644737243652344e+00 1.423176288604736328e+00 -5.858057737350463867e-01 -5.555765032768249512e-01 -2.402901887893676758e+00 -5.649955272674560547e-01
-1.064724326133728027e-01 4.271410942077636719e+00 4.896329879760742188e+00 -2.771770477294921875e+00 -7.648376822471618652e-01 -6.999219059944152832e-01 1.633258819580078125e+00 2.832576036453247070e+00 3.098515033721923828e+00 5.286731243133544922e+00 -4.427071094512939453e+00 2.075484752655029297e+00 -3.761144399642944336e+00 1.147968530654907227e+00 4.779779911041259766e+00
2.515014410018920898e+00 -5.652257800102233887e-01 3.386445760726928711e+00 -2.190785169601440430e+00 -4.737874865531921387e-01 -5.222098901867866516e-02 -1.736100673675537109e+00 4.650607585906982422e+00 -4.633723258972167969e+00 8.124339103698730469e+00 -2.819580078125000000e+00 -3.135075807571411133e+00 -1.849030852317810059e-01 2.923915386199951172e+00 2.974663257598876953e+00
-5.568212985992431641e+00 1.947864055633544922e+00 4.098275661468505859e+00 -1.962162256240844727e+00 -1.697129368782043457e+00 3.547447204589843750e+00 5.636297702789306641e+00 6.411409378051757812e-01 -1.589571714401245117e+00 8.563515663146972656e+00 1.334180951118469238e+00 -1.701105952262878418e+00 6.309071183204650879e-01 -2.530400753021240234e+00 -1.643511772155761719e+00
2.586315155029296875e+00 1.692963242530822754e+00 2.712124109268188477e+00 -6.676347851753234863e-01 -7.412127971649169922e+00 -4.872315883636474609e+00 2.430012941360473633e+00 -6.838283538818359375e-01 -5.751095414161682129e-01 6.486714363098144531e+00 3.528233051300048828e+00 3.692101001739501953e+00 -3.152035713195800781e+00 -4.483258426189422607e-01 2.227850914001464844e+00
-2.155246973037719727e+00 1.357894778251647949e+00 2.522772312164306641e+00 -5.863865017890930176e-01 -3.584757328033447266e+00 4.438880443572998047e+00 3.410076618194580078e+00 1.218094348907470703e+00 -2.436472177505493164e+00 8.184469223022460938e+00 1.793406844139099121e+00 3.085116446018218994e-01 -1.579537630081176758e+00 -1.723641276359558105e+00 -1.812827467918395996e+00
4.433986663818359375e+00 -4.576506137847900391e+00 7.474417686462402344e+00 7.474150657653808594e-01 2.651877999305725098e-01 2.962324023246765137e-01 -2.266337633132934570e+00 1.071202397346496582e+00 4.418849945068359375e+00 4.036140441894531250e+00 -5.225543379783630371e-01 4.675654172897338867e-01 -2.105372190475463867e+00 -3.108193397521972656e+00 4.320945739746093750e+00
3.723074197769165039e+00 1.151335835456848145e+00 4.890593528747558594e+00 -5.095228672027587891e+00 5.342084765434265137e-01 2.875933170318603516e+00 1.508880615234375000e+00 -1.259611248970031738e+00 2.909706354141235352e+00 5.272921562194824219e+00 4.050335884094238281e+00 1.830193281173706055e+00 4.214420318603515625e-01 -1.209900021553039551e+00 1.094801306724548340e+00
1.596490502357482910e+00 -5.071823596954345703e+00 2.896739482879638672e+00 2.748320579528808594e+00 -1.232535123825073242e+00 8.210919380187988281e+00 1.663233280181884766e+00 3.405511379241943359e+00 2.232470750808715820e+00 6.381950378417968750e+00 -1.601210951805114746e+00 1.307129144668579102e+00 -2.040556907653808594e+00 -3.323134422302246094e+00 2.577521502971649170e-01
5.069788932800292969e+00 2.142961263656616211e+00 1.543816208839416504e+00 3.371608853340148926e-01 -7.284165859222412109e+00 -3.292930126190185547e+00 1.525440812110900879e+00 1.089527606964111328e-01 2.560358047485351562e-01 6.539045810699462891e+00 1.483356237411499023e+00 2.422777652740478516e+00 -2.981703042984008789e+00 -2.538653373718261719e+00 2.363863945007324219e+00
2.836340188980102539e+00 2.017366170883178711e+00 3.171341419219970703e+00 -8.179066181182861328e-01 -3.205609321594238281e+00 6.881867885589599609e+00 -1.049694299697875977e+00 1.499596357345581055e+00 -6.959886550903320312e-01 7.208382487297058105e-01 -1.225365996360778809e+00 2.505548238754272461e+00 -3.116003274917602539e+00 -4.555331230163574219e+00 8.379907608032226562e-01
2.717670679092407227e+00 -8.538687825202941895e-01 3.651097059249877930e+00 -3.272609710693359375e+00 -7.516463398933410645e-01 1.008997321128845215e+00 -5.873195528984069824e-01 2.472905874252319336e+00 -4.574377536773681641e+00 7.893949985504150391e+00 -2.916928768157958984e+00 -3.879581689834594727e+00 1.828310608863830566e+00 2.032801628112792969e+00 2.395966529846191406e+00
3.137203454971313477e+00 2.032114267349243164e+00 4.840647697448730469e+00 -3.000529706478118896e-01 -1.863961935043334961e+00 5.877672672271728516e+00 1.074885606765747070e+00 2.897590875625610352e+00 -1.127912282943725586e+00 6.952227950096130371e-01 -1.339518904685974121e+00 3.952858924865722656e+00 -1.690111279487609863e+00 -6.541525840759277344e+00 2.478804111480712891e+00
3.900267839431762695e+00 -1.493723750114440918e+00 6.777916431427001953e+00 -2.319716215133666992e+00 8.676871657371520996e-01 1.339731644839048386e-02 -4.432416439056396484e+00 -2.965706586837768555e-01 2.061682462692260742e+00 1.575671195983886719e+00 3.160911202430725098e-01 -1.212735891342163086e+00 -3.964934349060058594e+00 -1.768567085266113281e+00 4.253612995147705078e+00
-6.715638041496276855e-01 3.577717021107673645e-02 6.133068561553955078e+00 3.155401945114135742e+00 -4.657641887664794922e+00 1.516480594873428345e-01 3.378401517868041992e+00 1.608647942543029785e+00 -3.464756011962890625e+00 6.909911155700683594e+00 -4.250166416168212891e+00 -1.253367900848388672e+00 1.864585518836975098e+00 -7.250685214996337891e+00 7.981119751930236816e-01
2.864077329635620117e+00 4.127297103404998779e-01 3.413041591644287109e+00 -1.641042828559875488e-01 -7.646696567535400391e+00 -2.233357906341552734e+00 2.195821046829223633e+00 2.737244367599487305e-01 -4.440207779407501221e-01 6.731658458709716797e+00 2.932621479034423828e+00 2.763286828994750977e+00 -2.010589838027954102e+00 -8.795281648635864258e-01 2.824402332305908203e+00
1.986860871315002441e+00 1.388923287391662598e+00 4.908139705657958984e+00 3.694358110427856445e+00 -5.679184436798095703e+00 7.983247041702270508e-01 2.260137081146240234e+00 2.079710006713867188e+00 -1.839571952819824219e+00 5.734830856323242188e+00 -4.382950305938720703e+00 2.966687977313995361e-01 -8.018260449171066284e-02 -7.010245800018310547e+00 1.130424261093139648e+00
-1.333258748054504395e+00 4.749317169189453125e+00 5.956160545349121094e+00 -2.605389118194580078e+00 -9.633695483207702637e-01 4.840013384819030762e-01 2.340065240859985352e+00 1.584862589836120605e+00 9.056208729743957520e-01 5.979493141174316406e+00 -3.978954315185546875e+00 -1.011097431182861328e+00 -8.232762217521667480e-01 1.385410130023956299e-01 4.460482120513916016e+00
4.114815235137939453e+00 1.064506411552429199e+00 3.626407861709594727e+00 -4.377622127532958984e+00 -1.245643854141235352e+00 3.099586009979248047e+00 2.001984834671020508e+00 -1.162918686866760254e+00 2.694402217864990234e+00 4.937821388244628906e+00 4.413544178009033203e+00 2.728999376296997070e+00 3.840791583061218262e-01 -2.799419164657592773e+00 1.475727200508117676e+00
5.065455913543701172e+00 -2.448291063308715820e+00 5.846515178680419922e+00 -3.503524363040924072e-01 -2.017109870910644531e+00 1.217377424240112305e+00 -3.576476335525512695e+00 1.515476703643798828e-01 1.618728518486022949e+00 1.398417592048645020e+00 2.170575380325317383e+00 -1.428952932357788086e+00 -3.490428209304809570e+00 -2.213841915130615234e+00 2.328877449035644531e+00
-2.757421970367431641e+00 2.602381467819213867e+00 6.327141284942626953e+00 -1.092190504074096680e+00 1.261284828186035156e+00 -3.757458925247192383e-01 4.178495883941650391e+00 3.822300195693969727e+00 9.158093333244323730e-01 6.407460212707519531e+00 -4.577280044555664062e+00 3.583919703960418701e-01 5.919148325920104980e-01 -1.439195573329925537e-01 6.388736248016357422e+00
-1.908027291297912598e+00 3.648741006851196289e+00 7.066328048706054688e+00 -1.427774190902709961e+00 -1.490164250135421753e-01 4.610152170062065125e-02 3.710750818252563477e+00 3.416793584823608398e+00 2.061144351959228516e+00 6.529600143432617188e+00 -5.207513332366943359e+00 1.337583065032958984e+00 -3.049247860908508301e-01 -6.974265575408935547e-01 5.229059219360351562e+00
-1.833415389060974121e+00 3.417821884155273438e+00 7.033132076263427734e+00 -1.889423489570617676e+00 -1.111900135874748230e-01 2.714227186515927315e-03 2.242061376571655273e+00 2.414455175399780273e+00 2.985624551773071289e+00 4.773300170898437500e+00 -4.133549213409423828e+00 3.475870788097381592e-01 -1.821012735366821289e+00 8.928091526031494141e-01 3.803424596786499023e+00
2.668854475021362305e+00 -7.992687821388244629e-01 4.800608634948730469e+00 -3.948019266128540039e+00 2.828185796737670898e+00 2.917080402374267578e+00 3.490930318832397461e+00 -2.186319231986999512e-01 3.351160526275634766e+00 6.582245826721191406e+00 2.842710971832275391e+00 3.041631698608398438e+00 3.149048089981079102e+00 -2.684967994689941406e+00 3.075241804122924805e+00
-3.621282577514648438e+00 1.555124640464782715e+00 3.626544475555419922e+00 -1.828594923019409180e+00 -3.229375123977661133e+00 5.017372131347656250e+00 4.380127906799316406e+00 7.042231559753417969e-01 -1.267511606216430664e+00 8.100919723510742188e+00 2.032297611236572266e+00 -7.525086998939514160e-01 -9.652456641197204590e-01 -2.243827819824218750e+00 -1.525839686393737793e+00
-6.049095652997493744e-03 2.372530937194824219e+00 5.077680110931396484e+00 -1.439306497573852539e+00 -2.803355216979980469e+00 3.959217071533203125e+00 -8.990185856819152832e-01 9.433088302612304688e-01 -4.287184238433837891e+00 3.643753767013549805e+00 2.146823644638061523e+00 -1.001880168914794922e+00 -3.664911270141601562e+00 -4.021512508392333984e+00 4.619341850280761719e+00
1.697247862815856934e+00 9.025734066963195801e-01 3.094146490097045898e+00 -1.469292879104614258e+00 -7.294193744659423828e+00 -3.188558101654052734e+00 2.748644828796386719e+00 -2.260773181915283203e-01 -8.438778519630432129e-01 8.619373321533203125e+00 2.398575544357299805e+00 2.865236520767211914e+00 -2.069241762161254883e+00 -9.753039479255676270e-01 3.868756055831909180e+00
-3.192904710769653320e+00 3.130972862243652344e+00 4.061018943786621094e+00 -2.362930297851562500e+00 -3.180637836456298828e+00 3.172040700912475586e+00 3.513858556747436523e+00 2.238797768950462341e-02 -2.571319580078125000e+00 9.242807388305664062e+00 1.893745303153991699e+00 -3.743053376674652100e-01 -1.473081231117248535e+00 -8.755108118057250977e-01 -1.644320011138916016e+00
1.097849488258361816e+00 2.442675113677978516e+00 4.267147541046142578e+00 -2.657825708389282227e+00 -2.532733917236328125e+00 3.397502899169921875e+00 -1.456856608390808105e+00 1.030194044113159180e+00 -3.702795982360839844e+00 3.726067304611206055e+00 1.612433791160583496e+00 -1.876766204833984375e+00 -4.449297904968261719e+00 -3.723252058029174805e+00 5.094073295593261719e+00
3.925914525985717773e+00 3.395921945571899414e+00 4.470997333526611328e+00 -7.388623356819152832e-01 -7.486201763153076172e+00 -4.909716129302978516e+00 8.714137673377990723e-01 1.753779649734497070e-01 6.342914700508117676e-01 6.265481948852539062e+00 2.322753429412841797e+00 4.142738819122314453e+00 -3.709043502807617188e+00 -1.072091698646545410e+00 2.568910121917724609e+00
2.709458112716674805e+00 -4.019771575927734375e+00 8.326433181762695312e+00 -1.342662215232849121e+00 2.665627479553222656e+00 -1.475289314985275269e-01 -2.668251752853393555e+00 5.720984563231468201e-02 3.272143363952636719e+00 4.129419803619384766e+00 -2.636102437973022461e+00 -1.279381036758422852e+00 -7.364898920059204102e-01 -3.730827808380126953e+00 6.758545875549316406e+00
2.589096069335937500e+00 2.518631219863891602e+00 3.730059623718261719e+00 -1.747447133064270020e+00 -6.407086849212646484e+00 -3.854185581207275391e+00 1.653261065483093262e+00 -4.726694822311401367e-01 -8.830821514129638672e-01 7.664258003234863281e+00 2.331744670867919922e+00 3.542202234268188477e+00 -3.842089653015136719e+00 -1.007384777069091797e+00 1.298949718475341797e+00
4.598171114921569824e-01 6.230073571205139160e-01 5.951707363128662109e+00 3.593990802764892578e+00 -3.528061866760253906e+00 -6.026569008827209473e-01 2.459627866744995117e+00 1.304162383079528809e+00 -3.605356931686401367e+00 5.626437187194824219e+00 -4.764903068542480469e+00 -5.224350690841674805e-01 3.346307277679443359e+00 -7.754414081573486328e+00 5.447402000427246094e-01
1.423873424530029297e+00 -7.079220294952392578e+00 2.161161899566650391e+00 3.241735219955444336e+00 2.230750322341918945e+00 7.647139549255371094e+00 1.868675708770751953e+00 6.093119621276855469e+00 4.509601593017578125e+00 7.429388046264648438e+00 -5.345891952514648438e+00 2.858819007873535156e+00 -1.413416862487792969e+00 -3.894513607025146484e+00 4.277771949768066406e+00
