1.030374431610107422e+01 5.935894966125488281e+00 1.214431285858154297e+00 4.522388935089111328e+00 4.167530059814453125e+00 -2.097768783569335938e+00 2.914842069149017334e-01 -6.202839374542236328e+00 -4.081288814544677734e+00 -3.586877107620239258e+00
2.564520120620727539e+00 6.213924884796142578e+00 1.281441688537597656e+00 3.953744769096374512e-01 2.454960107803344727e+00 -4.739310264587402344e+00 6.071288108825683594e+00 -4.207985401153564453e+00 -9.549998283386230469e+00 -2.691671133041381836e+00
7.572350025177001953e+00 3.354749441146850586e+00 3.000936746597290039e+00 -2.050654172897338867e+00 2.836138963699340820e+00 3.496708869934082031e+00 2.964743137359619141e+00 3.073281764984130859e+00 -7.867013931274414062e+00 -8.540170669555664062e+00
-4.591747522354125977e-01 4.005206108093261719e+00 3.327916383743286133e+00 -4.184302330017089844e+00 -2.539620876312255859e+00 -6.621263504028320312e+00 5.952687263488769531e-01 -9.083700180053710938e-01 -1.062945747375488281e+01 3.193719089031219482e-01
4.233236312866210938e+00 3.910967409610748291e-01 5.824176788330078125e+00 2.636730074882507324e-01 3.272096633911132812e+00 -2.959122657775878906e+00 -3.745015621185302734e+00 -5.495290756225585938e+00 6.421236991882324219e-01 -5.006586551666259766e+00
5.205140113830566406e+00 4.178569793701171875e+00 2.329960584640502930e+00 1.809204220771789551e+00 4.426583766937255859e+00 -1.679423928260803223e+00 1.789051145315170288e-01 -5.756510257720947266e+00 -4.633865356445312500e+00 -4.096301078796386719e+00
4.369832038879394531e+00 3.402803659439086914e+00 2.968363761901855469e+00 -1.359372496604919434e+00 2.883847951889038086e+00 3.386690855026245117e+00 3.127162218093872070e+00 2.809301137924194336e+00 -7.506797313690185547e+00 -7.981782913208007812e+00
7.772074222564697266e+00 3.630403280258178711e+00 3.500666141510009766e+00 -1.950724244117736816e+00 3.529558181762695312e+00 3.145013809204101562e+00 2.728611946105957031e+00 2.661862134933471680e+00 -7.238597393035888672e+00 -8.078191757202148438e+00
4.037463665008544922e+00 1.889699220657348633e+00 7.026137828826904297e+00 -2.605000972747802734e+00 3.908934354782104492e+00 2.296896934509277344e+00 -2.460418462753295898e+00 -1.984256029129028320e+00 3.875602245330810547e+00 -4.665974140167236328e+00
4.799346446990966797e+00 3.651120901107788086e+00 2.437684535980224609e+00 1.534820079803466797e+00 4.095924377441406250e+00 -1.737905144691467285e+00 -9.284014999866485596e-02 -5.567100048065185547e+00 -4.125896930694580078e+00 -4.214859485626220703e+00
4.116094589233398438e+00 1.034849405288696289e+00 5.674033641815185547e+00 -7.637430727481842041e-02 3.193948745727539062e+00 -3.714781999588012695e+00 -3.936504125595092773e+00 -5.799347877502441406e+00 2.004796117544174194e-01 -5.113665103912353516e+00
5.742590904235839844e+00 4.420326054096221924e-01 7.246666431427001953e+00 8.446851968765258789e-01 2.823961496353149414e+00 -2.552047252655029297e+00 -3.652006626129150391e+00 -5.539139747619628906e+00 1.160791963338851929e-01 -4.875166416168212891e+00
6.417902469635009766e+00 -1.250558644533157349e-01 3.967994213104248047e+00 -5.625825405120849609e+00 1.717587709426879883e+00 -5.340406417846679688e+00 -1.094770580530166626e-01 -7.445405006408691406e+00 1.846155047416687012e+00 9.758605360984802246e-01
4.720094203948974609e+00 3.292683839797973633e+00 2.865765094757080078e+00 -1.363039851188659668e+00 2.758145332336425781e+00 2.926496267318725586e+00 3.199202299118041992e+00 2.855682849884033203e+00 -7.587776184082031250e+00 -8.508136749267578125e+00
2.666185617446899414e+00 2.210172176361083984e+00 5.396642208099365234e+00 -2.137969493865966797e+00 3.859154701232910156e+00 2.324012517929077148e+00 -1.772951602935791016e+00 -2.366895914077758789e+00 4.450328350067138672e+00 -5.300901412963867188e+00
4.019925594329833984e+00 6.256992816925048828e-01 5.813561916351318359e+00 -3.785635158419609070e-02 2.510028600692749023e+00 -3.914976119995117188e+00 -3.594096899032592773e+00 -5.131579399108886719e+00 2.339552491903305054e-01 -5.267504692077636719e+00
-4.135193228721618652e-01 9.344938278198242188e+00 7.626584172248840332e-01 -2.717386722564697266e+00 6.131367012858390808e-02 -1.057964801788330078e+00 8.072920799255371094e+00 -7.557606697082519531e+00 -4.690395832061767578e+00 2.728878498077392578e+00
1.587435364723205566e+00 4.132183074951171875e+00 4.130626201629638672e+00 1.239174008369445801e+00 4.276615619659423828e+00 -1.714386343955993652e+00 3.871083736419677734e+00 -1.970617771148681641e+00 -6.339446544647216797e+00 -9.580965995788574219e+00
1.833856344223022461e+00 4.146615982055664062e+00 2.741707086563110352e+00 -1.149538040161132812e+00 -1.212129354476928711e+00 -4.713196277618408203e+00 4.946742057800292969e+00 -7.005419731140136719e+00 -1.997941374778747559e+00 6.552959442138671875e+00
2.278075695037841797e+00 3.761903524398803711e+00 2.677542686462402344e+00 -9.252398014068603516e-01 -1.664213061332702637e+00 -5.568137645721435547e+00 6.809193134307861328e+00 -7.024903297424316406e+00 -1.469447731971740723e+00 6.148852348327636719e+00
-4.546328783035278320e-01 5.025389194488525391e+00 4.225720405578613281e+00 -4.609815597534179688e+00 -2.389778852462768555e+00 -6.384137630462646484e+00 2.312211751937866211e+00 -5.227224230766296387e-01 -1.133666229248046875e+01 -7.874707877635955811e-02
3.963386774063110352e+00 9.701913833618164062e+00 8.302807211875915527e-01 1.063846230506896973e+00 2.316825151443481445e+00 -4.222881317138671875e+00 6.912809371948242188e+00 -3.993540048599243164e+00 -8.948884963989257812e+00 -2.578956842422485352e+00
6.136049747467041016e+00 3.391572237014770508e+00 3.524164199829101562e+00 -1.790315866470336914e+00 2.821711540222167969e+00 3.336750268936157227e+00 3.679265260696411133e+00 2.726243734359741211e+00 -7.853946208953857422e+00 -8.242448806762695312e+00
-6.639884710311889648e-01 4.155032634735107422e+00 3.521774291992187500e+00 -4.998843193054199219e+00 -2.235969781875610352e+00 -5.768781661987304688e+00 1.253500938415527344e+00 -9.294396638870239258e-01 -1.151014328002929688e+01 3.531745374202728271e-01
-3.894430398941040039e-01 4.145030498504638672e+00 3.421764373779296875e+00 -3.560871839523315430e+00 -1.924610733985900879e+00 -6.176905155181884766e+00 1.484782934188842773e+00 -4.719539284706115723e-01 -1.075867271423339844e+01 -1.123607605695724487e-01
8.281511306762695312e+00 -3.785220682621002197e-01 1.032403659820556641e+01 7.298336029052734375e-01 2.899615049362182617e+00 -3.856136798858642578e+00 -4.035687446594238281e+00 -5.874072074890136719e+00 4.090867564082145691e-02 -5.150547027587890625e+00
8.453596115112304688e+00 -1.592923641204833984e+00 3.661710739135742188e+00 -8.542234420776367188e+00 9.701189398765563965e-01 -6.691677570343017578e+00 5.855522751808166504e-01 -8.093225479125976562e+00 1.702097296714782715e+00 1.492937564849853516e+00
3.205097913742065430e+00 2.004897356033325195e+00 6.131218433380126953e+00 -2.412155628204345703e+00 3.330572843551635742e+00 1.558227539062500000e+00 -2.954422950744628906e+00 -2.140872716903686523e+00 4.109583854675292969e+00 -4.961899757385253906e+00
7.778661727905273438e+00 3.720136404037475586e+00 3.513399124145507812e+00 -2.407286405563354492e+00 2.637775182723999023e+00 3.584688663482666016e+00 3.522720098495483398e+00 3.031334877014160156e+00 -7.193218708038330078e+00 -8.356273651123046875e+00
3.141799449920654297e+00 5.804892539978027344e+00 3.893142700195312500e+00 -2.041639328002929688e+00 -1.244113326072692871e+00 -4.888862133026123047e+00 5.776702404022216797e+00 -6.780254364013671875e+00 -1.472952723503112793e+00 6.396422386169433594e+00
4.181990623474121094e+00 6.190997600555419922e+00 8.006048202514648438e+00 4.787981510162353516e+00 3.758935689926147461e+00 -7.496580481529235840e-01 3.769624471664428711e+00 -1.527561426162719727e+00 -6.712636947631835938e+00 -9.118706703186035156e+00
3.358397006988525391e+00 7.272844314575195312e+00 4.401545047760009766e+00 -2.698725938796997070e+00 -1.209300875663757324e+00 -4.639697551727294922e+00 5.546505928039550781e+00 -6.596584320068359375e+00 -1.999210000038146973e+00 5.957235813140869141e+00
4.209013462066650391e+00 6.695239067077636719e+00 8.181569099426269531e+00 5.291321754455566406e+00 3.996441364288330078e+00 -1.831702947616577148e+00 3.872639894485473633e+00 -1.698060870170593262e+00 -6.913695812225341797e+00 -9.419857025146484375e+00
-7.170977592468261719e-01 4.745202064514160156e+00 4.242112636566162109e+00 -5.510226249694824219e+00 -2.342674493789672852e+00 -6.241066932678222656e+00 1.502349853515625000e+00 -2.317570000886917114e-01 -1.090006256103515625e+01 -4.400090500712394714e-02
3.546531200408935547e+00 2.204039573669433594e+00 6.670749187469482422e+00 -2.962377071380615234e+00 3.809880018234252930e+00 1.910317182540893555e+00 -1.772000074386596680e+00 -1.955680012702941895e+00 3.911921739578247070e+00 -4.537848472595214844e+00
3.978182315826416016e+00 7.980449199676513672e+00 5.749373435974121094e+00 -3.393220663070678711e+00 -1.304133534431457520e+00 -4.755059719085693359e+00 5.658680915832519531e+00 -6.165643692016601562e+00 -1.718161344528198242e+00 6.002397060394287109e+00
2.599320173263549805e+00 5.342247009277343750e+00 6.543547153472900391e+00 1.422366499900817871e+00 4.217929363250732422e+00 -1.357990026473999023e+00 3.974857091903686523e+00 -1.686842441558837891e+00 -6.703610897064208984e+00 -9.092774391174316406e+00
6.458841323852539062e+00 -4.850279688835144043e-01 3.967500686645507812e+00 -6.809097766876220703e+00 1.364372491836547852e+00 -6.151973247528076172e+00 1.235620141029357910e+00 -8.028146743774414062e+00 1.966615200042724609e+00 8.834393620491027832e-01
-6.295925378799438477e-01 6.830677986145019531e+00 4.254357516765594482e-02 -1.888601899147033691e+00 6.055669784545898438e-01 -1.545358538627624512e+00 8.447163581848144531e+00 -6.718634128570556641e+00 -5.282042980194091797e+00 2.168355941772460938e+00
1.656968235969543457e+00 4.467689514160156250e+00 4.577199935913085938e+00 1.073209881782531738e+00 3.897836446762084961e+00 -1.194150567054748535e+00 3.677113294601440430e+00 -1.239752173423767090e+00 -6.255416393280029297e+00 -8.770214080810546875e+00
2.679940223693847656e+00 5.610844612121582031e+00 4.110772609710693359e+00 -1.594022631645202637e+00 -1.041632175445556641e+00 -3.991253376007080078e+00 5.634540081024169922e+00 -6.854047775268554688e+00 -1.360926508903503418e+00 6.096957206726074219e+00
-8.400979042053222656e-01 1.584965705871582031e+01 -1.237437605857849121e+00 -4.884424209594726562e+00 3.864696025848388672e-01 -1.519301652908325195e+00 7.439644336700439453e+00 -7.617032051086425781e+00 -5.269973278045654297e+00 2.398588895797729492e+00
3.358290195465087891e+00 5.400265216827392578e+00 6.792059421539306641e+00 3.762024879455566406e+00 3.874152421951293945e+00 -1.142677307128906250e+00 3.662398576736450195e+00 -1.737786173820495605e+00 -7.353246688842773438e+00 -9.255552291870117188e+00
-3.314957618713378906e-01 7.424875259399414062e+00 5.520877838134765625e-01 -2.215588569641113281e+00 -2.081917822360992432e-01 -9.516645073890686035e-01 6.729984760284423828e+00 -6.834712028503417969e+00 -4.857310295104980469e+00 2.369300365447998047e+00
5.586841106414794922e+00 -3.308268189430236816e-01 7.004569530487060547e+00 1.157155632972717285e+00 2.800333738327026367e+00 -3.236650466918945312e+00 -3.415491580963134766e+00 -6.496787548065185547e+00 2.621345221996307373e-01 -5.303793907165527344e+00
4.518130779266357422e+00 8.689973831176757812e+00 5.525986194610595703e+00 -4.051379203796386719e+00 -1.049230456352233887e+00 -5.171196460723876953e+00 6.175895690917968750e+00 -6.816298484802246094e+00 -2.205382108688354492e+00 6.065206527709960938e+00
3.799490451812744141e+00 8.488218307495117188e+00 6.701955199241638184e-01 7.776167988777160645e-01 2.181031465530395508e+00 -3.565288543701171875e+00 5.627613067626953125e+00 -3.923665761947631836e+00 -8.976058006286621094e+00 -2.435351848602294922e+00
6.689335823059082031e+00 4.740046501159667969e+00 2.171496391296386719e+00 2.814714670181274414e+00 4.279817104339599609e+00 -1.187352299690246582e+00 1.283982247114181519e-01 -5.828480243682861328e+00 -3.738260269165039062e+00 -3.961950778961181641e+00
3.849486589431762695e+00 3.350708007812500000e+00 2.340019464492797852e+00 1.066555500030517578e+00 4.285686969757080078e+00 -1.987510085105895996e+00 -2.012086659669876099e-01 -5.650846958160400391e+00 -3.686285495758056641e+00 -3.443439960479736328e+00
-6.425920724868774414e-01 4.435469150543212891e+00 3.987145423889160156e+00 -5.584672927856445312e+00 -2.509934186935424805e+00 -5.907233238220214844e+00 1.704862594604492188e+00 -7.019255161285400391e-01 -1.124995422363281250e+01 1.171032935380935669e-01
4.479176998138427734e+00 7.505742311477661133e-01 6.374492168426513672e+00 6.082700565457344055e-02 2.859745740890502930e+00 -3.246730327606201172e+00 -4.309137821197509766e+00 -6.592804908752441406e+00 3.955222070217132568e-01 -5.307338714599609375e+00
3.048101425170898438e+00 6.355345726013183594e+00 7.049322128295898438e+00 2.872636318206787109e+00 4.275158405303955078e+00 -2.203093528747558594e+00 3.698286056518554688e+00 -1.547988414764404297e+00 -5.588176250457763672e+00 -8.389506340026855469e+00
-4.785217046737670898e-01 7.665410041809082031e+00 7.402930855751037598e-01 -2.069767951965332031e+00 3.686454296112060547e-01 -1.859179258346557617e+00 8.458979606628417969e+00 -7.279912948608398438e+00 -4.731422901153564453e+00 2.871141910552978516e+00
-8.034155368804931641e-01 4.470333576202392578e+00 3.744471549987792969e+00 -4.976051330566406250e+00 -2.393157720565795898e+00 -7.327888011932373047e+00 1.698552846908569336e+00 -5.121079683303833008e-01 -1.097731399536132812e+01 1.473197489976882935e-01
4.022026062011718750e+00 3.182843446731567383e+00 2.933524131774902344e+00 -1.143359303474426270e+00 2.919209718704223633e+00 3.044695854187011719e+00 2.606808900833129883e+00 2.754983425140380859e+00 -7.593541145324707031e+00 -7.941081047058105469e+00
3.154241085052490234e+00 6.614366531372070312e+00 4.568640708923339844e+00 -2.612680673599243164e+00 -7.220600247383117676e-01 -4.272538661956787109e+00 6.358916282653808594e+00 -6.788381099700927734e+00 -1.923149824142456055e+00 6.051990509033203125e+00
-5.085236579179763794e-02 6.149838447570800781e+00 1.429267168045043945e+00 -1.517434716224670410e+00 7.685604691505432129e-02 -8.984678387641906738e-01 6.851865291595458984e+00 -7.468688011169433594e+00 -4.752863883972167969e+00 2.592709302902221680e+00
5.880434036254882812e+00 -5.005710124969482422e-01 3.193612098693847656e+00 -5.800189495086669922e+00 1.519232153892517090e+00 -6.108471393585205078e+00 1.303583234548568726e-01 -8.190758705139160156e+00 1.967915892601013184e+00 1.083915948867797852e+00
-4.852837324142456055e-01 4.023759841918945312e+00 3.436731815338134766e+00 -4.037687301635742188e+00 -2.470733642578125000e+00 -7.311262607574462891e+00 2.011246919631958008e+00 -7.037313580513000488e-01 -1.080353832244873047e+01 4.658326804637908936e-01
-6.712712049484252930e-01 4.585917472839355469e+00 3.999256610870361328e+00 -5.201057434082031250e+00 -2.185453653335571289e+00 -6.949512004852294922e+00 1.655254840850830078e+00 -5.660566687583923340e-01 -1.110475921630859375e+01 2.629790008068084717e-01
6.256696224212646484e+00 2.692933566868305206e-02 4.077764987945556641e+00 -5.298344135284423828e+00 1.248894810676574707e+00 -6.548610210418701172e+00 1.081431150436401367e+00 -8.221654891967773438e+00 1.840468168258666992e+00 8.719455599784851074e-01
-5.360801219940185547e-01 4.253200054168701172e+00 3.764078617095947266e+00 -4.194335937500000000e+00 -2.470752954483032227e+00 -6.510668277740478516e+00 1.258359432220458984e+00 -1.037208437919616699e+00 -1.148984241485595703e+01 5.718482136726379395e-01
8.080991744995117188e+00 5.480980873107910156e+00 2.832109689712524414e+00 3.384073019027709961e+00 4.261867523193359375e+00 -1.716990709304809570e+00 -6.021077632904052734e-01 -5.675849914550781250e+00 -3.904942750930786133e+00 -3.842355251312255859e+00
-6.121141910552978516e-01 7.672332763671875000e+00 8.818905949592590332e-01 -2.152456998825073242e+00 6.371832489967346191e-01 -6.837155818939208984e-01 7.148036479949951172e+00 -7.684183597564697266e+00 -5.237247943878173828e+00 2.344026088714599609e+00
1.782208800315856934e+00 4.653286933898925781e+00 4.547088146209716797e+00 1.624805331230163574e+00 4.171950817108154297e+00 -1.061690330505371094e+00 4.259546756744384766e+00 -1.649746298789978027e+00 -6.490544795989990234e+00 -9.444951057434082031e+00
-2.926786541938781738e-01 6.634140014648437500e+00 5.653668642044067383e-01 -1.983563303947448730e+00 4.138965606689453125e-01 -1.519191861152648926e+00 7.830188751220703125e+00 -6.983386516571044922e+00 -4.869201660156250000e+00 2.659631252288818359e+00
-6.549175977706909180e-01 4.993695735931396484e+00 4.033859729766845703e+00 -4.703267574310302734e+00 -1.912478208541870117e+00 -6.573853969573974609e+00 1.893671035766601562e+00 -9.217879176139831543e-01 -1.118070316314697266e+01 7.000847160816192627e-02
4.267253875732421875e+00 9.862684607505798340e-01 3.608970165252685547e+00 -4.030550003051757812e+00 1.368764758110046387e+00 -5.832897663116455078e+00 -3.087815344333648682e-01 -8.719315528869628906e+00 1.906186699867248535e+00 1.238924145698547363e+00
3.770500898361206055e+00 5.648407459259033203e+00 7.170382976531982422e+00 3.853116035461425781e+00 3.848746061325073242e+00 -1.904371023178100586e+00 4.120086669921875000e+00 -1.690392494201660156e+00 -7.560349941253662109e+00 -9.788763999938964844e+00
-8.138945102691650391e-01 3.893868446350097656e+00 3.600975036621093750e+00 -6.386871337890625000e+00 -2.274881362915039062e+00 -5.951465606689453125e+00 1.626828432083129883e+00 -6.822147965431213379e-01 -1.146736907958984375e+01 6.178661063313484192e-02
3.667316913604736328e+00 2.517338037490844727e+00 7.089727878570556641e+00 -3.117391347885131836e+00 3.752299547195434570e+00 1.890223264694213867e+00 -2.451089859008789062e+00 -2.572543621063232422e+00 4.442462921142578125e+00 -4.868358612060546875e+00
-2.950963973999023438e-01 3.275061130523681641e+00 2.910890102386474609e+00 -3.259481668472290039e+00 -2.413141489028930664e+00 -6.994182109832763672e+00 1.487194538116455078e+00 -7.165198922157287598e-01 -1.075946903228759766e+01 2.594697177410125732e-01
8.253446578979492188e+00 5.244865417480468750e+00 1.959063768386840820e+00 3.640276432037353516e+00 4.062850475311279297e+00 -1.945745825767517090e+00 4.204141199588775635e-01 -5.840231895446777344e+00 -3.972713708877563477e+00 -3.936801671981811523e+00
4.997663497924804688e+00 6.810025572776794434e-01 6.922775745391845703e+00 6.364624202251434326e-02 3.024653196334838867e+00 -3.593672275543212891e+00 -3.562216520309448242e+00 -5.939397811889648438e+00 4.217129647731781006e-01 -5.089747428894042969e+00
2.120647668838500977e+00 4.982762336730957031e+00 3.148494243621826172e+00 -1.690301537513732910e+00 -1.571402907371520996e+00 -4.861671924591064453e+00 6.405367374420166016e+00 -7.077748298645019531e+00 -1.657950758934020996e+00 6.106684207916259766e+00
3.102522373199462891e+00 2.053912878036499023e+00 5.912932872772216797e+00 -2.305984735488891602e+00 2.408571004867553711e+00 2.400920391082763672e+00 -2.699152708053588867e+00 -2.018606901168823242e+00 4.303318023681640625e+00 -5.241426467895507812e+00
4.251609444618225098e-01 5.306055068969726562e+00 1.958675384521484375e+00 -1.098271250724792480e+00 -2.278076559305191040e-01 -1.360623478889465332e+00 7.169322013854980469e+00 -7.576918125152587891e+00 -5.342390537261962891e+00 2.592592477798461914e+00
3.368015527725219727e+00 5.419419765472412109e+00 7.009030342102050781e+00 3.911950349807739258e+00 3.844414472579956055e+00 -1.386907935142517090e+00 3.896136999130249023e+00 -1.314806103706359863e+00 -7.442444801330566406e+00 -9.807226181030273438e+00
-4.848444461822509766e-01 8.609561920166015625e+00 2.831296026706695557e-01 -2.454237937927246094e+00 4.147498309612274170e-01 -1.765025138854980469e+00 8.423495292663574219e+00 -7.226099014282226562e+00 -4.339109420776367188e+00 2.347214937210083008e+00
7.506405830383300781e+00 4.917328834533691406e+00 2.045099258422851562e+00 3.036419153213500977e+00 3.050397634506225586e+00 -2.192378520965576172e+00 2.055351585149765015e-01 -6.156239986419677734e+00 -4.411165714263916016e+00 -4.099150657653808594e+00
6.460518360137939453e+00 3.311949968338012695e+00 3.370061874389648438e+00 -2.001886367797851562e+00 3.023758172988891602e+00 3.509048938751220703e+00 2.935226678848266602e+00 2.990809202194213867e+00 -7.596114635467529297e+00 -8.127911567687988281e+00
2.872999906539916992e+00 1.863283634185791016e+00 5.587726116180419922e+00 -1.960110306739807129e+00 4.078376770019531250e+00 2.302567005157470703e+00 -2.368432283401489258e+00 -1.653914570808410645e+00 3.538687229156494141e+00 -4.837051391601562500e+00
5.901555061340332031e+00 3.503241539001464844e+00 3.662654399871826172e+00 -1.423491001129150391e+00 1.999133586883544922e+00 2.969713926315307617e+00 2.730271577835083008e+00 2.840922355651855469e+00 -7.648239135742187500e+00 -8.175888061523437500e+00
3.988286733627319336e+00 1.058032751083374023e+00 3.516746044158935547e+00 -3.328141450881958008e+00 1.110973715782165527e+00 -6.607718944549560547e+00 1.604368448257446289e+00 -8.614172935485839844e+00 1.840800881385803223e+00 9.178894162178039551e-01
4.014802455902099609e+00 8.273846507072448730e-01 5.914829730987548828e+00 1.445946544408798218e-01 3.196842432022094727e+00 -2.605348825454711914e+00 -3.677902221679687500e+00 -6.047053337097167969e+00 3.195361793041229248e-01 -4.995621204376220703e+00
3.806761264801025391e+00 3.254390954971313477e+00 2.464282989501953125e+00 9.889277219772338867e-01 4.569296360015869141e+00 -1.783778071403503418e+00 3.921335637569427490e-01 -6.063793182373046875e+00 -3.864985704421997070e+00 -4.270641326904296875e+00
6.388950824737548828e+00 -4.058036804199218750e-01 3.903270959854125977e+00 -5.739058494567871094e+00 1.262158989906311035e+00 -5.515463352203369141e+00 1.035559415817260742e+00 -8.051487922668457031e+00 1.803745627403259277e+00 1.083266496658325195e+00
5.625106811523437500e+00 8.124304413795471191e-01 4.135824680328369141e+00 -5.395920276641845703e+00 1.354644417762756348e+00 -6.259093761444091797e+00 5.247471854090690613e-02 -8.176765441894531250e+00 2.110580205917358398e+00 8.704723715782165527e-01
3.910795450210571289e+00 4.152555167675018311e-01 2.989481925964355469e+00 -3.791002035140991211e+00 1.734043955802917480e+00 -5.972051620483398438e+00 8.964954316616058350e-02 -8.163712501525878906e+00 1.832722783088684082e+00 9.625262618064880371e-01
7.640862464904785156e+00 -8.442094922065734863e-01 9.409364700317382812e+00 8.453112244606018066e-01 2.725551366806030273e+00 -3.279335975646972656e+00 -4.030306339263916016e+00 -5.688011169433593750e+00 7.094322144985198975e-02 -4.870292186737060547e+00
-6.995160579681396484e-01 3.659473657608032227e+00 3.106083393096923828e+00 -4.143279075622558594e+00 -2.054970502853393555e+00 -6.740403175354003906e+00 1.587303280830383301e+00 -6.371957659721374512e-01 -1.114161396026611328e+01 2.330125123262405396e-01
2.608161926269531250e+00 5.788894176483154297e+00 1.234610438346862793e+00 6.185199618339538574e-01 2.286259889602661133e+00 -4.180568218231201172e+00 6.307624816894531250e+00 -4.774986267089843750e+00 -1.013061332702636719e+01 -2.862097501754760742e+00
4.018247604370117188e+00 2.362841606140136719e+00 7.293505668640136719e+00 -3.237920999526977539e+00 4.069425106048583984e+00 2.050072908401489258e+00 -1.871673583984375000e+00 -1.998970508575439453e+00 3.952652454376220703e+00 -5.059899330139160156e+00
-4.898436069488525391e-01 4.887472152709960938e+00 4.034238815307617188e+00 -4.459643840789794922e+00 -2.201017141342163086e+00 -5.625706195831298828e+00 1.279364585876464844e+00 -8.667511343955993652e-01 -1.104327201843261719e+01 3.199718892574310303e-01
2.677399635314941406e+00 5.880528450012207031e+00 1.503479838371276855e+00 4.499061107635498047e-01 2.211589813232421875e+00 -3.791642427444458008e+00 6.135970592498779297e+00 -4.747963905334472656e+00 -1.048203086853027344e+01 -3.190355777740478516e+00
3.535418510437011719e+00 2.368938684463500977e+00 6.865365505218505859e+00 -2.903874635696411133e+00 3.838841676712036133e+00 1.459492564201354980e+00 -2.968676567077636719e+00 -2.592036247253417969e+00 4.407551288604736328e+00 -5.241679668426513672e+00
1.087666988372802734e+01 6.074404716491699219e+00 1.372628450393676758e+00 5.063534259796142578e+00 4.393081188201904297e+00 -1.689376115798950195e+00 1.140479892492294312e-01 -6.086136341094970703e+00 -4.242716312408447266e+00 -4.199445247650146484e+00
3.683892488479614258e+00 2.287842273712158203e+00 6.499269962310791016e+00 -2.332669258117675781e+00 3.990257740020751953e+00 2.357491016387939453e+00 -1.721799969673156738e+00 -2.256812810897827148e+00 4.447874069213867188e+00 -4.874308586120605469e+00
8.055011749267578125e+00 3.349989175796508789e+00 2.901773691177368164e+00 -2.225070476531982422e+00 2.957678079605102539e+00 3.384548187255859375e+00 3.100482702255249023e+00 2.797686100006103516e+00 -7.415777683258056641e+00 -8.129319190979003906e+00
5.650791168212890625e+00 1.003622531890869141e+01 6.532057285308837891e+00 -4.932022094726562500e+00 -1.322528481483459473e+00 -4.524136066436767578e+00 6.233161449432373047e+00 -7.197194099426269531e+00 -1.474379420280456543e+00 6.401138782501220703e+00
