-7.121264934539794922e-02 3.513302206993103027e-01 -2.172869592905044556e-01 -5.623967573046684265e-02 2.769793868064880371e-01 -2.191834002733230591e-01 -2.321543097496032715e-01 -1.734449565410614014e-01 3.501772880554199219e-01 -6.647302955389022827e-02
-1.793570071458816528e-02 3.255690336227416992e-01 -3.350402414798736572e-01 -1.888373941183090210e-01 1.682738214731216431e-01 -6.006199400871992111e-03 -1.396049410104751587e-01 -1.193675212562084198e-02 1.256778538227081299e-01 -1.057685073465108871e-02
-9.035240113735198975e-02 2.177075147628784180e-01 -2.105204164981842041e-01 2.792881131172180176e-01 3.400431573390960693e-01 -2.545618414878845215e-01 -3.773506879806518555e-01 -1.681199483573436737e-02 1.879094839096069336e-01 -3.138771280646324158e-02
2.186457514762878418e-01 6.726360321044921875e-02 7.500424236059188843e-02 4.617615640163421631e-01 3.021504171192646027e-02 4.142535850405693054e-02 -2.189694941043853760e-01 7.056224346160888672e-02 9.649930149316787720e-02 4.737078845500946045e-01
-3.149734735488891602e-01 -4.593201354146003723e-02 -1.866746991872787476e-01 -7.620036602020263672e-02 1.828183680772781372e-01 -1.420295685529708862e-01 -3.270899057388305664e-01 1.949689835309982300e-01 2.192859649658203125e-01 9.755530208349227905e-02
-1.358944177627563477e-01 3.931743502616882324e-01 -4.679496213793754578e-02 1.332027912139892578e-01 1.281833797693252563e-01 -9.425567090511322021e-02 7.654634770005941391e-03 2.539227344095706940e-02 1.670719832181930542e-01 9.811216033995151520e-03
-2.358936369419097900e-01 2.423058748245239258e-01 -2.591638863086700439e-01 1.421730965375900269e-01 2.249299436807632446e-01 -1.718189716339111328e-01 -2.097733169794082642e-01 -2.718103351071476936e-04 2.823622524738311768e-01 -1.312039047479629517e-01
-8.067392557859420776e-02 1.373988389968872070e-01 -1.915524750947952271e-01 1.899925917387008667e-01 3.377620875835418701e-01 -2.981948554515838623e-01 -3.877735137939453125e-01 -1.359250545501708984e-01 2.240099310874938965e-01 -5.348481982946395874e-02
7.113703340291976929e-02 2.284113317728042603e-01 1.270789951086044312e-01 -1.112601608037948608e-01 5.272858589887619019e-02 -2.121494710445404053e-01 -2.647671103477478027e-01 -2.110344916582107544e-01 1.490484736859798431e-02 -1.478075385093688965e-01
-8.796793222427368164e-02 2.610416412353515625e-01 -1.359105408191680908e-01 7.090973667800426483e-03 6.340239197015762329e-02 -1.988889649510383606e-02 1.354989260435104370e-01 1.792627722024917603e-01 2.206574976444244385e-01 -7.710165530443191528e-02
-3.452892601490020752e-01 2.160306647419929504e-02 -1.637545526027679443e-01 5.546032264828681946e-02 1.118433102965354919e-01 -9.893350303173065186e-02 -1.308036744594573975e-01 1.696068942546844482e-01 1.311996579170227051e-01 3.897892311215400696e-02
-2.367725372314453125e-01 1.711715757846832275e-01 -2.340209186077117920e-01 -5.397389456629753113e-02 1.964924484491348267e-01 -2.740702033042907715e-01 -2.783968448638916016e-01 2.104111015796661377e-01 9.058222919702529907e-02 -1.198749393224716187e-01
5.584532395005226135e-02 4.760249853134155273e-01 2.616770267486572266e-01 6.803692877292633057e-02 -1.465287506580352783e-01 1.208183765411376953e-01 4.747183248400688171e-02 1.133965402841567993e-01 8.193165808916091919e-02 7.780018448829650879e-02
-8.123536407947540283e-02 2.047896385192871094e-01 -1.759416610002517700e-01 5.966718867421150208e-02 2.116962820291519165e-01 -3.767741918563842773e-01 -3.053283691406250000e-01 -4.636412486433982849e-03 1.590431034564971924e-01 -1.673143953084945679e-01
1.798538565635681152e-01 1.929509490728378296e-01 1.137166172266006470e-01 -1.697743684053421021e-01 4.350186139345169067e-02 -8.239912986755371094e-02 -3.670616149902343750e-01 -8.175433427095413208e-02 -6.630452815443277359e-03 -2.840081751346588135e-01
-2.103028893470764160e-01 -1.421071309596300125e-02 -8.632928878068923950e-02 4.918910935521125793e-02 1.167042925953865051e-01 -3.802142143249511719e-01 -3.671184778213500977e-01 5.597303807735443115e-02 3.978848829865455627e-02 -8.999499678611755371e-02
-1.517161428928375244e-01 3.421044647693634033e-01 5.931844189763069153e-02 3.153695762157440186e-01 2.258398830890655518e-01 -5.485666990280151367e-01 2.054037451744079590e-01 1.886688470840454102e-01 -9.649147093296051025e-02 7.012172788381576538e-02
1.244337335228919983e-01 6.175259947776794434e-01 3.638513013720512390e-02 2.707478702068328857e-01 1.343466341495513916e-01 2.363031655550003052e-01 -5.007700324058532715e-01 1.761599183082580566e-01 1.910906136035919189e-01 5.869486555457115173e-02
3.002906218171119690e-02 1.948315501213073730e-01 1.848822534084320068e-01 7.462273538112640381e-02 3.141010701656341553e-01 2.704663276672363281e-01 -1.360817700624465942e-01 1.220222860574722290e-01 -1.302271522581577301e-02 2.102234214544296265e-01
-1.572267338633537292e-02 2.433921843767166138e-01 1.450398564338684082e-01 1.639755368232727051e-01 8.642562478780746460e-02 -7.373994588851928711e-02 -8.638887852430343628e-02 3.688970506191253662e-01 5.466159060597419739e-02 2.591641061007976532e-02
5.476282909512519836e-02 -9.245168417692184448e-02 1.226692721247673035e-01 5.355333685874938965e-01 3.564576506614685059e-01 -1.206509470939636230e-01 -2.133362740278244019e-01 9.388895332813262939e-02 1.915293633937835693e-01 1.590957343578338623e-01
-1.236879900097846985e-01 4.032854139804840088e-01 -2.931983768939971924e-01 -1.286307424306869507e-01 -5.730451643466949463e-02 -1.358422636985778809e-01 -4.844069853425025940e-02 -3.923663496971130371e-02 -1.302833296358585358e-02 3.367571532726287842e-02
-1.684207618236541748e-01 2.822027802467346191e-01 -2.084788829088211060e-01 1.486202925443649292e-01 4.262542724609375000e-01 -2.813057303428649902e-01 -2.161954790353775024e-01 -1.093507409095764160e-01 3.180246055126190186e-01 -1.811173558235168457e-02
1.894002854824066162e-01 1.650286167860031128e-01 3.306882455945014954e-02 5.003788471221923828e-01 6.076170504093170166e-02 1.538069248199462891e-01 -2.402788102626800537e-01 1.916441172361373901e-01 2.299996763467788696e-01 2.616805434226989746e-01
2.105806767940521240e-01 1.339361071586608887e-01 2.998692169785499573e-02 4.005920588970184326e-01 7.796802371740341187e-02 2.727998420596122742e-02 -2.301967144012451172e-01 1.270079612731933594e-01 7.459852844476699829e-02 2.924084961414337158e-01
-2.730922102928161621e-01 -4.865428432822227478e-02 -2.329730242490768433e-01 -6.995011866092681885e-02 3.294187188148498535e-01 -2.182498723268508911e-01 -6.055275201797485352e-01 1.372022926807403564e-01 2.081838101148605347e-01 -5.568484589457511902e-02
-1.189735606312751770e-01 2.708537280559539795e-01 2.685372829437255859e-01 1.778396368026733398e-01 -1.013934519141912460e-02 -7.070666551589965820e-02 2.732989192008972168e-01 -4.736903309822082520e-02 2.250998765230178833e-01 3.915632069110870361e-01
1.405697315931320190e-01 2.363488227128982544e-01 1.059400364756584167e-01 -3.611271977424621582e-01 4.868108779191970825e-02 -3.439719080924987793e-01 -3.090978264808654785e-01 -1.396622359752655029e-01 -6.362805515527725220e-02 -2.472396641969680786e-01
-6.708702445030212402e-02 1.448915600776672363e-01 -1.789047420024871826e-01 -6.460864841938018799e-02 3.566891252994537354e-01 -3.242285847663879395e-01 -4.531549811363220215e-01 -8.663250505924224854e-02 3.244236111640930176e-01 -4.893606156110763550e-02
-9.527132660150527954e-02 1.116100549697875977e-01 -6.899879127740859985e-02 -2.275462076067924500e-02 1.764828562736511230e-01 7.681283354759216309e-02 -2.521379888057708740e-01 1.428001821041107178e-01 -3.768589720129966736e-02 2.796980738639831543e-01
-2.622334286570549011e-02 4.462895393371582031e-01 -3.809874877333641052e-02 1.536784917116165161e-01 9.238713234663009644e-02 1.627903804183006287e-02 -3.170563578605651855e-01 1.900834031403064728e-02 6.595077365636825562e-02 -5.290816351771354675e-02
-1.141769960522651672e-01 1.534981131553649902e-01 4.043408855795860291e-02 1.521507650613784790e-01 2.620291151106357574e-02 1.448084414005279541e-01 -1.076515689492225647e-01 2.356659024953842163e-01 1.348741054534912109e-01 1.281009763479232788e-01
-1.703723818063735962e-01 4.041108787059783936e-01 -6.044008955359458923e-02 4.063590243458747864e-02 1.429943740367889404e-01 1.650239974260330200e-01 -3.194811046123504639e-01 -7.021626830101013184e-02 2.654528915882110596e-01 -3.396411985158920288e-02
3.164535760879516602e-01 -8.248905837535858154e-02 1.379158347845077515e-01 5.213170051574707031e-01 3.286383152008056641e-01 -5.531341210007667542e-02 -3.390551209449768066e-01 3.937961533665657043e-03 1.845193654298782349e-01 2.256754189729690552e-01
1.411783844232559204e-01 1.637274026870727539e-01 8.572383224964141846e-02 -3.454343974590301514e-01 1.318485587835311890e-01 -2.095722034573554993e-02 -4.737384617328643799e-01 -2.777021527290344238e-01 1.122809275984764099e-01 -2.453452795743942261e-01
-1.431337743997573853e-01 2.208688408136367798e-01 1.860867291688919067e-01 1.770242303609848022e-01 6.501843035221099854e-02 9.486013650894165039e-02 -1.286719739437103271e-01 3.537515401840209961e-01 5.048205610364675522e-03 2.308522015810012817e-01
-7.279339246451854706e-03 3.557425439357757568e-01 -6.760763376951217651e-02 1.734109073877334595e-01 9.556784480810165405e-02 -1.236179471015930176e-02 -1.260236948728561401e-01 2.181759662926197052e-02 -8.076009899377822876e-02 -4.691890254616737366e-02
6.133842840790748596e-02 1.678235530853271484e-01 2.055756449699401855e-01 1.332012563943862915e-01 -3.998882137238979340e-03 6.905680894851684570e-02 2.874467968940734863e-01 -9.829625487327575684e-02 2.329047173261642456e-01 3.441810309886932373e-01
-2.443875670433044434e-01 3.236257731914520264e-01 -1.435935050249099731e-01 2.649342119693756104e-01 1.075319424271583557e-01 -4.143653512001037598e-01 6.142451986670494080e-02 1.728614270687103271e-01 -5.916613712906837463e-02 4.272626712918281555e-02
7.552627474069595337e-02 2.102956622838973999e-01 -1.694451421499252319e-01 3.700764477252960205e-01 2.573926448822021484e-01 7.919833064079284668e-02 -4.595088362693786621e-01 9.838014841079711914e-02 1.610582470893859863e-01 -3.808071091771125793e-02
-2.245701476931571960e-02 2.608116865158081055e-01 -4.766438528895378113e-02 2.453384250402450562e-01 4.072149842977523804e-02 2.573707103729248047e-01 -1.596771776676177979e-01 2.310171127319335938e-01 4.470010753720998764e-03 1.871590763330459595e-01
-1.701053678989410400e-01 3.448556661605834961e-01 -1.359294503927230835e-01 3.274540007114410400e-01 5.230618119239807129e-01 -7.343369722366333008e-01 2.506274878978729248e-01 3.191140294075012207e-02 1.319213211536407471e-01 6.173547729849815369e-02
-7.196322828531265259e-02 2.627789676189422607e-01 -1.394399534910917282e-02 1.482342928647994995e-01 3.343226313591003418e-01 2.086266502737998962e-02 -2.786155641078948975e-01 6.846520304679870605e-02 2.210579812526702881e-01 -1.876506060361862183e-01
-1.560404896736145020e-01 3.840789794921875000e-01 -3.787937574088573456e-03 1.856952905654907227e-01 1.560238599777221680e-01 -5.121533274650573730e-01 2.655803859233856201e-01 1.115411743521690369e-01 -1.112304776906967163e-01 8.589477278292179108e-03
-3.159563541412353516e-01 6.175774615257978439e-03 -1.180632635951042175e-01 -1.703910157084465027e-02 9.225965291261672974e-02 -2.321289777755737305e-01 -2.859965562820434570e-01 2.640432417392730713e-01 1.119780018925666809e-01 -1.528142243623733521e-01
-2.429099008440971375e-02 1.899169981479644775e-01 -8.905415982007980347e-02 1.647446006536483765e-01 1.548605263233184814e-01 -9.964001178741455078e-02 -2.468241751194000244e-01 1.976206600666046143e-01 2.168584428727626801e-02 2.550478279590606689e-01
-8.628975600004196167e-02 5.028080344200134277e-01 -3.881036043167114258e-01 -2.044590860605239868e-01 2.223866134881973267e-01 -3.855507075786590576e-01 -3.804783150553703308e-02 -6.926658749580383301e-02 1.520466618239879608e-02 -4.134995862841606140e-02
-1.439100503921508789e-01 3.511584401130676270e-01 1.255680769681930542e-01 1.168582886457443237e-01 1.270332634449005127e-01 -1.963996589183807373e-01 6.641955580562353134e-03 8.647097647190093994e-02 9.664367884397506714e-02 -3.918581828474998474e-02
-1.183350533246994019e-01 2.275475859642028809e-01 2.306287176907062531e-03 1.843750029802322388e-01 -2.836356870830059052e-03 -1.767781972885131836e-01 2.672744393348693848e-01 5.353786796331405640e-02 8.997362107038497925e-02 -1.604299247264862061e-02
1.490654647350311279e-01 5.287576001137495041e-03 5.021717026829719543e-02 5.817850828170776367e-01 3.954010903835296631e-01 -5.693482235074043274e-02 -2.383139729499816895e-01 -4.590156674385070801e-02 3.173266053199768066e-01 3.703869879245758057e-01
-4.150423705577850342e-01 5.305042490363121033e-02 -1.866287440061569214e-01 -5.696121975779533386e-02 2.476810812950134277e-01 -1.828691363334655762e-01 -2.720932662487030029e-01 2.382443398237228394e-01 2.276250869035720825e-01 -8.006156235933303833e-02
-4.995145648717880249e-02 4.240549504756927490e-01 -1.449494808912277222e-01 1.387548595666885376e-01 1.000274568796157837e-01 4.061208292841911316e-02 -2.240405082702636719e-01 -1.586726866662502289e-02 1.885210722684860229e-01 -1.268894523382186890e-01
-2.064795792102813721e-01 3.050788342952728271e-01 -1.495961695909500122e-01 2.389587610960006714e-01 3.307216167449951172e-01 -4.559383988380432129e-01 5.319438502192497253e-02 2.160789072513580322e-01 -3.242003545165061951e-02 -1.737794652581214905e-02
2.659112215042114258e-01 1.362110376358032227e-01 3.612235561013221741e-02 4.125891625881195068e-01 1.262857317924499512e-01 -8.952739834785461426e-02 -1.674449741840362549e-01 8.220478892326354980e-02 1.137173548340797424e-01 2.787166535854339600e-01
-1.717300117015838623e-01 1.799775958061218262e-01 -1.992472112178802490e-01 6.720013916492462158e-02 3.567997217178344727e-01 -2.683331370353698730e-01 -3.378205895423889160e-01 1.100842058658599854e-01 2.376044392585754395e-01 -1.447065025568008423e-01
-5.916273221373558044e-02 2.017615139484405518e-01 7.078059017658233643e-02 2.311752885580062866e-01 1.012753471732139587e-01 2.913236245512962341e-02 -3.021489977836608887e-01 2.324481308460235596e-01 -1.615264564752578735e-01 3.814881742000579834e-01
-1.813584864139556885e-01 3.667673468589782715e-01 -1.819556504487991333e-01 2.062414288520812988e-01 1.871663779020309448e-01 -2.748281359672546387e-01 -4.983186227036640048e-05 1.318187415599822998e-01 3.479060903191566467e-02 1.654354482889175415e-02
7.112666219472885132e-02 3.217769861221313477e-01 3.538356423377990723e-01 2.088473141193389893e-01 -1.663032770156860352e-01 3.395476564764976501e-02 2.670255005359649658e-01 -1.732950657606124878e-01 2.416303455829620361e-01 3.755162656307220459e-01
1.090500205755233765e-01 1.035962849855422974e-01 1.463750898838043213e-01 5.430400967597961426e-01 3.711234629154205322e-01 4.389670211821794510e-03 -4.129429757595062256e-01 1.039972007274627686e-01 2.524823844432830811e-01 1.496879011392593384e-01
1.866172105073928833e-01 1.541838329285383224e-02 4.588044062256813049e-02 5.156855583190917969e-01 4.547984898090362549e-01 -4.529779031872749329e-02 -3.912197053432464600e-01 -3.754867240786552429e-03 3.248868584632873535e-01 3.093326985836029053e-01
-1.031934767961502075e-01 3.494332134723663330e-01 1.658023297786712646e-01 1.971145570278167725e-01 -3.294030576944351196e-02 6.698754429817199707e-02 2.079570889472961426e-01 3.050270862877368927e-02 6.861615926027297974e-02 3.797075748443603516e-01
2.515035867691040039e-01 -1.185471657663583755e-02 1.360475718975067139e-01 5.104799270629882812e-01 1.150500699877738953e-01 4.539623484015464783e-02 -2.818502485752105713e-01 2.311450392007827759e-01 1.444855332374572754e-01 3.626541793346405029e-01
-1.091891303658485413e-01 3.002099692821502686e-01 -1.466623395681381226e-01 3.571023419499397278e-02 9.380435198545455933e-02 -3.016248345375061035e-01 1.429643481969833374e-01 -1.537116169929504395e-01 1.475378572940826416e-01 -6.411435455083847046e-02
-2.591820359230041504e-01 3.030928671360015869e-01 -8.074080199003219604e-02 2.842416763305664062e-01 1.309645026922225952e-01 -4.268637299537658691e-01 -2.076355554163455963e-02 1.160957515239715576e-01 -8.120089024305343628e-02 1.133132949471473694e-01
-1.309347599744796753e-01 2.168254554271697998e-01 -7.133580744266510010e-02 2.112812846899032593e-01 2.909410595893859863e-01 1.415978372097015381e-01 -5.958483219146728516e-01 9.226325154304504395e-02 9.438992291688919067e-02 -1.012999191880226135e-01
-3.397095203399658203e-01 3.195822238922119141e-01 -1.043926700949668884e-01 2.930159270763397217e-01 2.064862400293350220e-01 -4.017058610916137695e-01 7.942909747362136841e-02 1.671844869852066040e-01 -6.347968429327011108e-02 1.157364249229431152e-01
1.150932237505912781e-01 -3.800175711512565613e-02 2.873877063393592834e-02 4.242968261241912842e-01 3.577947616577148438e-01 5.765814706683158875e-02 -4.345923364162445068e-01 1.565007567405700684e-01 3.163283169269561768e-01 2.560982406139373779e-01
-7.264115661382675171e-02 3.071686625480651855e-01 2.382669448852539062e-01 -9.507803618907928467e-02 -1.825322806835174561e-01 1.316280066967010498e-01 2.681652307510375977e-01 1.071537435054779053e-01 1.440244615077972412e-01 1.093272585421800613e-02
-2.413443848490715027e-02 3.195200562477111816e-01 -2.260958701372146606e-01 1.008334308862686157e-01 3.528927862644195557e-01 2.421316355466842651e-01 -4.571794271469116211e-01 -5.544860661029815674e-02 4.016058146953582764e-01 -1.188779249787330627e-01
2.119650244712829590e-01 4.574634507298469543e-02 7.079928368330001831e-02 6.447080373764038086e-01 2.375175654888153076e-01 -6.801921408623456955e-03 -1.644656062126159668e-01 1.584840118885040283e-01 1.984653770923614502e-01 4.345085322856903076e-01
1.724674999713897705e-01 2.902070283889770508e-01 9.354098141193389893e-02 -3.220321834087371826e-01 5.687863565981388092e-03 -1.646762192249298096e-01 -4.265789985656738281e-01 -2.155631929636001587e-01 -4.403878375887870789e-02 -2.146634608507156372e-01
4.172089323401451111e-02 9.276877343654632568e-02 1.259457617998123169e-01 4.471080899238586426e-01 2.682888507843017578e-01 3.953294083476066589e-02 -2.857784926891326904e-01 5.870947241783142090e-02 3.375035896897315979e-02 1.813755035400390625e-01
-4.432480782270431519e-02 1.962061524391174316e-01 -1.232643723487854004e-01 1.302510648965835571e-01 1.865492463111877441e-01 -3.633148968219757080e-01 1.326590031385421753e-01 7.038807868957519531e-02 8.875539526343345642e-03 -3.767126798629760742e-02
-4.896169900894165039e-01 -8.844089694321155548e-03 4.138496145606040955e-02 -7.845138013362884521e-02 2.935204505920410156e-01 -1.249876916408538818e-01 -4.278268516063690186e-01 -2.348588220775127411e-02 1.846419274806976318e-01 -2.307562679052352905e-01
-4.909094050526618958e-02 8.592797815799713135e-02 -4.444018006324768066e-02 8.663076162338256836e-02 1.327393352985382080e-01 -6.951248645782470703e-02 -1.571457982063293457e-01 3.373117446899414062e-01 -4.746774956583976746e-02 1.985738277435302734e-01
1.849886775016784668e-01 2.691042125225067139e-01 7.202879339456558228e-02 -2.519165873527526855e-01 -7.580844312906265259e-02 3.705946728587150574e-02 -2.753735184669494629e-01 -8.837153017520904541e-02 -3.427663818001747131e-02 -1.493520438671112061e-01
-1.933441013097763062e-01 3.554494976997375488e-01 -2.056618481874465942e-01 1.163017898797988892e-01 1.333943903446197510e-01 -3.486024141311645508e-01 7.143124192953109741e-02 2.057643830776214600e-01 -2.800951339304447174e-02 -2.384136989712715149e-02
2.222818322479724884e-03 1.714631617069244385e-01 -7.188688032329082489e-03 1.004465669393539429e-01 2.830085158348083496e-01 2.180203497409820557e-01 -4.699950516223907471e-01 5.452789366245269775e-02 3.283647298812866211e-01 -1.546346843242645264e-01
-1.971425563097000122e-01 3.376169800758361816e-01 7.889512926340103149e-02 3.035386502742767334e-01 -1.853070105426013470e-03 -5.238358974456787109e-01 2.838695943355560303e-01 1.225655749440193176e-01 -1.544956415891647339e-01 3.442185744643211365e-02
-1.234600394964218140e-01 1.312432587146759033e-01 -3.658277913928031921e-02 9.718494117259979248e-02 1.438408046960830688e-01 -2.756423354148864746e-01 3.868968412280082703e-02 5.175842344760894775e-02 1.228825300931930542e-01 -6.807825714349746704e-02
1.513764914125204086e-02 2.438877895474433899e-02 -1.036950722336769104e-01 5.846359208226203918e-02 3.387225568294525146e-01 -2.748501300811767578e-01 -3.225545883178710938e-01 -5.727420002222061157e-02 3.135893046855926514e-01 -1.522236317396163940e-01
1.413429081439971924e-01 2.548744678497314453e-01 2.401359751820564270e-02 -3.798797130584716797e-01 9.162592887878417969e-02 -2.093276679515838623e-01 -5.635408759117126465e-01 -1.200061738491058350e-01 -5.077209696173667908e-02 -2.030897587537765503e-01
-1.009990498423576355e-01 2.445607334375381470e-01 -2.023064047098159790e-01 9.925885498523712158e-02 2.010846883058547974e-01 -2.254516780376434326e-01 -1.618315279483795166e-01 1.094417199492454529e-01 2.807728052139282227e-01 -9.697917848825454712e-02
-9.340717643499374390e-02 3.563192486763000488e-01 2.038455754518508911e-01 9.070709347724914551e-02 -1.472357958555221558e-01 9.067037701606750488e-02 3.012803010642528534e-02 1.070422120392322540e-02 8.596155792474746704e-02 1.824854463338851929e-01
-2.302686125040054321e-01 6.349052488803863525e-02 -1.004032418131828308e-01 1.807572096586227417e-01 2.623988091945648193e-01 -1.746487021446228027e-01 -2.043382823467254639e-01 2.130497395992279053e-01 2.144360393285751343e-01 -1.594442278146743774e-01
-1.283142268657684326e-01 1.499896943569183350e-01 -8.779942244291305542e-02 1.643676608800888062e-01 2.730928659439086914e-01 -2.940242365002632141e-02 -1.300258934497833252e-01 8.348418027162551880e-02 3.846516907215118408e-01 -3.302529826760292053e-02
-3.366252407431602478e-02 2.191388607025146484e-01 2.354986518621444702e-01 -8.202974498271942139e-02 -9.214212745428085327e-02 2.198017090559005737e-01 2.094147801399230957e-01 1.837915368378162384e-02 1.108355298638343811e-01 1.797771006822586060e-01
5.048410966992378235e-02 3.684777617454528809e-01 1.134224608540534973e-01 2.103977203369140625e-01 -7.196328043937683105e-02 1.189951002597808838e-01 2.703658640384674072e-01 -3.703817725181579590e-02 1.263314336538314819e-01 3.921380937099456787e-01
-6.689350120723247528e-03 2.877487838268280029e-01 3.352390527725219727e-01 4.218911007046699524e-02 -1.731097698211669922e-01 2.398722469806671143e-01 2.024850845336914062e-01 -7.331094145774841309e-02 1.196843162178993225e-01 1.410539150238037109e-01
-3.775942325592041016e-01 1.016364172101020813e-01 -7.098919153213500977e-02 -1.559287160634994507e-01 3.175753355026245117e-01 -3.939214646816253662e-01 -2.979569733142852783e-01 2.876377105712890625e-01 1.142558529973030090e-01 -3.201009929180145264e-01
2.483448833227157593e-01 -1.428243354894220829e-03 8.659946173429489136e-02 4.639028012752532959e-01 1.400593519210815430e-01 1.243915855884552002e-01 -4.472959637641906738e-01 1.960152685642242432e-01 2.609893083572387695e-01 3.232179284095764160e-01
3.193868324160575867e-02 3.756754696369171143e-01 -3.691177964210510254e-01 2.594973519444465637e-02 1.645142883062362671e-01 -2.281043976545333862e-01 -1.193742007017135620e-01 6.187403202056884766e-02 3.153712674975395203e-02 7.791443914175033569e-02
2.186359167098999023e-01 1.957280635833740234e-01 5.465276911854743958e-02 -2.236761599779129028e-01 1.643976420164108276e-01 -3.958489894866943359e-01 -2.228157520294189453e-01 -1.188774108886718750e-01 -1.145537793636322021e-01 -1.995310187339782715e-01
2.010526508092880249e-01 3.080101683735847473e-02 3.108922243118286133e-01 4.327597320079803467e-01 2.913868129253387451e-01 3.192551061511039734e-02 -2.981219589710235596e-01 4.760207235813140869e-02 7.595210522413253784e-02 1.444839090108871460e-01
8.322516828775405884e-02 3.751034140586853027e-01 -4.233463406562805176e-01 -1.430745143443346024e-02 6.392730027437210083e-02 -3.714903071522712708e-02 -4.306793585419654846e-02 1.819921582937240601e-01 -3.042994625866413116e-02 4.914405569434165955e-02
5.762694776058197021e-02 2.201132625341415405e-01 1.249992996454238892e-01 -3.319920301437377930e-01 1.604032665491104126e-01 -4.785362258553504944e-02 -4.968387186527252197e-01 -1.303287297487258911e-01 2.893095370382070541e-03 -3.949294686317443848e-01
-1.101065352559089661e-01 2.291848063468933105e-01 -9.425988048315048218e-02 -8.627189695835113525e-02 1.597413718700408936e-01 -2.805569469928741455e-01 1.010038703680038452e-01 -6.685761734843254089e-03 1.392417699098587036e-01 -8.423085510730743408e-02
2.186407446861267090e-01 1.467360556125640869e-01 2.355951219797134399e-01 -1.192706078290939331e-01 1.782585084438323975e-01 -1.527294814586639404e-01 -3.754180669784545898e-01 -1.880499422550201416e-01 6.022358313202857971e-02 -2.326351851224899292e-01
2.468418329954147339e-02 2.488927245140075684e-01 -2.369287610054016113e-02 2.566772997379302979e-01 2.219532132148742676e-01 -3.448733687400817871e-01 -3.075231015682220459e-01 -1.338005065917968750e-01 2.357873469591140747e-01 -1.556910853832960129e-02
-1.390096247196197510e-01 2.015596926212310791e-01 -1.195872854441404343e-02 1.773979142308235168e-02 2.378287762403488159e-01 -1.234380006790161133e-01 -3.960920274257659912e-01 7.958682253956794739e-03 8.170207589864730835e-02 1.553498357534408569e-01
