-1.023876946419477463e-03 -2.226508855819702148e-01 -8.659198135137557983e-02 -2.364830970764160156e-01 3.582872748374938965e-01
4.865277931094169617e-02 1.743044108152389526e-01 -2.050144225358963013e-01 -1.053914353251457214e-01 1.887397319078445435e-01
6.158967036753892899e-03 5.992768704891204834e-02 -1.949023157358169556e-01 2.000824362039566040e-02 -5.623571202158927917e-02
1.484447866678237915e-01 -4.744897782802581787e-02 -1.490484625101089478e-01 5.511597543954849243e-02 5.498102679848670959e-02
1.015434414148330688e-01 -1.556978821754455566e-01 -2.241770923137664795e-01 8.634282648563385010e-02 6.395210325717926025e-02
1.143176034092903137e-01 -2.066734284162521362e-01 -2.228063344955444336e-02 5.519082397222518921e-02 1.207276061177253723e-01
7.561484724283218384e-02 5.000346526503562927e-02 8.428125828504562378e-02 9.175375849008560181e-02 3.585127368569374084e-02
3.900672867894172668e-02 9.798170626163482666e-02 -3.482487425208091736e-02 2.526039630174636841e-02 1.197474263608455658e-02
-2.074608951807022095e-01 -1.512219160795211792e-01 7.601813226938247681e-02 1.721628475934267044e-03 3.187241554260253906e-01
2.115674465894699097e-01 -8.942370861768722534e-02 8.917218446731567383e-02 1.216731593012809753e-02 2.773486077785491943e-01
-2.113390248268842697e-03 -5.209536850452423096e-02 -6.808525323867797852e-02 -1.603886783123016357e-01 1.385297179222106934e-01
5.092364270240068436e-03 -5.130028724670410156e-02 -2.387560307979583740e-01 -1.847631633281707764e-01 2.980199754238128662e-01
1.011728867888450623e-02 -9.103326499462127686e-02 -2.070599049329757690e-01 -3.728074133396148682e-01 2.559177228249609470e-04
-7.207940518856048584e-02 1.173865348100662231e-01 1.041377410292625427e-01 2.819447964429855347e-02 1.871203444898128510e-02
-9.312309324741363525e-02 -2.414870262145996094e-01 1.015655919909477234e-01 1.566939204931259155e-01 1.708379834890365601e-01
2.557565644383430481e-02 -1.431644260883331299e-01 -1.879103630781173706e-01 2.036335319280624390e-02 1.690891087055206299e-01
-2.113972902297973633e-01 7.528822124004364014e-02 -1.944103688001632690e-01 -1.229910328984260559e-01 2.248113509267568588e-03
2.535201311111450195e-01 1.366184949874877930e-01 -1.048497110605239868e-01 1.151277869939804077e-02 2.536906003952026367e-01
-1.016637533903121948e-01 2.358365058898925781e-02 1.313378661870956421e-01 1.683485358953475952e-01 2.277861535549163818e-02
7.218752801418304443e-02 1.587143242359161377e-01 8.559496700763702393e-02 -5.167586356401443481e-02 6.027534231543540955e-02
-7.995584979653358459e-03 3.007480502128601074e-02 -1.799968034029006958e-01 -1.114830821752548218e-01 -7.176069170236587524e-02
-1.753868013620376587e-01 3.161233961582183838e-01 -2.608428597450256348e-01 -8.989884704351425171e-02 8.305714279413223267e-02
-4.261269047856330872e-02 1.517302393913269043e-01 1.788258366286754608e-02 6.221240013837814331e-02 -6.104010343551635742e-02
5.751136317849159241e-02 7.044045627117156982e-02 -2.967547774314880371e-01 -2.365569174289703369e-01 -7.221563905477523804e-02
9.147112816572189331e-02 -4.922981932759284973e-02 -1.224914714694023132e-01 -3.388013541698455811e-01 -1.114265844225883484e-01
-9.392235428094863892e-03 -1.921249330043792725e-01 -3.650366663932800293e-01 -1.324378252029418945e-01 1.368309110403060913e-01
2.126468718051910400e-01 -1.420374810695648193e-01 -3.219137787818908691e-01 -4.353951811790466309e-01 -1.116597130894660950e-01
-1.917850673198699951e-01 -1.869239509105682373e-01 5.430867150425910950e-02 1.165505573153495789e-01 3.143812119960784912e-01
-2.917843684554100037e-02 4.266849160194396973e-02 -9.559191018342971802e-02 -3.943089395761489868e-02 -7.832171767950057983e-02
-4.080243036150932312e-02 5.503550171852111816e-03 5.701468326151371002e-03 -1.590704172849655151e-02 1.965564303100109100e-02
6.989157944917678833e-02 -6.546533107757568359e-02 -2.503330707550048828e-01 -6.528621166944503784e-02 3.566178083419799805e-01
2.094474434852600098e-02 1.163239181041717529e-01 -3.901744633913040161e-02 -1.495584845542907715e-01 1.253594607114791870e-01
1.179920583963394165e-01 2.660661935806274414e-02 -3.526484966278076172e-01 -6.212127953767776489e-02 2.004890590906143188e-01
1.056867167353630066e-01 2.932113409042358398e-02 -2.780628204345703125e-01 -1.480742096900939941e-01 9.889459237456321716e-03
-2.008622288703918457e-01 -2.024837732315063477e-01 -1.295519322156906128e-01 2.047662287950515747e-01 -9.510831907391548157e-03
6.109066680073738098e-02 9.976094961166381836e-02 -1.087811738252639771e-01 -1.400011330842971802e-01 -6.103973835706710815e-02
1.418214738368988037e-01 -2.514863014221191406e-02 -2.882925868034362793e-01 -4.527283459901809692e-02 2.207126766443252563e-01
-5.332534387707710266e-02 -1.706461757421493530e-01 -3.119199275970458984e-01 -3.644185066223144531e-01 -1.128347888588905334e-01
-1.518824547529220581e-01 1.771719306707382202e-01 -1.223253831267356873e-01 -1.268460880964994431e-03 -2.324562706053256989e-02
7.244755327701568604e-02 -4.444655776023864746e-02 -1.324321026913821697e-03 1.302078217267990112e-01 3.259802758693695068e-01
4.200897738337516785e-02 1.583491265773773193e-01 -8.762980252504348755e-02 -1.936217099428176880e-01 1.805110089480876923e-02
-2.364855557680130005e-01 7.566685974597930908e-02 -1.687977164983749390e-01 -1.217006966471672058e-01 -1.549794711172580719e-02
7.281222939491271973e-02 -1.114523708820343018e-01 -1.507684886455535889e-01 -1.225340142846107483e-01 3.523980975151062012e-01
-1.463129967451095581e-01 1.669813096523284912e-01 -6.062908098101615906e-02 -3.573807328939437866e-02 -4.886075481772422791e-02
2.026381716132164001e-02 -4.192112013697624207e-02 -1.674535274505615234e-01 -3.106728941202163696e-02 2.485286630690097809e-02
1.214258670806884766e-01 1.916087567806243896e-01 7.075453549623489380e-02 -1.409833431243896484e-01 2.103651128709316254e-02
-1.526201218366622925e-01 4.108922481536865234e-01 -3.318113684654235840e-01 2.196380496025085449e-02 -1.720387674868106842e-02
8.487700670957565308e-02 -3.915296494960784912e-02 -1.625258773565292358e-01 -8.944525569677352905e-02 1.779129654169082642e-01
2.400052100419998169e-01 6.226643919944763184e-03 1.139350701123476028e-02 -1.025639772415161133e-01 1.537124514579772949e-01
5.524832382798194885e-02 3.615516424179077148e-02 -1.458926945924758911e-01 -1.227685436606407166e-01 -1.128188706934452057e-02
7.434252649545669556e-02 -2.069934010505676270e-01 -3.045159764587879181e-02 -6.261039525270462036e-02 2.835526466369628906e-01
1.444766074419021606e-01 2.873569726943969727e-02 -1.149474903941154480e-01 1.048902943730354309e-01 2.837773226201534271e-02
-3.468470275402069092e-01 2.643771171569824219e-01 5.297034606337547302e-02 2.726662158966064453e-02 5.111436918377876282e-02
3.578775227069854736e-01 1.204171851277351379e-01 -1.855857819318771362e-01 -2.986639738082885742e-01 -1.297516375780105591e-01
4.842285532504320145e-03 1.536251604557037354e-01 -4.410895518958568573e-03 9.384579211473464966e-02 -5.468862596899271011e-03
-8.925121277570724487e-03 1.331139653921127319e-01 -7.165920687839388847e-04 -1.146384328603744507e-02 6.123191490769386292e-02
-2.184529006481170654e-01 8.561486005783081055e-02 -1.184703856706619263e-01 -1.508410274982452393e-02 5.197501555085182190e-02
-2.283908799290657043e-02 -1.033295691013336182e-01 -2.123503237962722778e-01 -1.891418546438217163e-01 -1.074840426445007324e-01
1.552612148225307465e-02 -4.044046998023986816e-02 -9.564368426799774170e-02 -1.089095696806907654e-01 6.809165328741073608e-02
-1.718435995280742645e-02 5.534023046493530273e-03 -1.811323016881942749e-01 -1.740097701549530029e-01 -1.033769473433494568e-01
-1.235617324709892273e-02 -1.466147154569625854e-01 -2.502246201038360596e-01 -3.609864711761474609e-01 6.733464449644088745e-02
5.558148026466369629e-02 -3.658866882324218750e-02 -7.319460064172744751e-02 -7.161965221166610718e-02 -5.620197579264640808e-02
1.397341638803482056e-01 -2.368260324001312256e-01 -3.388155624270439148e-02 -1.840604394674301147e-01 3.459607362747192383e-01
-3.359239697456359863e-01 5.952914804220199585e-02 -1.287369579076766968e-01 -1.684286445379257202e-02 -2.152516879141330719e-02
1.060834899544715881e-02 -1.942048668861389160e-01 -9.532617777585983276e-02 2.341973930597305298e-01 3.247925341129302979e-01
-2.098874598741531372e-01 2.137391567230224609e-01 -6.915219873189926147e-02 2.334313467144966125e-05 -1.379544585943222046e-01
2.118152827024459839e-01 -3.499476611614227295e-02 -2.913032770156860352e-01 -2.267089635133743286e-01 1.120857372879981995e-01
-9.656935930252075195e-02 2.050469070672988892e-02 -8.403833955526351929e-02 -1.655486375093460083e-01 -1.004865989089012146e-01
5.586062092334032059e-03 -1.343319714069366455e-01 -1.127158626914024353e-01 -9.087225049734115601e-02 3.526330888271331787e-01
2.392653077840805054e-01 -2.512691169977188110e-02 -2.164096087217330933e-01 -1.656629890203475952e-01 -7.444316148757934570e-02
-6.844957917928695679e-02 -1.990801244974136353e-01 6.735897064208984375e-02 7.217676192522048950e-02 2.400372475385665894e-01
-5.585692357271909714e-03 5.308873951435089111e-02 6.285644136369228363e-03 -8.140891790390014648e-02 2.713793329894542694e-02
2.112974375486373901e-01 -2.451530247926712036e-01 -1.961869187653064728e-02 -4.988402873277664185e-02 2.918857038021087646e-01
-1.051961258053779602e-02 -7.694853842258453369e-02 -1.751579493284225464e-01 -4.028786718845367432e-02 2.275151461362838745e-01
3.232555463910102844e-02 1.357402503490447998e-01 1.154649853706359863e-01 -3.288795799016952515e-02 1.407370865345001221e-01
-9.375265985727310181e-02 -9.043155610561370850e-02 -1.808126340620219707e-03 7.105179876089096069e-02 3.760642558336257935e-02
-1.933547109365463257e-01 1.574759036302566528e-01 -1.274224817752838135e-01 -1.233576610684394836e-01 4.635560885071754456e-02
8.447412401437759399e-03 1.708346605300903320e-02 -4.178326204419136047e-02 4.658617824316024780e-02 2.182530015707015991e-01
-7.625696808099746704e-02 1.362813562154769897e-01 -1.516283154487609863e-01 9.049255400896072388e-02 4.601861909031867981e-02
9.202206134796142578e-02 -2.608333826065063477e-01 -2.306899987161159515e-03 -8.457168191671371460e-02 4.164350330829620361e-01
-7.393240183591842651e-02 8.037075400352478027e-03 5.696973577141761780e-02 4.177846759557723999e-02 1.340186148881912231e-01
-9.745065122842788696e-02 -2.675751745700836182e-01 -9.820381551980972290e-02 2.362562716007232666e-02 3.164601325988769531e-01
-5.750409886240959167e-02 -1.652259379625320435e-02 -1.363206058740615845e-01 3.954375535249710083e-02 7.206078618764877319e-02
-8.087576925754547119e-02 2.497536689043045044e-02 -1.443188041448593140e-01 -2.634252011775970459e-01 -8.178637921810150146e-02
-3.289237990975379944e-02 -2.060436755418777466e-01 -1.473488360643386841e-01 7.952502369880676270e-02 1.983088701963424683e-01
2.348925024271011353e-01 -1.235388889908790588e-01 9.631759673357009888e-02 5.144114419817924500e-02 2.176913619041442871e-01
1.674525588750839233e-01 -6.481631100177764893e-02 -2.058038264513015747e-01 -3.081757724285125732e-01 6.410790141671895981e-03
1.140546053647994995e-01 1.930601149797439575e-02 -1.463764309883117676e-01 -2.544232904911041260e-01 2.789248339831829071e-02
8.177340775728225708e-02 -1.265259832143783569e-02 -1.827660650014877319e-01 -1.792239844799041748e-01 1.753775589168071747e-02
8.263999968767166138e-02 -9.651225805282592773e-02 -1.243734955787658691e-01 -1.841023266315460205e-01 1.447739154100418091e-01
5.362234637141227722e-02 9.633384644985198975e-02 -1.417200714349746704e-01 -1.060112640261650085e-01 -1.106421276926994324e-01
4.639961943030357361e-02 2.019622176885604858e-01 -1.935301870107650757e-01 4.532604292035102844e-02 1.276271939277648926e-01
-2.925691381096839905e-02 -1.549784541130065918e-01 -3.420011699199676514e-02 -3.776560723781585693e-02 2.650763988494873047e-01
1.836829259991645813e-02 8.752967417240142822e-02 -2.102608829736709595e-01 -1.917911767959594727e-01 -7.469899207353591919e-02
-9.599351137876510620e-02 2.099665105342864990e-01 -2.904365360736846924e-01 -1.082695499062538147e-01 2.098147124052047729e-01
-1.161747723817825317e-01 -2.124773412942886353e-01 1.099005937576293945e-01 4.685515165328979492e-02 2.828271389007568359e-01
1.246817484498023987e-01 -1.988087296485900879e-01 -1.340910941362380981e-01 -1.300233453512191772e-01 1.985725015401840210e-01
-8.918321877717971802e-02 -2.561267614364624023e-01 9.296973794698715210e-02 1.274777352809906006e-01 3.663758039474487305e-01
-4.069472476840019226e-02 1.240315437316894531e-01 -8.712417632341384888e-02 -6.904012989252805710e-03 8.764550834894180298e-02
5.763629823923110962e-02 2.052449136972427368e-01 -5.604471638798713684e-02 -1.186941787600517273e-01 8.571785688400268555e-02
