7.443137466907501221e-02 1.838606894016265869e-01 2.678509354591369629e-01 4.795498549938201904e-01 -1.266472972929477692e-02 -9.524335712194442749e-02 -1.658724546432495117e-01 8.554275333881378174e-02 3.548081964254379272e-02 -3.898389935493469238e-01 -2.324714809656143188e-01 -1.961636692285537720e-01 2.100904732942581177e-01 2.751799523830413818e-01 -7.428260892629623413e-02
1.446580588817596436e-01 2.048713266849517822e-01 2.342615276575088501e-01 -3.701397031545639038e-02 1.341530382633209229e-01 1.674369424581527710e-01 -6.678298115730285645e-02 -6.809249520301818848e-02 6.592041254043579102e-02 -1.061236932873725891e-01 1.429460197687149048e-01 1.677820384502410889e-01 6.907406449317932129e-02 2.596330344676971436e-01 1.787729263305664062e-01
4.507295414805412292e-02 2.355318963527679443e-01 2.435143738985061646e-01 -2.036677151918411255e-01 7.027851045131683350e-02 -1.211546063423156738e-01 1.333896815776824951e-01 -1.849269419908523560e-01 1.063328087329864502e-01 -2.089737504720687866e-01 3.850569128990173340e-01 -1.489161103963851929e-01 9.798626601696014404e-02 6.929298043251037598e-01 7.346908450126647949e-01
1.323396563529968262e-01 2.726291120052337646e-01 3.275761604309082031e-01 -1.077248454093933105e-01 1.476424559950828552e-02 -7.979998737573623657e-02 2.755102515220642090e-02 -3.015906214714050293e-01 -1.262737214565277100e-01 -2.417647689580917358e-01 9.216630458831787109e-02 -1.646209508180618286e-01 3.553841412067413330e-01 2.710673809051513672e-01 4.261971712112426758e-01
9.716446697711944580e-02 2.386325597763061523e-01 2.143588475883007050e-02 -8.122917264699935913e-02 2.729976177215576172e-01 -1.314263194799423218e-01 -2.655011117458343506e-01 -6.535875797271728516e-02 2.031263113021850586e-01 9.650724940001964569e-03 5.377801656723022461e-01 -4.226942360401153564e-02 2.231630384922027588e-01 1.676413416862487793e-01 2.353309839963912964e-01
-1.043601036071777344e-01 2.184305340051651001e-01 2.173736840486526489e-01 2.455637753009796143e-01 7.855381816625595093e-02 -2.130116522312164307e-01 -2.165230214595794678e-01 6.760469079017639160e-02 7.898794114589691162e-02 -1.822101473808288574e-01 1.224499568343162537e-01 -8.331014961004257202e-02 1.947742402553558350e-01 3.150470256805419922e-01 -1.689367592334747314e-01
8.128493279218673706e-02 2.149469703435897827e-01 2.686500251293182373e-01 -3.038128912448883057e-01 -8.751223981380462646e-02 -3.734340518712997437e-02 8.831257373094558716e-02 -1.726795434951782227e-01 -9.883582592010498047e-02 -2.886238098144531250e-01 2.073748558759689331e-01 -1.538690030574798584e-01 1.690481454133987427e-01 5.690242052078247070e-01 5.801442861557006836e-01
1.434444189071655273e-01 2.063566744327545166e-01 1.488230973482131958e-01 -2.966118454933166504e-01 1.672922521829605103e-01 2.730125933885574341e-02 2.024740278720855713e-01 -2.714793384075164795e-01 1.788163185119628906e-01 -5.682364478707313538e-02 4.532950222492218018e-01 -2.567211389541625977e-01 2.081884890794754028e-01 7.745051383972167969e-01 6.674448251724243164e-01
5.563039705157279968e-02 2.086762338876724243e-01 -1.342580169439315796e-01 1.595885492861270905e-02 -4.636360332369804382e-02 -4.156865924596786499e-02 -2.362373471260070801e-02 -7.168632932007312775e-03 3.177434206008911133e-01 -5.819341167807579041e-02 4.380904138088226318e-01 2.512436360120773315e-02 3.487012088298797607e-01 4.681344032287597656e-01 4.079091548919677734e-01
1.325401812791824341e-01 3.197372332215309143e-02 2.366525530815124512e-01 2.386197745800018311e-01 1.674579977989196777e-01 6.670600175857543945e-02 -1.795187592506408691e-01 1.993583515286445618e-02 4.369261488318443298e-02 -3.455852866172790527e-01 -8.727465569972991943e-02 8.939455449581146240e-02 1.288379877805709839e-01 3.555338978767395020e-01 -9.324219077825546265e-02
1.121084839105606079e-01 2.571879625320434570e-01 -8.994306623935699463e-02 -1.637932211160659790e-01 1.096562072634696960e-01 -1.319629698991775513e-01 -1.785404086112976074e-01 -2.061692066490650177e-03 1.253119409084320068e-01 3.003356978297233582e-04 5.365919470787048340e-01 5.806745588779449463e-02 1.815945953130722046e-01 2.857397198677062988e-01 2.700871825218200684e-01
-4.596072249114513397e-03 1.034177169203758240e-01 -7.982276380062103271e-02 -8.698718994855880737e-02 1.735298335552215576e-01 -2.297041714191436768e-01 -8.558482676744461060e-02 -9.453199803829193115e-02 1.495702117681503296e-01 -1.562016922980546951e-02 4.540557563304901123e-01 1.764196008443832397e-01 2.748031020164489746e-01 2.112703025341033936e-01 2.785486280918121338e-01
1.801464408636093140e-01 1.337811201810836792e-01 1.608477681875228882e-01 -1.326385736465454102e-01 2.848060131072998047e-01 1.569482982158660889e-01 4.740926623344421387e-02 -2.201982587575912476e-01 4.129888415336608887e-01 -4.728570953011512756e-02 4.470054209232330322e-01 -1.232192963361740112e-01 3.651854693889617920e-01 5.646952390670776367e-01 3.510982096195220947e-01
3.116822801530361176e-02 2.501129209995269775e-01 2.371135503053665161e-01 -2.711499631404876709e-01 -1.371617615222930908e-01 5.495429039001464844e-03 8.979267627000808716e-02 -1.807575076818466187e-01 2.175592482089996338e-01 -1.605633050203323364e-01 2.820198833942413330e-01 -9.461577236652374268e-02 1.730000227689743042e-01 4.642148613929748535e-01 5.447535514831542969e-01
8.945707976818084717e-02 2.980225086212158203e-01 -1.377512961626052856e-01 -3.922950476408004761e-02 -1.183132678270339966e-01 -2.355157881975173950e-01 -1.397446393966674805e-01 3.078392520546913147e-02 3.039963245391845703e-01 5.933762714266777039e-02 6.436339616775512695e-01 7.230052351951599121e-02 3.451817333698272705e-01 3.147518634796142578e-01 4.192965328693389893e-01
-1.521442234516143799e-01 1.306318640708923340e-01 6.137026846408843994e-02 -1.067044213414192200e-02 1.887312233448028564e-01 -1.675959825515747070e-01 -7.684990763664245605e-02 -7.948642224073410034e-02 6.860186904668807983e-02 -1.859680414199829102e-01 3.959009647369384766e-01 6.308278441429138184e-02 1.757432967424392700e-01 1.892886310815811157e-01 3.594933748245239258e-01
1.087602823972702026e-01 2.481851577758789062e-01 1.411537081003189087e-01 1.797831244766712189e-02 -1.763916760683059692e-02 -3.420237302780151367e-01 -1.865141391754150391e-01 -1.316869407892227173e-01 9.660086035728454590e-02 9.279479086399078369e-02 3.040333390235900879e-01 2.160376608371734619e-01 2.837548553943634033e-01 1.775457412004470825e-01 7.162906974554061890e-02
3.408631682395935059e-02 2.118128240108489990e-01 1.130656711757183075e-02 -1.076275035738945007e-01 1.558337658643722534e-01 -9.929330646991729736e-02 -1.381204128265380859e-01 4.795278422534465790e-03 1.937142908573150635e-01 -7.393228262662887573e-02 2.346741855144500732e-01 -1.185251772403717041e-02 1.659537404775619507e-01 1.535975784063339233e-01 3.399929404258728027e-01
1.047811657190322876e-01 2.202813923358917236e-01 5.946983397006988525e-02 -2.181055247783660889e-01 9.396561980247497559e-02 -3.939572572708129883e-01 9.740877151489257812e-02 -4.993065819144248962e-02 -6.257114466279745102e-03 -1.748984605073928833e-01 2.597041428089141846e-01 1.404458284378051758e-01 3.082401454448699951e-01 -5.175254773348569870e-04 2.509933412075042725e-01
1.973056644201278687e-01 7.729574292898178101e-02 1.547878831624984741e-01 -2.845688760280609131e-01 2.179359346628189087e-01 -2.057660371065139771e-01 -2.014830708503723145e-02 -1.578492112457752228e-03 -1.733267605304718018e-01 -5.852391198277473450e-02 8.427450805902481079e-02 4.782278835773468018e-02 2.180787324905395508e-01 8.296237140893936157e-02 1.909754239022731781e-02
2.848917059600353241e-02 2.845800817012786865e-01 1.556005328893661499e-01 -9.531812369823455811e-02 1.487972736358642578e-01 -1.506647914648056030e-01 5.284815561026334763e-03 -3.214224278926849365e-01 1.131238937377929688e-01 -1.216261312365531921e-01 1.281773447990417480e-01 5.200929939746856689e-02 4.923433065414428711e-01 2.165406644344329834e-01 3.408357501029968262e-01
9.272604435682296753e-02 1.550568640232086182e-01 2.128565162420272827e-01 2.243512272834777832e-01 1.141869202256202698e-01 3.025966510176658630e-02 -1.976972520351409912e-01 -2.481793984770774841e-02 1.176274567842483521e-01 -2.193560004234313965e-01 2.644335664808750153e-02 3.072741329669952393e-01 1.812885850667953491e-01 2.961474359035491943e-01 1.649589687585830688e-01
5.474795028567314148e-02 1.814520359039306641e-01 1.665556579828262329e-01 -1.200526729226112366e-01 8.592942729592323303e-03 -5.396554246544837952e-02 2.320632636547088623e-01 -1.724342852830886841e-01 5.795503500849008560e-03 -2.966986000537872314e-01 2.634720802307128906e-01 -1.946616172790527344e-01 1.882990151643753052e-01 5.851198434829711914e-01 6.970103979110717773e-01
6.294465065002441406e-02 2.483009696006774902e-01 4.455390572547912598e-01 -1.083403900265693665e-01 -1.451454684138298035e-02 8.390136063098907471e-02 7.461701333522796631e-02 -2.327782362699508667e-01 -2.095094919204711914e-01 -8.201766014099121094e-02 1.861851196736097336e-04 3.112420905381441116e-03 4.543138742446899414e-01 1.979143619537353516e-01 2.412823587656021118e-01
-1.422851067036390305e-02 1.293286085128784180e-01 4.189786314964294434e-01 -6.500092893838882446e-02 4.490740224719047546e-02 -4.911918938159942627e-02 7.473259698599576950e-03 -2.235294133424758911e-01 -1.126278489828109741e-01 -6.280634552240371704e-02 9.860244393348693848e-02 -1.548655927181243896e-01 4.224096834659576416e-01 1.918851137161254883e-01 1.893074661493301392e-01
-1.896321922540664673e-01 2.589102685451507568e-01 -2.204044014215469360e-01 6.424898654222488403e-02 1.885433048009872437e-01 -2.722938656806945801e-01 -1.959925889968872070e-01 9.665372781455516815e-03 2.623922228813171387e-01 -2.078216820955276489e-01 6.825032234191894531e-01 1.763601452112197876e-01 2.154806405305862427e-01 1.493611782789230347e-01 4.103294909000396729e-01
2.343356423079967499e-02 2.288484275341033936e-01 2.528506219387054443e-01 1.202456951141357422e-01 2.376055866479873657e-01 9.759883582592010498e-02 9.195064008235931396e-02 -3.350379467010498047e-01 4.949220418930053711e-01 -1.239627897739410400e-01 4.869630038738250732e-01 -1.375177055597305298e-01 3.576718866825103760e-01 7.543234825134277344e-01 4.025145471096038818e-01
1.344442665576934814e-01 2.342339605093002319e-01 -1.201247721910476685e-01 -2.209684811532497406e-02 -1.968406885862350464e-01 3.764241933822631836e-03 -5.834978818893432617e-02 -1.176166255027055740e-02 1.824012994766235352e-01 -9.795346856117248535e-02 5.145902633666992188e-01 8.000327646732330322e-02 2.009277492761611938e-01 2.393484860658645630e-01 5.395195484161376953e-01
8.650790154933929443e-02 1.704355776309967041e-01 1.781634241342544556e-01 -2.189092636108398438e-01 7.260892540216445923e-02 8.020526170730590820e-02 2.209860384464263916e-01 -2.226471155881881714e-01 8.301851153373718262e-02 -1.176236048340797424e-01 5.255142450332641602e-01 -1.078290343284606934e-01 1.236645430326461792e-01 5.071333050727844238e-01 7.443138957023620605e-01
1.251582652330398560e-01 7.255576550960540771e-02 4.763795435428619385e-02 -1.627902835607528687e-01 3.217440247535705566e-01 -4.846319556236267090e-01 -3.094471246004104614e-02 -2.126148343086242676e-01 1.060213744640350342e-01 -7.268767058849334717e-02 8.265398442745208740e-02 1.572131365537643433e-01 2.537165880203247070e-01 1.425006538629531860e-01 1.593102514743804932e-01
1.499307900667190552e-01 2.027008980512619019e-01 1.202679984271526337e-02 2.973283641040325165e-02 1.974928891286253929e-04 -2.023191004991531372e-01 -6.258347630500793457e-02 3.102714717388153076e-01 1.855502128601074219e-01 -6.261812150478363037e-02 4.259053766727447510e-01 8.445031940937042236e-02 3.291225731372833252e-01 4.648148268461227417e-02 4.286420941352844238e-01
1.219922453165054321e-01 8.946713060140609741e-02 1.322546452283859253e-01 -4.503896832466125488e-02 1.708035022020339966e-01 -2.825050354003906250e-01 1.334912478923797607e-01 -6.716051697731018066e-02 3.087708540260791779e-02 -2.416807562112808228e-01 3.047180473804473877e-01 1.568820029497146606e-01 3.890685737133026123e-01 9.410398453474044800e-02 1.681081950664520264e-01
2.197940200567245483e-01 2.833814918994903564e-01 1.632727496325969696e-02 -3.668125718832015991e-02 -6.348520517349243164e-02 -1.768321394920349121e-01 -2.304054349660873413e-01 2.778392136096954346e-01 1.545841842889785767e-01 -1.900133639574050903e-01 3.819504678249359131e-01 2.340851724147796631e-02 2.880610525608062744e-01 9.157662838697433472e-02 4.076057076454162598e-01
4.244105145335197449e-02 2.505352497100830078e-01 2.521974444389343262e-01 -1.297587901353836060e-01 4.877814278006553650e-02 -6.690461933612823486e-02 5.962038040161132812e-02 -3.107927143573760986e-01 -1.088520605117082596e-02 -1.164738088846206665e-01 1.578047126531600952e-01 3.148411214351654053e-02 4.876760840415954590e-01 2.559871077537536621e-01 3.172405362129211426e-01
1.380539983510971069e-01 3.236530721187591553e-01 -6.939779222011566162e-02 -8.167650550603866577e-02 -5.282786116003990173e-02 -1.232491210103034973e-01 -9.823286533355712891e-02 6.057630479335784912e-02 3.252451419830322266e-01 1.288632899522781372e-01 6.115758419036865234e-01 -1.428548246622085571e-02 3.835434615612030029e-01 3.042706549167633057e-01 4.401985406875610352e-01
9.548962116241455078e-02 1.516236178576946259e-02 2.760912291705608368e-02 -9.019853174686431885e-02 3.135616183280944824e-01 -3.058540821075439453e-01 1.416788995265960693e-01 -9.891633689403533936e-02 1.437104046344757080e-01 -7.548406720161437988e-02 2.632381916046142578e-01 3.348637223243713379e-01 3.393210470676422119e-01 -2.183637768030166626e-02 5.902957636862993240e-04
2.037310004234313965e-01 2.321368157863616943e-01 -1.681046094745397568e-03 -7.329566031694412231e-02 -2.347629144787788391e-02 -4.400402307510375977e-02 -7.633030414581298828e-02 4.321230575442314148e-02 1.458597183227539062e-01 -7.491518557071685791e-02 3.929150700569152832e-01 -9.083102643489837646e-02 2.709994912147521973e-01 2.022620886564254761e-01 3.566350638866424561e-01
2.432036250829696655e-01 2.436682581901550293e-01 2.410688549280166626e-01 -4.691404849290847778e-02 1.827421635389328003e-01 1.605247706174850464e-01 -4.643318802118301392e-02 -3.459388315677642822e-01 4.893505871295928955e-01 -1.272824853658676147e-01 4.722632467746734619e-01 -1.587897986173629761e-01 4.522980749607086182e-01 5.866858363151550293e-01 2.902753949165344238e-01
2.014406323432922363e-01 2.213241159915924072e-01 1.529530733823776245e-01 -1.819142103195190430e-01 -3.495338559150695801e-02 -1.655448526144027710e-01 -1.617366969585418701e-01 -1.095447093248367310e-01 6.027377769351005554e-02 6.485969759523868561e-03 2.035749852657318115e-01 8.288344740867614746e-02 1.725056469440460205e-01 2.220099419355392456e-01 -3.932251594960689545e-03
3.061511786654591560e-03 2.886620759963989258e-01 1.786390095949172974e-01 5.899295955896377563e-02 -1.168094226159155369e-03 2.362564206123352051e-03 -1.085753068327903748e-01 3.040857017040252686e-01 9.956778585910797119e-02 -1.315136104822158813e-01 3.127044737339019775e-01 1.285507827997207642e-01 2.606165707111358643e-01 5.569597333669662476e-02 2.862057685852050781e-01
1.105007901787757874e-01 -5.908957216888666153e-03 -6.977833807468414307e-02 -9.239716455340385437e-03 4.372395873069763184e-01 -2.330607324838638306e-01 8.671180903911590576e-02 -6.320077180862426758e-02 1.189904510974884033e-01 -1.460176408290863037e-01 3.044881820678710938e-01 1.194074302911758423e-01 2.495718747377395630e-01 2.489782720804214478e-01 2.777224183082580566e-01
1.071027368307113647e-01 1.981478333473205566e-01 4.476927220821380615e-02 5.284605175256729126e-02 4.695918038487434387e-02 -1.332816928625106812e-01 2.023212313652038574e-01 -1.687007546424865723e-01 2.131844758987426758e-01 9.647438675165176392e-02 3.444223105907440186e-01 3.093630671501159668e-01 1.836901605129241943e-01 2.912193536758422852e-01 9.135200828313827515e-02
1.891477219760417938e-02 2.005399167537689209e-01 -4.363752901554107666e-02 4.092155396938323975e-02 3.031018003821372986e-02 -2.327645570039749146e-01 -1.442258059978485107e-01 1.642976850271224976e-01 2.195944637060165405e-01 -1.737626045942306519e-01 3.067143857479095459e-01 2.262263000011444092e-02 2.586093842983245850e-01 1.320126801729202271e-01 3.478454649448394775e-01
2.313784807920455933e-01 2.622874677181243896e-01 4.715697467327117920e-02 -8.956307917833328247e-02 1.847833744250237942e-03 -2.151738852262496948e-01 -1.919934451580047607e-01 -6.553379446268081665e-02 1.889922320842742920e-01 8.195849508047103882e-02 3.718545138835906982e-01 1.555927544832229614e-01 3.027270734310150146e-01 1.819779723882675171e-01 4.478859528899192810e-02
1.558812111616134644e-01 1.202305108308792114e-01 -5.024665594100952148e-02 -9.671371430158615112e-02 1.292977333068847656e-01 4.669357091188430786e-02 -3.134132325649261475e-01 7.727197557687759399e-02 3.206617832183837891e-01 -1.490054875612258911e-01 4.009208977222442627e-01 1.362027078866958618e-01 1.222185194492340088e-01 3.832178562879562378e-02 3.511933088302612305e-01
1.510462611913681030e-01 -6.310037523508071899e-02 2.205311208963394165e-01 -1.106381192803382874e-01 4.022404849529266357e-01 -3.249245285987854004e-01 3.445824980735778809e-02 -9.687720239162445068e-02 -2.143589965999126434e-02 -5.901982635259628296e-02 1.201490238308906555e-01 2.724477052688598633e-01 3.596457839012145996e-01 7.109018415212631226e-02 4.015871509909629822e-02
1.162174493074417114e-01 1.688865721225738525e-01 1.067012548446655273e-01 1.566030830144882202e-01 7.108331471681594849e-02 -8.744832873344421387e-02 -1.288035064935684204e-01 6.941030919551849365e-02 7.359209656715393066e-02 -7.810588181018829346e-02 7.949534803628921509e-02 3.557560741901397705e-01 8.209180831909179688e-02 1.986158043146133423e-01 1.937894672155380249e-01
-4.764742031693458557e-02 8.552046865224838257e-02 8.571268618106842041e-02 3.591145575046539307e-01 3.138837218284606934e-01 1.203673183917999268e-01 -1.575630009174346924e-01 2.537355422973632812e-01 2.261906117200851440e-01 -2.427674680948257446e-01 4.652505740523338318e-02 -2.470691502094268799e-02 1.117274910211563110e-01 2.062161564826965332e-01 -1.483917087316513062e-01
3.705304488539695740e-02 1.097368299961090088e-01 1.761331707239151001e-01 2.013489753007888794e-01 1.041186898946762085e-01 1.004893705248832703e-01 -2.796818315982818604e-01 5.477457121014595032e-02 -5.674517154693603516e-02 -3.578327000141143799e-01 -1.675987429916858673e-02 3.193975985050201416e-02 1.168040111660957336e-01 3.309585452079772949e-01 -8.091475069522857666e-02
5.550339445471763611e-02 1.739016473293304443e-01 2.387617379426956177e-01 -3.981880843639373779e-02 1.617990285158157349e-01 3.719224780797958374e-02 1.240178346633911133e-01 -4.052896499633789062e-01 4.782297834753990173e-02 -1.245563179254531860e-01 4.385296627879142761e-02 3.365348279476165771e-02 3.221091330051422119e-01 2.912083268165588379e-01 4.529631733894348145e-01
8.813779056072235107e-02 1.203486546874046326e-01 2.127085439860820770e-02 -1.844146102666854858e-01 2.578091025352478027e-01 -1.473954468965530396e-01 -2.064034640789031982e-01 -7.973094284534454346e-02 2.141487449407577515e-01 -7.245135493576526642e-03 5.083879232406616211e-01 7.571612298488616943e-02 2.130747586488723755e-01 2.365560531616210938e-01 2.837101519107818604e-01
5.707915499806404114e-02 3.185463249683380127e-01 -1.057411581277847290e-01 5.282599478960037231e-02 1.329983770847320557e-01 -1.723131984472274780e-01 -2.532118856906890869e-01 1.336451917886734009e-01 3.202266693115234375e-01 -1.388048976659774780e-01 4.891599416732788086e-01 -8.878941833972930908e-02 3.167944252490997314e-01 2.198379039764404297e-01 5.198674798011779785e-01
1.846691817045211792e-01 3.299921154975891113e-01 1.683079153299331665e-01 -6.091710552573204041e-02 1.357812993228435516e-02 -2.690026164054870605e-01 -2.475445121526718140e-01 4.861940816044807434e-02 1.361879408359527588e-01 2.194696664810180664e-02 3.132390081882476807e-01 3.838460147380828857e-01 3.594765961170196533e-01 4.306384176015853882e-02 3.249486163258552551e-02
2.854481153190135956e-02 1.836296916007995605e-01 3.653744161128997803e-01 -1.762986332178115845e-01 2.225126698613166809e-02 5.202636122703552246e-02 2.206224203109741211e-02 -2.552079856395721436e-01 -3.578963503241539001e-02 -4.076942801475524902e-02 1.339519321918487549e-01 -6.789843738079071045e-02 4.693475961685180664e-01 2.613189816474914551e-01 2.274746149778366089e-01
7.878600060939788818e-02 1.490461826324462891e-01 -1.772584207355976105e-02 -3.404857218265533447e-01 2.422920987010002136e-02 -1.839768439531326294e-01 1.642154455184936523e-01 -1.855732947587966919e-01 8.970747888088226318e-02 -2.087945640087127686e-01 2.380965352058410645e-01 -4.749037325382232666e-02 2.028322666883468628e-01 5.279248952865600586e-01 5.483855605125427246e-01
2.118037454783916473e-02 9.850458055734634399e-02 -3.839395940303802490e-02 -1.039231661707162857e-03 3.066398799419403076e-01 -4.957682490348815918e-01 5.080428719520568848e-02 -7.563543319702148438e-02 1.217153519392013550e-01 -1.400567442178726196e-01 2.339756190776824951e-01 6.802321970462799072e-02 2.912973463535308838e-01 2.438523918390274048e-01 1.892218738794326782e-01
1.080414205789566040e-01 1.264960914850234985e-01 1.015446633100509644e-01 -1.213813796639442444e-01 5.179028213024139404e-02 -2.491446137428283691e-01 -1.291047036647796631e-01 -1.177164316177368164e-01 6.671959999948740005e-03 -1.326835621148347855e-02 1.709709167480468750e-01 1.735640317201614380e-01 1.382715702056884766e-01 1.342050433158874512e-01 2.335834316909313202e-02
4.343060031533241272e-02 1.231275871396064758e-01 1.445992738008499146e-01 6.973402108997106552e-03 2.823463082313537598e-01 1.560992002487182617e-01 -3.963125497102737427e-02 -2.544804513454437256e-01 4.074860811233520508e-01 -1.725468039512634277e-02 4.183087944984436035e-01 -1.918019801378250122e-01 3.483000099658966064e-01 5.599440932273864746e-01 3.414821326732635498e-01
5.064063891768455505e-02 2.419970631599426270e-01 3.876782953739166260e-01 -1.831632703542709351e-01 7.518606632947921753e-02 -1.352063268423080444e-01 2.766883373260498047e-02 -3.056244552135467529e-01 -1.450108289718627930e-01 -1.338316649198532104e-01 4.065947607159614563e-02 2.063728868961334229e-02 4.795592725276947021e-01 2.692380845546722412e-01 3.053740859031677246e-01
-7.140304660424590111e-06 2.760598063468933105e-01 2.886152863502502441e-01 -1.636262834072113037e-01 9.859886020421981812e-03 -5.609595030546188354e-02 -9.413716197013854980e-02 -3.887453377246856689e-01 -1.009800191968679428e-02 -5.034548789262771606e-02 5.697578564286231995e-02 -1.860704123973846436e-01 5.616197586059570312e-01 3.500302433967590332e-01 3.656670451164245605e-01
1.384080052375793457e-01 2.075898051261901855e-01 7.454328238964080811e-02 1.176625117659568787e-01 2.123001366853713989e-01 1.224980801343917847e-01 -7.892768085002899170e-02 -3.339732587337493896e-01 5.241280794143676758e-01 -1.545378267765045166e-01 4.137046933174133301e-01 -4.384844005107879639e-02 3.376507759094238281e-01 5.191962122917175293e-01 2.935582995414733887e-01
1.264711916446685791e-01 2.104016095399856567e-01 2.360184341669082642e-01 -1.921779066324234009e-01 6.499861180782318115e-02 -1.230904385447502136e-01 7.100820541381835938e-02 -3.523949086666107178e-01 -8.301711827516555786e-02 -1.419409364461898804e-01 -3.424934670329093933e-02 -5.785165727138519287e-02 3.843405544757843018e-01 2.804982066154479980e-01 4.376263916492462158e-01
4.171553591731935740e-04 9.075912833213806152e-02 2.833161950111389160e-01 3.317352235317230225e-01 2.227284908294677734e-01 1.541219204664230347e-01 -1.542495787143707275e-01 1.180821657180786133e-01 1.008823066949844360e-01 -2.966771721839904785e-01 7.811235636472702026e-02 -1.047150343656539917e-01 1.750930845737457275e-01 4.378105103969573975e-01 -5.287676677107810974e-02
1.495938599109649658e-01 2.475094348192214966e-01 1.228436976671218872e-01 -1.523834615945816040e-01 -1.379639282822608948e-02 -1.774400919675827026e-01 -9.483976662158966064e-02 -8.195400238037109375e-02 1.417441666126251221e-01 3.943867608904838562e-02 2.116317749023437500e-01 1.806980669498443604e-01 2.813281416893005371e-01 1.755611896514892578e-01 4.850243404507637024e-02
1.477297246456146240e-01 1.046757996082305908e-01 8.426140248775482178e-02 -3.019288741052150726e-02 1.648041605949401855e-01 -1.735839247703552246e-01 -4.834654927253723145e-02 5.791232362389564514e-02 1.713703572750091553e-01 -4.241415113210678101e-02 3.086834847927093506e-01 7.215507328510284424e-02 1.089356392621994019e-01 1.353755146265029907e-01 3.865036368370056152e-01
1.501551121473312378e-01 2.905603349208831787e-01 2.365948110818862915e-01 -1.225411817431449890e-01 -2.390999346971511841e-02 -2.496562153100967407e-01 -8.025979250669479370e-02 -1.760994642972946167e-01 1.058302894234657288e-01 7.868541777133941650e-02 2.060068845748901367e-01 2.109772413969039917e-01 1.956856101751327515e-01 1.969400495290756226e-01 -6.533424556255340576e-02
-9.117866307497024536e-02 1.935137510299682617e-01 2.499886900186538696e-01 -3.836213797330856323e-02 3.458963707089424133e-02 -1.651778817176818848e-01 -3.180415928363800049e-02 -2.592151463031768799e-01 -3.868698701262474060e-02 -1.471379697322845459e-01 4.553167521953582764e-02 -1.163731366395950317e-01 3.695070743560791016e-01 2.637733221054077148e-01 2.654148042201995850e-01
6.127366796135902405e-02 2.846775352954864502e-01 1.428225487470626831e-01 -1.652686148881912231e-01 1.907680183649063110e-01 2.689347267150878906e-01 1.895158588886260986e-01 -2.970447540283203125e-01 3.013302385807037354e-01 -2.682792842388153076e-01 2.358579933643341064e-01 -5.817149579524993896e-02 3.258322179317474365e-01 5.586772561073303223e-01 4.434690773487091064e-01
-3.950749710202217102e-02 4.490105807781219482e-01 9.144224226474761963e-02 -1.030902117490768433e-01 -3.893686830997467041e-02 -1.785751432180404663e-01 -4.683274775743484497e-02 1.542293429374694824e-01 1.695509850978851318e-01 -1.736770719289779663e-01 2.861283123493194580e-01 -2.044080197811126709e-02 3.103017210960388184e-01 1.013122722506523132e-01 4.116494059562683105e-01
-2.299420721828937531e-02 4.495314955711364746e-01 2.860459983348846436e-01 -6.892900913953781128e-02 8.591493964195251465e-02 -1.608304232358932495e-01 8.161103725433349609e-02 -1.574794799089431763e-01 3.177449479699134827e-02 -1.558096855878829956e-01 1.067386940121650696e-01 1.512693017721176147e-01 5.320357680320739746e-01 1.673843264579772949e-01 3.904172182083129883e-01
9.629635512828826904e-02 2.248498499393463135e-01 -2.696438133716583252e-01 -2.765140496194362640e-02 -1.790557652711868286e-01 -1.442883461713790894e-01 -6.430330872535705566e-02 1.232874691486358643e-01 2.790209650993347168e-01 4.516969993710517883e-02 6.244956254959106445e-01 6.943602859973907471e-02 3.549621403217315674e-01 3.262994289398193359e-01 3.619386553764343262e-01
1.723392754793167114e-01 2.813355028629302979e-01 3.305045366287231445e-01 -1.432825773954391479e-01 5.812430754303932190e-02 -8.032334595918655396e-02 -5.189090222120285034e-02 -3.100209534168243408e-01 -8.422275632619857788e-02 -1.843882352113723755e-01 2.038053609430789948e-02 -1.619499474763870239e-01 3.363868296146392822e-01 2.549411356449127197e-01 3.234104514122009277e-01
6.825736165046691895e-02 2.340520918369293213e-01 2.795109152793884277e-01 2.696691453456878662e-01 9.001121670007705688e-02 1.159208267927169800e-01 -1.818970739841461182e-01 1.589638441801071167e-01 9.825153648853302002e-02 -3.395888209342956543e-01 1.066469475626945496e-01 1.674096286296844482e-02 2.341707199811935425e-01 1.626818031072616577e-01 -5.550822615623474121e-02
-1.563362032175064087e-01 2.738830745220184326e-01 -9.872559458017349243e-02 -2.430729009211063385e-02 1.778926998376846313e-01 -1.579975038766860962e-01 -1.768968552350997925e-01 5.822696164250373840e-02 5.301829800009727478e-02 -2.567234337329864502e-01 4.234035909175872803e-01 2.401690185070037842e-02 2.065212279558181763e-01 7.024311274290084839e-02 3.871311247348785400e-01
-1.695585437119007111e-02 -3.839314356446266174e-02 1.012043505907058716e-01 -6.444846838712692261e-02 2.363166660070419312e-01 -2.541874051094055176e-01 1.228518187999725342e-01 -5.250317044556140900e-03 -7.517118752002716064e-02 -1.304113417863845825e-01 1.193983554840087891e-01 2.534979581832885742e-01 2.715213000774383545e-01 -3.174174576997756958e-02 1.101472675800323486e-01
9.157674014568328857e-02 2.542323768138885498e-01 -2.515241205692291260e-01 1.104957461357116699e-01 -5.137839168310165405e-02 -1.743200570344924927e-01 -6.579115241765975952e-02 1.407239437103271484e-01 2.817940711975097656e-01 -3.111144527792930603e-02 6.046733260154724121e-01 1.324294507503509521e-02 1.876679211854934692e-01 3.432776927947998047e-01 5.416052341461181641e-01
8.216030895709991455e-02 2.096920162439346313e-01 3.058064877986907959e-01 -8.687635883688926697e-03 -1.233002319931983948e-01 -2.950340509414672852e-01 -1.461058706045150757e-01 -1.340042054653167725e-01 -3.719557076692581177e-02 -1.140150874853134155e-01 2.513833157718181610e-02 2.451952248811721802e-01 3.327606618404388428e-01 9.989409893751144409e-02 -1.488351821899414062e-01
9.435786306858062744e-02 2.424394935369491577e-01 -3.956384956836700439e-02 5.514207482337951660e-02 -1.720338687300682068e-02 -1.649812012910842896e-01 -1.745902299880981445e-01 2.696789503097534180e-01 4.503451660275459290e-02 -1.598385125398635864e-01 3.647126257419586182e-01 1.086468994617462158e-02 2.856757342815399170e-01 6.787421554327011108e-02 3.130251765251159668e-01
1.332274079322814941e-01 2.290455549955368042e-01 1.675608903169631958e-01 -1.421157270669937134e-01 1.190389543771743774e-01 -1.903852969408035278e-01 -1.085226759314537048e-01 -6.193084642291069031e-02 1.323436349630355835e-01 1.614573448896408081e-01 4.225123524665832520e-01 1.476317197084426880e-01 2.288791686296463013e-01 2.283844649791717529e-01 -7.512384653091430664e-02
4.947563633322715759e-02 7.426741719245910645e-02 1.977628022432327271e-01 2.674465179443359375e-01 -1.600420847535133362e-02 -1.106452196836471558e-01 -1.495063453912734985e-01 -4.103388264775276184e-02 9.626151621341705322e-02 -2.876308560371398926e-01 -8.683451265096664429e-02 7.368320226669311523e-02 1.324647217988967896e-01 4.055637121200561523e-01 -4.066958650946617126e-02
1.412772834300994873e-01 2.106525748968124390e-01 2.222956568002700806e-01 -2.082964032888412476e-01 9.449016302824020386e-02 -1.857538521289825439e-02 1.737684011459350586e-01 -2.196706533432006836e-01 2.002617418766021729e-01 -1.776671409606933594e-01 2.930972278118133545e-01 2.765603363513946533e-02 1.192309111356735229e-01 6.342526078224182129e-01 7.506041526794433594e-01
1.221376061439514160e-01 2.078750282526016235e-01 -6.536887492984533310e-03 -4.990551620721817017e-02 -1.811563223600387573e-01 -2.973794937133789062e-02 -1.784848868846893311e-01 -2.503712847828865051e-02 2.541515231132507324e-01 -8.972667902708053589e-02 5.100651979446411133e-01 -2.944599464535713196e-02 3.276162445545196533e-01 4.506323337554931641e-01 4.044902324676513672e-01
8.988414704799652100e-02 3.169351518154144287e-01 2.835200540721416473e-02 -1.726098805665969849e-01 -3.492811322212219238e-02 -1.768363416194915771e-01 9.372464381158351898e-03 -2.112519741058349609e-01 1.070963293313980103e-01 -2.224263399839401245e-01 2.903630137443542480e-01 -2.057960629463195801e-02 1.583477258682250977e-01 5.451678633689880371e-01 7.442797422409057617e-01
8.802714198827743530e-02 3.142497837543487549e-01 1.369774490594863892e-01 -6.673602852970361710e-03 1.798301637172698975e-01 6.787107884883880615e-02 -1.208977401256561279e-01 -2.715376913547515869e-01 3.781737089157104492e-01 -2.839064002037048340e-01 4.283451735973358154e-01 -4.555054008960723877e-02 2.223571687936782837e-01 5.433301925659179688e-01 4.247627258300781250e-01
2.029442489147186279e-01 1.842503547668457031e-01 1.924444288015365601e-01 -2.771684229373931885e-01 1.924214512109756470e-01 -8.920140564441680908e-02 -2.290330827236175537e-01 -1.774600595235824585e-01 1.177819967269897461e-01 -5.040080472826957703e-02 3.735545277595520020e-01 -1.803561695851385593e-03 8.490794897079467773e-02 2.862994670867919922e-01 1.783975511789321899e-01
2.075998336076736450e-01 1.135572567582130432e-01 1.677520424127578735e-01 1.306786686182022095e-01 2.416033595800399780e-01 5.752449110150337219e-02 -2.238324731588363647e-01 1.141624748706817627e-01 -1.226065214723348618e-03 -2.808097302913665771e-01 -1.440078318119049072e-01 4.528369009494781494e-02 1.009747833013534546e-01 3.941150307655334473e-01 1.261757779866456985e-02
1.280131489038467407e-01 3.874718546867370605e-01 7.336260378360748291e-02 -3.597908467054367065e-02 1.365714669227600098e-01 1.728567034006118774e-01 3.443668037652969360e-02 -3.817616403102874756e-01 5.245774984359741211e-01 -2.884259819984436035e-01 4.505604207515716553e-01 -9.475965797901153564e-02 3.707029521465301514e-01 5.906001925468444824e-01 4.649995863437652588e-01
2.157077789306640625e-01 2.240725457668304443e-01 4.548199474811553955e-02 3.405311703681945801e-02 2.042990475893020630e-01 1.508385390043258667e-01 3.085873648524284363e-02 -3.001604080200195312e-01 3.480002880096435547e-01 -1.646410971879959106e-01 5.194802284240722656e-01 -7.169084250926971436e-02 3.635068833827972412e-01 7.051902413368225098e-01 5.176122188568115234e-01
-8.235310018062591553e-02 2.846374809741973877e-01 2.136878520250320435e-01 7.406265940517187119e-03 2.989441156387329102e-01 1.710140556097030640e-01 2.757781744003295898e-02 -3.034795820713043213e-01 4.203455746173858643e-01 -2.895885109901428223e-01 3.289867043495178223e-01 -9.147737920284271240e-02 1.246373504400253296e-01 6.364135146141052246e-01 4.716834723949432373e-01
-3.452749922871589661e-02 4.352667331695556641e-01 -1.994154602289199829e-01 -4.789427667856216431e-02 1.536002904176712036e-01 -2.570023536682128906e-01 -2.721141874790191650e-01 5.524449422955513000e-02 3.693516254425048828e-01 2.941957488656044006e-02 5.949372053146362305e-01 1.162429153919219971e-02 2.694521844387054443e-01 3.420626372098922729e-02 3.334025740623474121e-01
-6.784796714782714844e-02 2.956136763095855713e-01 2.413260489702224731e-01 -1.291046291589736938e-01 -2.328005060553550720e-02 -1.894385665655136108e-01 1.133005470037460327e-01 -1.782144755125045776e-01 -9.528497606515884399e-02 -1.736869066953659058e-01 8.060705661773681641e-02 1.155041009187698364e-01 4.517709314823150635e-01 6.871960125863552094e-03 2.889775037765502930e-01
1.823121905326843262e-01 9.543022140860557556e-03 3.255231976509094238e-01 1.537664532661437988e-01 1.584717929363250732e-01 3.645407035946846008e-02 -8.255337178707122803e-02 -8.600179851055145264e-02 1.604751348495483398e-01 -1.523756682872772217e-01 2.119993865489959717e-01 4.362268745899200439e-01 7.282970845699310303e-02 2.593367099761962891e-01 1.723406761884689331e-01
1.360657215118408203e-01 2.260590940713882446e-01 -1.667665690183639526e-01 -1.416308432817459106e-01 -6.556991022080183029e-03 -2.746126651763916016e-01 -1.420299261808395386e-01 3.126538917422294617e-02 3.275586962699890137e-01 1.338242888450622559e-01 6.176080703735351562e-01 4.803929477930068970e-02 4.432834684848785400e-01 4.432655274868011475e-01 4.102538228034973145e-01
5.671071633696556091e-02 2.597190737724304199e-01 1.119644194841384888e-01 -1.796446293592453003e-01 1.695448756217956543e-01 -1.253347694873809814e-01 -2.489280700683593750e-02 -2.873488962650299072e-01 1.445929408073425293e-01 -1.885546743869781494e-01 2.223554551601409912e-01 -1.055635958909988403e-01 4.669160544872283936e-01 2.201377600431442261e-01 3.666914105415344238e-01
7.955606095492839813e-03 7.389219850301742554e-02 3.571800589561462402e-01 2.302023917436599731e-01 1.150344014167785645e-01 -8.583329617977142334e-04 1.094338893890380859e-01 -1.812854111194610596e-01 -8.113135583698749542e-03 -3.080788254737854004e-01 -6.870142370462417603e-02 3.771444857120513916e-01 1.558439880609512329e-01 1.803810894489288330e-01 2.056467980146408081e-01
1.451547145843505859e-01 3.475790917873382568e-01 -8.918242156505584717e-02 -5.661603063344955444e-02 -1.954625993967056274e-01 -1.762095689773559570e-01 -1.560034453868865967e-01 -7.645720615983009338e-04 2.566472291946411133e-01 4.761028662323951721e-02 6.132475137710571289e-01 -4.081013798713684082e-02 3.276879191398620605e-01 3.497470021247863770e-01 5.014050006866455078e-01
-5.018236115574836731e-02 2.159855961799621582e-01 3.808584809303283691e-01 4.205139577388763428e-01 2.089528925716876984e-02 -2.089484333992004395e-01 -1.065478920936584473e-01 1.083832234144210815e-01 1.047504246234893799e-01 -3.032800555229187012e-01 6.609219312667846680e-02 4.229585826396942139e-02 2.513500154018402100e-01 1.057560071349143982e-01 -1.997490525245666504e-01
9.389825165271759033e-02 2.750537395477294922e-01 -1.578119248151779175e-01 -2.844928018748760223e-02 -3.715853020548820496e-02 -1.851761788129806519e-01 -8.698972314596176147e-02 -1.965257525444030762e-02 3.618092834949493408e-01 5.997528880834579468e-02 5.601430535316467285e-01 7.682704925537109375e-02 3.563580214977264404e-01 4.088138341903686523e-01 4.851285815238952637e-01
6.438842415809631348e-02 1.034733876585960388e-01 1.089595109224319458e-01 -2.676479220390319824e-01 2.562296763062477112e-02 -2.014852315187454224e-01 1.243148464709520340e-02 -2.330342531204223633e-01 1.299200206995010376e-01 -1.254729330539703369e-01 3.278959095478057861e-01 -1.207949221134185791e-01 1.695439815521240234e-01 4.990735650062561035e-01 6.551977396011352539e-01
2.918837666511535645e-01 -2.097751386463642120e-02 1.654327362775802612e-01 -2.323280721902847290e-01 4.314530491828918457e-01 -3.441293239593505859e-01 1.729930192232131958e-02 -2.519031986594200134e-02 9.529399871826171875e-02 -7.713340222835540771e-02 2.862557768821716309e-01 2.340083271265029907e-01 3.281261026859283447e-01 4.159545153379440308e-02 1.682011336088180542e-01
