1.986399739980697632e-01 -2.990323066711425781e+00 9.365908801555633545e-02 1.417612910270690918e+00 9.709267616271972656e-01 -8.073125481605529785e-01 -1.835983097553253174e-01 1.999647617340087891e+00 1.977700591087341309e+00 4.086581766605377197e-01
-2.969101071357727051e-01 1.822729557752609253e-01 -3.613026812672615051e-02 2.408047437667846680e+00 4.011717736721038818e-01 -6.393608450889587402e-01 -2.741280317306518555e+00 3.762625753879547119e-01 3.931951522827148438e-01 5.774096846580505371e-01
-8.055577278137207031e-01 1.228081583976745605e+00 2.753227472305297852e+00 1.606584906578063965e+00 1.774815559387207031e+00 -3.379994392395019531e+00 -1.099268555641174316e+00 3.055128455162048340e-01 2.460088729858398438e-01 3.187743663787841797e+00
-3.105132579803466797e+00 -2.749665975570678711e+00 -4.516182839870452881e-01 3.656851291656494141e+00 1.327861666679382324e+00 -7.789963483810424805e-01 -2.131933450698852539e+00 -1.919620037078857422e+00 -1.034135699272155762e+00 2.266963958740234375e+00
-2.469214677810668945e+00 -8.981240391731262207e-01 3.824803352355957031e+00 1.817371726036071777e+00 1.647023439407348633e+00 -2.954636335372924805e+00 -2.642119884490966797e+00 1.538842082023620605e+00 2.749155044555664062e+00 4.695977270603179932e-01
-1.156825304031372070e+00 -2.047206401824951172e+00 2.728390455245971680e+00 -1.330545246601104736e-01 3.376968145370483398e+00 -4.715528964996337891e+00 -4.903041422367095947e-01 3.735212802886962891e+00 2.416459560394287109e+00 1.778432130813598633e+00
-9.940874576568603516e-01 5.827176570892333984e-01 6.697070002555847168e-01 -2.843241691589355469e-01 3.405394792556762695e+00 -2.054645538330078125e+00 -2.866223573684692383e+00 1.506236553192138672e+00 1.870276808738708496e+00 4.518911540508270264e-01
-4.451477050781250000e+00 -5.322035029530525208e-02 3.866531610488891602e+00 6.111763119697570801e-01 2.819329500198364258e+00 -1.773382306098937988e+00 -2.351313829421997070e+00 9.615293741226196289e-01 -4.448939561843872070e-01 1.034563541412353516e+00
-1.852495551109313965e+00 2.934987246990203857e-01 1.695060849189758301e+00 2.459422588348388672e+00 2.053406000137329102e+00 -9.995098114013671875e-01 -5.809416294097900391e+00 -4.350839555263519287e-01 3.058766126632690430e-01 2.241632699966430664e+00
-1.421029686927795410e+00 1.967758387327194214e-01 6.515811681747436523e-01 1.096369981765747070e+00 4.156259059906005859e+00 -3.739617109298706055e+00 -1.730982184410095215e+00 5.581009864807128906e+00 2.124347925186157227e+00 -3.922673165798187256e-01
2.190147876739501953e+00 -4.953301429748535156e+00 -2.888885021209716797e+00 2.880758047103881836e+00 -2.736711204051971436e-01 -3.960754156112670898e+00 -5.343278408050537109e+00 2.838305473327636719e+00 1.229436397552490234e+00 7.671762943267822266e+00
-7.345964908599853516e-01 -6.807630658149719238e-01 -1.391266435384750366e-01 9.181260466575622559e-01 2.333991527557373047e+00 -1.527782082557678223e+00 -1.229655861854553223e+00 4.886530935764312744e-01 2.591511234641075134e-02 1.713388562202453613e+00
-3.082613945007324219e+00 -2.863432645797729492e+00 4.541101157665252686e-01 5.748461246490478516e+00 2.928748846054077148e+00 -8.014139533042907715e-01 -7.974385619163513184e-01 2.015365123748779297e+00 -8.795983791351318359e-01 3.208846092224121094e+00
-9.679707884788513184e-01 -1.631772994995117188e+00 8.801407814025878906e-01 4.554559707641601562e+00 2.444082021713256836e+00 -2.840075492858886719e+00 -6.107488870620727539e-01 2.944533348083496094e+00 7.159426212310791016e-01 3.093884706497192383e+00
-2.001890659332275391e+00 -3.368164539337158203e+00 -2.058296442031860352e+00 2.311129808425903320e+00 3.508993387222290039e+00 -1.007232785224914551e+00 -1.978111028671264648e+00 9.384208917617797852e-01 -2.580347657203674316e-01 8.298377394676208496e-01
-5.319929122924804688e-01 1.730654358863830566e+00 1.487385869026184082e+00 -6.263744235038757324e-01 -5.180674195289611816e-01 -1.625008225440979004e+00 -6.826172471046447754e-01 1.684245705604553223e+00 -1.211691141128540039e+00 2.109819412231445312e+00
-3.319467306137084961e+00 7.646696567535400391e-01 -2.877159833908081055e+00 -6.793810725212097168e-01 2.060728371143341064e-01 -1.365804076194763184e+00 -2.746980428695678711e+00 1.803271889686584473e+00 1.157857179641723633e+00 3.210113525390625000e+00
-3.289525032043457031e+00 -9.553653597831726074e-01 1.420103192329406738e+00 6.658200621604919434e-01 3.189809083938598633e+00 -5.636803627014160156e+00 -2.252117395401000977e+00 1.794832587242126465e+00 7.711623311042785645e-01 2.452865123748779297e+00
7.961781024932861328e-01 -1.245328426361083984e+00 -1.045510888099670410e+00 2.138828277587890625e+00 3.233089208602905273e+00 -4.579012870788574219e+00 -2.518694400787353516e+00 -8.873709440231323242e-01 1.744813203811645508e+00 5.245300769805908203e+00
-1.703929543495178223e+00 1.408123970031738281e+00 2.735029220581054688e+00 4.293583869934082031e+00 1.550729036331176758e+00 -3.137973308563232422e+00 -6.644212603569030762e-01 2.719337642192840576e-01 3.844579458236694336e-01 2.003005504608154297e+00
-2.320683479309082031e+00 3.663885891437530518e-01 1.660473704338073730e+00 7.818526625633239746e-01 2.884808301925659180e+00 -2.804047822952270508e+00 -3.030650317668914795e-01 -7.500391006469726562e-01 7.939876317977905273e-01 -2.410335779190063477e+00
3.817457556724548340e-01 -1.591937899589538574e+00 -1.571943998336791992e+00 1.688970208168029785e+00 -1.721367239952087402e+00 -1.709104180335998535e+00 -1.935201406478881836e+00 2.363030910491943359e+00 -4.491213709115982056e-03 2.120448827743530273e+00
5.100831985473632812e-01 -2.637372493743896484e+00 5.729026198387145996e-01 -6.483209729194641113e-01 6.577777862548828125e-01 -1.336699843406677246e+00 7.276772260665893555e-01 2.203114271163940430e+00 2.448541820049285889e-01 3.200562953948974609e+00
-1.494341343641281128e-01 6.835636496543884277e-01 1.973083257675170898e+00 2.117185592651367188e+00 -4.968958795070648193e-01 -1.147432804107666016e+00 -1.178270459175109863e+00 7.847371101379394531e-01 -3.170108795166015625e-01 1.051468372344970703e+00
-1.383352994918823242e+00 2.780703008174896240e-01 5.501212477684020996e-01 1.619709134101867676e+00 6.097353696823120117e-01 -2.856251239776611328e+00 -1.006681695580482483e-01 -5.888924598693847656e-01 -2.670569896697998047e+00 1.150176167488098145e+00
-1.417430877685546875e+00 1.002152442932128906e+00 2.818270683288574219e+00 1.177010774612426758e+00 1.294843196868896484e+00 -1.610674738883972168e+00 5.110155344009399414e-01 -5.930203199386596680e-01 1.856527447700500488e+00 7.828958034515380859e-01
-2.037873506546020508e+00 -1.615093469619750977e+00 4.003277122974395752e-01 1.955559968948364258e+00 3.598125457763671875e+00 -2.198959827423095703e+00 -2.269808053970336914e+00 1.097992539405822754e+00 1.099794507026672363e+00 1.944924354553222656e+00
-1.631745696067810059e+00 -8.793470263481140137e-01 -5.430036187171936035e-01 1.315942645072937012e+00 -1.178809165954589844e+00 -3.508280754089355469e+00 -8.144474029541015625e-01 4.104254245758056641e+00 2.374917984008789062e+00 -8.296669721603393555e-01
-1.567214012145996094e+00 1.172885179519653320e+00 3.129153013229370117e+00 8.067435622215270996e-01 4.479935646057128906e+00 -2.758445262908935547e+00 -2.559129714965820312e+00 2.596153259277343750e+00 1.412711858749389648e+00 1.150231003761291504e+00
-1.521855115890502930e+00 -2.067310959100723267e-01 2.721205055713653564e-01 4.069145679473876953e+00 1.239664793014526367e+00 4.109668731689453125e-01 3.780021369457244873e-01 1.636647343635559082e+00 -6.535520553588867188e-01 3.557554960250854492e+00
-1.107889413833618164e+00 7.363551259040832520e-01 -7.799229025840759277e-01 -2.392109394073486328e+00 -1.162702441215515137e+00 -4.125084877014160156e+00 -2.455922365188598633e+00 4.082886278629302979e-01 1.986902356147766113e+00 1.306677460670471191e+00
5.145904421806335449e-01 2.743541002273559570e+00 3.034790456295013428e-01 1.678196430206298828e+00 5.234825611114501953e-01 -9.539816379547119141e-01 -1.096967577934265137e+00 -8.433842658996582031e-01 -2.692516803741455078e+00 8.913043737411499023e-01
-5.525580048561096191e-01 -1.889478564262390137e+00 -1.569786429405212402e+00 -1.896381974220275879e-01 1.361494183540344238e+00 9.289731979370117188e-01 2.018914699554443359e+00 2.852303981781005859e+00 -1.314155101776123047e+00 3.969173908233642578e+00
-2.242805242538452148e+00 1.788462251424789429e-01 -2.253380864858627319e-01 3.526608347892761230e-01 1.997542500495910645e+00 -2.590323686599731445e+00 -4.151979833841323853e-02 1.742188096046447754e+00 -9.874858856201171875e-01 2.982781827449798584e-01
-2.330473423004150391e+00 -4.408996582031250000e+00 -1.484537720680236816e+00 5.748559474945068359e+00 -1.028872013092041016e+00 2.729622602462768555e+00 -1.815327703952789307e-01 3.423996448516845703e+00 -1.130200698971748352e-01 2.081381320953369141e+00
-2.612045764923095703e+00 -1.518316149711608887e+00 3.786257028579711914e+00 4.728011131286621094e+00 2.028377056121826172e+00 -3.441013097763061523e+00 -2.304103851318359375e+00 -4.408461507409811020e-03 9.834435582160949707e-01 2.052958726882934570e+00
-7.601853013038635254e-01 6.191490888595581055e-01 1.523275256156921387e+00 4.012316465377807617e-01 6.782459020614624023e-01 -3.016067028045654297e+00 7.788374274969100952e-02 6.979461908340454102e-01 1.497579813003540039e+00 -7.794887423515319824e-01
-2.987586736679077148e+00 1.142852902412414551e+00 1.635709166526794434e+00 3.928997516632080078e+00 2.460944414138793945e+00 -3.690886020660400391e+00 1.625019431114196777e+00 2.815050125122070312e+00 1.076517939567565918e+00 1.207720398902893066e+00
-3.907066106796264648e+00 2.917989194393157959e-01 1.436799287796020508e+00 -1.581618905067443848e+00 1.716354489326477051e-02 -2.291221141815185547e+00 -1.696389794349670410e+00 1.530160546302795410e+00 1.252124071121215820e+00 1.201229214668273926e+00
-1.505607485771179199e+00 1.472698807716369629e+00 -2.722275018692016602e+00 2.057326555252075195e+00 2.995440483093261719e+00 -2.742434740066528320e-01 -2.678893804550170898e+00 -5.430387258529663086e-01 -1.828521370887756348e+00 3.856028556823730469e+00
2.067186385393142700e-01 -2.546224117279052734e+00 -1.484511137008666992e+00 7.473709583282470703e-01 1.621475815773010254e-02 -1.239275336265563965e+00 -8.628118634223937988e-01 -8.211314678192138672e-01 3.395195007324218750e-01 2.462753772735595703e+00
-2.713552474975585938e+00 -4.782303050160408020e-02 1.166396141052246094e+00 7.830222249031066895e-01 2.879414796829223633e+00 -2.850976705551147461e+00 1.771872878074645996e+00 5.756108283996582031e+00 2.956076622009277344e+00 1.441832900047302246e+00
-2.655918121337890625e+00 -7.375476956367492676e-01 1.722257733345031738e+00 1.378026127815246582e+00 1.352792859077453613e+00 -4.364025294780731201e-01 -3.934962987899780273e+00 2.026978015899658203e+00 6.283168792724609375e-01 1.696436285972595215e+00
-8.967867493629455566e-01 2.111414194107055664e+00 1.720338463783264160e+00 6.435824632644653320e-01 9.205756187438964844e-01 -8.661466836929321289e-01 5.854774713516235352e-01 9.969515204429626465e-01 2.511006832122802734e+00 1.742733836174011230e+00
-2.660474300384521484e+00 3.767043650150299072e-01 -9.790902733802795410e-01 -2.736901044845581055e-01 -4.324361681938171387e-02 -3.583282232284545898e+00 -1.381077766418457031e+00 1.096355319023132324e+00 1.708142280578613281e+00 2.246008872985839844e+00
-2.350177049636840820e+00 -1.451230883598327637e+00 -1.149869203567504883e+00 1.865909218788146973e+00 2.109229326248168945e+00 -3.370960474014282227e+00 -6.119708538055419922e+00 -1.156083226203918457e+00 -4.922886490821838379e-01 6.065260887145996094e+00
-4.597455978393554688e+00 -1.097072720527648926e+00 7.863382697105407715e-01 -1.516235351562500000e+00 2.681724786758422852e+00 -5.328384637832641602e-01 -3.571641921997070312e+00 4.592175960540771484e+00 -1.121898531913757324e+00 3.548793077468872070e+00
-2.812382936477661133e+00 -8.747907280921936035e-01 -2.113112956285476685e-01 5.692145824432373047e-01 2.402342081069946289e+00 -1.538858056068420410e+00 -3.600114107131958008e+00 1.356060504913330078e+00 9.781148433685302734e-01 1.084483146667480469e+00
-3.585441112518310547e+00 -3.390216588973999023e+00 3.424718618392944336e+00 2.276215314865112305e+00 1.912766814231872559e+00 -2.072276353836059570e+00 -2.491874933242797852e+00 2.244052410125732422e+00 5.568169116973876953e+00 2.220928668975830078e+00
-1.401257991790771484e+00 -2.740034103393554688e+00 5.950748324394226074e-01 4.211132049560546875e+00 7.359752655029296875e-01 -4.183903694152832031e+00 -2.888256549835205078e+00 -5.152261257171630859e-01 1.919447779655456543e+00 3.196051836013793945e+00
-2.336660385131835938e+00 2.185705900192260742e+00 2.631075382232666016e+00 -1.225035309791564941e+00 2.621318995952606201e-01 -3.753169298171997070e+00 -5.567111372947692871e-01 3.675998747348785400e-01 -7.029588818550109863e-01 6.099618077278137207e-01
-2.775432586669921875e+00 -2.344298124313354492e+00 -1.329290747642517090e+00 -1.554083943367004395e+00 2.232330083847045898e+00 1.678578019142150879e+00 1.611276268959045410e+00 1.978122591972351074e+00 -5.947327613830566406e-01 1.453579425811767578e+00
-2.177200317382812500e+00 -1.301005005836486816e+00 9.485227465629577637e-01 -1.356340408325195312e+00 3.222903966903686523e+00 -8.475003242492675781e-01 -3.128440141677856445e+00 -1.784612536430358887e+00 1.079873919486999512e+00 2.143071651458740234e+00
-2.368588447570800781e+00 -2.309359073638916016e+00 -2.614799976348876953e+00 4.107769966125488281e+00 1.534503459930419922e+00 -4.601281583309173584e-01 -7.724162936210632324e-01 8.364964723587036133e-01 -2.076855182647705078e+00 9.588121771812438965e-01
7.296789288520812988e-01 1.715487360954284668e+00 3.078216314315795898e-01 1.890888690948486328e+00 4.690355360507965088e-01 -1.889838576316833496e+00 -3.301104605197906494e-01 1.359301805496215820e+00 1.996041536331176758e-01 2.482319831848144531e+00
-1.854147076606750488e+00 -4.939638614654541016e+00 2.644561231136322021e-01 1.516856789588928223e+00 1.203373789787292480e+00 -1.066527143120765686e-01 -1.304956674575805664e+00 3.239530563354492188e+00 -1.366082429885864258e-01 1.902025818824768066e+00
-3.688260316848754883e-01 -1.605677962303161621e+00 -1.218372225761413574e+00 -2.141046762466430664e+00 2.374435424804687500e+00 -8.599091172218322754e-01 -2.371143102645874023e+00 8.526911139488220215e-01 9.489151239395141602e-01 9.937074780464172363e-02
-1.911763072013854980e+00 -1.574375748634338379e+00 2.962330877780914307e-01 4.871927946805953979e-02 1.769999146461486816e+00 7.331254482269287109e-01 -4.952076822519302368e-02 1.658132791519165039e+00 -1.998375058174133301e+00 1.280491948127746582e+00
-5.061458349227905273e-01 -1.773368477821350098e+00 1.650254130363464355e+00 4.374852657318115234e+00 3.525699675083160400e-01 -3.952591419219970703e-01 6.886639595031738281e-01 7.453646659851074219e-01 -1.499379515647888184e+00 2.228603363037109375e+00
-2.562839508056640625e+00 -5.528035163879394531e-01 2.349071979522705078e+00 1.257777810096740723e+00 1.689472436904907227e+00 -1.844776749610900879e+00 -6.328693777322769165e-02 1.752349972724914551e+00 7.961517572402954102e-01 9.508585333824157715e-01
-3.349100589752197266e+00 -3.027824401855468750e+00 1.528110355138778687e-01 6.832173824310302734e+00 2.227575063705444336e+00 1.734870791435241699e+00 -4.396267414093017578e+00 1.209585070610046387e+00 -1.993039250373840332e+00 1.993246197700500488e+00
-2.986547946929931641e+00 1.706888437271118164e+00 -9.170246124267578125e-01 2.809787988662719727e+00 9.034914970397949219e-01 -1.300431013107299805e+00 -4.972071647644042969e-01 3.316483974456787109e+00 2.470710277557373047e-01 -5.421164631843566895e-01
-3.796368837356567383e+00 -7.445568442344665527e-01 -6.463406682014465332e-01 1.550288558006286621e+00 4.580804824829101562e+00 1.188919663429260254e+00 -3.857334613800048828e+00 -1.517461054027080536e-02 2.006061077117919922e+00 2.509100437164306641e+00
-6.448554992675781250e-01 3.469707012176513672e+00 -3.203031301498413086e+00 2.043304204940795898e+00 1.390570878982543945e+00 -4.396683216094970703e+00 -2.058878660202026367e+00 1.730171561241149902e+00 -5.020017623901367188e-01 1.767799854278564453e+00
-2.142107248306274414e+00 -9.387530684471130371e-01 4.633091986179351807e-01 6.057446449995040894e-02 3.026831388473510742e+00 -3.612591505050659180e+00 -2.748291015625000000e+00 8.185221552848815918e-01 5.386909484863281250e+00 2.756489276885986328e+00
-1.069173812866210938e+00 -1.080578684806823730e+00 7.350993752479553223e-01 -1.464046716690063477e+00 5.267798423767089844e+00 -7.562009692192077637e-01 -2.755451440811157227e+00 5.471389293670654297e-01 -8.770118951797485352e-01 3.479822635650634766e+00
1.502318382263183594e+00 -1.475521445274353027e+00 1.947143524885177612e-01 5.215882778167724609e+00 1.440013647079467773e+00 -3.605927467346191406e+00 -2.005815744400024414e+00 -2.504374504089355469e+00 1.408584952354431152e+00 9.413842558860778809e-01
-2.042179107666015625e+00 -3.251662969589233398e+00 -3.443290472030639648e+00 -5.855021476745605469e-01 8.287805914878845215e-01 -9.585990905761718750e-01 1.792049169540405273e+00 2.609731197357177734e+00 8.004691451787948608e-02 5.439893603324890137e-01
-5.276932120323181152e-01 4.343150258064270020e-01 -2.272996664047241211e+00 1.287918686866760254e+00 2.288206338882446289e+00 8.754513859748840332e-01 -1.584074020385742188e+00 -1.260307073593139648e+00 -8.993394970893859863e-01 2.201192378997802734e+00
-3.112888336181640625e-01 -4.503856182098388672e+00 -8.606687188148498535e-01 5.947785377502441406e+00 3.287466287612915039e+00 -3.693320035934448242e+00 -3.296693325042724609e+00 9.042056798934936523e-01 1.265164732933044434e+00 4.924746513366699219e+00
-1.387660622596740723e+00 5.042018294334411621e-01 -1.148920655250549316e+00 1.079457402229309082e+00 5.808336734771728516e-01 -1.205666661262512207e+00 -6.835427880287170410e-01 -6.725847721099853516e-01 -1.214876890182495117e+00 3.179700970649719238e-01
-2.559431791305541992e+00 3.487699925899505615e-01 1.385148167610168457e+00 -3.282114744186401367e+00 2.394770383834838867e+00 -5.433840751647949219e+00 -4.048539638519287109e+00 -7.061240673065185547e-01 2.132327079772949219e+00 2.878619194030761719e+00
2.673099517822265625e+00 -1.056734323501586914e+00 -3.854962289333343506e-01 2.469022989273071289e+00 3.021918296813964844e+00 -2.406318902969360352e+00 1.832263171672821045e-01 4.152174949645996094e+00 -1.376268267631530762e+00 3.322264432907104492e+00
-2.472557544708251953e+00 -1.441133618354797363e+00 5.224612355232238770e-01 1.242002844810485840e+00 1.170703411102294922e+00 -3.903210163116455078e+00 -1.511869788169860840e+00 1.271481990814208984e+00 1.822249174118041992e+00 3.124212324619293213e-01
-3.660047054290771484e+00 1.006454467773437500e+00 2.226339578628540039e+00 2.765537738800048828e+00 -2.674945294857025146e-01 -2.449935197830200195e+00 -5.562425136566162109e+00 1.682747960090637207e+00 -1.249156117439270020e+00 4.295947551727294922e+00
-2.965981006622314453e+00 -2.107931137084960938e+00 2.404555320739746094e+00 5.631497502326965332e-01 2.420986652374267578e+00 -2.536880493164062500e+00 1.247709155082702637e+00 2.074917793273925781e+00 2.295624256134033203e+00 1.483981728553771973e+00
-1.448439598083496094e+00 1.347080349922180176e+00 1.443229794502258301e+00 3.721184015274047852e+00 -3.779834210872650146e-01 -3.653744697570800781e+00 1.620075106620788574e+00 -1.197141259908676147e-01 7.501363009214401245e-02 1.376988530158996582e+00
1.498017758131027222e-01 -2.201311826705932617e+00 -7.559232711791992188e-01 6.979970455169677734e+00 3.810843706130981445e+00 -2.634914398193359375e+00 -3.141556739807128906e+00 -3.366419970989227295e-01 9.298824071884155273e-01 2.525395870208740234e+00
-3.480323314666748047e+00 2.714655920863151550e-02 2.633919954299926758e+00 1.235686898231506348e+00 2.241461515426635742e+00 -2.923192739486694336e+00 -1.715875744819641113e+00 2.384135723114013672e+00 8.498669862747192383e-01 2.012510061264038086e+00
-1.329157233238220215e+00 -1.118310451507568359e+00 -3.389293193817138672e+00 4.735959529876708984e+00 1.964073181152343750e+00 -6.902065277099609375e-01 -2.852944850921630859e+00 -8.877723217010498047e-01 -1.222966551780700684e+00 4.199108600616455078e+00
-1.325573325157165527e+00 -1.331601619720458984e+00 -2.409559488296508789e+00 2.866454422473907471e-01 5.741565227508544922e-01 -2.520158052444458008e+00 -1.000507712364196777e+00 -2.237816601991653442e-01 1.411229968070983887e+00 3.740596055984497070e+00
-5.228281974792480469e+00 -1.246418595314025879e+00 -1.784284859895706177e-01 -2.067454099655151367e+00 -4.298634827136993408e-01 -4.305541992187500000e+00 -5.096494197845458984e+00 2.150436878204345703e+00 7.816748023033142090e-01 2.852605819702148438e+00
-2.893800735473632812e+00 1.096315503120422363e+00 2.582923471927642822e-01 4.901209354400634766e+00 2.001462459564208984e+00 8.714334964752197266e-01 -2.205700159072875977e+00 2.351286888122558594e+00 2.538844585418701172e+00 4.671510756015777588e-01
-2.554884672164916992e+00 -2.854903221130371094e+00 3.041484594345092773e+00 2.203123331069946289e+00 4.480396270751953125e+00 -8.735302686691284180e-01 6.650586724281311035e-01 4.617026329040527344e+00 3.733889341354370117e+00 8.977690339088439941e-02
-3.408531546592712402e-01 -7.626755833625793457e-01 1.312287211418151855e+00 3.368479609489440918e-01 9.277439117431640625e-01 -3.093671798706054688e+00 9.186788797378540039e-01 -5.886884331703186035e-01 1.642115592956542969e+00 1.696768164634704590e+00
-9.384448528289794922e-01 -1.576520442962646484e+00 -9.307171702384948730e-01 3.205159902572631836e+00 -3.312568366527557373e-01 -3.576933622360229492e+00 1.045274615287780762e+00 2.205536365509033203e+00 2.433669090270996094e+00 2.023538649082183838e-01
-1.141257882118225098e+00 -2.175799369812011719e+00 7.475604414939880371e-01 6.886352896690368652e-01 -1.102105617523193359e+00 -2.820364713668823242e+00 1.896860480308532715e+00 -1.888657689094543457e+00 1.719993472099304199e+00 2.280396938323974609e+00
-1.695758700370788574e+00 4.484804272651672363e-01 2.069084405899047852e+00 9.558539390563964844e-01 1.678719043731689453e+00 -2.682994842529296875e+00 5.173198580741882324e-01 -1.470555782318115234e+00 1.310567617416381836e+00 1.083351850509643555e+00
-1.171180725097656250e+00 -2.090337753295898438e+00 8.638548851013183594e-01 2.561436414718627930e+00 2.626508474349975586e+00 -2.536284685134887695e+00 1.119769096374511719e+00 1.812113285064697266e+00 -4.358416795730590820e-01 4.352098464965820312e+00
-2.139872550964355469e+00 1.952658295631408691e+00 3.010015003383159637e-02 2.277431786060333252e-01 -8.000472784042358398e-01 -2.026195287704467773e+00 -1.529599726200103760e-01 5.230740308761596680e-01 -7.181954979896545410e-01 1.422122120857238770e+00
-2.783015727996826172e+00 -3.448812007904052734e+00 2.036178588867187500e+00 1.445565104484558105e+00 1.030902862548828125e+00 1.836043894290924072e-01 -1.107820630073547363e+00 1.963903784751892090e+00 -8.216083794832229614e-02 3.523137092590332031e+00
-3.550045967102050781e+00 -2.624316453933715820e+00 -1.838617444038391113e+00 2.089126825332641602e+00 2.161044359207153320e+00 -1.688870787620544434e+00 -1.887399315834045410e+00 3.757212162017822266e+00 3.385479927062988281e+00 -1.799407899379730225e-01
-1.844874739646911621e+00 3.302847445011138916e-01 3.839024782180786133e+00 4.053808212280273438e+00 1.643034577369689941e+00 -3.449024915695190430e+00 -4.155792236328125000e+00 -7.755437493324279785e-01 -5.005592480301856995e-02 3.009989023208618164e+00
-2.291166633367538452e-01 -9.042819030582904816e-03 -1.986681967973709106e-01 3.265361785888671875e+00 1.842667341232299805e+00 -2.415544271469116211e+00 -2.128278255462646484e+00 -6.139239072799682617e-01 -2.677611827850341797e+00 7.684962749481201172e-01
-3.327467203140258789e+00 -5.025892853736877441e-01 -1.458957940340042114e-01 4.330045223236083984e+00 2.810561418533325195e+00 -9.616039991378784180e-01 -5.506948947906494141e+00 2.961170673370361328e+00 1.071072459220886230e+00 -2.965897619724273682e-01
-3.981405258178710938e+00 1.166320085525512695e+00 -2.139838226139545441e-02 -1.921013474464416504e+00 5.340709686279296875e-01 -2.004706621170043945e+00 -2.789538145065307617e+00 3.803283870220184326e-01 1.749932765960693359e-01 1.397754788398742676e+00
-1.903947710990905762e+00 -9.375445246696472168e-01 -1.225953578948974609e+00 1.447929382324218750e+00 3.725620269775390625e+00 -1.053385496139526367e+00 -1.879508614540100098e+00 7.734528779983520508e-01 -6.521119475364685059e-01 5.919894576072692871e-01
-4.752399325370788574e-01 -1.152376294136047363e+00 -1.812502980232238770e+00 3.044182062149047852e+00 3.815153837203979492e+00 -2.180086851119995117e+00 -2.687530755996704102e+00 1.301074385643005371e+00 5.400525331497192383e-01 1.560967564582824707e+00
1.144644379615783691e+00 -9.876052737236022949e-01 -3.471062660217285156e+00 9.219388961791992188e+00 3.463099241256713867e+00 -1.109829306602478027e+00 -5.182859897613525391e+00 4.434442996978759766e+00 -6.853187829256057739e-02 1.271204054355621338e-01
-2.588974714279174805e+00 -2.426700353622436523e+00 -4.236367642879486084e-01 5.287614345550537109e+00 2.741657972335815430e+00 4.369505405426025391e+00 -5.329031467437744141e+00 2.214917659759521484e+00 5.676389217376708984e+00 -2.113775491714477539e+00
