2.139137685298919678e-01 3.769794940948486328e+00 -1.589181184768676758e+00 1.978771388530731201e-01 4.610352963209152222e-02 3.034627437591552734e+00 2.880920171737670898e-01 1.723671197891235352e+00 -3.555666446685791016e+00 -1.936126112937927246e+00
-3.579965829849243164e-01 4.267004013061523438e+00 -1.415559768676757812e+00 4.099459350109100342e-01 -2.188495695590972900e-01 3.507693767547607422e+00 -2.590852081775665283e-01 2.693567752838134766e+00 -4.235251426696777344e+00 -9.080706238746643066e-01
-1.319195270538330078e+00 4.552356719970703125e+00 -2.910526990890502930e+00 1.108983874320983887e+00 -4.870249927043914795e-01 4.635253429412841797e+00 -1.030968427658081055e+00 3.723158836364746094e+00 -6.072405338287353516e+00 -1.727633774280548096e-01
-2.633194923400878906e+00 4.860584259033203125e+00 -2.307172536849975586e+00 2.094578266143798828e+00 -8.126608729362487793e-01 6.470106601715087891e+00 -7.018440961837768555e-01 4.997122287750244141e+00 -6.532848834991455078e+00 1.157820701599121094e+00
-1.148043632507324219e+00 3.227280139923095703e+00 -1.475878238677978516e+00 1.133002638816833496e+00 -6.598690152168273926e-01 4.610722064971923828e+00 9.174258261919021606e-02 2.261664867401123047e+00 -3.522117137908935547e+00 1.073420941829681396e-01
2.896493673324584961e-02 3.159428596496582031e+00 -1.359166622161865234e+00 2.013421952724456787e-01 1.933531761169433594e-01 3.136893987655639648e+00 2.103400975465774536e-01 1.829509854316711426e+00 -3.546586513519287109e+00 -1.609566450119018555e+00
-1.388584256172180176e+00 4.042914390563964844e+00 -2.572384119033813477e+00 1.141066193580627441e+00 -3.165341317653656006e-01 4.423227787017822266e+00 -9.343850612640380859e-01 3.578017473220825195e+00 -5.543867588043212891e+00 2.020764946937561035e-01
-1.533086895942687988e+00 4.772122383117675781e+00 -2.907090425491333008e+00 1.317770361900329590e+00 -5.169650316238403320e-01 4.828921794891357422e+00 -1.192810654640197754e+00 3.994155883789062500e+00 -6.386757373809814453e+00 -4.750362038612365723e-02
8.890832662582397461e-01 2.870649337768554688e+00 -3.829349756240844727e+00 1.724752485752105713e-01 -1.754328846931457520e+00 5.065164089202880859e+00 1.759612083435058594e+00 2.200492143630981445e+00 -3.258647918701171875e+00 9.362164139747619629e-02
3.205949068069458008e-02 2.968799352645874023e+00 -1.302919030189514160e+00 1.277586519718170166e-01 3.216185271739959717e-01 2.877151250839233398e+00 1.767143756151199341e-01 1.647657275199890137e+00 -3.172025203704833984e+00 -1.807452917098999023e+00
-1.379903078079223633e+00 3.113177299499511719e+00 -1.710962176322937012e+00 1.285129070281982422e+00 -3.602633476257324219e-01 4.977419853210449219e+00 4.605475962162017822e-01 2.489254951477050781e+00 -3.327762126922607422e+00 -6.722299382090568542e-03
-1.237923622131347656e+00 3.596847772598266602e+00 -1.496552109718322754e+00 1.060823321342468262e+00 -4.262450337409973145e-01 4.887229442596435547e+00 2.039383947849273682e-01 2.345804452896118164e+00 -3.900967121124267578e+00 -1.048343926668167114e-01
-6.643199920654296875e-01 4.311556816101074219e+00 -3.345279693603515625e+00 1.418533682823181152e+00 -2.812749862670898438e+00 4.319138050079345703e+00 9.950342178344726562e-01 2.128099918365478516e+00 -3.265354633331298828e+00 -1.333660125732421875e+00
-1.532192945480346680e+00 4.123471260070800781e+00 -2.497806072235107422e+00 1.135180830955505371e+00 -3.023980557918548584e-01 4.554644584655761719e+00 -9.130443930625915527e-01 3.734505653381347656e+00 -5.754019737243652344e+00 1.567487418651580811e-01
8.115533590316772461e-01 2.615556478500366211e+00 -3.521476030349731445e+00 2.801802940666675568e-02 -1.589324116706848145e+00 5.018501758575439453e+00 1.615538358688354492e+00 2.173211336135864258e+00 -3.187178134918212891e+00 1.388110816478729248e-01
-1.308010458946228027e+00 3.251504421234130859e+00 -1.495192050933837891e+00 1.128236413002014160e+00 -5.378220081329345703e-01 4.883174419403076172e+00 2.267598509788513184e-01 2.352093696594238281e+00 -3.849862575531005859e+00 9.656527638435363770e-02
1.223635077476501465e-01 5.266321182250976562e+00 -2.205052852630615234e+00 2.548022568225860596e-01 -6.802140474319458008e-01 5.101274967193603516e+00 -1.418145895004272461e-01 2.434766769409179688e+00 -6.482215404510498047e+00 -9.756236076354980469e-01
-1.329730391502380371e+00 5.226601600646972656e+00 -1.771198987960815430e+00 4.913160502910614014e-01 -5.579413175582885742e-01 7.311369419097900391e+00 -3.130958676338195801e-01 4.572334766387939453e+00 -8.170159339904785156e+00 1.425482332706451416e-01
-3.050821423530578613e-01 4.611427307128906250e+00 -8.959950208663940430e-01 1.363292336463928223e+00 9.314747452735900879e-01 3.602582454681396484e+00 -7.960637807846069336e-01 2.317658662796020508e+00 -3.620475769042968750e+00 -2.244576454162597656e+00
-4.552958011627197266e-01 4.312195777893066406e+00 -9.487666487693786621e-01 1.174912929534912109e+00 7.108625769615173340e-01 3.873203754425048828e+00 -7.310971617698669434e-01 2.153809309005737305e+00 -3.786566495895385742e+00 -2.337954282760620117e+00
-2.676423549652099609e+00 5.133728981018066406e+00 -2.329273462295532227e+00 2.177095174789428711e+00 -7.965040802955627441e-01 6.593430519104003906e+00 -7.402701377868652344e-01 4.995676517486572266e+00 -6.657735347747802734e+00 9.154708385467529297e-01
-5.285555124282836914e-02 4.910314559936523438e+00 -1.689801216125488281e+00 5.284481048583984375e-01 -4.734775424003601074e-01 3.795302152633666992e+00 -4.266447424888610840e-01 2.752205371856689453e+00 -4.686336040496826172e+00 -1.157273411750793457e+00
-1.559857130050659180e+00 4.784876823425292969e+00 -2.891920566558837891e+00 1.502899289131164551e+00 -4.624937474727630615e-01 4.551579952239990234e+00 -1.370015859603881836e+00 3.992898464202880859e+00 -6.224491596221923828e+00 9.815627336502075195e-02
-2.469657897949218750e+00 4.656370162963867188e+00 -2.368348360061645508e+00 1.931073069572448730e+00 -9.174505472183227539e-01 6.374030590057373047e+00 -7.649629116058349609e-01 4.731733322143554688e+00 -6.297922134399414062e+00 9.315049052238464355e-01
-2.515219449996948242e+00 4.566588878631591797e+00 -2.279007196426391602e+00 1.966756463050842285e+00 -7.599251866340637207e-01 6.231918811798095703e+00 -6.515673398971557617e-01 4.745070934295654297e+00 -6.231413364410400391e+00 1.006142377853393555e+00
-1.289318323135375977e+00 4.117390632629394531e+00 -1.909243941307067871e+00 1.239139199256896973e+00 -1.254396319389343262e+00 5.621033191680908203e+00 2.225199341773986816e-01 2.401640892028808594e+00 -4.414660930633544922e+00 1.323246657848358154e-01
-7.426772117614746094e-01 4.978096008300781250e+00 -3.938654184341430664e+00 1.523239493370056152e+00 -3.466403245925903320e+00 4.151278018951416016e+00 1.105903744697570801e+00 2.160073041915893555e+00 -3.299790859222412109e+00 -1.889118790626525879e+00
7.817897200584411621e-01 2.639053344726562500e+00 -3.590560197830200195e+00 7.272437214851379395e-02 -1.632891535758972168e+00 5.051632404327392578e+00 1.704939961433410645e+00 2.217392444610595703e+00 -3.265070676803588867e+00 8.784773945808410645e-02
-1.438481569290161133e+00 4.565165519714355469e+00 -3.088476657867431641e+00 1.094881772994995117e+00 -7.035094499588012695e-01 4.817285060882568359e+00 -1.008411884307861328e+00 3.719644784927368164e+00 -6.265349388122558594e+00 -9.883058071136474609e-02
-3.058230280876159668e-01 4.670100212097167969e+00 -1.115892171859741211e+00 1.185673832893371582e+00 5.749006867408752441e-01 4.002431392669677734e+00 -7.579589486122131348e-01 2.282041549682617188e+00 -3.881295442581176758e+00 -2.356223821640014648e+00
-1.619728803634643555e+00 6.275383472442626953e+00 -2.232118844985961914e+00 6.179004907608032227e-01 -8.652973175048828125e-01 8.485881805419921875e+00 -2.422494292259216309e-01 5.133782863616943359e+00 -9.568178176879882812e+00 1.377339661121368408e-01
-4.640585184097290039e-01 4.735689163208007812e+00 -1.373020410537719727e+00 9.638919830322265625e-01 3.610363602638244629e-01 4.494864940643310547e+00 -5.253913998603820801e-01 2.379343986511230469e+00 -4.264735221862792969e+00 -2.373262643814086914e+00
-1.575031042098999023e+00 6.525448799133300781e+00 -2.494109392166137695e+00 6.600680351257324219e-01 -9.855912327766418457e-01 8.936327934265136719e+00 -1.837936043739318848e-01 5.291984558105468750e+00 -9.813342094421386719e+00 2.304828464984893799e-01
-2.751842021942138672e+00 4.973495483398437500e+00 -2.410303354263305664e+00 2.115008115768432617e+00 -8.806146979331970215e-01 6.741776466369628906e+00 -5.978081822395324707e-01 5.052918910980224609e+00 -6.717982769012451172e+00 9.708101749420166016e-01
7.928263545036315918e-01 2.886276721954345703e+00 -3.819029092788696289e+00 1.720032393932342529e-01 -1.737367749214172363e+00 5.229649066925048828e+00 1.731394648551940918e+00 2.300811290740966797e+00 -3.476934909820556641e+00 9.781953692436218262e-02
-3.062911629676818848e-01 4.966759681701660156e+00 -1.445246696472167969e+00 9.531813263893127441e-01 5.427580475807189941e-01 4.617988586425781250e+00 -5.013140439987182617e-01 2.578372955322265625e+00 -4.462813854217529297e+00 -2.690674781799316406e+00
-1.408455371856689453e+00 5.820128440856933594e+00 -2.036386489868164062e+00 5.849900245666503906e-01 -5.810208916664123535e-01 8.251082420349121094e+00 -3.253123164176940918e-01 5.066358089447021484e+00 -9.036587715148925781e+00 1.208399236202239990e-01
-7.829737067222595215e-01 4.433688640594482422e+00 -3.680389642715454102e+00 1.503545165061950684e+00 -3.256024837493896484e+00 4.191220283508300781e+00 1.194656968116760254e+00 2.142873525619506836e+00 -3.056025505065917969e+00 -1.518434643745422363e+00
9.353762865066528320e-02 4.722341060638427734e+00 -2.029845476150512695e+00 2.226348221302032471e-01 -5.758208036422729492e-01 4.731180191040039062e+00 -1.583738625049591064e-01 2.276164293289184570e+00 -5.945662021636962891e+00 -8.525406122207641602e-01
-1.617270827293395996e+00 5.449539184570312500e+00 -1.832638978958129883e+00 5.803854465484619141e-01 -5.556929707527160645e-01 7.789527416229248047e+00 -3.417891860008239746e-01 4.902880668640136719e+00 -8.670410156250000000e+00 1.515685617923736572e-01
-4.908875823020935059e-01 4.449798583984375000e+00 -1.222446680068969727e+00 9.797556996345520020e-01 5.023317337036132812e-01 4.138054847717285156e+00 -5.076157450675964355e-01 2.275834560394287109e+00 -3.976260185241699219e+00 -2.340582132339477539e+00
-5.878901481628417969e-02 6.435307502746582031e+00 -2.659169197082519531e+00 3.455323874950408936e-01 -1.055067420005798340e+00 5.258057594299316406e+00 -1.288216412067413330e-01 2.479928493499755859e+00 -7.062851428985595703e+00 -1.447302937507629395e+00
-1.409625530242919922e+00 6.138378143310546875e+00 -2.152857065200805664e+00 6.465696096420288086e-01 -7.516149282455444336e-01 8.340954780578613281e+00 -3.185556530952453613e-01 5.023269176483154297e+00 -9.144266128540039062e+00 1.191178858280181885e-01
2.062851786613464355e-01 4.627557754516601562e+00 -1.983022212982177734e+00 2.433779537677764893e-01 -6.422615051269531250e-01 4.335693836212158203e+00 -1.175683066248893738e-01 1.911764264106750488e+00 -5.612890720367431641e+00 -1.005241990089416504e+00
-1.126086473464965820e+00 2.999753952026367188e+00 -1.452583789825439453e+00 1.048293232917785645e+00 -8.218826651573181152e-01 4.391856193542480469e+00 1.589777469635009766e-01 1.939553856849670410e+00 -3.386463642120361328e+00 9.724286198616027832e-02
-3.149920105934143066e-01 4.914291381835937500e+00 -1.440063476562500000e+00 1.007405400276184082e+00 4.060089588165283203e-01 4.274506568908691406e+00 -5.260365605354309082e-01 2.358878135681152344e+00 -4.009692668914794922e+00 -2.743413925170898438e+00
-3.801530599594116211e-01 4.399561882019042969e+00 -1.500717163085937500e+00 6.133245825767517090e-01 -3.833760619163513184e-01 3.380073308944702148e+00 -4.369123578071594238e-01 2.733062744140625000e+00 -4.246942520141601562e+00 -9.979838132858276367e-01
2.085111141204833984e-01 3.200052022933959961e+00 -1.341855049133300781e+00 1.516671478748321533e-01 2.992676496505737305e-01 3.099779367446899414e+00 2.349409013986587524e-01 1.720652937889099121e+00 -3.429488658905029297e+00 -1.967934489250183105e+00
-1.617681384086608887e-01 2.712252378463745117e+00 -1.272292137145996094e+00 1.844628751277923584e-01 2.752225100994110107e-01 2.875355958938598633e+00 2.975010275840759277e-01 1.650204300880432129e+00 -3.142775535583496094e+00 -1.722445130348205566e+00
-2.781070232391357422e+00 5.016089439392089844e+00 -2.518511533737182617e+00 2.178285837173461914e+00 -9.395361542701721191e-01 6.863101482391357422e+00 -7.305670380592346191e-01 5.347955226898193359e+00 -6.866393566131591797e+00 1.189787507057189941e+00
-1.129064798355102539e+00 3.343427181243896484e+00 -1.519776344299316406e+00 1.205498576164245605e+00 -7.995625138282775879e-01 4.687501430511474609e+00 1.378655135631561279e-01 2.023974180221557617e+00 -3.629835128784179688e+00 -7.162562012672424316e-02
-1.495731234550476074e+00 6.040347099304199219e+00 -2.259848356246948242e+00 5.890494585037231445e-01 -7.594782710075378418e-01 8.430518150329589844e+00 -1.267289519309997559e-01 5.130010128021240234e+00 -9.267243385314941406e+00 1.309454739093780518e-01
1.077838540077209473e-01 5.098107337951660156e+00 -2.081987857818603516e+00 2.530716955661773682e-01 -6.847035288810729980e-01 5.148996829986572266e+00 -1.947710216045379639e-01 2.390019655227661133e+00 -6.271975994110107422e+00 -9.023131728172302246e-01
-2.623665332794189453e+00 5.049851417541503906e+00 -2.501596689224243164e+00 2.080646038055419922e+00 -8.621200323104858398e-01 6.802677631378173828e+00 -5.991539359092712402e-01 5.018242359161376953e+00 -6.747750759124755859e+00 9.432441592216491699e-01
-1.260014057159423828e+00 3.911322116851806641e+00 -2.280827999114990234e+00 1.030546545982360840e+00 -2.148464620113372803e-01 4.229093074798583984e+00 -9.040417075157165527e-01 3.417787075042724609e+00 -5.459010124206542969e+00 3.694576025009155273e-02
-6.021760106086730957e-01 4.993119239807128906e+00 -1.218513965606689453e+00 1.229790806770324707e+00 5.148147940635681152e-01 4.479638576507568359e+00 -6.872264742851257324e-01 2.654476642608642578e+00 -4.434885025024414062e+00 -2.321972131729125977e+00
1.897326707839965820e-01 4.558942794799804688e+00 -1.831452131271362305e+00 2.183535993099212646e-01 -5.128134489059448242e-01 4.591234683990478516e+00 -2.735740542411804199e-01 2.181835174560546875e+00 -5.805971622467041016e+00 -8.150480985641479492e-01
-7.490099072456359863e-01 4.285561084747314453e+00 -3.305683374404907227e+00 1.488384366035461426e+00 -2.944445610046386719e+00 4.255364894866943359e+00 1.040147662162780762e+00 2.091218471527099609e+00 -3.182059288024902344e+00 -1.310717463493347168e+00
-2.601718902587890625e+00 4.710023880004882812e+00 -2.360486507415771484e+00 2.093837261199951172e+00 -8.391566276550292969e-01 6.352450847625732422e+00 -5.956656932830810547e-01 4.829217433929443359e+00 -6.268251895904541016e+00 1.083928465843200684e+00
-2.741286993026733398e+00 5.120641708374023438e+00 -2.462905168533325195e+00 2.148190021514892578e+00 -9.762583374977111816e-01 6.847593307495117188e+00 -7.360947728157043457e-01 5.294419765472412109e+00 -6.979619503021240234e+00 1.095483660697937012e+00
-7.712083458900451660e-01 4.437955856323242188e+00 -3.303000926971435547e+00 1.435881972312927246e+00 -2.896478652954101562e+00 4.493826389312744141e+00 8.345453739166259766e-01 2.103425025939941406e+00 -3.421460151672363281e+00 -1.235205531120300293e+00
-2.603114128112792969e+00 4.934867858886718750e+00 -2.404644250869750977e+00 2.161578178405761719e+00 -8.558848500251770020e-01 6.553952693939208984e+00 -5.747421979904174805e-01 4.968443393707275391e+00 -6.560782909393310547e+00 1.089115738868713379e+00
8.887398242950439453e-02 3.582541704177856445e+00 -1.539753079414367676e+00 1.620601117610931396e-01 2.412683367729187012e-01 3.419601440429687500e+00 2.957916557788848877e-01 1.951137900352478027e+00 -3.828854084014892578e+00 -1.786534070968627930e+00
7.172554731369018555e-02 5.126154899597167969e+00 -2.005866765975952148e+00 2.331099212169647217e-01 -6.286159753799438477e-01 4.965613842010498047e+00 -2.226245105266571045e-01 2.394651889801025391e+00 -6.288709163665771484e+00 -9.593604803085327148e-01
-1.575263142585754395e+00 5.337095260620117188e+00 -1.856060504913330078e+00 5.098657608032226562e-01 -6.611726880073547363e-01 7.597338199615478516e+00 -2.665682435035705566e-01 4.847398281097412109e+00 -8.586785316467285156e+00 2.338222563266754150e-01
4.907530546188354492e-02 4.828602790832519531e+00 -1.997158646583557129e+00 2.546206414699554443e-01 -6.173953413963317871e-01 4.748902797698974609e+00 -1.877923607826232910e-01 2.274430036544799805e+00 -5.858439922332763672e+00 -8.964555263519287109e-01
-2.563787460327148438e+00 5.187219142913818359e+00 -2.360116720199584961e+00 2.128510951995849609e+00 -8.277243971824645996e-01 6.791898250579833984e+00 -7.739428877830505371e-01 5.005914211273193359e+00 -6.847805500030517578e+00 9.471392631530761719e-01
-7.649423480033874512e-01 3.943791151046752930e+00 -3.006585121154785156e+00 1.379191517829895020e+00 -2.537219524383544922e+00 4.649079799652099609e+00 8.412690758705139160e-01 2.006664514541625977e+00 -3.228652238845825195e+00 -9.418841004371643066e-01
-1.594511747360229492e+00 6.442168235778808594e+00 -2.254834651947021484e+00 6.396366357803344727e-01 -8.268523812294006348e-01 8.715132713317871094e+00 -3.211652636528015137e-01 5.251072406768798828e+00 -9.646430969238281250e+00 1.603073179721832275e-01
-2.620442390441894531e+00 4.884833335876464844e+00 -2.596394538879394531e+00 2.021470546722412109e+00 -1.003405451774597168e+00 6.755712032318115234e+00 -6.966950297355651855e-01 5.011101245880126953e+00 -6.634285926818847656e+00 1.096064329147338867e+00
8.718002438545227051e-01 2.886921882629394531e+00 -4.056180000305175781e+00 1.200387775897979736e-01 -1.811692714691162109e+00 5.216809749603271484e+00 1.895987629890441895e+00 2.354107856750488281e+00 -3.270897626876831055e+00 1.825432479381561279e-01
-2.684915781021118164e+00 4.769901275634765625e+00 -2.100761651992797852e+00 2.186282873153686523e+00 -6.394075155258178711e-01 6.057796955108642578e+00 -7.284684777259826660e-01 4.951898097991943359e+00 -6.413689136505126953e+00 1.195571064949035645e+00
6.864199042320251465e-02 3.464974880218505859e+00 -1.498605608940124512e+00 1.948357522487640381e-01 1.748207807540893555e-01 3.398223638534545898e+00 2.033587992191314697e-01 1.879700779914855957e+00 -3.734795331954956055e+00 -1.729303598403930664e+00
-1.241490244865417480e+00 3.503652811050415039e+00 -1.414665937423706055e+00 1.166131377220153809e+00 -8.401829600334167480e-01 4.791430950164794922e+00 1.284678578376770020e-01 2.124898433685302734e+00 -3.768502235412597656e+00 -7.327748835086822510e-02
-4.109563827514648438e-01 4.453627586364746094e+00 -1.110637426376342773e+00 1.111162185668945312e+00 5.762922167778015137e-01 4.170013427734375000e+00 -5.668110847473144531e-01 2.242301940917968750e+00 -4.018947124481201172e+00 -2.369438648223876953e+00
7.614325881004333496e-01 2.569206714630126953e+00 -3.621910095214843750e+00 1.582250893115997314e-01 -1.566179037094116211e+00 4.691366672515869141e+00 1.744652509689331055e+00 2.055446624755859375e+00 -3.015413999557495117e+00 2.295604534447193146e-02
8.987766504287719727e-02 4.564764022827148438e+00 -1.713482260704040527e+00 2.667550742626190186e-01 -5.394442081451416016e-01 4.691731929779052734e+00 -3.292487859725952148e-01 2.308064699172973633e+00 -5.729719161987304688e+00 -7.251212596893310547e-01
-1.550646066665649414e+00 6.101700305938720703e+00 -2.184942960739135742e+00 6.035685539245605469e-01 -8.418973684310913086e-01 8.489766120910644531e+00 -3.162791132926940918e-01 5.106297969818115234e+00 -9.346226692199707031e+00 3.069475591182708740e-01
1.379358172416687012e-01 4.996021270751953125e+00 -2.095146656036376953e+00 2.083921134471893311e-01 -6.762249469757080078e-01 4.807854175567626953e+00 -6.664588302373886108e-02 2.265014171600341797e+00 -5.990848541259765625e+00 -9.401457309722900391e-01
1.607288122177124023e-01 3.049660682678222656e+00 -1.333004951477050781e+00 1.184521019458770752e-01 2.148038893938064575e-01 2.624326705932617188e+00 2.055140733718872070e-01 1.483368158340454102e+00 -3.091097831726074219e+00 -1.944614291191101074e+00
-1.496506094932556152e+00 4.351066589355468750e+00 -2.770489215850830078e+00 1.242568135261535645e+00 -3.623871207237243652e-01 4.324672698974609375e+00 -1.051273107528686523e+00 3.748035669326782227e+00 -5.841275215148925781e+00 -5.069774389266967773e-02
5.990341305732727051e-01 2.646524906158447266e+00 -3.627438306808471680e+00 1.215276420116424561e-01 -1.553364038467407227e+00 4.925093650817871094e+00 1.772634625434875488e+00 2.186833381652832031e+00 -3.241553783416748047e+00 1.852116174995899200e-02
-1.228487730026245117e+00 4.312496185302734375e+00 -2.567361116409301758e+00 1.055368185043334961e+00 -3.869139552116394043e-01 4.600398063659667969e+00 -9.978575110435485840e-01 3.658664941787719727e+00 -5.997637748718261719e+00 -1.755444332957267761e-03
-8.729701042175292969e-01 3.969245195388793945e+00 -2.788219213485717773e+00 1.488710165023803711e+00 -2.292035102844238281e+00 4.511303901672363281e+00 6.482838988304138184e-01 2.250586271286010742e+00 -3.299141645431518555e+00 -8.483529090881347656e-01
-1.064616203308105469e+00 3.158558607101440430e+00 -1.509331226348876953e+00 1.160940885543823242e+00 -6.560416221618652344e-01 4.368144035339355469e+00 1.659221053123474121e-01 2.015802860260009766e+00 -3.313965320587158203e+00 -1.229588687419891357e-01
8.882397413253784180e-02 2.831665515899658203e+00 -1.247412800788879395e+00 1.383715569972991943e-01 3.845648169517517090e-01 2.792995929718017578e+00 1.613915413618087769e-01 1.588691830635070801e+00 -3.106919288635253906e+00 -1.971552491188049316e+00
-6.980671882629394531e-01 4.208388805389404297e+00 -3.552716016769409180e+00 1.471530795097351074e+00 -3.142012119293212891e+00 4.087006092071533203e+00 1.113115429878234863e+00 2.047076702117919922e+00 -3.071073055267333984e+00 -1.367361187934875488e+00
-9.283707737922668457e-01 4.284206390380859375e+00 -3.206053018569946289e+00 1.450831294059753418e+00 -2.798952341079711914e+00 4.598290920257568359e+00 8.521993160247802734e-01 2.230406284332275391e+00 -3.457134723663330078e+00 -1.239849925041198730e+00
-6.807610988616943359e-01 3.598642349243164062e+00 -2.754424333572387695e+00 1.324356675148010254e+00 -2.305211544036865234e+00 3.808109521865844727e+00 8.092021346092224121e-01 1.758928894996643066e+00 -2.680366277694702148e+00 -1.056927084922790527e+00
-1.035776853561401367e+00 3.971553325653076172e+00 -1.764205217361450195e+00 1.186183810234069824e+00 -1.077779054641723633e+00 5.441658020019531250e+00 1.037454679608345032e-01 2.220293283462524414e+00 -4.199167728424072266e+00 -1.331099718809127808e-01
-2.476241111755371094e+00 4.790157794952392578e+00 -2.247341156005859375e+00 2.043807744979858398e+00 -7.301790118217468262e-01 6.362020969390869141e+00 -6.031631231307983398e-01 4.847597599029541016e+00 -6.372402667999267578e+00 1.038841366767883301e+00
-1.789709925651550293e-01 4.036912441253662109e+00 -1.308503150939941406e+00 3.818306028842926025e-01 -1.822916865348815918e-01 3.474142074584960938e+00 -4.045394062995910645e-01 2.548511505126953125e+00 -4.066682338714599609e+00 -8.439921140670776367e-01
8.891429901123046875e-01 3.094064235687255859e+00 -3.920838594436645508e+00 2.679505646228790283e-01 -1.727805614471435547e+00 5.078489780426025391e+00 1.773487448692321777e+00 2.240012884140014648e+00 -3.327865839004516602e+00 -6.281641125679016113e-02
-2.609625339508056641e+00 4.694662094116210938e+00 -2.560948610305786133e+00 2.031666755676269531e+00 -1.075077176094055176e+00 6.575327396392822266e+00 -6.374076008796691895e-01 4.851234912872314453e+00 -6.422931194305419922e+00 1.086234807968139648e+00
-1.702377796173095703e-01 4.106948375701904297e+00 -1.274450421333312988e+00 4.126720130443572998e-01 -1.734811067581176758e-01 3.364527702331542969e+00 -5.002893209457397461e-01 2.574014663696289062e+00 -4.001579761505126953e+00 -8.393499255180358887e-01
1.000864028930664062e+00 2.908220767974853516e+00 -4.065784454345703125e+00 1.226992309093475342e-01 -1.840306520462036133e+00 5.179569721221923828e+00 1.818745136260986328e+00 2.243647336959838867e+00 -3.278804302215576172e+00 2.091681659221649170e-01
1.643765568733215332e-01 3.944408178329467773e+00 -1.651940107345581055e+00 2.892552912235260010e-01 1.477541960775852203e-02 3.411851406097412109e+00 1.768969148397445679e-01 1.894866347312927246e+00 -3.776609420776367188e+00 -1.766951441764831543e+00
6.434698104858398438e-01 2.766016006469726562e+00 -3.841753482818603516e+00 2.490661144256591797e-01 -1.818766951560974121e+00 5.161009311676025391e+00 1.706534028053283691e+00 2.314739465713500977e+00 -3.447716236114501953e+00 1.323262155055999756e-01
-1.337480783462524414e+00 4.545015335083007812e+00 -3.002825021743774414e+00 1.216902256011962891e+00 -5.069658160209655762e-01 4.603786468505859375e+00 -1.073276877403259277e+00 3.749771595001220703e+00 -6.096346855163574219e+00 -2.807867340743541718e-02
-3.409298062324523926e-01 5.181142807006835938e+00 -1.673277616500854492e+00 8.683224320411682129e-01 1.468382775783538818e-01 4.693774700164794922e+00 -4.156323075294494629e-01 2.559300184249877930e+00 -4.613247394561767578e+00 -2.893403053283691406e+00
