4.834474064409732819e-03 7.203138433396816254e-03 -2.941440232098102570e-02 -3.998016938567161560e-03 9.029023349285125732e-03 -4.539709538221359253e-03 1.583587564527988434e-02 -8.650923147797584534e-03 4.296604171395301819e-02 6.039894185960292816e-03 -1.897032745182514191e-02 8.498713374137878418e-02 -1.460737083107233047e-02 7.836350239813327789e-03 -1.002067048102617264e-02
-2.104262821376323700e-04 5.946036428213119507e-03 -2.398256771266460419e-02 -3.300661221146583557e-03 2.687100786715745926e-03 -1.299522118642926216e-03 1.242212951183319092e-02 -8.453447371721267700e-03 3.968178480863571167e-02 7.121930830180644989e-03 -2.088215015828609467e-02 6.508655846118927002e-02 -1.149824261665344238e-02 8.658853359520435333e-03 -4.011437296867370605e-03
-4.797356668859720230e-03 1.760652754455804825e-03 -1.243746653199195862e-02 3.854986280202865601e-04 -5.555673968046903610e-03 6.169906817376613617e-03 4.069009795784950256e-03 -1.225086674094200134e-02 2.584923990070819855e-02 9.101362898945808411e-03 -1.808000169694423676e-02 2.912890166044235229e-02 -6.783915683627128601e-03 1.226769480854272842e-02 7.355418987572193146e-03
6.032749079167842865e-04 6.800101604312658310e-03 -2.089970931410789490e-02 -4.208069294691085815e-03 5.115870852023363113e-03 -1.779721351340413094e-03 1.384145859628915787e-02 -1.066218409687280655e-02 3.053557127714157104e-02 6.296170875430107117e-03 -1.399428956210613251e-02 6.227375194430351257e-02 -1.254816912114620209e-02 3.275384195148944855e-03 -6.327688694000244141e-03
-1.724635064601898193e-02 -7.963925600051879883e-04 -2.027253154665231705e-03 1.963231712579727173e-03 -2.268216945230960846e-02 1.127679459750652313e-02 8.483813144266605377e-05 -1.006706245243549347e-02 2.183452248573303223e-02 1.263108663260936737e-02 -2.373300865292549133e-02 -1.868318393826484680e-02 6.743213161826133728e-04 1.238430757075548172e-02 1.761607266962528229e-02
-1.524196378886699677e-02 -1.636264845728874207e-03 -1.909392420202493668e-03 2.750126644968986511e-03 -2.119689434766769409e-02 9.978421032428741455e-03 2.052324125543236732e-03 -1.172015815973281860e-02 1.842893101274967194e-02 1.303201913833618164e-02 -2.060956321656703949e-02 -1.855726912617683411e-02 6.559835746884346008e-04 1.141790766268968582e-02 1.547826547175645828e-02
3.590705804526805878e-03 7.380679715424776077e-03 -2.711112424731254578e-02 -3.764271736145019531e-03 7.926059886813163757e-03 -1.232298323884606361e-03 1.137783750891685486e-02 -9.454356506466865540e-03 4.062280803918838501e-02 6.254588253796100616e-03 -1.883627660572528839e-02 7.810436189174652100e-02 -1.441016141325235367e-02 9.168793447315692902e-03 -5.450130905956029892e-03
1.039962284266948700e-03 7.341824471950531006e-03 -2.749667130410671234e-02 -6.573095917701721191e-03 6.028874311596155167e-03 -1.253347098827362061e-02 2.945471182465553284e-02 -6.390508729964494705e-03 3.925799950957298279e-02 6.194349378347396851e-03 -1.616231910884380341e-02 7.744540274143218994e-02 -1.193777471780776978e-02 -3.658442758023738861e-03 -2.074734494090080261e-02
-2.353512495756149292e-02 -9.710467420518398285e-04 1.812314148992300034e-03 9.686518460512161255e-04 -3.005897253751754761e-02 8.249307051301002502e-03 6.302556023001670837e-03 -8.231880143284797668e-03 1.965590938925743103e-02 1.407677680253982544e-02 -2.429244853556156158e-02 -3.788666054606437683e-02 3.976984880864620209e-03 5.526685155928134918e-03 1.507410779595375061e-02
-1.280880346894264221e-02 -1.607765909284353256e-03 -1.033697463572025299e-02 2.483448013663291931e-03 -1.874496787786483765e-02 5.237143486738204956e-03 3.187438705936074257e-03 -3.809488844126462936e-03 3.685442358255386353e-02 9.752741083502769470e-03 -3.123718313872814178e-02 1.367371063679456711e-02 -1.229840330779552460e-03 1.857799664139747620e-02 1.164276618510484695e-02
-7.038535084575414658e-03 3.873514477163553238e-03 -1.312731765210628510e-02 -8.502434939146041870e-04 -6.667689885944128036e-03 7.076767273247241974e-03 2.402479061856865883e-03 -1.132537238299846649e-02 2.679068222641944885e-02 9.592594578862190247e-03 -1.788032613694667816e-02 2.469434589147567749e-02 -7.479684427380561829e-03 9.950936771929264069e-03 8.951355703175067902e-03
-1.737785339355468750e-02 1.077540218830108643e-04 -4.369693342596292496e-03 -4.301089793443679810e-04 -2.162360586225986481e-02 3.171859541907906532e-03 1.275297813117504120e-02 -8.401917293667793274e-03 2.388009801506996155e-02 1.230508089065551758e-02 -2.296622656285762787e-02 -1.059086341410875320e-02 8.231764659285545349e-04 4.314810968935489655e-03 6.437013391405344009e-03
6.914256140589714050e-03 8.325173519551753998e-03 -2.948988787829875946e-02 -4.762792959809303284e-03 1.344524696469306946e-02 -4.688233137130737305e-03 1.487030647695064545e-02 -1.009238511323928833e-02 3.877293318510055542e-02 5.076644010841846466e-03 -1.419541612267494202e-02 9.109000861644744873e-02 -1.647589728236198425e-02 5.830780602991580963e-03 -1.111714355647563934e-02
-3.547980450093746185e-04 5.281427875161170959e-03 -2.239655703306198120e-02 -3.147013485431671143e-03 2.428643871098756790e-03 -2.257707761600613594e-03 1.457991078495979309e-02 -9.523840621113777161e-03 3.511203080415725708e-02 7.543772459030151367e-03 -1.748302020132541656e-02 5.918519571423530579e-02 -1.085528172552585602e-02 6.085691042244434357e-03 -5.647120065987110138e-03
-1.522213779389858246e-02 -6.539518944919109344e-04 -3.494399134069681168e-03 1.463713124394416809e-03 -2.018692716956138611e-02 7.671304047107696533e-03 5.531273782253265381e-03 -1.073634624481201172e-02 2.039630524814128876e-02 1.263885758817195892e-02 -2.081899903714656830e-02 -1.398621220141649246e-02 1.530293375253677368e-04 8.776308037340641022e-03 1.208511460572481155e-02
1.691248733550310135e-03 7.212113123387098312e-03 -2.650584653019905090e-02 -6.299588829278945923e-03 7.036617491394281387e-03 -1.171647105365991592e-02 2.761475555598735809e-02 -7.088146172463893890e-03 3.643616288900375366e-02 5.892222747206687927e-03 -1.414858363568782806e-02 7.690428197383880615e-02 -1.222468446940183640e-02 -3.489407710731029510e-03 -1.978861540555953979e-02
-1.387404743582010269e-03 6.653843913227319717e-03 -2.181279473006725311e-02 -3.413803875446319580e-03 9.318389929831027985e-04 1.415909966453909874e-03 9.979322552680969238e-03 -8.792476728558540344e-03 3.901915624737739563e-02 6.953852251172065735e-03 -2.234210073947906494e-02 6.100345030426979065e-02 -1.207328494638204575e-02 9.314556606113910675e-03 -1.004465972073376179e-03
-2.456105779856443405e-03 7.094975095242261887e-03 -2.080963924527168274e-02 -4.285121336579322815e-03 8.140471763908863068e-04 4.692205693572759628e-04 1.199833117425441742e-02 -9.032692760229110718e-03 3.655059263110160828e-02 7.094074040651321411e-03 -2.054368332028388977e-02 5.771100148558616638e-02 -1.155149843543767929e-02 6.115623749792575836e-03 -2.533222548663616180e-03
1.571245957165956497e-03 -3.888458013534545898e-05 -1.512363739311695099e-02 3.253423608839511871e-03 -6.688716821372509003e-04 1.025038119405508041e-02 -3.308446845039725304e-03 -1.379908435046672821e-02 2.932175435125827789e-02 7.910406216979026794e-03 -2.005452662706375122e-02 4.471788927912712097e-02 -8.929808624088764191e-03 2.274010330438613892e-02 1.202624756842851639e-02
6.269391626119613647e-03 4.790796432644128799e-03 -2.283042296767234802e-02 -2.082291059195995331e-03 1.065542362630367279e-02 -3.280590521171689034e-03 1.211083494126796722e-02 -1.171498838812112808e-02 2.960425615310668945e-02 4.663197323679924011e-03 -1.128358207643032074e-02 7.681633532047271729e-02 -1.365744788199663162e-02 7.688452489674091339e-03 -7.338948547840118408e-03
-1.923862379044294357e-03 6.589165423065423965e-03 -2.105818130075931549e-02 -3.677770495414733887e-03 7.199929095804691315e-04 1.054671360179781914e-03 1.099123619496822357e-02 -9.049737825989723206e-03 3.737691417336463928e-02 7.137787528336048126e-03 -2.131030708551406860e-02 5.807286873459815979e-02 -1.153793931007385254e-02 7.909682579338550568e-03 -1.645833835937082767e-03
-2.315868157893419266e-03 4.712822381407022476e-03 -1.751944236457347870e-02 -1.251721754670143127e-03 -6.827577017247676849e-04 5.501614883542060852e-03 3.558082738891243935e-03 -1.175100915133953094e-02 2.999640069901943207e-02 8.361807093024253845e-03 -1.709620840847492218e-02 4.292015358805656433e-02 -1.033325679600238800e-02 1.111094374209642410e-02 5.503495223820209503e-03
-5.398725625127553940e-03 7.667933125048875809e-03 -2.409045957028865814e-02 -7.558584213256835938e-03 -1.067313831299543381e-03 -1.202209573239088058e-02 3.074126876890659332e-02 -4.794466774910688400e-03 3.948310762643814087e-02 7.365507073700428009e-03 -1.924690604209899902e-02 6.001916900277137756e-02 -9.382651187479496002e-03 -6.721287034451961517e-03 -1.877126097679138184e-02
3.717644140124320984e-04 7.826736196875572205e-03 -2.517620101571083069e-02 -7.392004132270812988e-03 6.668894086033105850e-03 -1.425866782665252686e-02 3.031639941036701202e-02 -6.226099561899900436e-03 3.184435144066810608e-02 5.685260519385337830e-03 -1.006439328193664551e-02 7.210418581962585449e-02 -1.201708335429430008e-02 -8.986636064946651459e-03 -2.303525432944297791e-02
-5.986591335386037827e-03 4.555243533104658127e-03 -1.485304348170757294e-02 -1.411333680152893066e-03 -4.761967342346906662e-03 6.797849200665950775e-03 2.285205060616135597e-03 -1.105953939259052277e-02 2.902947738766670227e-02 8.979813195765018463e-03 -1.854936219751834869e-02 3.220362588763237000e-02 -8.638032712042331696e-03 1.044285017997026443e-02 8.205219171941280365e-03
-6.867380347102880478e-03 1.587900333106517792e-03 -1.848683319985866547e-02 -3.994517028331756592e-04 -9.139953181147575378e-03 -7.228043396025896072e-04 1.131709851324558258e-02 -5.019209813326597214e-03 4.147991165518760681e-02 8.360667154192924500e-03 -2.815931476652622223e-02 4.230865463614463806e-02 -5.903775803744792938e-03 1.314793247729539871e-02 1.062695751897990704e-03
4.186972510069608688e-03 1.944122370332479477e-03 -2.088292688131332397e-02 9.522270411252975464e-04 4.730733577162027359e-03 3.363261697813868523e-03 4.836425185203552246e-03 -1.207065954804420471e-02 3.396936133503913879e-02 6.807161495089530945e-03 -1.887060143053531647e-02 6.494828313589096069e-02 -1.080614607781171799e-02 1.749223470687866211e-02 2.457667142152786255e-03
-1.526225823909044266e-03 1.099330140277743340e-03 -1.536849141120910645e-02 1.708049327135086060e-03 -3.345358651131391525e-03 8.493393659591674805e-03 -3.513970877975225449e-04 -1.161434315145015717e-02 3.223440051078796387e-02 8.183019235730171204e-03 -2.249413356184959412e-02 4.234572127461433411e-02 -8.323580026626586914e-03 1.968149468302726746e-02 1.016066875308752060e-02
2.489751670509576797e-03 6.992022041231393814e-03 -2.630888856947422028e-02 -6.445385515689849854e-03 7.974233478307723999e-03 -1.416890602558851242e-02 3.004399128258228302e-02 -6.739822216331958771e-03 3.360037133097648621e-02 5.384978838264942169e-03 -1.110296323895454407e-02 7.775757461786270142e-02 -1.235576998442411423e-02 -6.069202907383441925e-03 -2.302046678960323334e-02
-2.343168016523122787e-03 8.085360750555992126e-04 -1.157838664948940277e-02 2.808368764817714691e-03 -3.988168668001890182e-03 1.346325129270553589e-02 -7.756132632493972778e-03 -1.477703452110290527e-02 2.449039742350578308e-02 8.910547941923141479e-03 -1.816854439675807953e-02 2.808217704296112061e-02 -8.129565045237541199e-03 2.106709033250808716e-02 1.720769144594669342e-02
-9.454270824790000916e-03 5.338364280760288239e-04 -6.331608165055513382e-03 1.479141414165496826e-03 -1.211964525282382965e-02 8.954413235187530518e-03 1.305204117670655251e-03 -1.288260705769062042e-02 1.974639110267162323e-02 1.061203610152006149e-02 -1.769702136516571045e-02 6.407874636352062225e-03 -3.649064339697360992e-03 1.160846371203660965e-02 1.239270344376564026e-02
-1.025386899709701538e-02 3.050360828638076782e-05 -7.353140506893396378e-03 1.426612958312034607e-03 -1.369780674576759338e-02 7.105550728738307953e-03 4.537750035524368286e-03 -1.185653544962406158e-02 2.168674953281879425e-02 1.127416454255580902e-02 -1.857162266969680786e-02 3.624647157266736031e-03 -2.992860972881317139e-03 1.049783546477556229e-02 1.014945469796657562e-02
-3.552509937435388565e-03 5.930252373218536377e-04 -1.336829923093318939e-02 1.563275232911109924e-03 -6.282744463533163071e-03 6.281904876232147217e-03 4.612527787685394287e-03 -1.156135648488998413e-02 2.927026152610778809e-02 9.174818173050880432e-03 -2.110223844647407532e-02 3.172952309250831604e-02 -6.347144953906536102e-03 1.563423499464988708e-02 7.317706476897001266e-03
5.673764739185571671e-03 7.501691579818725586e-03 -2.582943625748157501e-02 -3.904159180819988251e-03 1.052757352590560913e-02 -1.270873704925179482e-03 1.230933703482151031e-02 -1.089648157358169556e-02 3.667900711297988892e-02 5.307008512318134308e-03 -1.607813313603401184e-02 8.118662983179092407e-02 -1.535496022552251816e-02 8.039784617722034454e-03 -7.055344991385936737e-03
5.242531187832355499e-04 2.056425902992486954e-03 -1.401589624583721161e-02 1.021951436996459961e-03 9.344541467726230621e-04 5.181506276130676270e-03 2.061873907223343849e-03 -1.417857967317104340e-02 2.204952761530876160e-02 7.215001620352268219e-03 -1.240736991167068481e-02 4.159193858504295349e-02 -9.795374237000942230e-03 1.280398573726415634e-02 5.812531337141990662e-03
-7.623747456818819046e-03 2.120580058544874191e-03 -9.815553203225135803e-03 -8.840076625347137451e-04 -7.855927571654319763e-03 2.432485809549689293e-03 1.000233739614486694e-02 -1.087071187794208527e-02 2.268998883664608002e-02 9.315324947237968445e-03 -1.707769185304641724e-02 2.308920025825500488e-02 -4.417165648192167282e-03 6.179538555443286896e-03 3.152844030410051346e-03
-5.496043246239423752e-03 9.013512171804904938e-04 -1.424810104072093964e-02 4.809554666280746460e-04 -7.648396771401166916e-03 2.413330366834998131e-03 9.977046400308609009e-03 -1.066936179995536804e-02 2.870550379157066345e-02 9.949062950909137726e-03 -1.911059580743312836e-02 2.775426581501960754e-02 -5.882656201720237732e-03 1.033373270183801651e-02 2.812794409692287445e-03
-7.200721185654401779e-03 4.273420199751853943e-04 -6.788984406739473343e-03 2.874314785003662109e-03 -9.699512273073196411e-03 1.484232675284147263e-02 -8.566886186599731445e-03 -1.474228315055370331e-02 2.004078216850757599e-02 1.015912741422653198e-02 -1.803162880241870880e-02 9.586214087903499603e-03 -5.461406894028186798e-03 1.873169839382171631e-02 2.016540244221687317e-02
3.250874578952789307e-04 7.352598942816257477e-03 -2.285364829003810883e-02 -4.927894100546836853e-03 5.913591478019952774e-03 -3.758728737011551857e-03 1.554389670491218567e-02 -9.675183333456516266e-03 3.219244629144668579e-02 6.533883512020111084e-03 -1.353258080780506134e-02 6.537795066833496094e-02 -1.256629731506109238e-02 1.604774035513401031e-03 -8.408289402723312378e-03
5.614692345261573792e-03 2.788344398140907288e-03 -2.188193611800670624e-02 1.856191083788871765e-04 7.371541578322649002e-03 1.694035483524203300e-03 6.601141765713691711e-03 -1.266884244978427887e-02 3.230109065771102905e-02 6.098923273384571075e-03 -1.576846092939376831e-02 6.984533369541168213e-02 -1.234681624919176102e-02 1.492487359791994095e-02 -4.571018507704138756e-04
-2.344670891761779785e-02 -1.449926290661096573e-03 3.964093979448080063e-03 2.348346635699272156e-03 -3.078196570277214050e-02 1.289613451808691025e-02 -6.137785967439413071e-04 -9.361302480101585388e-03 1.740381494164466858e-02 1.431297324597835541e-02 -2.453933842480182648e-02 -4.326752945780754089e-02 4.332232289016246796e-03 9.824876673519611359e-03 2.125012502074241638e-02
-9.783193469047546387e-03 2.480577677488327026e-06 -1.424677111208438873e-02 9.684879332780838013e-04 -1.369092985987663269e-02 2.502749441191554070e-03 7.060999050736427307e-03 -4.849019926041364670e-03 3.873832896351814270e-02 9.049557149410247803e-03 -2.944359742105007172e-02 2.809857204556465149e-02 -3.695667721331119537e-03 1.576675474643707275e-02 6.587984040379524231e-03
-3.941300790756940842e-03 8.461461402475833893e-04 -1.446433737874031067e-02 8.524823933839797974e-04 -5.914169829338788986e-03 2.916464349254965782e-03 8.662100881338119507e-03 -1.146789826452732086e-02 2.762435004115104675e-02 9.593971073627471924e-03 -1.783763058483600616e-02 3.087615594267845154e-02 -6.584197282791137695e-03 1.126487646251916885e-02 3.227569162845611572e-03
4.511093720793724060e-05 6.983809638768434525e-03 -2.244653180241584778e-02 -3.683602437376976013e-03 3.270611632615327835e-03 9.562389459460973740e-04 1.072655804455280304e-02 -9.711021557450294495e-03 3.732698410749435425e-02 6.814689375460147858e-03 -1.995635963976383209e-02 6.375243514776229858e-02 -1.274897065013647079e-02 8.157339878380298615e-03 -2.412131987512111664e-03
-4.711271729320287704e-03 3.460792358964681625e-03 -1.374988257884979248e-02 -1.434609293937683105e-05 -4.134410526603460312e-03 9.490178897976875305e-03 -2.209156518802046776e-03 -1.254739053547382355e-02 2.722918614745140076e-02 8.896772749722003937e-03 -1.808505691587924957e-02 3.137495741248130798e-02 -8.719765581190586090e-03 1.437744218856096268e-02 1.195482257753610611e-02
-5.659414920955896378e-03 2.094255760312080383e-04 -7.272672373801469803e-03 3.412827849388122559e-03 -8.322061970829963684e-03 1.581659540534019470e-02 -1.024919375777244568e-02 -1.538766361773014069e-02 2.010975964367389679e-02 9.874816983938217163e-03 -1.783386431634426117e-02 1.252182479947805405e-02 -6.173222325742244720e-03 2.066119760274887085e-02 2.120236679911613464e-02
-1.326411403715610504e-02 7.845298387110233307e-04 -7.122138980776071548e-03 1.121798530220985413e-03 -1.696189679205417633e-02 1.040767692029476166e-02 -4.807168152183294296e-04 -9.400304406881332397e-03 2.716121077537536621e-02 1.099314540624618530e-02 -2.431323193013668060e-02 9.007409680634737015e-04 -2.720297314226627350e-03 1.405587140470743179e-02 1.562674529850482941e-02
-2.083560824394226074e-02 -8.058878593146800995e-04 -2.069605980068445206e-03 1.331288367509841919e-04 -2.672301605343818665e-02 3.589613130316138268e-03 1.291926018893718719e-02 -7.261328864842653275e-03 2.415902912616729736e-02 1.328776404261589050e-02 -2.519579790532588959e-02 -2.325905486941337585e-02 2.939675934612751007e-03 4.387975670397281647e-03 8.404963649809360504e-03
-5.617752205580472946e-03 1.200997736304998398e-03 -1.836054213345050812e-02 5.693212151527404785e-04 -8.262943476438522339e-03 1.653414918109774590e-03 6.522377952933311462e-03 -5.005742888897657394e-03 4.187952354550361633e-02 7.830440998077392578e-03 -2.897317148745059967e-02 4.568047821521759033e-02 -6.515438668429851532e-03 1.704368740320205688e-02 4.418984521180391312e-03
4.067139700055122375e-03 5.243529565632343292e-03 -2.519171684980392456e-02 -3.021910786628723145e-03 7.458135951310396194e-03 -5.569877102971076965e-03 1.739385537803173065e-02 -1.020409539341926575e-02 3.387971222400665283e-02 6.470295600593090057e-03 -1.324856840074062347e-02 7.151232659816741943e-02 -1.283707097172737122e-02 4.932184703648090363e-03 -1.080159842967987061e-02
-1.641339622437953949e-02 -7.597515359520912170e-04 -2.656741533428430557e-03 2.231352031230926514e-03 -2.189245074987411499e-02 1.235452108085155487e-02 -1.910092076286673546e-03 -9.896801784634590149e-03 2.328050509095191956e-02 1.221159845590591431e-02 -2.473807893693447113e-02 -1.524094212800264359e-02 8.353032171726226807e-06 1.449843961745500565e-02 1.901033893227577209e-02
1.529681030660867691e-03 5.016238428652286530e-04 -1.687926799058914185e-02 2.169691026210784912e-03 6.161746568977832794e-04 6.139905191957950592e-03 1.824267441406846046e-03 -1.265566051006317139e-02 3.059679642319679260e-02 7.802703417837619781e-03 -1.945392042398452759e-02 5.074514821171760559e-02 -8.593201637268066406e-03 1.915226131677627563e-02 7.120611611753702164e-03
2.361806575208902359e-03 8.332210127264261246e-04 -1.824715919792652130e-02 1.732816919684410095e-03 1.615057233721017838e-03 4.562324844300746918e-03 4.143746569752693176e-03 -1.234549656510353088e-02 3.172946721315383911e-02 7.526476867496967316e-03 -1.920401863753795624e-02 5.458319559693336487e-02 -9.145595133304595947e-03 1.795536279678344727e-02 4.513774532824754715e-03
-5.983208771795034409e-03 8.399053476750850677e-04 -8.620006963610649109e-03 1.632871106266975403e-03 -7.998771965503692627e-03 8.510580286383628845e-03 9.261856321245431900e-04 -1.352378912270069122e-02 2.070168592035770416e-02 9.656583890318870544e-03 -1.658282615244388580e-02 1.734039559960365295e-02 -5.467405542731285095e-03 1.303535420447587967e-02 1.115331239998340607e-02
3.735227975994348526e-03 4.799799062311649323e-03 -2.177430503070354462e-02 -2.481524832546710968e-03 7.744196336716413498e-03 -2.808336401358246803e-03 1.304915454238653183e-02 -1.112051680684089661e-02 3.051296435296535492e-02 5.621169693768024445e-03 -1.334527321159839630e-02 7.023531198501586914e-02 -1.218270696699619293e-02 6.924779154360294342e-03 -6.585828028619289398e-03
-1.734252646565437317e-02 -9.211371652781963348e-04 -2.039870712906122208e-03 1.290122047066688538e-03 -2.271884493529796600e-02 6.254555657505989075e-03 7.780659943819046021e-03 -1.041317917406558990e-02 1.833802275359630585e-02 1.322665996849536896e-02 -1.979972049593925476e-02 -2.063172683119773865e-02 1.065904274582862854e-03 5.810637958347797394e-03 1.078130491077899933e-02
1.421277876943349838e-03 6.312598939985036850e-03 -2.229230850934982300e-02 -3.983336500823497772e-03 6.264428142458200455e-03 -4.841168411076068878e-03 1.576763018965721130e-02 -1.012252643704414368e-02 2.924810163676738739e-02 6.441868841648101807e-03 -1.086157187819480896e-02 6.359855830669403076e-02 -1.244712434709072113e-02 1.464058645069599152e-03 -9.258313104510307312e-03
1.436235848814249039e-03 -3.645918332040309906e-04 -1.466477103531360626e-02 3.141495399177074432e-03 -1.229259651154279709e-03 7.159394212067127228e-03 1.600772375240921974e-03 -1.366851292550563812e-02 2.737071365118026733e-02 8.115355856716632843e-03 -1.819997653365135193e-02 4.236585274338722229e-02 -8.070882409811019897e-03 1.931751519441604614e-02 7.992030121386051178e-03
-1.411236450076103210e-02 -1.523730810731649399e-03 -2.766045276075601578e-03 3.381444141268730164e-03 -2.001780457794666290e-02 1.371950469911098480e-02 -4.016907885670661926e-03 -1.156057417392730713e-02 2.137848734855651855e-02 1.240944117307662964e-02 -2.314805053174495697e-02 -1.406857091933488846e-02 -2.046870067715644836e-04 1.687193289399147034e-02 2.032681927084922791e-02
-1.812051050364971161e-04 8.915089070796966553e-03 -2.750241756439208984e-02 -8.082659915089607239e-03 6.122557912021875381e-03 -1.309670880436897278e-02 3.068732656538486481e-02 -5.620867479592561722e-03 3.915064036846160889e-02 6.021600216627120972e-03 -1.574498228728771210e-02 7.722417265176773071e-02 -1.220842730253934860e-02 -6.761900149285793304e-03 -2.203636988997459412e-02
5.736197344958782196e-03 3.015415742993354797e-03 -2.312065474689006805e-02 2.147257328033447266e-05 7.228387985378503799e-03 1.488010166212916374e-03 7.167479023337364197e-03 -1.195218227803707123e-02 3.514842689037322998e-02 6.175979971885681152e-03 -1.766386441886425018e-02 7.271106541156768799e-02 -1.241914089769124985e-02 1.558023039251565933e-02 -9.531512623652815819e-04
-4.687821958214044571e-03 4.894311074167490005e-03 -1.759135909378528595e-02 -1.389354467391967773e-03 -3.966785501688718796e-03 6.159159354865550995e-03 2.819115528836846352e-03 -9.762026369571685791e-03 3.407530859112739563e-02 8.599183522164821625e-03 -2.119970507919788361e-02 3.972000256180763245e-02 -9.665383957326412201e-03 1.233899686485528946e-02 7.228044327348470688e-03
-1.565751153975725174e-03 1.115491148084402084e-03 -1.044473052024841309e-02 2.954414114356040955e-03 -2.302402164787054062e-03 1.359456218779087067e-02 -9.769769385457038879e-03 -1.648026518523693085e-02 1.971292309463024139e-02 8.348978124558925629e-03 -1.398967765271663666e-02 2.755952626466751099e-02 -9.163947775959968567e-03 1.989245787262916565e-02 1.793613843619823456e-02
-1.363297179341316223e-02 -6.568827666342258453e-04 -6.143317092210054398e-03 1.435270532965660095e-03 -1.830955222249031067e-02 6.298092193901538849e-03 6.798127666115760803e-03 -1.001592725515365601e-02 2.383703738451004028e-02 1.224702782928943634e-02 -2.189577929675579071e-02 -4.669533111155033112e-03 -7.254863157868385315e-04 1.004555914551019669e-02 1.017347071319818497e-02
-1.616962626576423645e-02 -5.459357053041458130e-04 -3.271431196480989456e-03 2.009212970733642578e-03 -2.150182053446769714e-02 1.150086894631385803e-02 -6.017328705638647079e-04 -9.849114343523979187e-03 2.348755672574043274e-02 1.224181614816188812e-02 -2.426338754594326019e-02 -1.439115125685930252e-02 -1.933472231030464172e-04 1.349736098200082779e-02 1.775333471596240997e-02
6.308942101895809174e-03 6.796537432819604874e-03 -2.583792246878147125e-02 -3.662261180579662323e-03 1.212913729250431061e-02 -5.132352933287620544e-03 1.408708095550537109e-02 -1.104073971509933472e-02 3.124674595892429352e-02 4.929851740598678589e-03 -9.545905515551567078e-03 8.040370047092437744e-02 -1.546852290630340576e-02 4.250192083418369293e-03 -1.046545244753360748e-02
-2.070309035480022430e-02 -1.010221894830465317e-03 -1.109915319830179214e-03 2.403799444437026978e-04 -2.656720206141471863e-02 3.180170198902487755e-03 1.370915770530700684e-02 -8.214972913265228271e-03 2.087689191102981567e-02 1.369261555373668671e-02 -2.284686081111431122e-02 -2.601287513971328735e-02 3.179195336997509003e-03 2.690673805773258209e-03 7.567998953163623810e-03
-1.093607023358345032e-02 -8.069612085819244385e-04 -6.611200515180826187e-03 1.793147996068000793e-03 -1.531572639942169189e-02 5.107765085995197296e-03 7.620552554726600647e-03 -1.142121292650699615e-02 2.079934626817703247e-02 1.176905073225498199e-02 -1.838533766567707062e-02 8.327916730195283890e-04 -1.845212653279304504e-03 9.115756489336490631e-03 8.078079670667648315e-03
-1.106142066419124603e-02 -8.613676764070987701e-04 -8.436365053057670593e-03 1.509400084614753723e-03 -1.562511920928955078e-02 4.213189706206321716e-03 9.305642917752265930e-03 -1.034901663661003113e-02 2.481433190405368805e-02 1.174131035804748535e-02 -2.073363028466701508e-02 4.199034534394741058e-03 -1.979275606572628021e-03 9.797421284019947052e-03 6.840710062533617020e-03
-1.594574749469757080e-02 -1.559041906148195267e-03 -8.815353736281394958e-03 1.639934256672859192e-03 -2.181938290596008301e-02 3.203254891559481621e-03 7.355688139796257019e-03 -3.331239800900220871e-03 3.582884371280670166e-02 1.057188585400581360e-02 -3.127905726432800293e-02 5.086409859359264374e-03 4.209754988551139832e-04 1.461927313357591629e-02 9.664788842201232910e-03
1.110917422920465469e-03 5.547816399484872818e-03 -2.087819948792457581e-02 -3.095095977187156677e-03 5.351972300559282303e-03 -2.035399200394749641e-03 1.233355421572923660e-02 -1.099708117544651031e-02 2.925802953541278839e-02 6.612997502088546753e-03 -1.262439414858818054e-02 6.084332987666130066e-02 -1.185006555169820786e-02 4.783988930284976959e-03 -5.258813500404357910e-03
-1.676741521805524826e-03 -1.752281095832586288e-04 -1.264890469610691071e-02 2.681236714124679565e-03 -4.611685406416654587e-03 8.030219003558158875e-03 1.496386015787720680e-03 -1.332573965191841125e-02 2.642611786723136902e-02 8.913594298064708710e-03 -1.909631863236427307e-02 3.237073495984077454e-02 -6.882453337311744690e-03 1.786205172538757324e-02 9.507884271442890167e-03
-3.201148938387632370e-03 -1.612496562302112579e-04 -9.334143251180648804e-03 3.825169987976551056e-03 -5.724412854760885239e-03 1.564973033964633942e-02 -1.078188419342041016e-02 -1.553306169807910919e-02 2.219591476023197174e-02 9.323127567768096924e-03 -1.816430501639842987e-02 2.125030010938644409e-02 -7.155153900384902954e-03 2.308285236358642578e-02 2.062254399061203003e-02
-1.245494745671749115e-02 -6.927978247404098511e-04 -7.141234818845987320e-03 1.381961628794670105e-03 -1.698948070406913757e-02 5.310565233230590820e-03 8.079148828983306885e-03 -1.005786843597888947e-02 2.468206733465194702e-02 1.189579814672470093e-02 -2.186283841729164124e-02 4.017718601971864700e-04 -1.202711835503578186e-03 1.007994730025529861e-02 8.619160391390323639e-03
-2.403627615422010422e-03 3.240254241973161697e-03 -1.544794626533985138e-02 -1.459280028939247131e-03 -7.019299082458019257e-04 7.864523213356733322e-04 1.032285578548908234e-02 -1.127972267568111420e-02 2.651678025722503662e-02 7.696051150560379028e-03 -1.549964211881160736e-02 4.451600462198257446e-02 -8.234406821429729462e-03 7.323601283133029938e-03 -3.347682068124413490e-04
-2.123375888913869858e-03 3.105990123003721237e-03 -1.623028703033924103e-02 -1.754181459546089172e-03 -5.649304948747158051e-04 -1.636251108720898628e-03 1.377293467521667480e-02 -1.072102598845958710e-02 2.670356445014476776e-02 7.613544352352619171e-03 -1.477606780827045441e-02 4.606623202562332153e-02 -8.197424933314323425e-03 5.291041918098926544e-03 -3.676252439618110657e-03
2.229968551546335220e-03 7.387503515928983688e-03 -2.826010249555110931e-02 -4.179172217845916748e-03 5.680542904883623123e-03 -3.909923136234283447e-03 1.572679355740547180e-02 -7.602463010698556900e-03 4.401317983865737915e-02 6.589616648852825165e-03 -2.108212374150753021e-02 7.735089212656021118e-02 -1.365640573203563690e-02 7.434246130287647247e-03 -8.532814681529998779e-03
-3.922190051525831223e-03 4.054666031152009964e-03 -1.496530137956142426e-02 -1.253414899110794067e-03 -2.304311376065015793e-03 3.755340119823813438e-03 5.555707961320877075e-03 -1.211499795317649841e-02 2.469085901975631714e-02 8.617457933723926544e-03 -1.369803585112094879e-02 3.490311279892921448e-02 -9.084518067538738251e-03 7.376004941761493683e-03 3.909666091203689575e-03
-1.231067441403865814e-02 1.833424903452396393e-04 -6.560823414474725723e-03 8.713975548744201660e-04 -1.575359143316745758e-02 5.612773820757865906e-03 7.041696459054946899e-03 -1.087193749845027924e-02 2.167699672281742096e-02 1.164170820266008377e-02 -1.916204579174518585e-02 6.987408269196748734e-04 -2.009578980505466461e-03 8.143846876919269562e-03 8.661647327244281769e-03
-1.857233047485351562e-02 -9.528133086860179901e-04 -1.780312974005937576e-03 4.876442253589630127e-04 -2.414475195109844208e-02 3.197216661646962166e-03 1.325174607336521149e-02 -9.178446605801582336e-03 1.953724212944507599e-02 1.339834928512573242e-02 -2.104620076715946198e-02 -2.158043533563613892e-02 2.269113436341285706e-03 3.013399429619312286e-03 6.989052519202232361e-03
7.138145156204700470e-04 1.306731719523668289e-04 -1.657009124755859375e-02 2.461137250065803528e-03 -1.819299068301916122e-03 6.601719185709953308e-03 2.292899647727608681e-03 -1.182641088962554932e-02 3.253879025578498840e-02 8.036017417907714844e-03 -2.177935838699340820e-02 4.703520610928535461e-02 -8.067597635090351105e-03 2.006503567099571228e-02 7.349066436290740967e-03
-1.978062838315963745e-02 -8.674920536577701569e-04 3.916597925126552582e-04 1.415982842445373535e-03 -2.550653740763664246e-02 8.798210881650447845e-03 4.723353311419487000e-03 -1.022161729633808136e-02 1.763305440545082092e-02 1.360555551946163177e-02 -2.138684503734111786e-02 -2.900161966681480408e-02 2.280947752296924591e-03 6.763850338757038116e-03 1.466738805174827576e-02
-4.182644654065370560e-03 4.405245650559663773e-03 -1.655213534832000732e-02 -1.139394938945770264e-03 -3.296112176030874252e-03 6.038660183548927307e-03 3.376582870259881020e-03 -1.108037866652011871e-02 3.076258301734924316e-02 8.780761621892452240e-03 -1.880838163197040558e-02 3.762257471680641174e-02 -9.406177327036857605e-03 1.133853662759065628e-02 6.723969709128141403e-03
-8.301764726638793945e-03 3.857477568089962006e-04 -5.053943488746881485e-03 3.082638606429100037e-03 -1.112032867968082428e-02 1.584414206445217133e-02 -9.747097268700599670e-03 -1.513338461518287659e-02 1.790447905659675598e-02 1.045650243759155273e-02 -1.752414368093013763e-02 3.618660615757107735e-03 -4.900108091533184052e-03 1.830421015620231628e-02 2.178199589252471924e-02
-2.862764056771993637e-03 6.582266651093959808e-04 -1.086146943271160126e-02 2.010727301239967346e-03 -4.672703798860311508e-03 7.015698589384555817e-03 1.612201565876603127e-03 -1.410754770040512085e-02 2.093813568353652954e-02 8.848159573972225189e-03 -1.457806490361690521e-02 2.620882168412208557e-02 -7.137531880289316177e-03 1.353688444942235947e-02 8.863038383424282074e-03
-6.122890394181013107e-03 -1.943930983543395996e-04 -6.262628827244043350e-03 3.818705677986145020e-03 -9.358007460832595825e-03 1.672529987990856171e-02 -1.112363860011100769e-02 -1.544719003140926361e-02 1.944533921778202057e-02 1.014396175742149353e-02 -1.830812357366085052e-02 8.739857934415340424e-03 -5.477321334183216095e-03 2.145496755838394165e-02 2.245143614709377289e-02
4.313041921705007553e-03 8.244414813816547394e-03 -2.602191828191280365e-02 -4.358313977718353271e-03 9.370377287268638611e-03 -5.541511345654726028e-04 1.158445514738559723e-02 -1.032912544906139374e-02 3.832685202360153198e-02 5.720100365579128265e-03 -1.755678467452526093e-02 7.932809740304946899e-02 -1.531784143298864365e-02 7.856977172195911407e-03 -5.799071863293647766e-03
-1.438251882791519165e-02 6.694858893752098083e-05 -5.108120385557413101e-03 1.453952863812446594e-03 -1.854427531361579895e-02 1.056877151131629944e-02 1.161640975624322891e-04 -1.026029884815216064e-02 2.415887266397476196e-02 1.165746338665485382e-02 -2.321707643568515778e-02 -6.078769452869892120e-03 -1.489869318902492523e-03 1.302612293511629105e-02 1.594407297670841217e-02
3.835039678961038589e-03 5.642816424369812012e-03 -2.232001163065433502e-02 -2.729694359004497528e-03 8.461114019155502319e-03 -2.393029863014817238e-03 1.126677729189395905e-02 -1.170083694159984589e-02 2.883120998740196228e-02 5.743816494941711426e-03 -1.070821285247802734e-02 6.823722273111343384e-02 -1.353329140692949295e-02 5.798556841909885406e-03 -5.982298403978347778e-03
-2.564647700637578964e-03 9.830999188125133514e-04 -1.611759513616561890e-02 1.591129228472709656e-03 -5.008268635720014572e-03 6.942407228052616119e-03 1.402074703946709633e-03 -9.790543466806411743e-03 3.522402793169021606e-02 8.209941908717155457e-03 -2.472840063273906708e-02 4.288789257407188416e-02 -7.693530060350894928e-03 1.949576660990715027e-02 8.829453960061073303e-03
-1.631724461913108826e-02 -8.549927733838558197e-04 -3.904803190380334854e-03 1.458151265978813171e-03 -2.169097401201725006e-02 7.551610469818115234e-03 5.826747044920921326e-03 -9.724169969558715820e-03 2.285598963499069214e-02 1.274236850440502167e-02 -2.281527407467365265e-02 -1.481156516820192337e-02 4.390282556414604187e-04 9.464253671467304230e-03 1.240130234509706497e-02
2.714516129344701767e-03 2.971943467855453491e-03 -1.761061325669288635e-02 -5.549769848585128784e-04 4.795231390744447708e-03 -8.547559846192598343e-04 9.859654121100902557e-03 -1.222644187510013580e-02 2.507787384092807770e-02 6.015306338667869568e-03 -1.181866414844989777e-02 5.745794996619224548e-02 -1.058239676058292389e-02 8.587283082306385040e-03 -2.635029610246419907e-03
-1.803563348948955536e-02 1.393160782754421234e-04 -2.131799701601266861e-03 -5.390197038650512695e-04 -2.223445475101470947e-02 2.230999758467078209e-03 1.408893987536430359e-02 -9.087862446904182434e-03 1.855110004544258118e-02 1.271234266459941864e-02 -1.952898688614368439e-02 -1.678866147994995117e-02 1.559032127261161804e-03 8.044177666306495667e-04 5.106626078486442566e-03
4.497910384088754654e-03 1.392047153785824776e-03 -2.142740041017532349e-02 1.766387373208999634e-03 4.295334685593843460e-03 5.224779248237609863e-03 1.261467346921563148e-03 -1.158184185624122620e-02 3.647764772176742554e-02 6.728935055434703827e-03 -2.119668014347553253e-02 6.689249724149703979e-02 -1.093109883368015289e-02 2.132191136479377747e-02 5.325524602085351944e-03
1.815878320485353470e-03 1.125858398154377937e-03 -1.865208148956298828e-02 1.546153798699378967e-03 1.227464992552995682e-03 5.461104214191436768e-03 2.546068513765931129e-03 -1.191866770386695862e-02 3.332453593611717224e-02 7.548543624579906464e-03 -2.046191878616809845e-02 5.494869127869606018e-02 -9.372065775096416473e-03 1.897342130541801453e-02 5.868243519216775894e-03
2.407268621027469635e-04 5.734263919293880463e-03 -2.225073054432868958e-02 -3.527723252773284912e-03 3.916824702173471451e-03 -2.586116315796971321e-03 1.461176760494709015e-02 -1.003263518214225769e-02 3.321190178394317627e-02 7.150145247578620911e-03 -1.552008278667926788e-02 6.111075356602668762e-02 -1.150121632963418961e-02 4.747112281620502472e-03 -6.371982395648956299e-03
1.933374442160129547e-04 8.524195291101932526e-04 -2.245160751044750214e-02 1.465590670704841614e-03 -2.231469843536615372e-03 5.816908087581396103e-04 6.731221452355384827e-03 -6.187869701534509659e-03 4.391344264149665833e-02 7.037802599370479584e-03 -2.763228863477706909e-02 6.284451484680175781e-02 -8.353782817721366882e-03 1.984122395515441895e-02 1.699778484180569649e-03
-5.188446026295423508e-03 1.149971503764390945e-03 -1.014360599219799042e-02 1.430552452802658081e-03 -6.648950744420289993e-03 8.926933631300926208e-03 1.056848559528589249e-04 -1.328297145664691925e-02 2.311563119292259216e-02 9.418407455086708069e-03 -1.771080121397972107e-02 2.271950617432594299e-02 -6.139130331575870514e-03 1.447287853807210922e-02 1.145028136670589447e-02
-1.794257387518882751e-02 8.647181093692779541e-04 -5.013553891330957413e-03 -1.571359112858772278e-03 -2.142447978258132935e-02 2.210882958024740219e-04 1.711359247565269470e-02 -7.878303527832031250e-03 2.305985055863857269e-02 1.231702230870723724e-02 -2.104107663035392761e-02 -1.021884847432374954e-02 5.700495094060897827e-04 -2.959361299872398376e-04 2.313537057489156723e-03
1.928286161273717880e-03 6.920483428984880447e-03 -2.342158369719982147e-02 -4.440756514668464661e-03 7.372684311121702194e-03 -3.964720293879508972e-03 1.527567207813262939e-02 -1.006763149052858353e-02 3.216560930013656616e-02 6.171199493110179901e-03 -1.307419501245021820e-02 6.919130682945251465e-02 -1.297359447926282883e-02 2.819535322487354279e-03 -8.752332068979740143e-03
