9.096892476081848145e-01 -1.983903765678405762e+00 -1.398136973381042480e+00 -6.587266921997070312e-01 -4.018105983734130859e+00 1.421261191368103027e+00 -4.748913288116455078e+00 -3.554747104644775391e+00 4.627218246459960938e-01 2.563289880752563477e+00 1.086251854896545410e+00 -4.385895133018493652e-01 -4.442934989929199219e-01 -2.056489706039428711e+00 -1.389966845512390137e+00
1.270590662956237793e+00 -2.707773447036743164e+00 1.121941328048706055e+00 -2.737455368041992188e+00 -2.950206518173217773e+00 1.105400100350379944e-01 -2.543742895126342773e+00 5.716614425182342529e-02 -1.014929890632629395e+00 1.448610901832580566e+00 -1.474387049674987793e-01 -1.698191165924072266e+00 -6.566067785024642944e-02 2.010219097137451172e+00 3.763859510421752930e+00
1.045591950416564941e+00 -8.192531466484069824e-01 -2.007247924804687500e+00 -1.067148208618164062e+00 -3.030059576034545898e+00 -1.371075510978698730e+00 1.890898942947387695e+00 -2.084566593170166016e+00 2.199175119400024414e+00 3.500532388687133789e+00 -2.018059492111206055e+00 2.863923549652099609e+00 -5.441594123840332031e+00 -1.284142255783081055e+00 4.884554862976074219e+00
1.013999819755554199e+00 -3.584145307540893555e+00 1.382773756980895996e+00 -3.626977205276489258e+00 -3.066448450088500977e+00 4.169468402862548828e+00 1.665287256240844727e+00 -2.031573534011840820e+00 -9.722089767456054688e-02 -3.487145602703094482e-01 -1.998052358627319336e+00 -2.009603500366210938e+00 3.624357223510742188e+00 1.946526616811752319e-01 4.148484230041503906e+00
3.867868423461914062e+00 -5.405980110168457031e+00 -1.722505092620849609e+00 -1.086817741394042969e+00 -5.226215839385986328e+00 -1.268353760242462158e-01 -2.152377843856811523e+00 -3.483571410179138184e-01 1.182114481925964355e+00 1.085745096206665039e+00 -3.869677782058715820e-01 -4.610908627510070801e-01 -5.876529216766357422e-01 -4.004242420196533203e-01 3.770404577255249023e+00
3.123423576354980469e+00 -2.768789768218994141e+00 1.407805204391479492e+00 1.618435859680175781e+00 -3.139735460281372070e+00 3.932543754577636719e+00 -1.371188640594482422e+00 -2.393278360366821289e+00 1.998746395111083984e-01 1.760512590408325195e+00 4.603414535522460938e+00 -4.636420726776123047e+00 1.118250131607055664e+00 -1.154348611831665039e+00 5.220572352409362793e-01
1.696025371551513672e+00 -7.342997550964355469e+00 -6.912102699279785156e-01 -3.059094905853271484e+00 -5.198028087615966797e-01 2.188709974288940430e-01 -3.108363866806030273e+00 -3.099508881568908691e-01 4.555613696575164795e-01 1.965266942977905273e+00 2.227768898010253906e+00 -8.971594572067260742e-01 -1.134048104286193848e+00 -1.325612306594848633e+00 2.322178363800048828e+00
3.006311893463134766e+00 1.366152048110961914e+00 2.308446645736694336e+00 -1.044426798820495605e+00 -1.675092220306396484e+00 -3.686769306659698486e-01 -3.348694562911987305e+00 1.168128132820129395e+00 -2.313878297805786133e+00 1.431287527084350586e+00 1.110796093940734863e+00 -5.002747774124145508e-01 1.074653983116149902e+00 -1.035112142562866211e+00 2.490262269973754883e+00
3.055275678634643555e+00 -3.924426317214965820e+00 2.137688875198364258e+00 -8.559649586677551270e-01 -1.847302317619323730e+00 7.672998309135437012e-01 -5.361479282379150391e+00 -2.111022472381591797e+00 -1.351812481880187988e-01 2.129402399063110352e+00 -1.039182424545288086e+00 -6.772998332977294922e+00 1.911705374717712402e+00 -6.218501329421997070e-01 1.660030961036682129e+00
-2.588122367858886719e+00 -1.610979914665222168e+00 -8.389773368835449219e-01 6.555975675582885742e-01 -1.613843202590942383e+00 -1.311155594885349274e-02 1.587809324264526367e+00 1.348012328147888184e+00 3.763924360275268555e+00 2.319648504257202148e+00 -3.234227895736694336e+00 -4.236024379730224609e+00 1.401250720024108887e+00 -9.601064920425415039e-01 3.460298061370849609e+00
3.202999591827392578e+00 -3.977226734161376953e+00 8.162750244140625000e+00 -3.206759929656982422e+00 -1.045380719006061554e-02 6.840760111808776855e-01 -8.533728599548339844e+00 -4.149339199066162109e+00 -4.565025806427001953e+00 2.336199760437011719e+00 -1.744910240173339844e+00 -6.067481517791748047e+00 6.729752063751220703e+00 1.752884238958358765e-01 1.982790827751159668e+00
5.782238245010375977e-01 -3.976575136184692383e+00 -2.941165491938591003e-02 -1.091738939285278320e+00 -1.557486057281494141e+00 -1.257719278335571289e+00 -2.312097311019897461e+00 5.881678462028503418e-01 1.678135991096496582e+00 1.180676460266113281e+00 1.921920180320739746e+00 -1.308364629745483398e+00 -8.525009155273437500e-01 -9.007624983787536621e-01 5.365955829620361328e-01
-7.489805817604064941e-01 -3.516624689102172852e+00 -8.169876337051391602e-01 -4.773046672344207764e-01 3.422350883483886719e-01 1.303099155426025391e+00 -3.362411737442016602e+00 2.460926532745361328e+00 2.947119474411010742e+00 -7.666129469871520996e-01 -7.407737374305725098e-01 -6.101471781730651855e-01 2.146377600729465485e-02 -3.203761339187622070e+00 -1.222295045852661133e+00
1.738949179649353027e+00 -2.173781156539916992e+00 5.027306079864501953e-01 -3.153274357318878174e-01 2.101655721664428711e+00 1.725571632385253906e+00 -1.331648111343383789e+00 -7.299777865409851074e-01 5.524989962577819824e-01 9.896391630172729492e-01 1.957338452339172363e+00 -8.242648839950561523e-01 3.152556419372558594e+00 -1.599111557006835938e+00 3.807190656661987305e-01
9.384822249412536621e-01 -5.310254096984863281e+00 2.905350685119628906e+00 -3.811468362808227539e+00 -2.985396146774291992e+00 2.754279613494873047e+00 -8.942788094282150269e-02 -2.371079474687576294e-01 1.739231824874877930e+00 1.206183552742004395e+00 1.279846191406250000e+00 -2.256504774093627930e+00 -3.384793400764465332e-01 -1.916180610656738281e+00 3.177252292633056641e+00
6.773817539215087891e-01 -4.116757869720458984e+00 -3.386173546314239502e-01 -3.256982564926147461e+00 1.243369132280349731e-01 5.989009857177734375e+00 -1.725446939468383789e+00 -2.891710281372070312e+00 2.031352996826171875e+00 2.228944063186645508e+00 3.017450809478759766e+00 -3.550172328948974609e+00 -4.977735877037048340e-01 -1.072535037994384766e+00 1.998969674110412598e+00
3.181694984436035156e+00 -1.408141970634460449e+00 8.617784380912780762e-01 -1.235213279724121094e+00 -2.548853635787963867e+00 7.115373611450195312e-01 -1.233395695686340332e+00 -2.043958663940429688e+00 2.087944269180297852e+00 1.857666492462158203e+00 1.349896430969238281e+00 -6.488698720932006836e-01 -2.748316287994384766e+00 -1.978900671005249023e+00 -8.907071352005004883e-01
-1.390487551689147949e+00 -2.732124328613281250e+00 6.685235500335693359e-01 1.220964789390563965e+00 -2.260613292455673218e-01 1.960722804069519043e-01 1.338425755500793457e+00 -3.100911080837249756e-01 3.745982050895690918e-01 1.378934532403945923e-01 -8.323537707328796387e-01 -9.437867403030395508e-01 -5.311843752861022949e-01 2.932281494140625000e+00 1.741548657417297363e+00
8.006683588027954102e-01 -1.898642301559448242e+00 2.091799974441528320e+00 -8.587720394134521484e-01 -1.496650338172912598e+00 1.071934938430786133e+00 -3.043533563613891602e+00 -9.878339767456054688e-01 6.169644184410572052e-04 1.519106984138488770e+00 -1.768889307975769043e+00 -4.107479155063629150e-01 9.962502121925354004e-01 7.331899404525756836e-01 2.773315191268920898e+00
2.945137739181518555e+00 -1.423111915588378906e+00 2.210364490747451782e-01 -6.093090400099754333e-02 -3.253881692886352539e+00 6.657046675682067871e-01 4.599059373140335083e-02 -9.579106569290161133e-01 1.235610485076904297e+00 3.621636152267456055e+00 2.040710926055908203e+00 -2.187802553176879883e+00 -1.030821725726127625e-01 -1.296264082193374634e-01 2.267186880111694336e+00
3.018683910369873047e+00 -1.281650424003601074e+00 1.286354780197143555e+00 4.078741967678070068e-01 -1.847386837005615234e+00 9.771785736083984375e-01 -4.827952861785888672e+00 -7.205392420291900635e-02 1.040567874908447266e+00 1.373136520385742188e+00 4.521372795104980469e+00 -3.698288202285766602e-01 3.711945056915283203e+00 -1.049747109413146973e+00 1.202375531196594238e+00
1.225418806076049805e+00 -6.862040519714355469e+00 2.505819082260131836e+00 -7.672806382179260254e-01 -1.305197328329086304e-01 3.184964895248413086e+00 9.973186254501342773e-01 -3.565139174461364746e-01 1.171462893486022949e+00 -1.266670674085617065e-01 2.297256231307983398e+00 -1.075210809707641602e+00 -1.749561280012130737e-01 3.376080274581909180e+00 1.168398141860961914e+00
3.842875361442565918e-01 -1.457324266433715820e+00 1.246159553527832031e+00 4.369721114635467529e-01 -1.616723895072937012e+00 1.393035948276519775e-01 -4.210608601570129395e-01 -3.228773474693298340e-01 -6.955816745758056641e-01 2.821248292922973633e+00 -9.484105110168457031e-01 -2.561570644378662109e+00 -3.288256525993347168e-01 6.905332207679748535e-01 8.226357102394104004e-01
2.535964727401733398e+00 -6.182203769683837891e+00 -1.554055571556091309e+00 -1.348024368286132812e+00 -4.516994953155517578e+00 1.338133335113525391e+00 -1.768064856529235840e+00 -2.710334300994873047e+00 3.964602708816528320e+00 1.770139575004577637e+00 -1.081540703773498535e+00 -2.784086704254150391e+00 -2.241871833801269531e+00 -1.851821541786193848e+00 2.045411586761474609e+00
3.086127519607543945e+00 -5.390692710876464844e+00 -1.417402476072311401e-01 4.676472246646881104e-01 -5.956970453262329102e-01 1.438215374946594238e+00 -3.400799274444580078e+00 -1.634455442428588867e+00 1.312475562095642090e+00 3.615979909896850586e+00 1.133745193481445312e+00 -3.000570535659790039e-01 8.769721388816833496e-01 -1.395061373710632324e+00 2.757468461990356445e+00
2.639181613922119141e+00 -3.615023851394653320e+00 5.656685829162597656e-01 -8.394657373428344727e-01 9.532755613327026367e-01 1.761528730392456055e+00 -3.806027650833129883e+00 -3.112557530403137207e-01 1.577862501144409180e+00 3.968997478485107422e+00 4.165097713470458984e+00 -2.341878175735473633e+00 -7.354974150657653809e-01 -1.217909812927246094e+00 2.053014278411865234e+00
2.185132503509521484e+00 -2.021267414093017578e+00 1.697781801223754883e+00 -2.692407608032226562e+00 6.732183694839477539e-01 2.148978471755981445e+00 -1.007027745246887207e+00 -2.171937376260757446e-01 -7.642024159431457520e-01 9.597903490066528320e-01 1.318346858024597168e+00 -2.772376775741577148e+00 -1.426643848419189453e+00 1.473560214042663574e+00 1.698725104331970215e+00
3.645894527435302734e+00 -4.655134201049804688e+00 -4.840625226497650146e-01 -2.656781196594238281e+00 -3.192763030529022217e-01 2.731627464294433594e+00 -2.503900766372680664e+00 -2.867995023727416992e+00 5.823782682418823242e-01 3.311284303665161133e+00 -6.400606036186218262e-01 -1.924695611000061035e+00 9.622767567634582520e-01 -1.129302978515625000e+00 2.995364189147949219e+00
7.876318097114562988e-01 -2.480391740798950195e+00 2.555479049682617188e+00 -4.831743240356445312e-01 9.919769763946533203e-01 5.483666062355041504e-01 -1.998321175575256348e+00 -2.143981933593750000e+00 1.180122494697570801e+00 2.717471599578857422e+00 7.793747186660766602e-01 -8.649476766586303711e-01 1.790364384651184082e+00 -3.383618593215942383e-01 5.582841038703918457e-01
3.374032974243164062e+00 -4.853028059005737305e-01 5.154556035995483398e-01 -2.036121368408203125e+00 -2.576479613780975342e-01 3.227470815181732178e-01 -2.308820962905883789e+00 -3.682650327682495117e-01 2.378582000732421875e+00 1.272129535675048828e+00 -4.672077894210815430e-01 -1.308716773986816406e+00 -5.921322703361511230e-01 -1.591366380453109741e-01 2.666174888610839844e+00
3.219062328338623047e+00 -2.443632602691650391e+00 6.208336353302001953e-01 1.222849607467651367e+00 -2.990039110183715820e+00 -1.332501530647277832e+00 -4.919608116149902344e+00 8.043904900550842285e-01 2.510727643966674805e-01 5.741083621978759766e+00 -6.191086769104003906e-01 3.040855526924133301e-01 -2.142803430557250977e+00 -1.209025859832763672e+00 4.940698623657226562e+00
2.171822309494018555e+00 -1.545091152191162109e+00 1.757930159568786621e+00 -7.417796254158020020e-01 -3.944482803344726562e+00 2.709985733032226562e+00 5.037729144096374512e-01 -1.773662567138671875e+00 2.800220489501953125e+00 3.487503230571746826e-01 1.792025804519653320e+00 -5.357238054275512695e-01 -7.065749168395996094e-01 8.890665769577026367e-01 2.043998718261718750e+00
5.066515207290649414e-01 -3.742776155471801758e+00 1.272900700569152832e+00 -2.913571894168853760e-01 -1.577431797981262207e+00 1.378812432289123535e+00 -1.843100786209106445e+00 -2.460192680358886719e+00 -3.101740360260009766e+00 -1.065201610326766968e-01 -2.396003961563110352e+00 -1.252569079399108887e+00 2.748342037200927734e+00 5.595951080322265625e-01 1.376516222953796387e+00
2.046018123626708984e+00 -3.898179769515991211e+00 1.353779554367065430e+00 -2.106116533279418945e+00 -1.563096404075622559e+00 5.346247553825378418e-01 5.384179949760437012e-01 -3.091655254364013672e+00 4.811914563179016113e-01 8.980102539062500000e-01 3.478239774703979492e+00 -2.684440374374389648e+00 7.000579833984375000e-01 2.071435451507568359e+00 2.440036535263061523e+00
1.987260937690734863e+00 -2.402125597000122070e+00 1.085133403539657593e-01 2.497807741165161133e+00 -6.306673586368560791e-02 6.630300283432006836e-01 -8.224628567695617676e-01 -1.385161161422729492e+00 -7.848608493804931641e-01 8.970714807510375977e-01 -7.075570821762084961e-01 -2.749973773956298828e+00 -5.575972795486450195e-01 1.037598699331283569e-01 2.099620342254638672e+00
3.325287580490112305e+00 9.845986366271972656e-01 1.219042420387268066e+00 -1.290659904479980469e+00 -5.893253684043884277e-01 -1.271162927150726318e-01 -8.283100724220275879e-01 -1.891535162925720215e+00 5.943647027015686035e-01 4.496929168701171875e+00 4.658396244049072266e-01 -2.353288412094116211e+00 1.402821540832519531e+00 8.654072284698486328e-01 2.126040458679199219e+00
3.101881742477416992e+00 -2.327114343643188477e+00 1.327420473098754883e+00 -1.950717091560363770e+00 -6.461063861846923828e+00 2.927726745605468750e+00 -3.773084878921508789e+00 -1.431023716926574707e+00 9.365673065185546875e-01 3.539304018020629883e+00 3.051586151123046875e+00 -9.942048192024230957e-01 -2.820213317871093750e+00 -9.117666482925415039e-01 -4.411958456039428711e-01
4.908906817436218262e-01 -2.711218595504760742e+00 2.124687433242797852e+00 8.218932747840881348e-01 7.080395221710205078e-01 4.119477570056915283e-01 -2.046946287155151367e+00 9.434680640697479248e-02 1.716837167739868164e+00 1.836778879165649414e+00 6.421228051185607910e-01 -1.356064796447753906e+00 -7.533613443374633789e-01 -5.131719112396240234e-01 -2.755681276321411133e-01
6.214229464530944824e-01 -4.337294578552246094e+00 -1.307278722524642944e-01 1.390799880027770996e+00 -4.861208200454711914e-01 7.431692481040954590e-01 -1.875771403312683105e+00 2.371529117226600647e-04 5.105968937277793884e-02 1.408400058746337891e+00 -1.158417940139770508e+00 -7.029985636472702026e-02 -2.725571393966674805e+00 1.710412740707397461e+00 5.110723376274108887e-01
3.357628583908081055e+00 -2.319888114929199219e+00 4.336985111236572266e+00 -2.597474575042724609e+00 -3.176746129989624023e+00 1.215696573257446289e+00 -1.246754527091979980e+00 -1.618095874786376953e+00 -5.337575674057006836e-01 2.213595151901245117e+00 1.971880316734313965e+00 -2.108837127685546875e+00 1.281231522560119629e+00 1.280199270695447922e-02 -7.626594305038452148e-01
1.876146435737609863e+00 -3.341011285781860352e+00 1.889368057250976562e+00 -3.083046078681945801e-01 -1.469627022743225098e+00 1.814866662025451660e+00 -3.879932165145874023e-01 -1.270581126213073730e+00 5.901931524276733398e-01 1.314876794815063477e+00 -3.892066422849893570e-03 -2.528892993927001953e+00 1.069499924778938293e-01 6.056349277496337891e-01 6.534512042999267578e-01
-1.379200696945190430e+00 -1.670246720314025879e+00 -1.125333786010742188e+00 -2.309516966342926025e-01 3.834159374237060547e-01 1.925169229507446289e+00 -2.135432004928588867e+00 2.839353084564208984e-01 3.008864641189575195e+00 1.320040225982666016e+00 -5.153279900550842285e-01 -1.348618865013122559e+00 -4.264038503170013428e-01 -1.544944286346435547e+00 1.532335132360458374e-01
4.108517646789550781e+00 -2.032357454299926758e+00 3.497022628784179688e+00 -1.723805665969848633e+00 -2.460067272186279297e+00 2.812369167804718018e-01 -4.168563365936279297e+00 -2.893467061221599579e-02 -6.616827845573425293e-02 4.390987873077392578e+00 6.805089116096496582e-01 -1.400341153144836426e+00 -1.677559018135070801e+00 3.743376731872558594e+00 4.369251251220703125e+00
4.558010697364807129e-01 -3.149885654449462891e+00 5.553758144378662109e-01 -8.450569510459899902e-01 -3.256324529647827148e+00 -1.047592759132385254e+00 -1.785372495651245117e+00 1.417040228843688965e+00 1.788430809974670410e+00 1.316063404083251953e+00 -2.640108466148376465e-01 -2.646676540374755859e+00 2.390566825866699219e+00 1.580388665199279785e+00 2.356986045837402344e+00
4.963079929351806641e+00 -5.858565330505371094e+00 5.301364660263061523e-01 -2.660417556762695312e+00 -1.850003600120544434e+00 -8.516219258308410645e-01 4.016005396842956543e-01 1.571626514196395874e-01 2.615525722503662109e+00 3.444467067718505859e+00 -4.381730556488037109e+00 -4.232850551605224609e+00 3.806889772415161133e+00 -2.980171680450439453e+00 -2.558688402175903320e+00
2.057425737380981445e+00 -6.401890754699707031e+00 1.056366920471191406e+00 -1.154677152633666992e+00 -6.496869564056396484e+00 6.072235107421875000e+00 -1.184395432472229004e+00 -3.608392953872680664e+00 4.278232574462890625e+00 2.148140668869018555e+00 1.093895435333251953e+00 -4.376072406768798828e+00 -9.190470576286315918e-01 -3.520829677581787109e+00 2.067463159561157227e+00
1.007348895072937012e-01 -3.990405321121215820e+00 2.678567469120025635e-01 -3.311925828456878662e-01 -8.431913256645202637e-01 2.154154539108276367e+00 -2.359186887741088867e+00 -2.038944005966186523e+00 -7.298350334167480469e-01 4.137542724609375000e+00 5.830016732215881348e-01 -1.114306375384330750e-01 -1.324468493461608887e+00 5.431566238403320312e-01 1.220483303070068359e+00
2.586706876754760742e+00 -4.334059953689575195e-01 2.579089164733886719e+00 -1.015268325805664062e+00 8.905372023582458496e-01 2.523119688034057617e+00 -2.302960872650146484e+00 -1.935479283332824707e+00 1.936537623405456543e-01 1.899953484535217285e+00 -3.324413672089576721e-02 -1.634471297264099121e+00 -7.108711004257202148e-01 7.608541846275329590e-01 5.238451957702636719e-01
1.103812083601951599e-02 -1.402923107147216797e+00 1.052387714385986328e+00 -1.967064142227172852e+00 -3.621093750000000000e+00 2.701972484588623047e+00 -2.496012687683105469e+00 -8.257283829152584076e-03 2.439877510070800781e+00 5.135535717010498047e+00 2.934137105941772461e+00 -2.076509237289428711e+00 -2.121520519256591797e+00 -2.239670515060424805e+00 6.359535455703735352e-01
2.244366407394409180e+00 -2.892825126647949219e+00 1.259468942880630493e-01 -2.297390460968017578e+00 -1.477337479591369629e+00 8.350759148597717285e-01 -3.937118500471115112e-02 -3.262351751327514648e-01 -4.763526096940040588e-02 1.405354261398315430e+00 4.679007530212402344e-01 -3.693415164947509766e+00 -1.129761576652526855e+00 -8.916826248168945312e-01 2.110468149185180664e+00
4.783709526062011719e+00 -4.389467239379882812e+00 7.281299829483032227e-01 -1.539570927619934082e+00 -1.556621193885803223e+00 3.085586987435817719e-02 -3.415095567703247070e+00 -2.577080249786376953e+00 1.561218142509460449e+00 7.693287134170532227e-01 -4.114132523536682129e-01 -2.701308012008666992e+00 -5.731729269027709961e-01 -1.714360713958740234e+00 2.637227177619934082e-01
6.660097241401672363e-01 2.634626626968383789e-01 2.282081365585327148e+00 -1.938334405422210693e-01 -2.742784500122070312e+00 1.457801580429077148e+00 -2.311998128890991211e+00 -4.378423988819122314e-01 -9.362257122993469238e-01 2.448809146881103516e+00 9.141346216201782227e-01 -2.947981119155883789e+00 6.311169266700744629e-01 1.226501464843750000e+00 2.036096334457397461e+00
3.857765793800354004e-01 4.345841705799102783e-02 1.981791734695434570e+00 -1.751312911510467529e-01 1.880382061004638672e+00 7.832005620002746582e-01 4.729896485805511475e-01 -1.138231039047241211e+00 -1.064996361732482910e+00 1.702776193618774414e+00 2.239542722702026367e+00 -2.374457836151123047e+00 -7.043740153312683105e-01 3.830853462219238281e+00 1.878854632377624512e+00
1.545692682266235352e+00 -2.499397516250610352e+00 3.726735413074493408e-01 -7.312539219856262207e-01 1.311548590660095215e+00 2.290100812911987305e+00 -1.005516648292541504e+00 -5.922583937644958496e-01 5.161122083663940430e-01 3.711917161941528320e+00 4.496090412139892578e-01 -1.759322881698608398e-01 -1.604502797126770020e+00 -9.822372794151306152e-01 1.600533723831176758e+00
2.261592745780944824e-01 1.923007220029830933e-01 1.336208581924438477e+00 3.299707889556884766e+00 -3.653461217880249023e+00 2.077158987522125244e-01 -2.346814393997192383e+00 6.679288148880004883e-01 -5.028123036026954651e-02 1.350935846567153931e-01 -2.798665523529052734e+00 -2.029314041137695312e-01 1.188853457570075989e-01 -8.653553724288940430e-01 4.430973529815673828e+00
2.442870855331420898e+00 -1.403974652290344238e+00 3.744878172874450684e-01 3.654791414737701416e-01 -8.174852132797241211e-01 -5.360874161124229431e-02 -3.949197053909301758e+00 2.181052684783935547e+00 1.964933037757873535e+00 5.250771999359130859e+00 3.923681974411010742e-01 -3.296870470046997070e+00 1.883223772048950195e+00 -6.246406957507133484e-02 1.641968011856079102e+00
2.123370170593261719e+00 -6.823547482490539551e-01 -9.036894887685775757e-03 4.611131921410560608e-02 -2.485689401626586914e+00 -3.703648447990417480e-01 -2.231971025466918945e+00 -3.811032176017761230e-01 1.425276398658752441e+00 3.246533155441284180e+00 1.254990339279174805e+00 -4.091132283210754395e-01 1.083253622055053711e+00 3.452247381210327148e-01 2.999650001525878906e+00
-1.836350560188293457e-01 -3.450023889541625977e+00 2.263914108276367188e+00 -1.072573661804199219e+00 -2.145349830389022827e-01 -1.609904766082763672e+00 -2.719667673110961914e+00 2.504535913467407227e+00 1.619286537170410156e+00 5.119529366493225098e-01 -5.626002550125122070e-01 -2.251420259475708008e+00 1.241395354270935059e+00 1.083797931671142578e+00 2.612823247909545898e+00
-7.638962864875793457e-01 -1.915922403335571289e+00 4.496105611324310303e-01 4.070279896259307861e-01 -1.910866141319274902e+00 4.247286617755889893e-01 -8.063703179359436035e-01 -4.385812580585479736e-02 -2.513352870941162109e+00 2.859045267105102539e+00 1.404600441455841064e-01 -4.484405994415283203e+00 -1.270875781774520874e-01 -1.184058547019958496e+00 8.888535201549530029e-02
-2.014946341514587402e-01 2.910808026790618896e-01 6.134842038154602051e-01 -1.931213498115539551e+00 2.933447062969207764e-01 3.036680459976196289e+00 -7.498680800199508667e-02 -2.943547368049621582e-01 5.449188947677612305e-01 3.533546447753906250e+00 -4.188636541366577148e-01 -1.853836894035339355e+00 1.555429220199584961e+00 -2.626753568649291992e+00 3.868091152980923653e-03
1.975463986396789551e+00 8.024592995643615723e-01 1.015436410903930664e+00 1.748220026493072510e-01 -3.725431919097900391e+00 -1.388523459434509277e+00 4.526457190513610840e-01 -1.492591023445129395e+00 1.561391949653625488e+00 2.052637338638305664e+00 -3.540408134460449219e+00 -3.318080186843872070e+00 -1.116700768470764160e+00 -5.469388365745544434e-01 1.458254218101501465e+00
2.873671293258666992e+00 -5.418530464172363281e+00 1.359385967254638672e+00 -2.193268775939941406e+00 -2.375502824783325195e+00 6.592007160186767578e+00 -2.977203607559204102e+00 -2.557933807373046875e+00 2.773653268814086914e-01 3.529357671737670898e+00 -2.619815826416015625e+00 -9.050874710083007812e-01 -1.442380309104919434e+00 -3.203408718109130859e+00 -6.905062794685363770e-01
1.849530816078186035e+00 -9.481857419013977051e-01 -1.092908978462219238e+00 -2.282109498977661133e+00 -8.353067040443420410e-01 -7.372004985809326172e-01 5.638099908828735352e-01 -2.723516464233398438e+00 2.315562009811401367e+00 7.972995042800903320e-01 7.514253258705139160e-01 -2.823567390441894531e+00 -6.103457808494567871e-01 -1.758990287780761719e+00 9.952335953712463379e-01
1.913229346275329590e+00 -3.946640253067016602e+00 2.832160234451293945e+00 -1.875968456268310547e+00 -2.208797216415405273e+00 -1.156288981437683105e+00 -2.683413743972778320e+00 2.261213302612304688e+00 1.905465722084045410e+00 3.959006071090698242e-01 -2.133813142776489258e+00 -2.315669059753417969e+00 2.459491044282913208e-01 1.438424110412597656e+00 3.596016645431518555e+00
9.048946499824523926e-01 -1.221369266510009766e+00 1.061508178710937500e+00 -3.984310626983642578e+00 -1.872502326965332031e+00 2.959196805953979492e+00 -2.476279586553573608e-01 -1.589797258377075195e+00 1.976475834846496582e+00 1.117002606391906738e+00 -5.676858425140380859e-01 -1.992378830909729004e+00 1.420398831367492676e+00 -3.492208957672119141e+00 2.411262989044189453e+00
1.972189426422119141e+00 -3.538833141326904297e+00 1.782599687576293945e+00 -1.919987082481384277e+00 -1.382624268531799316e+00 1.775402665138244629e+00 -2.005006074905395508e+00 -1.320790290832519531e+00 1.447689652442932129e+00 2.261828660964965820e+00 1.561618328094482422e+00 -2.392139673233032227e+00 -9.475901722908020020e-01 1.563548684120178223e+00 3.900409638881683350e-01
5.973015427589416504e-01 -2.332045316696166992e+00 1.304786920547485352e+00 -2.047231435775756836e+00 -8.743787407875061035e-01 1.185710787773132324e+00 3.055503964424133301e-01 7.873170077800750732e-02 2.411354064941406250e+00 2.915872335433959961e+00 1.722615480422973633e+00 -2.450937032699584961e+00 -1.302097201347351074e+00 -1.874851107597351074e+00 -5.027379393577575684e-01
7.104347348213195801e-01 -7.010036468505859375e+00 -5.515418574213981628e-02 -1.083628416061401367e+00 -2.053653955459594727e+00 3.174622952938079834e-01 1.271562218666076660e+00 -5.448010563850402832e-01 1.756774187088012695e-01 2.573198080062866211e+00 -1.931107521057128906e+00 -3.381494045257568359e+00 -1.867018818855285645e+00 3.371221542358398438e+00 3.122604608535766602e+00
3.263707876205444336e+00 -2.581893205642700195e+00 1.207446932792663574e+00 -1.024385690689086914e+00 -1.495808601379394531e+00 1.633964896202087402e+00 -2.903059959411621094e+00 -1.139636188745498657e-01 -1.972782909870147705e-01 3.366575717926025391e+00 1.853687763214111328e+00 -2.608842372894287109e+00 -1.397838354110717773e+00 2.330611832439899445e-02 -7.949751801788806915e-03
4.142092704772949219e+00 -4.059739112854003906e+00 9.239264726638793945e-01 -2.617272377014160156e+00 -4.984668493270874023e-01 2.443639002740383148e-02 1.239057421684265137e+00 1.061666011810302734e+00 8.091906309127807617e-01 1.990224361419677734e+00 -2.053126335144042969e+00 -2.590099811553955078e+00 -7.252073287963867188e-01 2.018230915069580078e+00 1.886714339256286621e+00
2.391819238662719727e+00 -5.335909366607666016e+00 -1.093739390373229980e+00 -2.139391899108886719e+00 -9.181120872497558594e+00 5.594066977500915527e-01 -4.232965469360351562e+00 -2.444909572601318359e+00 -1.299943923950195312e+00 -2.031885147094726562e+00 -2.373260259628295898e+00 -8.170922994613647461e-01 2.992719173431396484e+00 -1.428021430969238281e+00 2.121957302093505859e+00
2.932010412216186523e+00 -5.037343025207519531e+00 1.580976247787475586e+00 -1.363928318023681641e+00 -4.124641895294189453e+00 -8.118305206298828125e-01 -3.388241291046142578e+00 -1.974650859832763672e+00 8.060579299926757812e-01 8.432287573814392090e-01 -1.004589319229125977e+00 -3.019949913024902344e+00 6.049639582633972168e-01 2.372220605611801147e-01 2.021429538726806641e+00
-1.374517440795898438e+00 -1.416309237480163574e+00 3.723534643650054932e-01 1.828618884086608887e+00 -6.885309815406799316e-01 2.888897180557250977e+00 2.928263902664184570e+00 -1.463319063186645508e+00 5.607911586761474609e+00 1.002742171287536621e+00 1.630838632583618164e+00 -3.494734525680541992e+00 8.436010479927062988e-01 4.517677426338195801e-01 -1.363052964210510254e+00
4.089015126228332520e-01 -4.046676158905029297e+00 -1.137251853942871094e+00 -2.102377891540527344e+00 -2.517359495162963867e+00 -4.152924716472625732e-01 3.263284564018249512e-01 3.248733878135681152e-01 -4.818412065505981445e-01 3.600321114063262939e-01 -6.115943193435668945e-01 -4.367821216583251953e+00 1.801187157630920410e+00 2.261203527450561523e+00 3.268426179885864258e+00
3.596472978591918945e+00 -5.142018795013427734e-01 2.679801225662231445e+00 -2.476061284542083740e-01 -2.851910889148712158e-01 2.384716510772705078e+00 -2.368621587753295898e+00 -2.106358528137207031e+00 2.306763172149658203e+00 4.772635936737060547e+00 1.767527461051940918e-01 -1.813876271247863770e+00 1.343900710344314575e-01 -4.391975402832031250e-01 -5.052666664123535156e-01
4.038522720336914062e+00 -1.025748968124389648e+00 1.852838516235351562e+00 4.196924269199371338e-01 -1.342335104942321777e+00 -7.650759816169738770e-01 -2.797070264816284180e+00 -6.033977866172790527e-01 4.312281608581542969e-01 2.320415735244750977e+00 -1.011665344238281250e+00 -4.497688770294189453e+00 8.476910591125488281e-01 -5.049335956573486328e-01 3.817003965377807617e-01
5.320617198944091797e+00 -4.304385662078857422e+00 3.081235647201538086e+00 4.539140164852142334e-01 -2.948908329010009766e+00 2.196862459182739258e+00 -2.151704788208007812e+00 -2.460155487060546875e+00 2.424408912658691406e+00 2.527834177017211914e+00 -3.775304183363914490e-02 -1.753867030143737793e+00 -1.365969061851501465e+00 2.838868856430053711e+00 1.173232436180114746e+00
3.669355154037475586e+00 -3.276325225830078125e+00 4.857850074768066406e+00 4.330998361110687256e-01 -3.427650690078735352e+00 -1.866593122482299805e+00 -2.499797105789184570e+00 -1.644567966461181641e+00 9.914438724517822266e-01 5.053013324737548828e+00 3.924682736396789551e-01 -2.473792791366577148e+00 -1.237280294299125671e-01 3.708226680755615234e+00 2.161456584930419922e+00
1.226549029350280762e+00 -3.467120409011840820e+00 1.695370823144912720e-01 3.700008094310760498e-01 -2.129886150360107422e+00 3.143629074096679688e+00 -3.857693374156951904e-01 -7.816808819770812988e-01 -4.394337534904479980e-01 2.514689207077026367e+00 2.252771854400634766e+00 -9.466001391410827637e-01 7.089094519615173340e-01 6.805075407028198242e-01 1.209353804588317871e+00
3.110382556915283203e+00 -3.117242574691772461e+00 1.911382794380187988e+00 -1.629290461540222168e+00 5.982978343963623047e-01 5.529532209038734436e-02 -3.431343555450439453e+00 -2.718212604522705078e+00 -2.289802074432373047e+00 4.272613048553466797e+00 1.501814365386962891e+00 -2.089112997055053711e+00 -2.980160236358642578e+00 5.421946048736572266e-01 -1.344505071640014648e+00
-2.972905635833740234e-01 -1.863829135894775391e+00 -3.122929036617279053e-01 -9.582127928733825684e-01 -2.583230257034301758e+00 -1.766477525234222412e-01 -4.967020153999328613e-01 -5.340466976165771484e+00 -1.563627481460571289e+00 1.006483793258666992e+00 -1.366166710853576660e+00 -5.280781269073486328e+00 1.203156471252441406e+00 1.294921278953552246e+00 -6.390038132667541504e-01
3.932671308517456055e+00 -3.071487903594970703e+00 3.331833600997924805e+00 1.295614719390869141e+00 -1.754617452621459961e+00 1.642318248748779297e+00 -3.483342885971069336e+00 8.404652774333953857e-02 -2.759459614753723145e-01 -7.040606439113616943e-02 3.306380510330200195e-01 1.640071749687194824e+00 9.682624936103820801e-01 3.162870407104492188e+00 2.237523555755615234e+00
1.904508233070373535e+00 -2.642337560653686523e+00 2.126975774765014648e+00 5.209811925888061523e-01 -1.207682847976684570e+00 -2.113642729818820953e-02 -3.441185653209686279e-01 9.117575287818908691e-01 -2.297646403312683105e-01 1.887099981307983398e+00 -2.103868961334228516e+00 -3.723383545875549316e-01 8.954453468322753906e-01 -5.135461091995239258e-01 2.724949121475219727e+00
2.658698558807373047e+00 -3.930900573730468750e+00 -2.458454370498657227e+00 -1.173519253730773926e+00 -2.812346458435058594e+00 -9.022918343544006348e-01 -2.003854990005493164e+00 -7.956371784210205078e+00 -1.064182162284851074e+00 2.197079420089721680e+00 3.305610418319702148e-01 -6.303148746490478516e+00 3.118950366973876953e+00 7.729420661926269531e-01 1.986491680145263672e+00
2.322802782058715820e+00 -4.749977111816406250e+00 9.378049373626708984e-01 1.850641250610351562e+00 -1.728195071220397949e+00 -7.160337567329406738e-01 -2.916098356246948242e+00 -9.692761301994323730e-01 1.195052623748779297e+00 9.424938261508941650e-02 -1.341227531433105469e+00 -1.059472441673278809e+00 1.028210893273353577e-01 1.594319581985473633e+00 -2.425719499588012695e+00
4.027245521545410156e+00 -2.821421623229980469e-01 1.152070283889770508e+00 -1.049473404884338379e+00 2.831504642963409424e-01 1.135273337364196777e+00 -4.869210124015808105e-01 -1.508915901184082031e+00 1.837074384093284607e-02 2.942708253860473633e+00 2.829170703887939453e+00 -1.400293350219726562e+00 -3.541981577873229980e-01 1.295535564422607422e+00 5.167082548141479492e-01
3.755461931228637695e+00 -7.552533149719238281e-01 2.619753599166870117e+00 -2.557882308959960938e+00 -1.454694628715515137e+00 2.807445287704467773e+00 -1.929378151893615723e+00 -4.306677579879760742e-01 3.753102302551269531e+00 1.806607723236083984e+00 -6.974571347236633301e-01 1.167215183377265930e-01 3.163790106773376465e-01 -3.309277534484863281e+00 -2.004195377230644226e-02
3.882652759552001953e+00 -2.066129446029663086e+00 8.119262754917144775e-02 5.667560100555419922e-01 -2.228344678878784180e+00 1.818005323410034180e+00 -2.793652296066284180e+00 -2.091592550277709961e+00 2.523211717605590820e+00 2.736742019653320312e+00 5.160119056701660156e+00 1.602534055709838867e+00 -2.893110513687133789e+00 2.591798067092895508e+00 9.994362592697143555e-01
-1.119677782058715820e+00 -4.296435832977294922e+00 -4.976738393306732178e-01 -2.783144235610961914e+00 8.757452368736267090e-01 1.847046375274658203e+00 -4.871842861175537109e+00 -1.469964623451232910e+00 1.341064929962158203e+00 1.497983694076538086e+00 1.563842654228210449e+00 -2.758008003234863281e+00 -1.370481133460998535e+00 -9.536705017089843750e-01 1.733169674873352051e+00
4.571073055267333984e-01 -2.849866151809692383e+00 1.344866752624511719e+00 -3.014137268066406250e+00 9.005863666534423828e-01 1.197309732437133789e+00 -2.369735717773437500e+00 -1.263069391250610352e+00 1.505614757537841797e+00 1.394612908363342285e+00 -2.834011316299438477e-01 -1.874142050743103027e+00 3.490944385528564453e+00 -2.937840938568115234e+00 4.003058746457099915e-02
1.742679238319396973e+00 -3.038339376449584961e+00 -2.418339967727661133e+00 1.989594340324401855e+00 4.583052992820739746e-01 3.966553211212158203e+00 1.878954052925109863e+00 -2.442311197519302368e-01 1.327114939689636230e+00 5.560700893402099609e+00 -2.706753015518188477e-01 1.591233968734741211e+00 -5.684879779815673828e+00 -7.024269104003906250e-01 2.740044116973876953e+00
2.935026884078979492e-01 -4.993086338043212891e+00 -3.810185194015502930e+00 -1.433474540710449219e+00 -4.246381282806396484e+00 2.956472158432006836e+00 -2.219286203384399414e+00 -4.898367881774902344e+00 7.886490225791931152e-01 1.085497379302978516e+00 -6.235589385032653809e-01 1.855590105056762695e+00 2.120688706636428833e-01 -8.291354179382324219e-01 -5.628407001495361328e-01
3.614607572555541992e+00 -1.598294258117675781e+00 3.106396675109863281e+00 -4.344484806060791016e+00 -5.487846136093139648e-01 -2.349327504634857178e-01 -4.618131637573242188e+00 1.576839685440063477e+00 -1.630672335624694824e+00 2.790666818618774414e+00 -5.051157474517822266e-01 -3.711805820465087891e+00 1.626105904579162598e+00 1.476741313934326172e+00 1.378697752952575684e+00
1.937778234481811523e+00 -2.775490999221801758e+00 2.442903041839599609e+00 -3.011309146881103516e+00 -1.419804453849792480e+00 1.365933537483215332e+00 -1.756606698036193848e+00 -2.302579402923583984e+00 -3.944279551506042480e-01 1.202704310417175293e+00 -7.582308650016784668e-01 -1.889390468597412109e+00 -1.805103868246078491e-01 5.387836694717407227e-01 3.422054052352905273e+00
2.284459829330444336e+00 -1.125496387481689453e+00 1.872323393821716309e+00 2.992203474044799805e+00 -1.811871170997619629e+00 2.131911277770996094e+00 -1.897011756896972656e+00 6.077050566673278809e-01 7.214723229408264160e-01 1.974714756011962891e+00 1.653570055961608887e+00 -1.521452307701110840e+00 -6.657987236976623535e-01 9.356300532817840576e-02 1.102823615074157715e+00
6.375774741172790527e-01 -5.423313617706298828e+00 3.234717369079589844e+00 -2.127397060394287109e+00 -9.666791558265686035e-01 7.350097298622131348e-01 -1.520102858543395996e+00 -9.927886128425598145e-01 -1.530245065689086914e+00 2.406543016433715820e+00 -3.787541866302490234e+00 -3.198078870773315430e-01 -1.697357147932052612e-01 -7.443308830261230469e-01 4.989328384399414062e-01
3.639215230941772461e+00 -1.402485132217407227e+00 5.953321456909179688e-01 -7.515571713447570801e-01 -2.525552511215209961e+00 2.842764556407928467e-01 -9.510914087295532227e-01 -1.059848189353942871e+00 2.304018020629882812e+00 1.591890096664428711e+00 -2.156502194702625275e-02 -4.193138122558593750e+00 -1.821111083030700684e+00 1.437132120132446289e+00 2.041063070297241211e+00
2.560483932495117188e+00 -5.300801753997802734e+00 2.752171277999877930e+00 -2.218740284442901611e-01 -3.157204866409301758e+00 7.523713707923889160e-01 -1.470618367195129395e+00 -1.389305591583251953e+00 9.449397325515747070e-01 8.713705539703369141e-01 -7.288544178009033203e-01 -3.352779626846313477e+00 -2.152141779661178589e-01 3.119434356689453125e+00 1.055974125862121582e+00
4.394216537475585938e+00 -4.301317691802978516e+00 -2.485281705856323242e+00 -8.439721912145614624e-02 6.105251908302307129e-01 1.321821093559265137e+00 -1.947020530700683594e+00 -1.907615423202514648e+00 -3.406385779380798340e-01 1.481777667999267578e+00 -2.110219001770019531e+00 -1.837526559829711914e+00 4.492581844329833984e+00 -4.070136547088623047e+00 2.304205656051635742e+00
1.686042428016662598e+00 -2.990961551666259766e+00 1.093739151954650879e+00 -9.495980143547058105e-01 -8.321645259857177734e-01 2.146334886550903320e+00 -2.833855867385864258e+00 -5.356566309928894043e-01 1.268377065658569336e+00 2.935194253921508789e+00 8.509160876274108887e-01 -2.665958166122436523e+00 2.033709287643432617e+00 1.299764633178710938e+00 2.668323993682861328e+00
