-9.181025028228759766e-01 1.583120703697204590e+00 4.729070365428924561e-01 7.449058890342712402e-01 -6.768885850906372070e-01 -2.068336486816406250e+00 -5.009704232215881348e-01 1.678126335144042969e+00 -2.071288585662841797e+00 -4.875560402870178223e-01 2.350893616676330566e-01 -1.065375208854675293e+00 9.796112179756164551e-01 3.718260675668716431e-03 -8.230827450752258301e-01
-9.405364990234375000e-01 1.590734958648681641e+00 3.915908634662628174e-01 6.966241002082824707e-01 -6.294621229171752930e-01 -2.190453052520751953e+00 -5.160535573959350586e-01 1.690443038940429688e+00 -1.890274405479431152e+00 -5.105156302452087402e-01 3.486476838588714600e-01 -1.002599835395812988e+00 8.765804171562194824e-01 -9.787847101688385010e-02 -7.113800644874572754e-01
-1.073511719703674316e+00 1.035204291343688965e+00 -4.155004918575286865e-01 5.244736000895500183e-02 -3.563452661037445068e-01 4.734632670879364014e-01 1.432517766952514648e-01 7.312013506889343262e-01 -1.305860638618469238e+00 1.566897332668304443e-01 -1.175422430038452148e+00 -1.869381517171859741e-01 8.835675716400146484e-01 -3.562918901443481445e-01 -6.733765006065368652e-01
8.384602069854736328e-01 7.396565675735473633e-01 1.516659557819366455e-01 2.485371589660644531e+00 1.061982631683349609e+00 -1.292437165975570679e-01 1.090548276901245117e+00 -4.491321146488189697e-01 -1.126517914235591888e-02 -7.906855344772338867e-01 9.410862326622009277e-01 -2.617405354976654053e-02 3.944098651409149170e-01 -1.777318358421325684e+00 -4.238284528255462646e-01
-6.896998882293701172e-01 9.092649221420288086e-01 -1.246970653533935547e+00 -1.170572280883789062e+00 -4.518981277942657471e-01 9.763879179954528809e-01 -2.009903788566589355e-01 -9.129239618778228760e-02 -5.895684361457824707e-01 1.271688222885131836e+00 -1.249621868133544922e+00 8.383753299713134766e-01 1.232984587550163269e-01 -1.515068113803863525e-01 -1.223819553852081299e-01
-5.059606432914733887e-01 1.650049090385437012e+00 -3.172174394130706787e-01 -5.704836845397949219e-01 -1.764387607574462891e+00 -3.650636434555053711e+00 1.967643499374389648e-01 2.219051599502563477e+00 1.131288766860961914e+00 -4.468661546707153320e-01 1.384097933769226074e-01 1.239730268716812134e-01 4.878256916999816895e-01 -1.483572483062744141e+00 2.583275139331817627e-01
-5.731596946716308594e-01 1.403600573539733887e+00 5.267195105552673340e-01 8.006514906883239746e-01 -6.160249710083007812e-01 -1.724802970886230469e+00 -5.301898717880249023e-01 1.445391416549682617e+00 -1.811022877693176270e+00 -4.515625834465026855e-01 3.837065398693084717e-01 -1.148952484130859375e+00 7.905703186988830566e-01 -7.368901371955871582e-02 -7.937915921211242676e-01
-1.249403953552246094e+00 7.543246150016784668e-01 -1.262256801128387451e-01 -4.692439138889312744e-01 3.214889466762542725e-01 -1.043591976165771484e+00 7.972695827484130859e-01 1.600702762603759766e+00 -4.567041397094726562e-01 1.222974538803100586e+00 -1.182808995246887207e+00 7.709873914718627930e-01 2.613978981971740723e-01 6.622732877731323242e-01 1.866748183965682983e-01
-5.487033128738403320e-01 1.672699332237243652e+00 -3.684211671352386475e-01 -5.959685444831848145e-01 -1.594125747680664062e+00 -3.553972482681274414e+00 3.244134187698364258e-01 1.958143472671508789e+00 8.689782023429870605e-01 -4.130693078041076660e-01 3.999834656715393066e-01 4.548444412648677826e-03 3.247994780540466309e-01 -1.411699771881103516e+00 1.694097965955734253e-01
1.372477531433105469e+00 -8.967643976211547852e-01 1.758134663105010986e-01 1.172453641891479492e+00 -5.057424306869506836e-01 9.990831613540649414e-01 -2.632114291191101074e-01 2.360346913337707520e-01 -9.824728369712829590e-01 -1.975391954183578491e-01 9.411075115203857422e-01 -7.676880955696105957e-01 5.714725255966186523e-01 -7.440589070320129395e-01 -1.160561323165893555e+00
-1.435479760169982910e+00 1.543800234794616699e+00 -2.136846780776977539e+00 -1.898081898689270020e+00 -2.749876260757446289e+00 -1.014189839363098145e+00 1.322805762290954590e+00 4.119292795658111572e-01 -1.158276200294494629e+00 -8.732934296131134033e-02 -6.901385784149169922e-01 8.573366701602935791e-02 -8.204216361045837402e-01 -9.769750237464904785e-01 1.227301716804504395e+00
5.956339836120605469e-01 4.911779165267944336e-01 -3.165590465068817139e-01 4.694823324680328369e-01 -9.624081850051879883e-01 -1.432407140731811523e+00 -5.139154791831970215e-01 2.244141340255737305e+00 2.525548636913299561e-01 -7.381666302680969238e-01 -2.673042416572570801e-01 -7.011380195617675781e-01 1.379027128219604492e+00 -1.077037811279296875e+00 -1.280134469270706177e-01
-1.003301620483398438e+00 -1.111917138099670410e+00 -2.375719249248504639e-01 -5.757148265838623047e-01 -8.822137117385864258e-01 3.094670474529266357e-01 -5.362610220909118652e-01 1.246051073074340820e+00 2.484557867050170898e+00 9.267176687717437744e-02 -5.713473260402679443e-02 1.778266787528991699e+00 4.193469882011413574e-01 8.147280812263488770e-01 -2.294616222381591797e+00
-1.196341991424560547e+00 1.663377285003662109e+00 4.997283518314361572e-01 6.742911338806152344e-01 -5.628566741943359375e-01 -2.143306016921997070e+00 -4.227980375289916992e-01 1.538358688354492188e+00 -1.949114680290222168e+00 -4.490008354187011719e-01 2.672168314456939697e-01 -1.112872362136840820e+00 6.997697949409484863e-01 9.897742420434951782e-03 -6.776261925697326660e-01
-4.546656012535095215e-01 1.330706834793090820e+00 -6.014708057045936584e-02 -1.832481175661087036e-01 -1.236680150032043457e+00 -2.670204877853393555e+00 7.953768596053123474e-03 1.784410476684570312e+00 5.678961277008056641e-01 -1.662801802158355713e-01 -5.043688416481018066e-02 -1.135932058095932007e-01 4.031588435173034668e-01 -9.134643673896789551e-01 -1.328819543123245239e-01
-1.874212741851806641e+00 6.671331524848937988e-01 -1.293623149394989014e-01 -4.584768712520599365e-01 5.006988048553466797e-01 -1.215279102325439453e+00 9.571456909179687500e-01 1.621238231658935547e+00 -7.161675095558166504e-01 1.208984017372131348e+00 -1.286292076110839844e+00 8.069268465042114258e-01 3.772175908088684082e-01 6.133469343185424805e-01 8.694705367088317871e-02
7.296319007873535156e-01 1.050477385520935059e+00 3.057351522147655487e-02 2.437951326370239258e+00 9.360285997390747070e-01 -2.974523901939392090e-01 9.920446872711181641e-01 -2.772188186645507812e-01 -1.207634434103965759e-01 -7.968899011611938477e-01 8.655183315277099609e-01 -2.997465133666992188e-01 4.354610145092010498e-01 -1.861322402954101562e+00 -5.261102318763732910e-01
7.694459557533264160e-01 8.132951259613037109e-01 7.353904843330383301e-02 2.752501487731933594e+00 1.191498994827270508e+00 -2.368086874485015869e-01 1.360042572021484375e+00 -4.032128155231475830e-01 -2.198317199945449829e-01 -9.729864001274108887e-01 8.988779783248901367e-01 -2.469006627798080444e-01 5.606407523155212402e-01 -1.878079175949096680e+00 -4.054074585437774658e-01
2.053347349166870117e+00 -2.993830740451812744e-01 7.207456231117248535e-02 1.410478591918945312e+00 -1.405078411102294922e+00 5.763123631477355957e-01 -4.405817389488220215e-01 5.178978443145751953e-01 -7.331009954214096069e-02 6.539581418037414551e-01 6.025933027267456055e-01 -1.192238450050354004e+00 -1.442483186721801758e+00 -1.189946889877319336e+00 -6.888913512229919434e-01
-1.276996254920959473e+00 5.514661669731140137e-01 -5.331669449806213379e-01 -1.238723397254943848e+00 -1.534339338541030884e-01 -4.540684819221496582e-01 1.924284696578979492e-01 8.668537437915802002e-02 -4.426855146884918213e-01 1.536558151245117188e+00 -2.974803447723388672e-01 1.010448932647705078e+00 -6.127055287361145020e-01 8.136228919029235840e-01 3.707273602485656738e-01
3.343651890754699707e-01 6.945047974586486816e-01 1.485147885978221893e-02 2.340595722198486328e+00 1.057490348815917969e+00 -2.343830019235610962e-01 1.226282000541687012e+00 -2.874518334865570068e-01 -3.955486714839935303e-01 -8.208615183830261230e-01 7.870523929595947266e-01 -7.221482694149017334e-02 5.273143649101257324e-01 -1.648921251296997070e+00 -3.074811995029449463e-01
-1.353611946105957031e+00 1.728228807449340820e+00 -1.873206496238708496e+00 -1.691718578338623047e+00 -2.826150417327880859e+00 -1.074000120162963867e+00 1.063155174255371094e+00 5.850156545639038086e-01 -1.047829985618591309e+00 1.731831580400466919e-01 -8.521367311477661133e-01 1.717292219400405884e-01 -6.245860457420349121e-01 -1.021407008171081543e+00 1.081975817680358887e+00
-1.309368252754211426e+00 8.277950882911682129e-01 -6.990393996238708496e-02 -2.072758227586746216e-01 4.335047304630279541e-01 -8.119011521339416504e-01 6.178134679794311523e-01 1.248571157455444336e+00 -7.229856848716735840e-01 1.381683588027954102e+00 -1.178109288215637207e+00 5.552039146423339844e-01 1.996733546257019043e-01 5.367089509963989258e-01 1.954552978277206421e-01
-1.504090785980224609e+00 7.813382148742675781e-01 6.360402703285217285e-02 -2.026360780000686646e-01 2.533760368824005127e-01 -1.158971548080444336e+00 8.455044031143188477e-01 1.656499624252319336e+00 -6.612578034400939941e-01 1.441371202468872070e+00 -1.316184878349304199e+00 6.537864208221435547e-01 7.371776551008224487e-02 5.793465971946716309e-01 -2.321941033005714417e-02
-1.258032441139221191e+00 1.376715779304504395e+00 -1.362974524497985840e+00 -1.196540951728820801e+00 -2.085140466690063477e+00 -3.552291095256805420e-01 6.902031302452087402e-01 3.372827470302581787e-01 -1.020685553550720215e+00 5.466741919517517090e-01 -9.734352231025695801e-01 3.363217115402221680e-01 -6.759629845619201660e-01 -7.257945537567138672e-01 8.568606972694396973e-01
1.255322694778442383e+00 -8.862188458442687988e-01 1.253071129322052002e-01 1.060312509536743164e+00 -5.693103075027465820e-01 7.342324256896972656e-01 -1.808921992778778076e-01 3.882292807102203369e-01 -1.147046446800231934e+00 -2.477155476808547974e-01 8.865956664085388184e-01 -8.425126075744628906e-01 6.819949746131896973e-01 -7.055810689926147461e-01 -1.125095844268798828e+00
8.582380414009094238e-01 4.114238917827606201e-02 -1.082928657531738281e+00 5.032905936241149902e-01 4.454868435859680176e-01 4.254426658153533936e-01 1.255122065544128418e+00 -1.400510072708129883e+00 3.181342780590057373e-01 2.105215042829513550e-01 1.762342453002929688e+00 1.079498171806335449e+00 -7.494549155235290527e-01 -1.229784965515136719e+00 9.367294907569885254e-01
2.386374711990356445e+00 -3.049431741237640381e-01 -9.821863844990730286e-03 1.421545863151550293e+00 -1.326041340827941895e+00 5.511805415153503418e-01 -3.056805133819580078e-01 4.973356723785400391e-01 7.705882936716079712e-02 6.927233338356018066e-01 7.377125620841979980e-01 -1.183048844337463379e+00 -1.346246480941772461e+00 -1.538627743721008301e+00 -7.430385947227478027e-01
-1.408912777900695801e+00 7.167977094650268555e-01 -1.226746737957000732e-01 -4.520232677459716797e-01 2.766648828983306885e-01 -9.293776154518127441e-01 6.768738031387329102e-01 1.571366071701049805e+00 -5.974878668785095215e-01 1.332674026489257812e+00 -1.290431857109069824e+00 7.112361192703247070e-01 2.161737084388732910e-01 6.197046637535095215e-01 1.140405088663101196e-01
-1.620514154434204102e+00 -1.776692122220993042e-01 3.144656121730804443e-01 1.611452221870422363e+00 3.400449156761169434e-01 -1.807475805282592773e+00 9.576345682144165039e-01 -8.548742532730102539e-01 -7.314412593841552734e-01 -1.113889455795288086e+00 6.297540664672851562e-01 -1.510292887687683105e+00 -4.186070263385772705e-01 -5.836899280548095703e-01 -5.810462832450866699e-01
-1.296764254570007324e+00 1.058623909950256348e+00 -7.542178034782409668e-02 3.202958703041076660e-01 -2.688646614551544189e-01 4.271965473890304565e-02 4.545430541038513184e-01 7.948725223541259766e-01 -1.395446538925170898e+00 -1.892171055078506470e-01 -1.038597345352172852e+00 -3.081922531127929688e-01 8.960548043251037598e-01 -5.579053759574890137e-01 -7.973416447639465332e-01
-3.804051280021667480e-01 1.507945656776428223e+00 -3.772339597344398499e-02 -2.238390594720840454e-01 -1.383775472640991211e+00 -3.269263029098510742e+00 9.139781817793846130e-03 1.993378520011901855e+00 8.890330195426940918e-01 -3.849319815635681152e-01 2.674145698547363281e-01 -8.762954175472259521e-02 4.387683868408203125e-01 -1.184808850288391113e+00 1.913915202021598816e-02
2.261614561080932617e+00 -4.435652792453765869e-01 -2.567898929119110107e-01 1.153847455978393555e+00 -1.282742857933044434e+00 5.465834140777587891e-01 -2.061437964439392090e-01 4.656533300876617432e-01 1.087251082062721252e-01 6.968268752098083496e-01 8.165261149406433105e-01 -1.165757060050964355e+00 -1.510669469833374023e+00 -1.451991081237792969e+00 -2.912949025630950928e-01
5.344245433807373047e-01 9.649525284767150879e-01 1.513041555881500244e-01 2.443354368209838867e+00 9.430212974548339844e-01 -1.981763541698455811e-01 8.399962186813354492e-01 -2.343642115592956543e-01 -2.135411053895950317e-01 -7.252364158630371094e-01 7.055885791778564453e-01 -2.361663430929183960e-01 3.213280439376831055e-01 -1.516593694686889648e+00 -4.743649363517761230e-01
-1.292633533477783203e+00 1.019356369972229004e+00 -1.598507463932037354e-01 1.701943017542362213e-02 -2.035895138978958130e-01 -1.087623611092567444e-01 2.826299071311950684e-01 1.001014232635498047e+00 -1.281982064247131348e+00 -1.053808927536010742e-01 -9.953843951225280762e-01 -1.617410033941268921e-01 1.112992405891418457e+00 -4.027958512306213379e-01 -5.472495555877685547e-01
-1.054856300354003906e+00 4.671551585197448730e-01 -6.613535284996032715e-01 -1.411983728408813477e+00 -1.775676757097244263e-01 -3.815913498401641846e-01 1.345864497125148773e-02 2.837754487991333008e-01 -3.622693419456481934e-01 1.456728935241699219e+00 -4.094964861869812012e-01 1.048361182212829590e+00 -3.978319764137268066e-01 8.343530297279357910e-01 5.090687870979309082e-01
7.373812608420848846e-03 1.707951903343200684e+00 6.113573908805847168e-01 1.812957763671875000e+00 -3.737132847309112549e-01 -3.049184083938598633e-01 -7.486832141876220703e-01 1.333170890808105469e+00 -9.263486266136169434e-01 5.969026088714599609e-01 -9.934620261192321777e-01 -9.971163868904113770e-01 -5.171468853950500488e-01 2.604756355285644531e-01 -4.021286666393280029e-01
-1.481113433837890625e+00 -9.798507392406463623e-02 3.399762511253356934e-01 1.984639644622802734e+00 1.676056236028671265e-01 -1.871915817260742188e+00 8.734544515609741211e-01 -9.642133712768554688e-01 -6.873311996459960938e-01 -9.871322512626647949e-01 8.991346359252929688e-01 -1.676882266998291016e+00 -5.815278887748718262e-01 -7.173328399658203125e-01 -7.183698415756225586e-01
-1.074773073196411133e+00 -1.077529430389404297e+00 -5.146734118461608887e-01 -9.494974017143249512e-01 -6.191751956939697266e-01 3.985805809497833252e-01 -3.000693023204803467e-01 1.143749713897705078e+00 1.834250807762145996e+00 3.265368938446044922e-01 -2.172757238149642944e-01 1.889482021331787109e+00 6.225745677947998047e-01 6.760422587394714355e-01 -2.034289836883544922e+00
7.203695774078369141e-01 8.642373979091644287e-02 -8.901754617691040039e-01 4.327684342861175537e-01 3.912280201911926270e-01 3.984365761280059814e-01 1.029225468635559082e+00 -1.266196727752685547e+00 3.246896564960479736e-01 2.462543100118637085e-01 1.641023755073547363e+00 1.019500732421875000e+00 -7.119687199592590332e-01 -1.120512843132019043e+00 8.366509675979614258e-01
-7.477492690086364746e-01 9.825197458267211914e-01 -1.178824663162231445e+00 -1.202152967453002930e+00 -3.865434229373931885e-01 1.056841373443603516e+00 -7.665317505598068237e-02 -4.600334465503692627e-01 -8.027941584587097168e-01 1.228907585144042969e+00 -1.068995833396911621e+00 5.749914646148681641e-01 6.621654145419597626e-03 -5.216148123145103455e-02 -3.930209279060363770e-01
1.051004409790039062e+00 -6.372123360633850098e-01 -5.132886115461587906e-03 7.410261034965515137e-01 -3.676710128784179688e-01 6.818396449089050293e-01 -2.784660160541534424e-01 2.798976302146911621e-01 -1.171426653861999512e+00 -1.875649839639663696e-01 8.942167162895202637e-01 -6.558946967124938965e-01 8.247322440147399902e-01 -5.023761987686157227e-01 -1.017633676528930664e+00
-3.392558917403221130e-02 1.637075543403625488e+00 4.202689826488494873e-01 1.613016843795776367e+00 -6.983568072319030762e-01 -5.150214433670043945e-01 -8.849592208862304688e-01 1.451995015144348145e+00 -6.669362187385559082e-01 8.118444085121154785e-01 -7.417793869972229004e-01 -8.775930404663085938e-01 -5.637970566749572754e-01 -1.135915145277976990e-02 -2.584747076034545898e-01
5.104994773864746094e-01 8.364378213882446289e-01 1.483485996723175049e-01 2.215888738632202148e+00 8.476617336273193359e-01 -1.988245993852615356e-01 8.803191184997558594e-01 -7.163250446319580078e-02 -2.356074005365371704e-01 -5.868869423866271973e-01 6.497623324394226074e-01 -1.169184297323226929e-01 3.913190364837646484e-01 -1.516194105148315430e+00 -3.859181404113769531e-01
-1.603766202926635742e+00 1.808457136154174805e+00 -2.648017644882202148e+00 -2.228816986083984375e+00 -2.849858760833740234e+00 -1.548397421836853027e+00 1.812284231185913086e+00 6.486871838569641113e-01 -1.018552422523498535e+00 -3.849586546421051025e-01 -5.658932328224182129e-01 4.515074491500854492e-01 -8.056018948554992676e-01 -1.275238990783691406e+00 1.772865533828735352e+00
-1.471335887908935547e+00 1.030654758214950562e-01 -3.162786737084388733e-02 1.130136251449584961e+00 3.049594461917877197e-01 -1.644505977630615234e+00 8.612374067306518555e-01 -8.519840240478515625e-01 -5.908076763153076172e-01 -1.015768647193908691e+00 7.426628470420837402e-01 -1.262396454811096191e+00 -6.759627461433410645e-01 -4.870139956474304199e-01 -3.378306925296783447e-01
-7.093695998191833496e-01 1.005057692527770996e+00 -1.560272097587585449e+00 -1.357841491699218750e+00 -1.904349476099014282e-01 8.471148610115051270e-01 2.350665330886840820e-01 -3.829095661640167236e-01 -8.027411699295043945e-01 9.073646664619445801e-01 -8.726906180381774902e-01 8.610895872116088867e-01 4.043357968330383301e-01 -2.856658399105072021e-01 -1.018996536731719971e-01
8.141685724258422852e-01 1.732801049947738647e-01 -1.740275323390960693e-01 6.164463758468627930e-01 -9.524444937705993652e-01 -1.250885725021362305e+00 -6.028041243553161621e-01 2.315697431564331055e+00 5.690342187881469727e-01 -9.016632437705993652e-01 -2.575417459011077881e-01 -5.892205834388732910e-01 1.424351453781127930e+00 -1.147215127944946289e+00 -1.537144929170608521e-01
1.021169304847717285e+00 -6.308336853981018066e-01 1.186625063419342041e-01 9.593658447265625000e-01 -4.614849686622619629e-01 8.728931546211242676e-01 -4.214447736740112305e-01 3.767915070056915283e-01 -9.897239804267883301e-01 -3.830416500568389893e-02 7.165653109550476074e-01 -7.145320773124694824e-01 4.932273924350738525e-01 -5.654753446578979492e-01 -8.661814928054809570e-01
-1.140260219573974609e+00 1.354834914207458496e+00 6.569433808326721191e-01 8.894010186195373535e-01 -4.574931561946868896e-01 -2.366374492645263672e+00 -2.757707238197326660e-01 1.643258571624755859e+00 -2.214066743850708008e+00 -6.839324831962585449e-01 3.597623109817504883e-01 -1.039464473724365234e+00 1.007593274116516113e+00 9.518537670373916626e-03 -1.002858877182006836e+00
-7.186247706413269043e-01 1.105658292770385742e+00 -1.573854446411132812e+00 -1.399776458740234375e+00 -4.143251478672027588e-01 7.436421513557434082e-01 6.846857815980911255e-02 -2.711056768894195557e-01 -7.227361798286437988e-01 1.023614883422851562e+00 -9.334708452224731445e-01 7.106500864028930664e-01 1.465443968772888184e-01 -2.046813070774078369e-01 -2.089998498558998108e-02
5.837404727935791016e-01 -3.962434828281402588e-02 -8.655174374580383301e-01 4.208824932575225830e-01 6.432119607925415039e-01 4.652381837368011475e-01 1.211533904075622559e+00 -1.516362428665161133e+00 2.213036864995956421e-01 2.738615274429321289e-01 1.720097184181213379e+00 1.111445784568786621e+00 -5.869036316871643066e-01 -1.098315477371215820e+00 7.963319420814514160e-01
8.273342251777648926e-01 4.915200173854827881e-02 -9.768635034561157227e-01 4.936865866184234619e-01 6.550964713096618652e-01 3.862464725971221924e-01 1.433119893074035645e+00 -1.535295724868774414e+00 1.563307493925094604e-01 1.853439062833786011e-01 1.840647339820861816e+00 1.187815189361572266e+00 -6.414066553115844727e-01 -1.302335619926452637e+00 8.989692330360412598e-01
-1.336687326431274414e+00 9.860713481903076172e-01 -3.110098540782928467e-01 -1.468153744935989380e-01 -3.240763843059539795e-01 -8.183080703020095825e-02 4.080888628959655762e-01 1.019524455070495605e+00 -1.244535565376281738e+00 -1.954425573348999023e-01 -1.152535796165466309e+00 -6.373260915279388428e-02 1.097428560256958008e+00 -4.160374701023101807e-01 -7.324375510215759277e-01
-1.485576868057250977e+00 6.436123251914978027e-01 -4.428955018520355225e-01 -1.140870690345764160e+00 3.624515235424041748e-02 -4.173173010349273682e-01 2.273028492927551270e-01 2.235914021730422974e-01 -4.671085178852081299e-01 1.731265902519226074e+00 -4.520624577999114990e-01 1.141085147857666016e+00 -5.307291150093078613e-01 8.301732540130615234e-01 3.107275068759918213e-01
-5.626381039619445801e-01 1.562833070755004883e+00 -2.701524198055267334e-01 -4.607696235179901123e-01 -1.601598978042602539e+00 -3.408736944198608398e+00 2.887711524963378906e-01 1.914955735206604004e+00 7.747753262519836426e-01 -3.803695440292358398e-01 2.686803042888641357e-01 -3.915570676326751709e-02 2.600870728492736816e-01 -1.435585737228393555e+00 1.303865164518356323e-01
-9.447610378265380859e-01 -1.156634926795959473e+00 -4.688827693462371826e-01 -7.518436312675476074e-01 -6.398454308509826660e-01 6.538208127021789551e-01 -4.627001881599426270e-01 9.846825003623962402e-01 2.142483949661254883e+00 2.361174672842025757e-01 2.718369476497173309e-02 1.891936898231506348e+00 2.492960095405578613e-01 8.733651638031005859e-01 -1.958876729011535645e+00
1.723171472549438477e+00 -6.624920666217803955e-02 -3.040101230144500732e-01 1.187357902526855469e+00 -1.385575294494628906e+00 5.933029055595397949e-01 -1.301487088203430176e-01 6.210408210754394531e-01 -2.070261985063552856e-01 4.102744460105895996e-01 4.575062990188598633e-01 -1.010120034217834473e+00 -1.248206138610839844e+00 -1.252350807189941406e+00 -1.384994536638259888e-01
-7.017685174942016602e-01 9.581529498100280762e-01 -1.214718818664550781e+00 -1.042121887207031250e+00 -2.300614267587661743e-01 9.683981537818908691e-01 -1.372438110411167145e-02 -1.955737024545669556e-01 -8.620770573616027832e-01 1.002894759178161621e+00 -9.342979788780212402e-01 5.502938032150268555e-01 2.959377169609069824e-01 -1.939493715763092041e-01 -2.515578269958496094e-01
-1.665127038955688477e+00 7.278712391853332520e-01 -5.598804727196693420e-02 -4.249167740345001221e-01 6.132516264915466309e-01 -1.099271535873413086e+00 9.767268300056457520e-01 1.469290018081665039e+00 -8.149107694625854492e-01 1.419729948043823242e+00 -1.344218492507934570e+00 6.820223331451416016e-01 4.569225907325744629e-01 6.869249939918518066e-01 4.493496939539909363e-02
7.108635306358337402e-01 1.372171491384506226e-01 -1.652236342430114746e+00 -3.953333571553230286e-02 1.962003856897354126e-01 8.268611878156661987e-02 1.522561311721801758e+00 -1.294036388397216797e+00 3.824898302555084229e-01 9.157226979732513428e-02 1.755454063415527344e+00 1.215778231620788574e+00 -8.991644382476806641e-01 -1.431430339813232422e+00 1.280813217163085938e+00
-1.425271630287170410e+00 1.512697577476501465e+00 -1.820324897766113281e+00 -1.608667016029357910e+00 -2.546628236770629883e+00 -5.404519438743591309e-01 9.990102052688598633e-01 3.269971311092376709e-01 -1.092887043952941895e+00 3.546887040138244629e-01 -1.079733490943908691e+00 2.281936556100845337e-01 -8.022215962409973145e-01 -8.877106308937072754e-01 1.043994545936584473e+00
-1.529275894165039062e+00 4.994706809520721436e-02 -2.327235881239175797e-03 1.374464035034179688e+00 3.659347891807556152e-01 -1.752935171127319336e+00 9.751739501953125000e-01 -9.966075420379638672e-01 -6.192138195037841797e-01 -1.133960962295532227e+00 9.210891127586364746e-01 -1.431738734245300293e+00 -5.503051877021789551e-01 -6.322318315505981445e-01 -3.757053613662719727e-01
1.968553662300109863e-01 1.955440878868103027e+00 7.333818078041076660e-01 2.231674432754516602e+00 -5.219812989234924316e-01 -1.900039911270141602e-01 -9.147918224334716797e-01 1.449792146682739258e+00 -8.990319371223449707e-01 8.338419795036315918e-01 -1.192247152328491211e+00 -1.270289659500122070e+00 -7.733559608459472656e-01 9.893625974655151367e-02 -5.727037787437438965e-01
-7.287662029266357422e-01 1.033466815948486328e+00 -1.871782898902893066e+00 -1.454808831214904785e+00 -4.635024368762969971e-01 8.415095806121826172e-01 2.070696949958801270e-01 -2.656467258930206299e-01 -9.422406554222106934e-01 1.028102755546569824e+00 -8.501785397529602051e-01 8.298019170761108398e-01 1.598894000053405762e-01 -2.713087201118469238e-01 1.232012808322906494e-01
-8.738779425621032715e-01 -9.802315831184387207e-01 -4.279786050319671631e-01 -7.984062433242797852e-01 -5.802919268608093262e-01 6.936361193656921387e-01 -3.280461728572845459e-01 1.030144691467285156e+00 1.662270903587341309e+00 5.684593319892883301e-01 -3.092090487480163574e-01 1.874046683311462402e+00 4.457296729087829590e-01 7.171724438667297363e-01 -1.799442768096923828e+00
6.539758443832397461e-01 3.688756823539733887e-01 -2.663919627666473389e-01 6.524834632873535156e-01 -7.533589601516723633e-01 -1.399415135383605957e+00 -3.177796602249145508e-01 2.162328481674194336e+00 2.892856299877166748e-01 -9.106082320213317871e-01 -1.976196467876434326e-01 -6.690275073051452637e-01 1.383098006248474121e+00 -1.271803617477416992e+00 -1.987697035074234009e-01
2.890241146087646484e-01 1.884294867515563965e+00 6.095913052558898926e-01 2.041225194931030273e+00 -4.957911074161529541e-01 -3.022123575210571289e-01 -8.462749719619750977e-01 1.542512655258178711e+00 -8.342300057411193848e-01 5.566399097442626953e-01 -9.267771840095520020e-01 -1.139556646347045898e+00 -3.948882222175598145e-01 -4.122763499617576599e-02 -6.296402215957641602e-01
2.085921764373779297e-01 1.866087675094604492e+00 4.836140573024749756e-01 1.882075309753417969e+00 -5.965405106544494629e-01 -2.796416580677032471e-01 -9.248335957527160645e-01 1.526666164398193359e+00 -7.206471562385559082e-01 9.739841222763061523e-01 -1.108543157577514648e+00 -1.076144456863403320e+00 -6.404777169227600098e-01 4.459905996918678284e-02 -3.765647411346435547e-01
8.630808591842651367e-01 -2.960736155509948730e-01 7.091298699378967285e-02 7.774982452392578125e-01 -5.134634375572204590e-01 8.449361324310302734e-01 -5.736081600189208984e-01 4.728960096836090088e-01 -9.215696454048156738e-01 2.483862191438674927e-01 4.853261709213256836e-01 -7.712075710296630859e-01 3.598279356956481934e-01 -5.578817129135131836e-01 -9.105728268623352051e-01
-1.250746965408325195e+00 -1.150490164756774902e+00 -5.020512342453002930e-01 -9.829037785530090332e-01 -6.931360960006713867e-01 4.060292840003967285e-01 -3.915970325469970703e-01 1.140193700790405273e+00 2.018023729324340820e+00 2.418729364871978760e-01 -6.465137004852294922e-02 1.930958986282348633e+00 5.780726671218872070e-01 7.519112825393676758e-01 -2.172719478607177734e+00
2.407518148422241211e+00 -6.318323016166687012e-01 -7.816264033317565918e-02 1.346774458885192871e+00 -1.336356163024902344e+00 7.393498420715332031e-01 -4.071930646896362305e-01 4.718863368034362793e-01 1.341819018125534058e-01 6.661087870597839355e-01 9.263828396797180176e-01 -9.937565326690673828e-01 -1.549221277236938477e+00 -1.349931836128234863e+00 -7.255633473396301270e-01
-1.669678449630737305e+00 -8.768944442272186279e-02 2.886075675487518311e-01 1.592421531677246094e+00 3.069046437740325928e-01 -1.830734252929687500e+00 9.001938104629516602e-01 -8.758960962295532227e-01 -8.508436679840087891e-01 -1.014209985733032227e+00 6.503001451492309570e-01 -1.623138308525085449e+00 -4.803312122821807861e-01 -4.806728363037109375e-01 -6.181461215019226074e-01
2.551824450492858887e-01 1.927866339683532715e+00 6.876108646392822266e-01 2.179934740066528320e+00 -3.698279559612274170e-01 -2.821537852287292480e-01 -9.056792259216308594e-01 1.490285634994506836e+00 -8.966962695121765137e-01 8.430157303810119629e-01 -1.193026781082153320e+00 -1.345555663108825684e+00 -4.589408040046691895e-01 7.581341266632080078e-02 -5.483567714691162109e-01
-1.466155767440795898e+00 6.628015041351318359e-01 -7.547132968902587891e-01 -1.594198584556579590e+00 -8.030213415622711182e-02 -6.838256120681762695e-01 3.278641402721405029e-01 1.318893581628799438e-01 -7.659213542938232422e-01 1.543283939361572266e+00 -3.689273297786712646e-01 1.076782703399658203e+00 -4.477688670158386230e-01 9.118671417236328125e-01 5.248607397079467773e-01
-1.668431758880615234e+00 6.916249394416809082e-01 -1.005004286766052246e+00 -1.912854194641113281e+00 -2.084157615900039673e-01 -8.479946255683898926e-01 5.837861299514770508e-01 4.236119687557220459e-01 -8.994018435478210449e-01 1.532025456428527832e+00 -4.353359341621398926e-01 1.424048066139221191e+00 -2.082563042640686035e-01 9.107792377471923828e-01 6.850317120552062988e-01
-1.088104009628295898e+00 1.649701237678527832e+00 5.291549563407897949e-01 6.632005572319030762e-01 -6.583423614501953125e-01 -2.252757787704467773e+00 -4.362374544143676758e-01 1.639510631561279297e+00 -2.198642730712890625e+00 -6.832184791564941406e-01 3.675834536552429199e-01 -1.134010076522827148e+00 1.093765020370483398e+00 -1.313806027173995972e-01 -8.894132375717163086e-01
-1.368345975875854492e+00 1.419335484504699707e+00 -1.891589641571044922e+00 -1.609107136726379395e+00 -2.524233818054199219e+00 -6.423149704933166504e-01 8.984103798866271973e-01 3.840165436267852783e-01 -1.016715407371520996e+00 2.779998183250427246e-01 -9.281671643257141113e-01 3.294743299484252930e-01 -5.791582465171813965e-01 -9.121357202529907227e-01 1.094156503677368164e+00
7.312881946563720703e-02 1.814735531806945801e+00 6.048090457916259766e-01 1.937658905982971191e+00 -3.867059648036956787e-01 5.535357445478439331e-02 -8.735205531120300293e-01 1.243379831314086914e+00 -7.574754357337951660e-01 9.390652775764465332e-01 -1.263482809066772461e+00 -1.037756800651550293e+00 -7.474753856658935547e-01 7.336688041687011719e-02 -5.523208975791931152e-01
7.247073650360107422e-01 5.976461768150329590e-01 -2.242641746997833252e-01 5.706579089164733887e-01 -9.200026392936706543e-01 -1.459254980087280273e+00 -4.179993867874145508e-01 2.309799671173095703e+00 3.253757655620574951e-01 -8.072161078453063965e-01 -2.607284188270568848e-01 -7.473521232604980469e-01 1.338867425918579102e+00 -1.273220062255859375e+00 -1.578671485185623169e-01
2.277642488479614258e+00 -4.189966619014739990e-01 -1.025627553462982178e-01 1.137864828109741211e+00 -1.355525970458984375e+00 6.627309322357177734e-01 -4.428193569183349609e-01 7.600249648094177246e-01 1.592027395963668823e-01 6.076564788818359375e-01 6.309536695480346680e-01 -9.784874320030212402e-01 -1.473592877388000488e+00 -1.321387648582458496e+00 -3.543805778026580811e-01
-3.364967703819274902e-01 1.413652300834655762e+00 -9.258994460105895996e-02 -2.377234250307083130e-01 -1.283743619918823242e+00 -3.108716011047363281e+00 8.814454823732376099e-02 1.926257848739624023e+00 9.467280507087707520e-01 -3.023458719253540039e-01 1.767953038215637207e-01 2.170421183109283447e-02 3.970203995704650879e-01 -1.191313982009887695e+00 2.343050763010978699e-02
-1.360636353492736816e+00 1.580736517906188965e+00 -2.050859928131103516e+00 -1.927241086959838867e+00 -2.647600889205932617e+00 -9.834570884704589844e-01 1.181641936302185059e+00 3.647973239421844482e-01 -9.120020270347595215e-01 1.667904108762741089e-01 -6.778023838996887207e-01 3.358875513076782227e-01 -7.398783564567565918e-01 -9.983556866645812988e-01 1.291847825050354004e+00
-1.654312133789062500e+00 -4.988427460193634033e-02 6.534782052040100098e-02 1.456128001213073730e+00 3.162091374397277832e-01 -1.831149816513061523e+00 9.421358108520507812e-01 -1.028583049774169922e+00 -6.384218931198120117e-01 -1.055445671081542969e+00 8.811390995979309082e-01 -1.514403104782104492e+00 -6.061232089996337891e-01 -6.412926912307739258e-01 -4.749686419963836670e-01
-1.230258941650390625e+00 9.330429434776306152e-01 -3.835725784301757812e-01 6.213481351733207703e-02 -1.570482403039932251e-01 1.910620927810668945e-01 3.886321187019348145e-01 7.367004156112670898e-01 -1.250648617744445801e+00 -4.423461854457855225e-02 -1.088677167892456055e+00 -1.233731359243392944e-01 8.535678386688232422e-01 -3.988619446754455566e-01 -5.617302060127258301e-01
-1.673409938812255859e+00 -2.166018588468432426e-03 -2.482888288795948029e-02 1.218490481376647949e+00 2.868704795837402344e-01 -1.952157974243164062e+00 9.152400493621826172e-01 -1.094556808471679688e+00 -6.112559437751770020e-01 -1.173418521881103516e+00 8.683180212974548340e-01 -1.529397726058959961e+00 -6.372966170310974121e-01 -5.809664130210876465e-01 -5.300222039222717285e-01
5.100773572921752930e-01 8.264179229736328125e-01 6.753566861152648926e-02 2.339533090591430664e+00 1.027432441711425781e+00 -1.603302061557769775e-01 1.121361851692199707e+00 -3.447031676769256592e-01 -1.852268129587173462e-01 -6.582069993019104004e-01 7.019917964935302734e-01 -1.439364999532699585e-01 4.781984388828277588e-01 -1.637777566909790039e+00 -4.556152820587158203e-01
-4.684886634349822998e-01 9.143589735031127930e-01 -1.215724229812622070e+00 -9.867245554924011230e-01 -3.711452782154083252e-01 8.793519139289855957e-01 -2.500128746032714844e-01 4.777568858116865158e-03 -5.840746760368347168e-01 1.078440427780151367e+00 -8.267669677734375000e-01 6.812564134597778320e-01 1.325303912162780762e-01 -2.019601166248321533e-01 -5.340750887989997864e-02
-1.289060711860656738e+00 -1.096443772315979004e+00 -4.842087924480438232e-01 -1.272230744361877441e+00 -7.456789016723632812e-01 2.759879529476165771e-01 -2.764482498168945312e-01 1.021267294883728027e+00 2.036246538162231445e+00 1.292070895433425903e-01 -1.281584799289703369e-01 1.910483717918395996e+00 5.950660109519958496e-01 8.568528890609741211e-01 -2.233644008636474609e+00
2.492814302444458008e+00 -3.869805634021759033e-01 -7.741781417280435562e-03 1.367342472076416016e+00 -1.403870105743408203e+00 5.483418703079223633e-01 -4.992376565933227539e-01 6.345140933990478516e-01 8.894781023263931274e-02 7.195742726325988770e-01 7.212359309196472168e-01 -1.150154948234558105e+00 -1.302752852439880371e+00 -1.484082460403442383e+00 -6.728567481040954590e-01
-5.100731849670410156e-01 1.474882125854492188e+00 -2.199699580669403076e-01 -3.681681454181671143e-01 -1.614063501358032227e+00 -3.091237068176269531e+00 -3.594087809324264526e-02 2.005731344223022461e+00 1.031329631805419922e+00 -1.993838101625442505e-01 -4.115146398544311523e-02 1.892590671777725220e-01 5.218940973281860352e-01 -1.152552962303161621e+00 1.006303280591964722e-01
-1.151783585548400879e+00 6.544525623321533203e-01 -5.614031553268432617e-01 -1.233171939849853516e+00 -1.125273853540420532e-01 -1.931840628385543823e-01 -5.554889887571334839e-02 2.655326724052429199e-01 -5.286331176757812500e-01 1.917870521545410156e+00 -6.720656752586364746e-01 1.115658521652221680e+00 -4.393586516380310059e-01 7.645013332366943359e-01 3.518438041210174561e-01
3.761726319789886475e-01 5.768592357635498047e-01 -3.344091475009918213e-01 2.597669959068298340e-01 -9.383085966110229492e-01 -1.595055341720581055e+00 -4.184547066688537598e-01 2.146883726119995117e+00 2.620308101177215576e-01 -4.176017940044403076e-01 -4.028764367103576660e-01 -6.201404333114624023e-01 9.984816908836364746e-01 -7.773881554603576660e-01 1.538688391447067261e-01
8.301640748977661133e-01 1.687171608209609985e-01 -1.367554903030395508e+00 3.596756756305694580e-01 3.265924155712127686e-01 2.215717732906341553e-01 1.372001051902770996e+00 -1.316804885864257812e+00 3.851756751537322998e-01 2.826259471476078033e-03 1.814599394798278809e+00 1.007130742073059082e+00 -8.085750937461853027e-01 -1.286066055297851562e+00 1.156905531883239746e+00
8.473204374313354492e-01 1.882921159267425537e-02 -1.272310018539428711e+00 4.216080605983734131e-01 7.307107448577880859e-01 3.485044538974761963e-01 1.513859033584594727e+00 -1.710501432418823242e+00 2.706235945224761963e-01 9.531907737255096436e-02 2.062916278839111328e+00 1.167301177978515625e+00 -6.924256086349487305e-01 -1.255134224891662598e+00 9.736545681953430176e-01
-1.036284685134887695e+00 1.367836833000183105e+00 5.367680788040161133e-01 7.776796221733093262e-01 -5.175214409828186035e-01 -2.107002973556518555e+00 -3.504028320312500000e-01 1.594085931777954102e+00 -2.044128179550170898e+00 -6.073538064956665039e-01 2.504730820655822754e-01 -1.145139575004577637e+00 1.021718740463256836e+00 1.571140065789222717e-02 -8.528726696968078613e-01
9.588387012481689453e-01 -4.896706044673919678e-01 1.376072466373443604e-01 9.128535389900207520e-01 -3.702116608619689941e-01 6.134692430496215820e-01 -2.517259716987609863e-01 3.220951855182647705e-01 -1.157460331916809082e+00 -2.905606627464294434e-01 8.724014759063720703e-01 -6.017541885375976562e-01 8.369712233543395996e-01 -5.496104359626770020e-01 -9.463090300559997559e-01
-1.288904547691345215e+00 8.471108078956604004e-01 -2.729123234748840332e-01 1.908450722694396973e-01 -1.673822849988937378e-01 1.992751359939575195e-01 5.009448528289794922e-01 9.290906786918640137e-01 -1.307192206382751465e+00 -1.194046437740325928e-01 -1.260720014572143555e+00 -2.356833666563034058e-01 8.849652409553527832e-01 -4.617142975330352783e-01 -6.464989185333251953e-01
4.188326001167297363e-01 7.650845050811767578e-01 -2.585416138172149658e-01 1.657656878232955933e-01 -1.123353958129882812e+00 -1.904577255249023438e+00 -4.578216075897216797e-01 2.342623710632324219e+00 6.994457840919494629e-01 -4.196806848049163818e-01 -3.618426024913787842e-01 -4.376892447471618652e-01 1.057246208190917969e+00 -1.112866520881652832e+00 1.415542811155319214e-01
-9.582140445709228516e-01 -7.141408324241638184e-01 -3.006263971328735352e-01 -7.117390036582946777e-01 -5.547859072685241699e-01 4.534274637699127197e-01 -3.564634323120117188e-01 1.015987157821655273e+00 1.502511620521545410e+00 6.305384039878845215e-01 -4.049484431743621826e-01 1.755755782127380371e+00 4.372759461402893066e-01 7.177383899688720703e-01 -1.625993013381958008e+00
