TCGA.04.1357.01 -1.003193473815917969e+01 -1.749332308769226074e+00 -7.149149894714355469e+00 2.746533870697021484e+00 -2.438578605651855469e+00 5.724264621734619141e+00 -3.752037882804870605e-01 7.567264080047607422e+00 1.090620231628417969e+01 7.183166503906250000e+00
TCGA.04.1362.01 1.044967293739318848e+00 -1.014756011962890625e+01 -1.861571121215820312e+01 -1.767941832542419434e+00 5.903142929077148438e+00 -5.640183448791503906e+00 -7.699041366577148438e+00 1.677754759788513184e+00 -5.837962627410888672e+00 1.209247231483459473e+00
TCGA.04.1364.01 3.160582065582275391e+00 -4.994491100311279297e+00 -3.051801204681396484e+00 4.474647521972656250e+00 -3.344710111618041992e+00 -1.071363067626953125e+01 -6.631834506988525391e+00 3.473180532455444336e-01 2.568215727806091309e-01 -6.797935962677001953e+00
TCGA.04.1365.01 -1.426567554473876953e+01 -1.056642651557922363e+00 -1.003532028198242188e+01 8.152015686035156250e+00 7.986298561096191406e+00 6.246864795684814453e+00 -1.112485504150390625e+01 -7.760950922966003418e-01 -3.499107360839843750e+00 1.028346896171569824e+00
TCGA.04.1514.01 5.580603122711181641e+00 7.290563106536865234e+00 -4.425383090972900391e+00 5.219404697418212891e+00 -1.635804533958435059e+00 -9.167947769165039062e+00 -1.515241718292236328e+01 -2.070681452751159668e-01 -9.709391593933105469e+00 2.923882961273193359e+00
TCGA.04.1519.01 2.800220489501953125e+00 8.220340728759765625e+00 -8.084372282028198242e-01 1.339727640151977539e+00 1.468404483795166016e+01 -1.103508472442626953e+01 -3.814208030700683594e+00 6.978089809417724609e+00 -6.757139682769775391e+00 3.332413673400878906e+00
TCGA.09.0364.01 4.838284969329833984e+00 3.056196272373199463e-01 2.887096405029296875e+00 5.246320724487304688e+00 9.642428159713745117e-01 -9.687962532043457031e+00 -1.356415843963623047e+01 -2.611447334289550781e+00 -1.619326114654541016e+00 -1.153522610664367676e+00
TCGA.09.0366.01 -9.411931037902832031e+00 -1.810874342918395996e+00 -1.616549873352050781e+01 3.969744205474853516e+00 -1.779432415962219238e+00 4.817780494689941406e+00 -6.248577594757080078e+00 2.824975013732910156e+00 -2.494716644287109375e+00 2.157182931900024414e+00
TCGA.09.1662.01 4.339515209197998047e+00 -8.164275169372558594e+00 -8.330647468566894531e+00 8.618906974792480469e+00 9.218674659729003906e+00 -3.813184738159179688e+00 2.803812026977539062e+00 3.112638473510742188e+00 -3.113826274871826172e+00 1.205456066131591797e+01
TCGA.09.1666.01 -6.499286174774169922e+00 2.679030001163482666e-01 3.414846658706665039e+00 3.618732452392578125e+00 1.700274658203125000e+01 -3.859038591384887695e+00 1.314513206481933594e+00 5.978846073150634766e+00 3.255252838134765625e+00 5.228995680809020996e-01
TCGA.09.1667.01 -4.512301921844482422e+00 1.108548355102539062e+01 1.244208812713623047e+00 1.159915828704833984e+01 1.100512504577636719e+01 2.263753890991210938e+00 -9.880889058113098145e-01 6.371137619018554688e+00 -1.802128672599792480e+00 1.220948505401611328e+01
TCGA.09.1668.01 -1.197031593322753906e+01 4.866515286266803741e-03 2.315751552581787109e+00 6.578930377960205078e+00 1.156514549255371094e+01 4.873611330986022949e-01 -5.263498306274414062e+00 4.650501728057861328e+00 7.612974166870117188e+00 4.097177982330322266e+00
TCGA.09.1669.01 2.245174407958984375e+00 1.641869246959686279e-01 2.538842260837554932e-01 -2.462436199188232422e+00 1.851247668266296387e+00 -1.151565265655517578e+01 -8.457867622375488281e+00 6.013566970825195312e+00 7.382972240447998047e+00 2.379208087921142578e+00
TCGA.09.1670.01 -1.685150027275085449e+00 1.074196624755859375e+01 -9.991432189941406250e+00 4.385340213775634766e+00 6.148068428039550781e+00 -1.383675336837768555e+00 1.500296711921691895e+00 1.095116233825683594e+01 -5.913573741912841797e+00 1.037728214263916016e+01
TCGA.09.1673.01 1.130080103874206543e+00 1.743633866310119629e+00 1.766552776098251343e-01 1.932260870933532715e+00 8.562874794006347656e-01 -1.176010990142822266e+01 -1.469629526138305664e+00 6.035123825073242188e+00 2.870527505874633789e+00 -4.514201641082763672e+00
TCGA.09.1674.01 3.247967243194580078e+00 2.576153278350830078e+00 -2.655134201049804688e+00 1.030597591400146484e+01 -7.487470626831054688e+00 -7.010227680206298828e+00 -1.499371147155761719e+01 -3.220148563385009766e+00 -4.957354545593261719e+00 -1.379359006881713867e+00
TCGA.09.2044.01 -7.093422412872314453e+00 -4.323535442352294922e+00 -1.037328147888183594e+01 1.329306602478027344e+01 4.378531932830810547e+00 1.323900461196899414e+00 -5.080830097198486328e+00 -5.045083165168762207e-01 -4.523816108703613281e+00 1.713611006736755371e+00
TCGA.09.2045.01 -7.801391601562500000e+00 -1.480360925197601318e-01 -9.042253494262695312e-01 8.172476768493652344e+00 1.608369445800781250e+01 2.495845079421997070e+00 3.239087104797363281e+00 3.517189025878906250e+00 -4.763145923614501953e+00 5.655361175537109375e+00
TCGA.09.2048.01 -2.541187763214111328e+00 -3.213895320892333984e+00 -3.124276399612426758e+00 6.696802139282226562e+00 -1.307044386863708496e+00 -4.722556591033935547e+00 -1.139385890960693359e+01 -2.516551017761230469e+00 -1.838418245315551758e+00 -6.387558937072753906e+00
TCGA.09.2051.01 -9.117763519287109375e+00 2.074652671813964844e+00 -1.345772743225097656e+01 6.499491691589355469e+00 2.264358520507812500e+00 8.113953590393066406e+00 -2.081776857376098633e+00 3.662059545516967773e+00 -4.381976127624511719e+00 1.086774730682373047e+01
TCGA.09.2054.01 -5.219099044799804688e+00 6.515706539154052734e+00 1.546541929244995117e+00 4.635651588439941406e+00 -3.976900100708007812e+00 -1.563543915748596191e+00 -1.662187385559082031e+01 -1.339851975440979004e+00 9.865791201591491699e-01 -1.636364310979843140e-01
TCGA.09.2056.01 -5.164368152618408203e+00 -4.723607003688812256e-01 -1.633020019531250000e+01 -2.413523435592651367e+00 -1.521574616432189941e+00 9.280375838279724121e-01 -1.235854625701904297e+00 1.020576286315917969e+01 3.664195775985717773e+00 1.018653392791748047e+01
TCGA.10.0928.01 -1.103752925992012024e-01 -2.950852811336517334e-01 -1.148844909667968750e+01 5.149548649787902832e-01 9.841564178466796875e+00 -8.685420036315917969e+00 -9.542046546936035156e+00 3.909259319305419922e+00 -8.009275436401367188e+00 2.905682027339935303e-01
TCGA.13.0799.01 -1.285711526870727539e+00 -4.564815998077392578e+00 -4.932615280151367188e+00 4.344746589660644531e+00 1.308363914489746094e+01 -6.125802993774414062e+00 -3.149126172065734863e-01 2.899154663085937500e+00 -4.018595218658447266e+00 -5.075068950653076172e+00
TCGA.13.0800.01 -6.093456149101257324e-01 9.133600592613220215e-01 -7.679582834243774414e-01 3.154675483703613281e+00 8.894975662231445312e+00 -8.280865669250488281e+00 -1.328608512878417969e+01 -1.015380740165710449e+00 -5.082617759704589844e+00 -6.655652523040771484e+00
TCGA.13.0801.01 -1.108858489990234375e+01 3.994542121887207031e+00 2.783682107925415039e+00 1.319600343704223633e+00 1.219255161285400391e+01 8.187886238098144531e+00 1.052613779902458191e-01 7.863310337066650391e+00 8.063524246215820312e+00 8.006473541259765625e+00
TCGA.13.0890.01 -4.485185071825981140e-02 -4.540105342864990234e+00 -9.549629211425781250e+00 1.838454604148864746e+00 -6.875171184539794922e+00 -2.416122913360595703e+00 -1.375683689117431641e+01 1.896842956542968750e+00 6.466285228729248047e+00 6.000526428222656250e+00
TCGA.13.0893.01 -2.546767234802246094e+00 -6.650224685668945312e+00 -4.496943950653076172e+00 1.131230545043945312e+01 1.880239367485046387e+00 -6.137301921844482422e+00 4.843489170074462891e+00 2.870435476303100586e+00 1.480883836746215820e+00 -8.760847449302673340e-01
TCGA.13.0913.01 -9.513503074645996094e+00 2.370600223541259766e+00 -2.018331050872802734e+00 -1.361396163702011108e-03 9.854940414428710938e+00 -3.447462081909179688e+00 -1.139076519012451172e+01 1.557246446609497070e+00 -8.787395358085632324e-01 -4.586365222930908203e+00
TCGA.13.0916.01 -4.097834587097167969e+00 -3.459800243377685547e+00 1.541434079408645630e-01 2.627877473831176758e+00 1.035447788238525391e+01 -7.981818199157714844e+00 -4.176851749420166016e+00 3.591811895370483398e+00 3.864660263061523438e+00 -6.351671695709228516e+00
TCGA.13.0920.01 -2.979727506637573242e+00 -2.131942272186279297e+00 -4.808181285858154297e+00 9.106237411499023438e+00 -4.012372970581054688e+00 -4.753067970275878906e+00 -7.508429527282714844e+00 -9.567659497261047363e-01 -6.264684796333312988e-01 -6.644064426422119141e+00
TCGA.13.0924.01 -6.570759415626525879e-01 -7.259255886077880859e+00 -5.550552368164062500e+00 4.216137409210205078e+00 5.362832546234130859e+00 -3.626029968261718750e+00 -1.621392488479614258e+00 5.947533130645751953e+00 8.759629249572753906e+00 6.272370815277099609e+00
TCGA.13.1403.01 -6.734894752502441406e+00 6.271099567413330078e+00 -4.769979953765869141e+00 -3.265973091125488281e+00 -6.170707225799560547e+00 -2.164313316345214844e+00 -3.679287195205688477e+00 9.095712661743164062e+00 5.168931007385253906e+00 6.872581958770751953e+00
TCGA.13.1405.01 -1.775995850563049316e+00 -5.341605186462402344e+00 2.791201591491699219e+00 1.158077812194824219e+01 9.689463615417480469e+00 1.059959411621093750e+00 4.016390800476074219e+00 3.530491828918457031e+00 6.392429828643798828e+00 1.180356597900390625e+01
TCGA.13.1410.01 -1.909705042839050293e+00 7.943035602569580078e+00 1.535022109746932983e-01 1.079151153564453125e+01 -8.031503677368164062e+00 -6.163116097450256348e-01 1.035463094711303711e+00 6.008353233337402344e+00 5.326678752899169922e+00 4.721244335174560547e+00
TCGA.13.1411.01 -7.082206755876541138e-02 -7.124929904937744141e+00 -1.820147037506103516e+00 9.415153503417968750e+00 -4.404436111450195312e+00 -2.917637348175048828e+00 -5.072929382324218750e+00 1.565065383911132812e+00 9.538069725036621094e+00 8.250638008117675781e+00
TCGA.13.1481.01 -1.513055115938186646e-01 7.630423903465270996e-01 -2.307095676660537720e-01 8.720644950866699219e+00 -1.396390080451965332e+00 -2.511738777160644531e+00 -1.389161968231201172e+01 1.554989814758300781e-01 5.324994564056396484e+00 9.335865974426269531e+00
TCGA.13.1489.02 2.085394859313964844e+00 -1.181323146820068359e+01 -1.472040939331054688e+01 1.015700721740722656e+01 5.642804145812988281e+00 -1.683035850524902344e+00 -5.042894363403320312e+00 -2.625123977661132812e+00 -5.796767234802246094e+00 1.004527449607849121e+00
TCGA.13.1497.01 -7.407506465911865234e+00 1.052778601646423340e+00 -1.872558742761611938e-01 1.529115486145019531e+01 1.172274971008300781e+01 4.317039489746093750e+00 -3.613958597183227539e+00 -6.646713018417358398e-01 -5.298658847808837891e+00 7.256693840026855469e+00
TCGA.13.1498.01 5.928329944610595703e+00 -5.152656555175781250e+00 -1.107926177978515625e+01 1.153200817108154297e+01 1.926509737968444824e+00 -8.052111625671386719e+00 2.020668983459472656e+00 4.531269073486328125e+00 -2.584991693496704102e+00 4.415857791900634766e+00
TCGA.13.1505.01 -2.114337921142578125e+00 4.317082881927490234e+00 4.375121593475341797e+00 2.372192382812500000e+00 -3.749067783355712891e+00 -7.305272102355957031e+00 -8.794238090515136719e+00 5.310451984405517578e+00 8.523944854736328125e+00 4.355558872222900391e+00
TCGA.13.1506.01 -7.097391605377197266e+00 4.799386501312255859e+00 -1.292614364624023438e+01 4.191181182861328125e+00 -9.757959365844726562e+00 1.996774911880493164e+00 -7.992181777954101562e+00 2.718050956726074219e+00 -3.111237287521362305e+00 1.144953131675720215e+00
TCGA.13.1507.01 -5.155938625335693359e+00 4.649552404880523682e-01 1.706536531448364258e+00 1.440029239654541016e+01 -4.933484077453613281e+00 1.096235990524291992e+00 -3.343446180224418640e-02 7.145941257476806641e-01 6.318808078765869141e+00 2.155703783035278320e+00
TCGA.13.1511.01 -1.051665973663330078e+01 6.629045009613037109e+00 7.976527214050292969e-01 7.784009933471679688e+00 4.742503166198730469e+00 3.076721191406250000e+00 4.181713104248046875e+00 7.209097385406494141e+00 9.961135387420654297e-01 1.026723766326904297e+01
TCGA.13.1512.01 -4.906019210815429688e+00 -6.783241748809814453e+00 -7.976239204406738281e+00 1.208128356933593750e+01 -1.033918023109436035e+00 1.809908270835876465e+00 -6.575663566589355469e+00 -2.694688558578491211e+00 -1.562376260757446289e+00 5.444729328155517578e+00
TCGA.13.2060.01 -5.401878833770751953e+00 5.954725146293640137e-01 -7.115190029144287109e-01 8.980184555053710938e+00 -8.931353569030761719e+00 2.526295423507690430e+00 -4.154703140258789062e+00 6.695577502250671387e-01 7.014318943023681641e+00 1.812052011489868164e+00
TCGA.20.1682.01 -1.257653141021728516e+01 2.752242565155029297e+00 -4.133691310882568359e+00 6.670486330986022949e-01 -9.726468324661254883e-01 8.685835838317871094e+00 -7.676031589508056641e+00 3.858851671218872070e+00 6.959931373596191406e+00 1.003477287292480469e+01
TCGA.20.1683.01 -5.060976505279541016e+00 8.759903907775878906e+00 9.368623733520507812e+00 1.359884738922119141e+01 9.373395919799804688e+00 3.154832839965820312e+00 -1.086878255009651184e-01 3.821953773498535156e+00 1.946819543838500977e+00 7.289248943328857422e+00
TCGA.20.1684.01 -4.552493095397949219e+00 7.602541446685791016e+00 -2.833652973175048828e+00 4.543571472167968750e+00 -1.447253346443176270e+00 -4.921575546264648438e+00 -1.164809107780456543e+00 4.844526767730712891e+00 -3.211272478103637695e+00 -4.804176330566406250e+00
TCGA.20.1685.01 -9.406109809875488281e+00 3.373682498931884766e+00 -8.139021873474121094e+00 -2.116797685623168945e+00 -2.961179971694946289e+00 -5.986071228981018066e-01 -3.546172142028808594e+00 6.841996192932128906e+00 2.205819845199584961e+00 -1.450357675552368164e+00
TCGA.20.1687.01 -8.788573265075683594e+00 9.001964926719665527e-01 -3.013937711715698242e+00 -6.360067725181579590e-01 9.700885772705078125e+00 3.095491170883178711e+00 5.681946873664855957e-01 7.153533935546875000e+00 9.445620179176330566e-01 1.516492938995361328e+01
TCGA.23.1023.01 -2.933915615081787109e+00 -2.223568439483642578e+00 -1.150108814239501953e+00 3.699663400650024414e+00 6.951797485351562500e+00 3.543650150299072266e+00 -1.433229541778564453e+01 -2.134610891342163086e+00 2.713089466094970703e+00 1.222419071197509766e+01
TCGA.23.1026.01 -8.774789810180664062e+00 -3.622839927673339844e+00 -1.704444408416748047e+00 -2.428263664245605469e+00 8.504582405090332031e+00 -1.673937797546386719e+00 1.390984773635864258e+00 9.220762252807617188e+00 1.009282684326171875e+01 6.905611991882324219e+00
TCGA.23.1027.01 -8.710666656494140625e+00 -8.209972977638244629e-01 3.091896533966064453e+00 1.227455258369445801e+00 9.061174392700195312e+00 2.280492782592773438e+00 1.453835219144821167e-01 5.716464042663574219e+00 7.406192302703857422e+00 1.152274227142333984e+01
TCGA.23.1029.01 -3.715244531631469727e-01 3.882909715175628662e-01 -1.228728485107421875e+01 -4.301278114318847656e+00 -6.057454109191894531e+00 -7.271035671234130859e+00 -6.925368309020996094e+00 7.495380401611328125e+00 3.519682288169860840e-01 3.241031169891357422e+00
TCGA.23.1109.01 -2.113062143325805664e+00 2.999555110931396484e+00 7.127783298492431641e+00 1.909613418579101562e+01 8.649809837341308594e+00 -4.197687625885009766e+00 2.688581228256225586e+00 2.189331054687500000e+00 2.254443407058715820e+00 2.764784336090087891e+00
TCGA.23.1111.01 1.855039834976196289e+00 8.619091033935546875e+00 3.915063381195068359e+00 2.789169251918792725e-01 4.959312915802001953e+00 -9.640311241149902344e+00 -5.389755249023437500e+00 7.566800594329833984e+00 1.898284435272216797e+00 7.769597053527832031e+00
TCGA.23.1114.01 -2.049388408660888672e+00 2.110230922698974609e+00 -7.124640345573425293e-01 4.391841888427734375e+00 -1.547919869422912598e+00 -1.076111316680908203e+01 -1.255465602874755859e+01 1.403854608535766602e+00 -1.075560569763183594e+00 -2.693985939025878906e+00
TCGA.23.1120.01 -6.777945041656494141e+00 6.945721507072448730e-01 -5.812605381011962891e+00 1.257573318481445312e+01 -4.007594585418701172e+00 -3.676589488983154297e+00 2.613672018051147461e+00 6.248003959655761719e+00 2.674929141998291016e+00 2.137310981750488281e+00
TCGA.23.1122.01 1.750423073768615723e+00 -5.192610263824462891e+00 -3.625408172607421875e+00 9.155152320861816406e+00 1.419294238090515137e+00 -8.236729621887207031e+00 -8.534800529479980469e+00 -2.106675505638122559e-01 6.306189298629760742e-02 -5.074703097343444824e-01
TCGA.23.1123.01 -7.364145278930664062e+00 8.482883453369140625e+00 -5.049470663070678711e-01 5.530536651611328125e+00 -7.425154685974121094e+00 -1.221420526504516602e+00 -7.761609554290771484e+00 5.204695224761962891e+00 5.515330314636230469e+00 1.534626007080078125e+00
TCGA.23.1809.01 -9.111579060554504395e-01 4.078405857086181641e+00 -6.269773483276367188e+00 2.463210105895996094e+00 -1.059415054321289062e+01 -4.269631862640380859e+00 -1.488650035858154297e+01 1.920695781707763672e+00 3.979062438011169434e-01 7.510735034942626953e+00
TCGA.23.2077.01 1.016793155670166016e+01 -9.411325454711914062e+00 -8.177201271057128906e+00 8.782378196716308594e+00 1.692811608314514160e+00 -1.248464870452880859e+01 -4.233476638793945312e+00 7.323974967002868652e-01 -3.376180648803710938e+00 1.872210502624511719e+00
TCGA.23.2078.01 2.014908075332641602e+00 -4.601311683654785156e+00 2.694735229015350342e-01 1.291608047485351562e+01 6.921289443969726562e+00 -2.275472283363342285e-01 -7.659615516662597656e+00 -5.586534142494201660e-01 3.375486373901367188e+00 1.379560184478759766e+01
TCGA.23.2081.01 -1.419113254547119141e+01 1.642164587974548340e+00 -9.641201019287109375e+00 1.746513009071350098e+00 5.643882751464843750e+00 2.971814155578613281e+00 -3.043114900588989258e+00 3.609367847442626953e+00 -7.717002391815185547e+00 7.640164852142333984e+00
TCGA.23.2084.01 -1.157171154022216797e+01 8.575309753417968750e+00 -1.621564388275146484e+00 4.037001430988311768e-01 2.958047389984130859e+00 8.354832649230957031e+00 9.410293698310852051e-01 8.074348449707031250e+00 3.539335012435913086e+00 1.202376651763916016e+01
TCGA.24.0975.01 3.302350044250488281e+00 -9.353542327880859375e+00 2.222456783056259155e-01 4.750621318817138672e+00 1.825871348381042480e+00 -8.052168846130371094e+00 -8.372630119323730469e+00 1.314051508903503418e+00 9.845335006713867188e+00 7.882695198059082031e+00
TCGA.24.1103.01 -1.179069805145263672e+01 1.401851058006286621e+00 -9.552994728088378906e+00 -4.444547176361083984e+00 9.854378700256347656e+00 3.955452442169189453e+00 -7.847485542297363281e+00 2.102554559707641602e+00 -5.363396167755126953e+00 7.532348036766052246e-01
TCGA.24.1413.01 -6.939966678619384766e+00 5.436070919036865234e+00 -1.522403335571289062e+01 1.586413502693176270e+00 2.698903799057006836e+00 -3.052817821502685547e+00 -3.812778592109680176e-01 7.443242549896240234e+00 -9.718722343444824219e+00 -7.694777846336364746e-01
TCGA.24.1416.01 -6.305869579315185547e+00 -4.040588855743408203e+00 -1.264911556243896484e+01 -2.591178655624389648e+00 4.075919151306152344e+00 -6.258668899536132812e+00 -1.045482397079467773e+00 6.077785491943359375e+00 -3.555356979370117188e+00 -6.668250083923339844e+00
TCGA.24.1417.01 -5.330227375030517578e+00 -1.605924010276794434e+00 -9.467949867248535156e+00 9.533096313476562500e+00 6.302273273468017578e+00 1.102259159088134766e+00 3.461709260940551758e+00 7.521345138549804688e+00 6.456736922264099121e-01 1.214806842803955078e+01
TCGA.24.1418.01 4.041703224182128906e+00 2.518407583236694336e+00 -3.766804039478302002e-01 1.550989437103271484e+01 -2.777090072631835938e+00 -6.984776496887207031e+00 -4.313497066497802734e+00 1.714481234550476074e+00 -1.269050598144531250e+00 8.137164115905761719e+00
TCGA.24.1419.01 -9.421799659729003906e+00 7.057484626770019531e+00 1.868603825569152832e+00 -2.094647169113159180e+00 1.891246676445007324e+00 2.221833944320678711e+00 -8.259857177734375000e+00 1.961233019828796387e+00 2.039216995239257812e+00 2.169010162353515625e+00
TCGA.24.1423.01 6.047441005706787109e+00 -2.710493326187133789e+00 -1.329309558868408203e+01 2.985480785369873047e+00 9.088272094726562500e+00 -9.268519401550292969e+00 -4.485753059387207031e+00 4.539184570312500000e+00 -7.372984409332275391e+00 7.466358184814453125e+00
TCGA.24.1424.01 1.878933072090148926e+00 5.395405769348144531e+00 3.302185297012329102e+00 6.663447380065917969e+00 -3.961407184600830078e+00 -9.366532325744628906e+00 -1.262452793121337891e+01 1.791557908058166504e+00 3.888102293014526367e+00 2.668581247329711914e+00
TCGA.24.1425.01 5.219471931457519531e+00 -1.005336856842041016e+01 -3.482534736394882202e-02 5.342761993408203125e+00 5.314105987548828125e+00 -1.072934722900390625e+01 5.686480402946472168e-01 5.117458820343017578e+00 7.621483802795410156e+00 8.960793495178222656e+00
TCGA.24.1427.01 8.890450477600097656e+00 -1.060410690307617188e+01 -7.227988719940185547e+00 9.986749649047851562e+00 6.937960386276245117e-01 -9.107431411743164062e+00 -4.703164577484130859e+00 1.594131231307983398e+00 1.901084184646606445e+00 1.220270633697509766e+01
TCGA.24.1428.01 -1.458175754547119141e+01 -1.353283524513244629e+00 -2.273790359497070312e+00 1.265430545806884766e+01 4.257647514343261719e+00 6.329582214355468750e+00 3.204033613204956055e+00 2.573351860046386719e+00 2.506084680557250977e+00 1.711525559425354004e+00
TCGA.24.1430.01 3.485747098922729492e+00 1.879166364669799805e+00 3.210006237030029297e+00 8.021627426147460938e+00 5.527954578399658203e+00 -1.298719882965087891e+01 4.104264378547668457e-01 5.792183876037597656e+00 1.552219867706298828e+00 -1.621678322553634644e-01
TCGA.24.1434.01 4.552498817443847656e+00 -3.677625179290771484e+00 -1.130427360534667969e+00 1.242949390411376953e+01 -7.747150897979736328e+00 -7.239572048187255859e+00 -3.993246316909790039e+00 8.708917498588562012e-01 4.535617828369140625e+00 7.785013675689697266e+00
TCGA.24.1435.01 -1.264633083343505859e+01 6.865343451499938965e-01 -3.008436441421508789e+00 8.129932284355163574e-01 4.672736167907714844e+00 3.429232597351074219e+00 -3.398667573928833008e+00 7.073762893676757812e+00 7.229490756988525391e+00 1.154403591156005859e+01
TCGA.24.1436.01 -5.083718776702880859e+00 6.713947772979736328e+00 3.003757476806640625e+00 1.416922473907470703e+01 4.492653608322143555e-01 5.554191470146179199e-01 4.510972023010253906e+00 5.789462566375732422e+00 3.346659183502197266e+00 7.464257717132568359e+00
TCGA.24.1463.01 -2.630611896514892578e+00 -6.567985057830810547e+00 -1.117459774017333984e+01 1.281039428710937500e+01 3.170612335205078125e+00 -2.088978528976440430e+00 -5.888930320739746094e+00 7.187687754631042480e-01 -3.389671564102172852e+00 1.299029827117919922e+01
TCGA.24.1467.01 -7.979727268218994141e+00 2.654733180999755859e+00 -3.462837219238281250e+00 -3.351341724395751953e+00 8.401174545288085938e+00 -4.325798988342285156e+00 1.777580142021179199e+00 7.778393745422363281e+00 9.440959692001342773e-01 -4.315007686614990234e+00
TCGA.24.1469.01 -5.448093414306640625e+00 6.713268280029296875e+00 -1.866487741470336914e+00 1.094924640655517578e+01 -4.400289535522460938e+00 -1.037710905075073242e+00 -3.029940128326416016e+00 2.303954124450683594e+00 1.230255961418151855e-01 -4.405691623687744141e+00
TCGA.24.1474.01 -2.006286382675170898e+00 -2.993860721588134766e+00 2.605451107025146484e+00 1.285502719879150391e+01 1.124085044860839844e+01 -2.198158264160156250e+00 -5.532918930053710938e+00 -2.803910732269287109e+00 -4.371731281280517578e+00 9.964161515235900879e-01
TCGA.24.1544.01 -2.728725671768188477e+00 8.183696746826171875e+00 4.373976230621337891e+00 9.016873359680175781e+00 9.612827301025390625e+00 -3.198229551315307617e+00 -1.109476661682128906e+01 -1.215614199638366699e+00 -6.824223041534423828e+00 2.005691081285476685e-01
TCGA.24.1545.01 1.873663902282714844e+00 -4.013319492340087891e+00 -9.599809646606445312e+00 1.005328559875488281e+01 -2.554153442382812500e+00 -6.600935459136962891e+00 -4.247876167297363281e+00 6.151004791259765625e+00 2.776849746704101562e+00 1.357022190093994141e+01
TCGA.24.1546.01 2.662719249725341797e+00 -3.173665046691894531e+00 3.203301429748535156e+00 3.004699230194091797e+00 6.790392398834228516e+00 -6.736146926879882812e+00 3.800417780876159668e-01 7.568213462829589844e+00 9.843508720397949219e+00 1.263358974456787109e+01
TCGA.24.1548.01 -7.670312404632568359e+00 1.408412837982177734e+01 -3.679063171148300171e-02 4.841142177581787109e+00 -1.151498436927795410e+00 3.953737735748291016e+00 -3.678485870361328125e+00 5.870361328125000000e+00 5.272769331932067871e-01 4.115553379058837891e+00
TCGA.24.1549.01 -9.729500770568847656e+00 2.789544582366943359e+00 -3.359087467193603516e+00 7.128941535949707031e+00 -4.069378852844238281e+00 2.925602912902832031e+00 8.893430829048156738e-01 3.001591444015502930e+00 3.336987972259521484e+00 -3.728897809982299805e+00
TCGA.24.1550.01 1.188072323799133301e+00 -6.424402713775634766e+00 -4.162997722625732422e+00 8.188692092895507812e+00 -5.576094150543212891e+00 -2.673053555190563202e-02 -1.466208934783935547e+01 -4.535668373107910156e+00 2.826266288757324219e+00 6.678580284118652344e+00
TCGA.24.1551.01 -2.810043334960937500e+00 -1.139748859405517578e+01 -4.424588680267333984e+00 2.541193485260009766e+00 8.778363227844238281e+00 -4.081426620483398438e+00 3.822892665863037109e+00 4.592662334442138672e+00 6.112228870391845703e+00 -3.567223846912384033e-01
TCGA.24.1552.01 -7.537248134613037109e+00 3.523743391036987305e+00 -1.447293043136596680e+00 1.526999092102050781e+01 8.756893873214721680e-01 -1.017402172088623047e+00 3.176268339157104492e+00 2.087348937988281250e+00 -3.764140129089355469e+00 6.335822939872741699e-01
TCGA.24.1553.01 -1.048393845558166504e+00 -5.112316131591796875e+00 -6.957669734954833984e+00 1.576727390289306641e+01 -6.398488283157348633e-01 -1.282991886138916016e+00 1.679432153701782227e+00 2.248693466186523438e+00 1.180405378341674805e+00 6.442768573760986328e+00
TCGA.24.1555.01 -6.843395709991455078e+00 5.276022434234619141e+00 -9.007307052612304688e+00 -3.115728378295898438e+00 -5.704621076583862305e-01 -5.413017749786376953e+00 5.087655186653137207e-01 9.929240226745605469e+00 -1.510302782058715820e+00 1.470656633377075195e+00
TCGA.24.1556.01 -8.766987800598144531e+00 -1.801532149314880371e+00 -4.088762283325195312e+00 1.231006908416748047e+01 8.792510986328125000e+00 -3.536538600921630859e+00 2.998404741287231445e+00 4.265389919281005859e+00 -2.496396303176879883e+00 -1.646299839019775391e+00
TCGA.24.1557.01 -4.879461288452148438e+00 -8.264381408691406250e+00 -1.150774765014648438e+01 3.077625513076782227e+00 1.133834648132324219e+01 -5.236648559570312500e+00 -7.062898159027099609e+00 1.216838717460632324e+00 -4.863919734954833984e+00 -2.312533855438232422e+00
TCGA.24.1558.01 -1.364676117897033691e+00 5.908252239227294922e+00 -3.921580791473388672e+00 4.338236808776855469e+00 -7.526420593261718750e+00 -6.376086711883544922e+00 -3.657881498336791992e+00 5.805425643920898438e+00 2.329923629760742188e+00 -1.175530672073364258e+00
TCGA.24.1560.01 3.011551618576049805e+00 6.049244880676269531e+00 -1.112977123260498047e+01 5.508847236633300781e+00 4.235455989837646484e+00 -9.092676162719726562e+00 -3.570870876312255859e+00 5.609657764434814453e+00 -1.210834407806396484e+01 1.608262807130813599e-01
TCGA.24.1562.01 3.816291570663452148e+00 -1.272592663764953613e+00 -7.455406188964843750e+00 5.769335746765136719e+00 -2.706681966781616211e+00 -1.132399749755859375e+01 3.234100580215454102e+00 9.736544609069824219e+00 2.624685764312744141e+00 4.936029434204101562e+00
TCGA.24.1563.01 -6.391984462738037109e+00 -2.610771179199218750e+00 -3.322958946228027344e+00 1.086598753929138184e+00 1.789502501487731934e+00 -7.000808715820312500e+00 -3.092787265777587891e+00 7.082388877868652344e+00 4.944148063659667969e+00 9.950924873352050781e+00
TCGA.24.1564.01 3.762350082397460938e+00 -7.243723392486572266e+00 -1.108760070800781250e+01 4.529140949249267578e+00 -3.441742897033691406e+00 -3.866556882858276367e+00 -8.655188560485839844e+00 3.430283546447753906e+00 4.375307083129882812e+00 1.333326625823974609e+01
TCGA.24.1567.01 -3.690106868743896484e-01 -1.305479168891906738e+00 -9.342441558837890625e+00 -1.641664981842041016e+00 4.136821031570434570e-01 -3.908310174942016602e+00 -1.669795608520507812e+01 -2.243787050247192383e+00 -3.240922927856445312e+00 -9.001271426677703857e-02
TCGA.24.1603.01 -2.370882987976074219e+00 4.713517665863037109e+00 -8.155252456665039062e+00 7.883835315704345703e+00 4.867878437042236328e+00 -9.523066520690917969e+00 2.050163984298706055e+00 8.140725135803222656e+00 -7.652268886566162109e+00 3.185405015945434570e+00
TCGA.24.1604.01 -4.836867809295654297e+00 8.688230514526367188e+00 -1.143505573272705078e+00 3.275925219058990479e-01 7.699942111968994141e+00 -3.601663589477539062e+00 4.714892506599426270e-01 1.071447467803955078e+01 1.253573060035705566e+00 1.075142383575439453e+01
TCGA.24.1616.01 -1.566422700881958008e+00 9.119391441345214844e+00 -1.013286876678466797e+01 -5.229379653930664062e+00 3.781803846359252930e+00 -1.691831827163696289e+00 -6.906814575195312500e+00 7.996635437011718750e+00 -4.725236415863037109e+00 9.805212020874023438e+00
TCGA.24.1842.01 -7.705051422119140625e+00 3.961252272129058838e-01 -4.400303840637207031e+00 4.722180366516113281e+00 1.727517008781433105e+00 -5.521581768989562988e-01 3.444053888320922852e+00 9.369242668151855469e+00 7.981807708740234375e+00 5.880307674407958984e+00
TCGA.24.1843.01 -8.052301406860351562e+00 4.422200202941894531e+00 8.337674140930175781e-01 6.195216655731201172e+00 -7.197455883026123047e+00 2.623478651046752930e+00 -4.777474880218505859e+00 2.375108718872070312e+00 9.402673721313476562e+00 -3.260861158370971680e+00
TCGA.24.1844.01 -8.944866180419921875e+00 4.987306118011474609e+00 -1.178610420227050781e+01 -4.248119294643402100e-01 3.046262264251708984e+00 -5.664768218994140625e+00 -8.609506607055664062e+00 4.890385150909423828e+00 -8.706562042236328125e+00 -2.926026105880737305e+00
TCGA.24.1846.01 -1.629688453674316406e+01 -4.241544723510742188e+00 -7.307000160217285156e+00 2.168857097625732422e+00 1.367829322814941406e+01 9.210684776306152344e+00 -3.274114608764648438e+00 3.374428749084472656e+00 2.195142745971679688e+00 9.265727043151855469e+00
TCGA.24.1847.01 -5.901494026184082031e+00 -1.029574966430664062e+01 -1.304652214050292969e+01 1.020702481269836426e+00 8.273546218872070312e+00 3.146143436431884766e+00 2.835887670516967773e-01 5.228639602661132812e+00 3.579883575439453125e+00 8.244290351867675781e+00
TCGA.24.1849.01 3.298727989196777344e+00 -1.102617931365966797e+01 -2.775734424591064453e+00 5.171517372131347656e+00 -2.807765007019042969e+00 -9.699434280395507812e+00 -2.986829996109008789e+00 3.698489189147949219e+00 1.053291320800781250e+01 6.374981403350830078e+00
TCGA.24.1850.01 2.835197925567626953e+00 8.333312869071960449e-01 -3.028108119964599609e+00 1.294171714782714844e+01 -4.648985862731933594e+00 -2.665460586547851562e+00 -1.156297874450683594e+01 -2.779828786849975586e+00 -2.089534282684326172e+00 5.967378616333007812e+00
TCGA.24.1924.01 -4.803056240081787109e+00 8.295615315437316895e-01 -5.359858989715576172e+00 -3.162440285086631775e-02 -3.173868179321289062e+00 -2.981835365295410156e+00 5.928697586059570312e-01 9.390293121337890625e+00 1.023994064331054688e+01 -1.617565602064132690e-01
TCGA.24.1928.01 -4.925675868988037109e+00 4.435393810272216797e+00 -7.873511314392089844e-01 1.859867453575134277e+00 1.863572955131530762e+00 -3.608396649360656738e-01 -7.481431007385253906e+00 6.503339767456054688e+00 4.801768779754638672e+00 1.639381217956542969e+01
TCGA.24.1930.01 -1.790089488029479980e+00 -4.591114997863769531e+00 -1.275953865051269531e+01 8.822120666503906250e+00 -6.473590850830078125e+00 -2.606602311134338379e-01 1.991031885147094727e+00 6.457645416259765625e+00 3.190638780593872070e+00 9.521664619445800781e+00
TCGA.24.2019.01 -1.441581153869628906e+01 7.534049510955810547e+00 -7.365717887878417969e+00 -2.157380878925323486e-01 -2.093822479248046875e+00 9.229125022888183594e+00 -1.220731925964355469e+01 1.988526821136474609e+00 -1.032992601394653320e+00 6.246327877044677734e+00
TCGA.24.2020.01 -6.995372176170349121e-01 -6.858692765235900879e-01 4.946539878845214844e+00 2.619602680206298828e+00 -2.143293857574462891e+00 -2.785001039505004883e+00 -9.823464393615722656e+00 -1.767786502838134766e+00 7.659507274627685547e+00 -1.259806632995605469e+00
TCGA.24.2023.01 -9.667277336120605469e+00 5.095564365386962891e+00 -9.946007728576660156e+00 -2.435019016265869141e+00 -2.303523063659667969e+00 4.942694664001464844e+00 3.181516885757446289e+00 9.957629203796386719e+00 2.645981788635253906e+00 7.887991428375244141e+00
TCGA.24.2024.01 -3.731292724609375000e+00 -3.206571564078330994e-02 -1.022219848632812500e+01 6.345866680145263672e+00 -4.276667594909667969e+00 -1.001094341278076172e+01 -2.340244531631469727e+00 6.742099285125732422e+00 -2.734464883804321289e+00 3.669128894805908203e+00
TCGA.24.2026.01 -2.891847610473632812e+00 -1.094063878059387207e+00 1.889882534742355347e-01 8.029697418212890625e+00 -4.516000270843505859e+00 -2.977890253067016602e+00 1.291162371635437012e+00 1.228040456771850586e+00 6.149656772613525391e+00 -3.310402870178222656e+00
TCGA.24.2027.01 3.677476167678833008e+00 9.388372302055358887e-01 -1.115483760833740234e+01 2.410703659057617188e+00 -7.497859477996826172e+00 -8.697926521301269531e+00 -1.357755374908447266e+01 1.616634011268615723e+00 -2.172274351119995117e+00 -1.230153799057006836e+00
TCGA.24.2033.01 4.414923787117004395e-01 3.089143037796020508e+00 3.569418430328369141e+00 3.900949716567993164e+00 -5.528310775756835938e+00 -6.472037315368652344e+00 -1.976401805877685547e+00 5.517967700958251953e+00 9.619318008422851562e+00 7.362814247608184814e-02
TCGA.24.2035.01 1.968986034393310547e+00 -5.968070507049560547e+00 4.204816341400146484e+00 4.467502117156982422e+00 1.146907210350036621e+00 -7.866431713104248047e+00 -1.357282876968383789e+00 5.683939456939697266e+00 1.367467117309570312e+01 6.936700344085693359e+00
TCGA.24.2036.01 -5.111261844635009766e+00 3.098052263259887695e+00 -2.249154090881347656e+00 -5.834819793701171875e+00 1.475662231445312500e+01 -1.037917423248291016e+01 -6.688912391662597656e+00 6.617527484893798828e+00 -3.291371345520019531e+00 -3.247348070144653320e+00
TCGA.24.2038.01 -2.342477589845657349e-01 -3.060611248016357422e+00 -8.908439874649047852e-01 -2.633418560028076172e+00 1.780508804321289062e+01 -6.859741687774658203e+00 -1.958784818649291992e+00 4.927556991577148438e+00 -2.117314934730529785e-01 1.476255774497985840e+00
TCGA.24.2254.01 -7.409496307373046875e+00 5.181756496429443359e+00 6.300870418548583984e+00 -2.864023685455322266e+00 1.497296524047851562e+01 -3.051234245300292969e+00 -5.347677230834960938e+00 7.412605285644531250e+00 5.281301021575927734e+00 6.893382549285888672e+00
TCGA.24.2261.01 -8.206049919128417969e+00 2.827506303787231445e+00 -2.460982561111450195e+00 4.091089248657226562e+00 -1.009616184234619141e+01 3.908704042434692383e+00 -1.754981637001037598e+00 6.068092346191406250e+00 1.005993270874023438e+01 5.979092121124267578e+00
TCGA.24.2262.01 -5.317214488983154297e+00 6.107886433601379395e-01 4.683861255645751953e+00 1.081719303131103516e+01 2.279416084289550781e+00 2.683094739913940430e+00 3.448387861251831055e+00 4.505698204040527344e+00 9.326539039611816406e+00 5.137020587921142578e+00
TCGA.24.2267.01 -5.053567409515380859e+00 1.828366875648498535e+00 4.427945613861083984e+00 3.671097517013549805e+00 1.490487456321716309e+00 -3.902941346168518066e-01 3.389667749404907227e+00 9.565695762634277344e+00 1.434674739837646484e+01 5.442475795745849609e+00
TCGA.24.2271.01 -1.996396422386169434e+00 -1.974211692810058594e+00 -1.407887935638427734e+00 -2.348174571990966797e+00 1.231639742851257324e+00 -4.286943912506103516e+00 1.645277500152587891e+00 1.149261569976806641e+01 1.369539260864257812e+01 9.049277305603027344e+00
TCGA.24.2281.01 -6.083338260650634766e+00 -1.321829676628112793e+00 -4.512402057647705078e+00 3.774280309677124023e+00 -5.204672336578369141e+00 -1.457325458526611328e+00 -5.099003314971923828e+00 5.466879367828369141e+00 1.079858016967773438e+01 1.331692814826965332e+00
TCGA.24.2288.01 -2.327527046203613281e+00 2.881332635879516602e+00 -5.010098934173583984e+00 1.155273532867431641e+01 -2.709710121154785156e+00 3.626312255859375000e+00 -9.198805689811706543e-01 5.391232490539550781e+00 5.365091800689697266e+00 1.186564159393310547e+01
TCGA.24.2289.01 -2.534443378448486328e+00 -5.258572578430175781e+00 -6.775069713592529297e+00 8.003120422363281250e+00 -7.709617614746093750e+00 -3.610866069793701172e+00 -7.152926445007324219e+00 1.699334263801574707e+00 4.356707096099853516e+00 4.708557605743408203e+00
TCGA.24.2290.01 -8.620886802673339844e+00 2.801999092102050781e+00 -5.450322628021240234e-01 4.625760078430175781e+00 5.061666488647460938e+00 2.426590681076049805e+00 6.946329116821289062e+00 8.038282394409179688e+00 3.930645227432250977e+00 3.903310298919677734e+00
TCGA.24.2293.01 1.129001021385192871e+00 -3.638192653656005859e+00 -3.640722274780273438e+00 1.717322945594787598e+00 -6.021921157836914062e+00 -3.414241552352905273e+00 -6.766168117523193359e+00 6.481767177581787109e+00 1.226764202117919922e+01 1.300102043151855469e+01
TCGA.24.2297.01 -4.573997020721435547e+00 -1.451656520366668701e-01 -8.506225585937500000e+00 9.674552917480468750e+00 9.024325609207153320e-01 -6.621561050415039062e+00 2.698493599891662598e-01 3.691866159439086914e+00 -5.601175785064697266e+00 -6.893639087677001953e+00
TCGA.24.2298.01 2.355528324842453003e-01 -3.620795488357543945e+00 -5.126314163208007812e-01 1.601097869873046875e+01 8.264995574951171875e+00 -2.943356752395629883e+00 3.828349351882934570e+00 2.242437839508056641e+00 -1.670922279357910156e+00 1.077768039703369141e+01
TCGA.25.1312.01 1.388072848320007324e+00 9.116373062133789062e+00 -3.099890947341918945e+00 9.326733589172363281e+00 -6.760447978973388672e+00 -7.442067146301269531e+00 -3.819042921066284180e+00 5.599967956542968750e+00 -2.459855794906616211e+00 2.284159660339355469e+00
TCGA.25.1313.01 6.422039031982421875e+00 -8.934570312500000000e+00 -1.303864860534667969e+01 4.129399776458740234e+00 3.633593320846557617e-01 -7.349326133728027344e+00 -1.595945119857788086e+00 4.422752380371093750e+00 -4.803419709205627441e-01 6.998722553253173828e+00
TCGA.25.1314.01 6.430147647857666016e+00 2.914748907089233398e+00 -1.880625963211059570e+00 8.152840614318847656e+00 4.553080558776855469e+00 -8.355843544006347656e+00 1.810894370079040527e+00 7.859046459197998047e+00 -9.223297238349914551e-01 1.317896938323974609e+01
TCGA.25.1315.01 -5.449317455291748047e+00 7.528794765472412109e+00 -8.317436218261718750e+00 1.303093433380126953e+00 -2.149484157562255859e+00 -3.325444221496582031e+00 -1.327395057678222656e+01 1.083741903305053711e+00 -8.695734024047851562e+00 -2.907067298889160156e+00
TCGA.25.1316.01 1.974769711494445801e+00 -3.326035022735595703e+00 -8.507914543151855469e-01 2.843914985656738281e+00 3.138513803482055664e+00 -3.633154392242431641e+00 -1.579842472076416016e+01 -3.732992410659790039e+00 1.509747982025146484e+00 4.186790466308593750e+00
TCGA.25.1317.01 1.263090610504150391e+01 1.875963330268859863e+00 -3.577073812484741211e+00 7.424927711486816406e+00 4.192220211029052734e+00 -1.565350246429443359e+01 -8.017965316772460938e+00 3.903592586517333984e+00 -3.666440010070800781e+00 7.953689098358154297e+00
TCGA.25.1318.01 -4.022602558135986328e+00 8.849323272705078125e+00 -6.254863739013671875e-01 5.721917152404785156e+00 4.133022949099540710e-02 -1.488593101501464844e+00 3.421865224838256836e+00 1.060092544555664062e+01 3.289852142333984375e+00 1.375329303741455078e+01
TCGA.25.1319.01 -1.161491012573242188e+01 9.569635391235351562e+00 -1.525866985321044922e+00 3.704971313476562500e+00 2.312856674194335938e+00 -2.234210252761840820e+00 -5.251799583435058594e+00 5.805159091949462891e+00 1.400343775749206543e+00 -3.097461223602294922e+00
TCGA.25.1320.01 1.727973818778991699e+00 -1.067446112632751465e+00 1.019941329956054688e+00 1.335629749298095703e+01 -7.172685861587524414e-01 -1.204742240905761719e+01 -4.146539688110351562e+00 2.645632505416870117e+00 1.141835212707519531e+00 3.287479162216186523e+00
TCGA.25.1321.01 -3.885015964508056641e+00 2.698080539703369141e+00 -1.621827507019042969e+01 6.428606986999511719e+00 -4.591630935668945312e+00 -3.727462768554687500e+00 -5.839960098266601562e+00 3.250855445861816406e+00 -9.579384803771972656e+00 6.651312708854675293e-01
TCGA.25.1322.01 -6.010958671569824219e+00 6.177419185638427734e+00 8.149268627166748047e-01 -2.111835002899169922e+00 7.910293579101562500e+00 -2.508843541145324707e-01 -2.388563871383666992e+00 1.073407745361328125e+01 9.610500335693359375e+00 1.158019733428955078e+01
TCGA.25.1323.01 9.436377525329589844e+00 8.645529150962829590e-01 -9.168073654174804688e+00 7.636272430419921875e+00 -7.233999252319335938e+00 -9.553093910217285156e+00 -1.379549407958984375e+01 4.676582217216491699e-01 -3.660996675491333008e+00 6.097847461700439453e+00
TCGA.25.1324.01 2.089642286300659180e+00 6.409375667572021484e+00 3.746809005737304688e+00 8.169399261474609375e+00 -2.098718643188476562e+00 -1.125860691070556641e+01 -5.443510055541992188e+00 3.370884895324707031e+00 2.443434596061706543e-01 -4.730052947998046875e+00
TCGA.25.1326.01 -6.333987712860107422e+00 4.163076400756835938e+00 -8.144252777099609375e+00 3.849448919296264648e+00 -6.190077781677246094e+00 4.702572822570800781e+00 -4.351983547210693359e+00 7.217918395996093750e+00 5.298197269439697266e+00 1.538991069793701172e+01
TCGA.25.1328.01 3.992095232009887695e+00 -3.712873220443725586e+00 1.253575325012207031e+00 -1.098257780075073242e+00 8.225723266601562500e+00 -1.028626728057861328e+01 -3.948971033096313477e-01 8.052538871765136719e+00 7.047164440155029297e+00 7.869197368621826172e+00
TCGA.25.1329.01 -8.946290016174316406e+00 5.100800514221191406e+00 -4.165254592895507812e+00 1.161787033081054688e+01 7.047718763351440430e-01 5.986596941947937012e-01 -4.174912929534912109e+00 4.108759403228759766e+00 -3.540780067443847656e+00 1.468833923339843750e+01
TCGA.25.1623.01 4.745146274566650391e+00 -4.853198051452636719e+00 -3.642600536346435547e+00 1.044903945922851562e+01 -6.853150367736816406e+00 -2.580521345138549805e+00 -9.339221954345703125e+00 6.689794659614562988e-01 6.736192226409912109e+00 1.322983360290527344e+01
TCGA.25.1625.01 1.013783335685729980e+00 -1.053782749176025391e+01 -6.798308849334716797e+00 -6.724178194999694824e-01 4.115993022918701172e+00 -8.428025841712951660e-01 9.895055741071701050e-02 4.211952686309814453e+00 6.069789409637451172e+00 1.172192764282226562e+01
TCGA.25.1626.01 6.176969051361083984e+00 -5.635887622833251953e+00 -1.881176471710205078e+00 7.623892784118652344e+00 -7.651153087615966797e+00 -7.346366882324218750e+00 -1.021151638031005859e+01 1.697116971015930176e+00 8.699544906616210938e+00 1.122347164154052734e+01
TCGA.25.1627.01 -2.574134111404418945e+00 6.879559904336929321e-02 -1.240124416351318359e+01 1.071990871429443359e+01 -6.639235496520996094e+00 -1.130657434463500977e+00 -9.880869865417480469e+00 -9.444118738174438477e-01 -6.396411418914794922e+00 5.281291484832763672e+00
TCGA.25.1628.01 9.711838722229003906e+00 -7.311941623687744141e+00 -2.214593172073364258e+00 1.211120891571044922e+01 -5.180941894650459290e-02 -1.423333072662353516e+01 -6.297529697418212891e+00 1.476434707641601562e+00 1.972674846649169922e+00 6.226327896118164062e+00
TCGA.25.1630.01 7.081517577171325684e-01 -1.113353347778320312e+01 -6.180670261383056641e+00 -3.240159749984741211e+00 9.931330680847167969e+00 -7.493513107299804688e+00 -4.548969268798828125e+00 4.530296802520751953e+00 6.732046604156494141e+00 1.957953572273254395e+00
TCGA.25.1631.01 -2.904129028320312500e+00 4.206555843353271484e+00 -6.602756500244140625e+00 -6.694554805755615234e+00 6.267455101013183594e+00 -2.881978511810302734e+00 -1.162071228027343750e+01 6.742701530456542969e+00 2.324499607086181641e+00 1.007203006744384766e+01
TCGA.25.1632.01 3.549441337585449219e+00 4.758495390415191650e-01 -6.208109378814697266e+00 -7.132434248924255371e-01 6.898417472839355469e+00 -1.330139255523681641e+01 -9.787375450134277344e+00 3.750463962554931641e+00 -5.859751224517822266e+00 -4.716222584247589111e-01
TCGA.25.1633.01 1.014838886260986328e+01 -8.222448348999023438e+00 -5.500046730041503906e+00 4.595654010772705078e+00 -5.237870216369628906e+00 -1.155356311798095703e+01 -1.091996955871582031e+01 4.381056427955627441e-01 2.892730712890625000e+00 8.676198005676269531e+00
TCGA.25.1634.01 8.002794265747070312e+00 4.820771217346191406e+00 -8.503115177154541016e-01 1.077481746673583984e+01 6.711509704589843750e+00 -8.777700424194335938e+00 -8.566810607910156250e+00 -3.996801972389221191e-01 -1.002752399444580078e+01 7.442982673645019531e+00
TCGA.25.1635.01 -8.662405014038085938e+00 -1.891243100166320801e+00 -8.623186111450195312e+00 7.422922134399414062e+00 7.392176389694213867e-01 1.948912382125854492e+00 -6.914331436157226562e+00 4.029426097869873047e+00 4.370743274688720703e+00 8.343040466308593750e+00
TCGA.25.1870.01 3.423994302749633789e+00 4.362884044647216797e+00 -6.558476448059082031e+00 5.521720409393310547e+00 -3.429576396942138672e+00 -1.278540134429931641e+01 -4.315757274627685547e+00 5.982439041137695312e+00 -5.200986385345458984e+00 -1.701536178588867188e+00
TCGA.25.1871.01 9.534317970275878906e+00 -4.223171174526214600e-01 -5.790479183197021484e+00 6.977945327758789062e+00 4.977837562561035156e+00 -1.336432170867919922e+01 -8.527074813842773438e+00 1.314862489700317383e+00 -8.936084747314453125e+00 -1.643796205520629883e+00
TCGA.25.2042.01 5.005759239196777344e+00 -8.712657928466796875e+00 -2.925836086273193359e+00 2.247981548309326172e+00 -4.602081775665283203e+00 -9.631615638732910156e+00 -3.699573040008544922e+00 5.272103309631347656e+00 8.774183273315429688e+00 1.269467258453369141e+01
TCGA.25.2391.01 -3.056079864501953125e+00 -3.663401842117309570e+00 -1.436258792877197266e+01 6.958894729614257812e+00 1.242573356628417969e+01 2.222895145416259766e+00 -3.082964658737182617e+00 1.532673239707946777e+00 -9.337991714477539062e+00 7.965891361236572266e+00
TCGA.25.2392.01 4.374332427978515625e+00 -5.277772903442382812e+00 -1.610810852050781250e+01 8.960379600524902344e+00 4.604161262512207031e+00 -4.558159828186035156e+00 -5.921690464019775391e+00 3.324615716934204102e+00 -5.344744205474853516e+00 9.879567146301269531e+00
TCGA.25.2393.01 -1.608381152153015137e+00 5.654094696044921875e+00 5.081293582916259766e-01 8.047974586486816406e+00 3.754694938659667969e+00 -2.427569866180419922e+00 -1.704357719421386719e+01 -1.893386960029602051e+00 -2.443468570709228516e+00 5.963286876678466797e+00
TCGA.25.2396.01 -6.165998935699462891e+00 2.593063354492187500e+00 2.519529342651367188e+00 4.967679977416992188e+00 5.072863578796386719e+00 -6.505381584167480469e+00 -3.517035484313964844e+00 6.030542373657226562e+00 6.724095821380615234e+00 -1.910330772399902344e+00
TCGA.25.2397.01 -1.451243042945861816e+00 4.711156845092773438e+00 -1.629487752914428711e+00 -1.738759756088256836e+00 4.485277175903320312e+00 -7.083232879638671875e+00 5.137245655059814453e+00 1.231444454193115234e+01 3.983075141906738281e+00 5.399424076080322266e+00
TCGA.25.2398.01 1.172466468811035156e+01 -1.503068566322326660e+00 4.860037803649902344e+00 1.214552021026611328e+01 3.930228948593139648e-01 -1.554519081115722656e+01 -7.075742721557617188e+00 1.325699090957641602e+00 2.855990409851074219e+00 6.373902797698974609e+00
TCGA.25.2399.01 8.375532031059265137e-01 -3.664315223693847656e+00 -6.650544643402099609e+00 4.445320129394531250e+00 -9.142641067504882812e+00 -9.364706039428710938e+00 -1.400973677635192871e+00 5.216523647308349609e+00 4.350164890289306641e+00 -1.287513822317123413e-01
TCGA.25.2400.01 -2.697062015533447266e+00 1.227300453186035156e+01 -3.227715969085693359e+00 -1.704575657844543457e+00 -1.420466542243957520e+00 -9.891064763069152832e-01 -1.291019439697265625e+01 5.821978092193603516e+00 1.004694342613220215e+00 6.123406887054443359e+00
TCGA.25.2401.01 -2.452397346496582031e+00 -3.589707314968109131e-01 -3.702521800994873047e+00 6.754315376281738281e+00 4.778959751129150391e+00 -3.315442204475402832e-01 -1.536867737770080566e+00 7.283560276031494141e+00 5.185842514038085938e+00 1.645731544494628906e+01
TCGA.25.2404.01 -3.574994564056396484e+00 -6.048817634582519531e+00 -7.182536125183105469e+00 -2.681326150894165039e+00 7.350362539291381836e-01 -5.799310684204101562e+00 -1.975286245346069336e+00 8.085037231445312500e+00 7.730103969573974609e+00 5.781358242034912109e+00
TCGA.25.2409.01 -3.175170421600341797e+00 -1.526376605033874512e+00 -5.339171737432479858e-02 5.190372943878173828e+00 1.457393455505371094e+01 -3.977684974670410156e+00 5.049280166625976562e+00 7.629275798797607422e+00 4.214404225349426270e-01 1.081930065155029297e+01
TCGA.29.1688.01 -4.171373844146728516e+00 -2.283674716949462891e+00 3.608814716339111328e+00 1.579731106758117676e+00 9.640975952148437500e+00 -1.647758007049560547e+00 4.238554954528808594e+00 7.981585025787353516e+00 9.909564971923828125e+00 3.198913097381591797e+00
TCGA.29.1690.01 -5.539932727813720703e+00 -3.975759983062744141e+00 3.067857921123504639e-01 -1.150939106941223145e+00 1.818415451049804688e+01 2.161000251770019531e+00 -1.168411448597908020e-01 6.032102584838867188e+00 5.991764545440673828e+00 8.845129013061523438e+00
TCGA.29.1691.01 -9.284497261047363281e+00 1.477681994438171387e+00 5.919372081756591797e+00 8.953186035156250000e+00 5.190426826477050781e+00 -1.301018834114074707e+00 -9.248517036437988281e+00 -1.209774017333984375e+00 4.852745532989501953e+00 -4.374915122985839844e+00
TCGA.29.1693.01 2.546876907348632812e+00 1.112861633300781250e+00 1.943239688873291016e+00 8.218489646911621094e+00 1.327763915061950684e+00 -8.182806968688964844e+00 4.368381500244140625e+00 8.036335945129394531e+00 7.479551315307617188e+00 6.231536388397216797e+00
TCGA.29.1694.01 -4.375619813799858093e-02 -7.501286506652832031e+00 -1.216317939758300781e+01 1.283567309379577637e+00 8.098520278930664062e+00 -3.484127998352050781e+00 4.104759693145751953e+00 7.703167915344238281e+00 -1.027786493301391602e+00 1.106220149993896484e+01
TCGA.29.1695.01 -2.084876537322998047e+00 3.802492856979370117e+00 7.220811367034912109e+00 8.737841606140136719e+00 -2.168189048767089844e+00 -1.209348678588867188e+00 3.184642791748046875e-01 4.799239635467529297e+00 1.225541782379150391e+01 3.498753547668457031e+00
TCGA.29.1696.01 -9.721713066101074219e+00 -2.717196464538574219e+00 -7.617583274841308594e+00 -8.403291702270507812e+00 1.304405498504638672e+01 -2.416616678237915039e+00 -3.064218759536743164e+00 6.669573783874511719e+00 4.547101855278015137e-01 -2.912415027618408203e+00
TCGA.29.1697.01 -2.218044757843017578e+00 1.321240425109863281e+01 -6.180782794952392578e+00 1.308348178863525391e+01 4.952035903930664062e+00 1.458801507949829102e+00 -6.555730819702148438e+00 1.996688008308410645e+00 -1.241317558288574219e+01 5.052911758422851562e+00
TCGA.29.1698.01 -3.628555059432983398e+00 6.100995063781738281e+00 -3.760563850402832031e+00 1.115938282012939453e+01 -6.921703338623046875e+00 6.948729157447814941e-01 -7.680325508117675781e+00 2.206464767456054688e+00 -1.165835857391357422e+00 9.341221809387207031e+00
TCGA.29.1699.01 -7.293345928192138672e+00 3.697953701019287109e+00 -6.728744029998779297e+00 1.234524440765380859e+01 -1.047331619262695312e+01 2.894457817077636719e+00 -1.139938950538635254e+00 3.599164485931396484e+00 2.346404075622558594e+00 4.483360767364501953e+00
TCGA.29.1701.01 -6.256574392318725586e-01 -9.523523449897766113e-01 -1.409721374511718750e+00 1.122355842590332031e+01 -7.199247360229492188e+00 -2.289854288101196289e+00 -7.200709342956542969e+00 -9.526041150093078613e-01 5.293652534484863281e+00 4.085500910878181458e-02
TCGA.29.1702.01 1.340923666954040527e+00 1.012285709381103516e+01 7.808331966400146484e+00 1.174372291564941406e+01 4.895863056182861328e+00 -6.754016876220703125e+00 -5.102993965148925781e+00 2.269071102142333984e+00 -1.732707142829895020e+00 1.179686784744262695e+00
TCGA.29.1703.01 -8.091440200805664062e+00 1.187963485717773438e+01 5.162871837615966797e+00 1.158577442169189453e+01 7.019031524658203125e+00 -8.705376982688903809e-01 2.989011406898498535e-01 4.830708026885986328e+00 -1.645675420761108398e+00 1.993740558624267578e+00
TCGA.29.1705.01 1.806069254875183105e+00 -5.647646903991699219e+00 -5.921038627624511719e+00 3.821335315704345703e+00 7.199200391769409180e-01 -1.074256706237792969e+01 5.444406867027282715e-01 7.001245021820068359e+00 3.367922782897949219e+00 7.316550731658935547e+00
TCGA.29.1710.01 -2.133921623229980469e+00 -1.226040482521057129e+00 -2.085340499877929688e+00 1.130130672454833984e+01 -6.483783245086669922e+00 1.844945430755615234e+00 8.368222117424011230e-01 3.112459182739257812e+00 8.215000152587890625e+00 8.811175346374511719e+00
TCGA.29.1711.01 -9.109301567077636719e+00 -1.040681242942810059e+00 3.024090290069580078e+00 9.705332756042480469e+00 1.765098571777343750e+01 6.497416019439697266e+00 -3.135959506034851074e-01 2.632960557937622070e+00 2.509483098983764648e-01 1.269077968597412109e+01
TCGA.29.1761.01 -5.686235904693603516e+00 4.216013908386230469e+00 -5.164891719818115234e+00 1.111616992950439453e+01 2.355401039123535156e+00 6.204426765441894531e+00 -8.568331718444824219e+00 -5.274788141250610352e-01 -4.734148502349853516e+00 8.620160102844238281e+00
TCGA.29.1762.01 -1.111452221870422363e+00 -2.928119599819183350e-01 -2.680169045925140381e-01 -1.936683058738708496e+00 7.100062966346740723e-01 -8.214276313781738281e+00 -1.155724811553955078e+01 1.168250441551208496e+00 4.156619071960449219e+00 -5.109539031982421875e+00
TCGA.29.1763.01 -5.454960823059082031e+00 1.869156956672668457e+00 -5.460484504699707031e+00 9.780922889709472656e+00 1.107173800468444824e+00 -7.244289875030517578e+00 -6.376330375671386719e+00 2.460883617401123047e+00 -6.028824329376220703e+00 -2.533515214920043945e+00
TCGA.29.1770.01 7.286963462829589844e+00 -6.713106632232666016e+00 -1.151955604553222656e+00 1.163027191162109375e+01 7.839028358459472656e+00 -1.119724559783935547e+01 2.544283151626586914e+00 3.249764442443847656e+00 -1.922581791877746582e-01 8.121529579162597656e+00
TCGA.29.1770.02 2.707185745239257812e+00 -2.842631101608276367e+00 -2.003042697906494141e+00 7.719852447509765625e+00 7.475533485412597656e+00 -9.234005928039550781e+00 7.026764392852783203e+00 7.327879428863525391e+00 1.034237504005432129e+00 5.761775970458984375e+00
TCGA.29.1776.01 -5.353209972381591797e+00 9.880880713462829590e-01 -6.841732501983642578e+00 -6.536340117454528809e-01 8.909296035766601562e+00 -7.148500442504882812e+00 -1.814147472381591797e+00 9.146967887878417969e+00 3.003835082054138184e-01 7.181056499481201172e+00
TCGA.29.1778.01 -6.173559665679931641e+00 1.196894645690917969e+01 3.814218759536743164e+00 6.032680988311767578e+00 4.126671552658081055e-01 -3.704887866973876953e+00 -1.292416572570800781e+00 9.518152236938476562e+00 5.257102489471435547e+00 5.297457218170166016e+00
TCGA.29.1781.01 -1.586540699005126953e+00 -1.294758796691894531e+00 -6.679521560668945312e+00 9.695261955261230469e+00 1.237658691406250000e+01 -1.407569050788879395e-01 -4.119452476501464844e+00 4.108447074890136719e+00 -1.668821334838867188e+00 1.207207584381103516e+01
TCGA.29.1783.01 8.426318168640136719e+00 -1.082152962684631348e+00 -4.155945777893066406e+00 3.294304132461547852e+00 -2.345514059066772461e+00 -1.478935146331787109e+01 -4.769724369049072266e+00 6.518903732299804688e+00 3.764502286911010742e+00 2.677040100097656250e+00
TCGA.29.1784.01 -1.496436119079589844e+01 3.465424776077270508e+00 -9.006080627441406250e+00 5.690114021301269531e+00 -1.809660077095031738e+00 4.695636272430419922e+00 -2.474367380142211914e+00 6.060324192047119141e+00 2.964925527572631836e+00 1.376936316490173340e+00
TCGA.29.1785.01 -6.280779361724853516e+00 3.711609363555908203e+00 -5.751244425773620605e-01 6.921402931213378906e+00 -5.115496635437011719e+00 -1.114113807678222656e+00 4.347406387329101562e+00 7.119106292724609375e+00 8.243879318237304688e+00 1.177800893783569336e+00
TCGA.29.2414.01 4.341621875762939453e+00 2.139039993286132812e+00 -4.571156978607177734e+00 8.949406623840332031e+00 8.533667325973510742e-01 -1.461138343811035156e+01 -7.951025009155273438e+00 3.616239070892333984e+00 -6.482491970062255859e+00 3.054559946060180664e+00
TCGA.29.2414.02 2.081037521362304688e+00 5.747274756431579590e-01 -7.243875503540039062e+00 9.877829551696777344e+00 2.525933980941772461e-01 -1.147799015045166016e+01 -5.571415901184082031e+00 3.853793144226074219e+00 -4.640090465545654297e+00 -1.842577934265136719e+00
TCGA.29.2425.01 2.065629959106445312e+00 4.207892894744873047e+00 2.696857929229736328e+00 9.974973678588867188e+00 -2.866832733154296875e+00 -9.458657264709472656e+00 1.198831796646118164e+00 4.490484237670898438e+00 1.997959613800048828e+00 1.786007434129714966e-01
TCGA.29.2427.01 -5.680730342864990234e+00 -7.814622879028320312e+00 -5.142132282257080078e+00 2.316882133483886719e+00 3.055433273315429688e+00 1.496267795562744141e+00 1.328178763389587402e+00 6.683617591857910156e+00 1.126718807220458984e+01 7.212800979614257812e+00
TCGA.29.2428.01 -3.330158710479736328e+00 5.109775066375732422e+00 -1.391565895080566406e+01 5.650849342346191406e+00 -6.950963497161865234e+00 -9.423517584800720215e-01 -6.781055927276611328e+00 7.600152015686035156e+00 1.141110897064208984e+00 8.983464241027832031e+00
TCGA.30.1718.01 -2.561683654785156250e+00 1.903937160968780518e-01 4.742074012756347656e+00 6.129702568054199219e+00 5.011792182922363281e+00 -1.666024684906005859e+00 -7.216916680335998535e-01 5.105520248413085938e+00 9.321721076965332031e+00 9.078066825866699219e+00
TCGA.30.1855.01 1.720695376396179199e+00 -6.993850231170654297e+00 -3.048696994781494141e+00 1.274723720550537109e+01 1.626576334238052368e-01 -1.003752136230468750e+01 -2.627787351608276367e+00 2.348319053649902344e+00 4.983017444610595703e+00 -1.214964836835861206e-01
TCGA.30.1857.01 1.660726666450500488e+00 -4.902109622955322266e+00 -6.498075962066650391e+00 5.817132949829101562e+00 2.646230459213256836e-01 -3.550376653671264648e+00 3.717010736465454102e+00 7.717510700225830078e+00 6.755538463592529297e+00 1.128744792938232422e+01
TCGA.30.1860.01 -1.061563110351562500e+01 -3.639798879623413086e+00 -1.160717964172363281e+01 4.482585430145263672e+00 1.990773081779479980e+00 1.148973941802978516e+01 -6.531300544738769531e+00 2.357205629348754883e+00 3.620362520217895508e+00 1.231513118743896484e+01
TCGA.30.1861.01 3.862379550933837891e+00 -1.162435722351074219e+01 -8.634696006774902344e+00 1.405807209014892578e+01 6.819738149642944336e-01 -5.229966163635253906e+00 -9.665215492248535156e+00 -4.714331626892089844e+00 -4.610680580139160156e+00 7.783429145812988281e+00
TCGA.30.1862.01 2.156024239957332611e-02 5.111299991607666016e+00 2.903129816055297852e+00 5.595254421234130859e+00 -3.988829851150512695e+00 -5.690951347351074219e+00 2.146261692047119141e+00 9.648674964904785156e+00 8.952325820922851562e+00 9.080832481384277344e+00
TCGA.30.1891.01 6.548931002616882324e-01 -6.224617481231689453e+00 -3.378496646881103516e+00 1.531301856040954590e+00 5.469020366668701172e+00 -3.059334993362426758e+00 -5.338487625122070312e+00 3.825313568115234375e+00 4.364393711090087891e+00 1.651136589050292969e+01
TCGA.31.1944.01 -2.993732929229736328e+00 -9.326026916503906250e+00 -1.114688396453857422e+01 1.010019063949584961e+00 5.706447124481201172e+00 -3.923943519592285156e+00 -4.723609924316406250e+00 3.528538942337036133e+00 7.761170268058776855e-01 7.128758907318115234e+00
TCGA.31.1946.01 -1.003159523010253906e+01 -4.523838520050048828e+00 -7.046242237091064453e+00 1.322987914085388184e+00 2.607877731323242188e+00 5.228788256645202637e-01 -1.906085371971130371e+00 7.059672355651855469e+00 6.298539638519287109e+00 7.963539600372314453e+00
TCGA.31.1951.01 1.226420924067497253e-01 1.187984704971313477e+00 5.552872180938720703e+00 9.695216178894042969e+00 1.532032966613769531e+01 -3.641691803932189941e-01 5.998656153678894043e-01 4.747226238250732422e+00 3.692223310470581055e+00 1.516491127014160156e+01
TCGA.31.1953.01 -8.460101127624511719e+00 -1.747917532920837402e+00 -5.911572933197021484e+00 7.362425804138183594e+00 -1.135693639516830444e-01 3.340251922607421875e+00 6.137841701507568359e+00 7.831847190856933594e+00 4.747683048248291016e+00 1.050619029998779297e+01
TCGA.31.1956.01 -2.244465827941894531e+00 -1.237893772125244141e+01 -6.342503547668457031e+00 9.765506744384765625e+00 5.473533630371093750e+00 5.074686408042907715e-01 9.442415833473205566e-01 2.130660057067871094e+00 4.873223781585693359e+00 1.208681964874267578e+01
TCGA.31.1959.01 2.328541755676269531e+00 -2.968562841415405273e+00 -6.894490242004394531e+00 4.084342956542968750e+00 -6.756029129028320312e+00 2.776857018470764160e-01 -1.268104648590087891e+01 1.109187722206115723e+00 4.987202167510986328e+00 1.491984844207763672e+01
TCGA.36.1568.01 -3.301644921302795410e-01 -1.427097916603088379e+00 -8.797832489013671875e+00 -3.694067478179931641e+00 5.233774662017822266e+00 -4.069108009338378906e+00 -2.383463144302368164e+00 9.654716491699218750e+00 5.593947410583496094e+00 1.239525127410888672e+01
TCGA.36.1569.01 9.263134956359863281e+00 -6.966879844665527344e+00 -6.408558368682861328e+00 1.442279148101806641e+01 2.024469852447509766e+00 -7.806372642517089844e+00 -1.819661140441894531e+00 2.425818204879760742e+00 -8.130546212196350098e-01 1.343049716949462891e+01
TCGA.36.1570.01 -1.559811401367187500e+01 1.442299246788024902e+00 -1.031178092956542969e+01 9.015607237815856934e-01 7.191319465637207031e+00 3.067074537277221680e+00 -7.380878329277038574e-01 4.761339187622070312e+00 -4.460284709930419922e+00 -3.500841617584228516e+00
TCGA.36.1571.01 -4.703192234039306641e+00 6.748037815093994141e+00 -1.357263469696044922e+01 5.950166702270507812e+00 2.887133598327636719e+00 -3.938036680221557617e+00 -1.073295593261718750e+01 1.941085815429687500e+00 -1.430054855346679688e+01 1.232791423797607422e+00
TCGA.36.1574.01 -1.150936603546142578e+01 -5.793646812438964844e+00 -2.986933708190917969e+00 1.754945874214172363e+00 1.174158573150634766e+01 -1.732788681983947754e-01 3.349957942962646484e+00 6.405531883239746094e+00 5.668428421020507812e+00 1.588408708572387695e+00
TCGA.36.1575.01 6.574491500854492188e+00 4.775670528411865234e+00 1.425478700548410416e-02 1.155433750152587891e+01 3.668702125549316406e+00 -1.311811351776123047e+01 -7.804746150970458984e+00 2.368556737899780273e+00 -5.996555805206298828e+00 -2.372115135192871094e+00
TCGA.36.1576.01 2.867009639739990234e+00 -6.216013431549072266e+00 -1.816409587860107422e+00 9.723014831542968750e+00 -2.857356071472167969e+00 -7.092817306518554688e+00 -9.359103202819824219e+00 7.904352545738220215e-01 7.065729618072509766e+00 7.794280052185058594e+00
TCGA.36.1577.01 1.065838217735290527e+00 -1.619530618190765381e-01 -6.332772731781005859e+00 2.614807605743408203e+00 5.915785312652587891e+00 -3.300468444824218750e+00 -1.433588123321533203e+01 -2.612157344818115234e+00 -7.033219337463378906e+00 4.631743431091308594e+00
TCGA.36.1578.01 -2.219422101974487305e+00 -1.496241211891174316e+00 1.087912678718566895e+00 2.603302478790283203e+00 3.828964471817016602e+00 -5.810658454895019531e+00 4.782447814941406250e+00 8.215550422668457031e+00 9.944331169128417969e+00 -1.550876379013061523e+00
TCGA.36.1580.01 1.016087913513183594e+01 -2.629687786102294922e+00 -5.091320514678955078e+00 1.075040817260742188e+01 6.297869682312011719e+00 -1.039025592803955078e+01 -5.910807609558105469e+00 3.616710186004638672e+00 -1.746024608612060547e+00 1.427289962768554688e+01
TCGA.36.1581.01 -1.274395179748535156e+01 2.290907859802246094e+00 4.854755103588104248e-01 7.177609920501708984e+00 -2.756072521209716797e+00 8.845308303833007812e+00 -2.879881381988525391e+00 3.176521301269531250e+00 1.001046943664550781e+01 3.787194252014160156e+00
TCGA.57.1582.01 -8.293649673461914062e+00 -1.596170067787170410e+00 -5.010395050048828125e-01 7.392426490783691406e+00 8.830966055393218994e-02 -2.029105186462402344e+00 -9.488510131835937500e+00 -4.042244851589202881e-01 3.063500404357910156e+00 1.838632345199584961e+00
TCGA.57.1583.01 -3.921205759048461914e+00 1.108346176147460938e+01 7.167103290557861328e+00 4.056287765502929688e+00 4.527726173400878906e+00 -3.719613552093505859e+00 2.472759485244750977e+00 8.770599365234375000e+00 5.609246253967285156e+00 2.088752985000610352e+00
TCGA.57.1584.01 -8.208705902099609375e+00 2.735299170017242432e-01 -1.265158843994140625e+01 -7.645164966583251953e+00 8.372838020324707031e+00 2.254401206970214844e+00 -3.933445811271667480e-01 9.496201515197753906e+00 -1.390865445137023926e+00 9.703660964965820312e+00
TCGA.57.1585.01 -2.940253257751464844e+00 -2.031888008117675781e+00 1.678097248077392578e+00 1.138744735717773438e+01 -3.289659023284912109e+00 -3.948592185974121094e+00 -4.932327866554260254e-01 4.156098365783691406e+00 7.941433429718017578e+00 7.381340026855468750e+00
TCGA.57.1993.01 -3.551135301589965820e+00 -8.646834492683410645e-01 -1.395451354980468750e+01 7.440747618675231934e-01 -7.579327583312988281e+00 -3.493515014648437500e+00 -8.705203056335449219e+00 3.714531660079956055e+00 -1.521605730056762695e+00 -8.547652363777160645e-01
TCGA.57.1994.01 3.788764238357543945e+00 -5.774932384490966797e+00 -1.595993423461914062e+01 1.005226230621337891e+01 -1.642552495002746582e+00 -9.315527915954589844e+00 -2.902968406677246094e+00 3.171188831329345703e+00 -6.101435184478759766e+00 -1.191117644309997559e+00
TCGA.59.2348.01 1.096454024314880371e+00 -4.652607440948486328e+00 -2.304801225662231445e+00 1.008056068420410156e+01 1.363263797760009766e+01 -7.408619523048400879e-01 -2.700743436813354492e+00 5.536144599318504333e-02 -2.916145324707031250e+00 1.133853435516357422e+01
TCGA.59.2350.01 -6.857187300920486450e-02 5.935821056365966797e+00 -9.374000549316406250e+00 1.084938526153564453e+01 2.926128387451171875e+00 -3.486247539520263672e+00 -4.805954933166503906e+00 4.515854358673095703e+00 -8.027829170227050781e+00 7.458595752716064453e+00
TCGA.59.2351.01 -4.504055500030517578e+00 8.642827160656452179e-03 -7.811907529830932617e-01 -6.989741921424865723e-01 -5.078501701354980469e+00 -9.883537888526916504e-01 -3.187705516815185547e+00 6.419636726379394531e+00 1.170999526977539062e+01 3.061586380004882812e+00
TCGA.59.2352.01 6.101342678070068359e+00 3.575967788696289062e+00 -8.665284156799316406e+00 -2.837654054164886475e-01 -4.088783740997314453e+00 -1.086860942840576172e+01 -1.296267509460449219e+01 6.157715320587158203e+00 7.001165747642517090e-01 7.138386249542236328e+00
TCGA.59.2354.01 -1.773408055305480957e+00 -8.780479431152343750e+00 -9.182938575744628906e+00 1.598281502723693848e+00 5.992759466171264648e-01 -7.672636985778808594e+00 -7.263751506805419922e+00 4.870572566986083984e+00 6.622988700866699219e+00 1.987640380859375000e+00
TCGA.59.2355.01 1.044991612434387207e+00 -3.998669147491455078e+00 -1.401772499084472656e+01 1.920179724693298340e+00 1.488849520683288574e+00 -7.789334297180175781e+00 -2.133301496505737305e+00 7.174544334411621094e+00 -2.359425783157348633e+00 7.873371601104736328e+00
TCGA.59.2363.01 9.826558113098144531e+00 -1.863048672676086426e+00 -8.064364433288574219e+00 -4.719974100589752197e-01 -5.129791498184204102e-01 -1.363084506988525391e+01 -1.165087795257568359e+01 2.371494531631469727e+00 -2.668381214141845703e+00 4.557477474212646484e+00
TCGA.61.1721.01 7.489909172058105469e+00 -8.837777137756347656e+00 3.626386642456054688e+00 1.541987061500549316e+00 2.913891553878784180e+00 -9.540094375610351562e+00 -6.544102668762207031e+00 1.086718916893005371e+00 8.671875953674316406e+00 8.469725608825683594e+00
TCGA.61.1724.01 -1.002439117431640625e+01 8.769804000854492188e+00 -6.896767139434814453e+00 8.703437447547912598e-02 4.864278316497802734e+00 2.516184329986572266e+00 -3.017838001251220703e+00 9.527716636657714844e+00 8.816019892692565918e-01 1.140655612945556641e+01
TCGA.61.1725.01 -5.790121555328369141e+00 -6.542475223541259766e+00 -5.413184642791748047e+00 2.665398597717285156e+00 1.522552204132080078e+01 1.509196281433105469e+00 -5.967615127563476562e+00 1.975081801414489746e+00 -1.678918004035949707e-01 1.113069725036621094e+01
TCGA.61.1728.01 -8.926606178283691406e+00 8.138182640075683594e+00 -6.304429531097412109e+00 3.196594476699829102e+00 2.064432144165039062e+00 -3.629335403442382812e+00 -9.947999954223632812e+00 5.502898216247558594e+00 -2.514052867889404297e+00 2.760382890701293945e+00
TCGA.61.1733.01 1.087828826904296875e+01 -5.859631061553955078e+00 -4.955032825469970703e+00 1.892133331298828125e+01 4.458955764770507812e+00 -9.252983093261718750e+00 -5.004487991333007812e+00 -2.534110307693481445e+00 -8.667012214660644531e+00 7.903829097747802734e+00
TCGA.61.1736.01 -5.222273349761962891e+00 -2.998968362808227539e+00 -1.360650062561035156e+01 -5.755553841590881348e-01 5.212429523468017578e+00 -2.214064359664916992e+00 6.135280609130859375e+00 9.217536926269531250e+00 -2.391819000244140625e+00 1.722329258918762207e+00
TCGA.61.1737.01 -1.045108413696289062e+01 2.148924827575683594e+00 1.662464618682861328e+00 1.142353630065917969e+01 4.428049087524414062e+00 6.922353744506835938e+00 -4.661162853240966797e+00 1.057338356971740723e+00 2.468343734741210938e+00 1.313878536224365234e+01
TCGA.61.1738.01 -4.942292213439941406e+00 1.806564211845397949e+00 -4.518837451934814453e+00 1.579237556457519531e+01 -1.637450307607650757e-01 2.684597253799438477e+00 -3.969593524932861328e+00 -1.499959230422973633e+00 -5.654265880584716797e+00 1.364176988601684570e+00
TCGA.61.1740.01 -8.572628974914550781e+00 -6.706456184387207031e+00 -5.454379558563232422e+00 1.121724796295166016e+01 2.655453681945800781e+00 6.995719909667968750e+00 -2.989377737045288086e+00 5.398203134536743164e-01 6.187713146209716797e+00 4.634478092193603516e+00
TCGA.61.1741.01 4.008557796478271484e+00 -9.912069886922836304e-02 4.253323554992675781e+00 1.160253047943115234e+01 -3.378093242645263672e+00 -1.173237800598144531e+01 -5.731801033020019531e+00 1.276461124420166016e+00 4.523565769195556641e+00 -5.055032730102539062e+00
TCGA.61.1743.01 -5.148355007171630859e+00 4.143354892730712891e+00 4.459729671478271484e+00 6.771170496940612793e-01 1.317733407020568848e+00 -6.216159820556640625e+00 -3.736749887466430664e+00 5.001693248748779297e+00 7.512921333312988281e+00 -3.228474378585815430e+00
TCGA.61.1900.01 4.249916553497314453e+00 -3.757437705993652344e+00 -6.261091232299804688e+00 8.442072868347167969e+00 3.139666080474853516e+00 -4.923054218292236328e+00 -1.284114551544189453e+01 -4.545696258544921875e+00 -8.501762390136718750e+00 2.787801504135131836e+00
TCGA.61.1907.01 -8.391666412353515625e+00 -6.274595260620117188e+00 -1.467459774017333984e+01 5.762392997741699219e+00 1.968424201011657715e+00 1.970901608467102051e+00 1.242874741554260254e+00 4.832687377929687500e+00 6.055819392204284668e-01 -6.562903523445129395e-01
TCGA.61.1910.01 -5.435196876525878906e+00 8.137200355529785156e+00 -3.201456546783447266e+00 9.841572761535644531e+00 7.725107192993164062e+00 -6.203669905662536621e-01 6.312206268310546875e+00 6.852427959442138672e+00 -7.064507484436035156e+00 4.861388206481933594e+00
TCGA.61.1914.01 -1.195027256011962891e+01 7.821934223175048828e+00 -2.821433067321777344e+00 4.193393230438232422e+00 7.066902637481689453e+00 5.803005218505859375e+00 -7.872765541076660156e+00 5.146008014678955078e+00 3.955354452133178711e+00 6.291761875152587891e+00
TCGA.61.1917.01 1.943062663078308105e+00 -1.340045332908630371e+00 -5.968200683593750000e+00 1.515282344818115234e+01 3.394421339035034180e-01 -7.511717796325683594e+00 -3.970697164535522461e+00 1.414514064788818359e+00 -2.432592391967773438e+00 -4.446094334125518799e-01
TCGA.61.1918.01 -1.006365299224853516e+01 5.333934307098388672e+00 -2.865739345550537109e+00 -4.767002582550048828e+00 3.189392805099487305e+00 -2.236780643463134766e+00 -9.553642868995666504e-01 1.094611740112304688e+01 7.424139022827148438e+00 2.689021110534667969e+00
TCGA.61.1919.01 -1.322547197341918945e+00 -7.466333508491516113e-01 1.824934720993041992e+00 8.937809944152832031e+00 -8.247465133666992188e+00 -3.982822895050048828e+00 -5.764065742492675781e+00 3.220077276229858398e+00 1.096245861053466797e+01 6.452246665954589844e+00
TCGA.61.1995.01 2.012119293212890625e+00 3.465612888336181641e+00 -1.029254436492919922e+01 5.637628555297851562e+00 5.976783752441406250e+00 -4.278671264648437500e+00 -7.921320796012878418e-01 7.947541713714599609e+00 -5.954741954803466797e+00 1.207317447662353516e+01
TCGA.61.1998.01 -3.064141869544982910e-01 4.909681379795074463e-01 -1.921152025461196899e-01 5.320341110229492188e+00 2.364685297012329102e+00 -8.024762153625488281e+00 -3.763354539871215820e+00 5.586483955383300781e+00 4.752704620361328125e+00 5.369109153747558594e+00
TCGA.61.2000.01 -1.028541660308837891e+01 -1.488364338874816895e+00 -8.516964912414550781e+00 4.157008230686187744e-01 3.919729232788085938e+00 1.705704450607299805e+00 -1.115755939483642578e+01 2.279327154159545898e+00 -3.936298489570617676e-01 7.795035839080810547e+00
TCGA.61.2002.01 -3.591309785842895508e+00 -6.325254917144775391e+00 -8.977834701538085938e+00 3.421730041503906250e+00 -3.714067459106445312e+00 -1.500886440277099609e+00 -1.932801753282546997e-01 7.741406917572021484e+00 8.631192207336425781e+00 1.136795330047607422e+01
TCGA.61.2003.01 5.948258876800537109e+00 -1.265402734279632568e-01 -4.596038341522216797e+00 4.637645721435546875e+00 -7.163707256317138672e+00 -6.140177249908447266e+00 -6.958977222442626953e+00 6.187310695648193359e+00 6.779876708984375000e+00 1.429915142059326172e+01
TCGA.61.2008.01 7.027811527252197266e+00 -1.192183399200439453e+01 -7.934693336486816406e+00 4.264275550842285156e+00 5.367099761962890625e+00 -1.254853153228759766e+01 3.367273882031440735e-02 2.398733615875244141e+00 -1.534497499465942383e+00 6.742122769355773926e-01
TCGA.61.2008.02 -1.100281238555908203e+00 -8.032642364501953125e+00 -9.536359786987304688e+00 1.644942092895507812e+01 8.779644012451171875e+00 -4.864912986755371094e+00 7.134185433387756348e-01 6.197981238365173340e-01 -5.868907451629638672e+00 -1.644257783889770508e+00
TCGA.61.2009.01 4.863183975219726562e+00 -8.002964019775390625e+00 -3.917604446411132812e+00 1.109644317626953125e+01 5.366171836853027344e+00 -7.101148605346679688e+00 -1.051463031768798828e+01 -1.609999179840087891e+00 -1.554751992225646973e-01 9.826588630676269531e+00
TCGA.61.2012.01 -9.268193244934082031e+00 1.681123137474060059e+00 -8.657876968383789062e+00 8.111788749694824219e+00 -8.474237442016601562e+00 5.827938079833984375e+00 -1.221679210662841797e+01 7.972217202186584473e-01 4.093547344207763672e+00 5.943815708160400391e+00
TCGA.61.2016.01 -5.943799972534179688e+00 -7.336969971656799316e-01 -1.877902221679687500e+01 -6.014114022254943848e-01 -8.456875085830688477e-01 2.322610020637512207e-01 -2.723828315734863281e+00 7.704755306243896484e+00 -4.925421714782714844e+00 1.029086303710937500e+01
TCGA.61.2088.01 -2.980572938919067383e+00 1.108814239501953125e+01 2.165858268737792969e+00 -3.188660860061645508e+00 3.029723882675170898e+00 -8.127312660217285156e+00 -9.650691032409667969e+00 5.992992401123046875e+00 -8.009443879127502441e-01 1.015745401382446289e+00
TCGA.61.2092.01 -1.153572559356689453e+01 3.997523546218872070e+00 1.560193300247192383e+00 5.733460426330566406e+00 1.067780590057373047e+01 5.611257553100585938e+00 -2.889986991882324219e+00 1.388771057128906250e+00 -2.439750194549560547e+00 6.468479037284851074e-01
TCGA.61.2094.01 -9.043597221374511719e+00 -2.977757930755615234e+00 -1.634824424982070923e-01 3.074298620223999023e+00 1.105590701103210449e+00 4.079003810882568359e+00 3.745821714401245117e+00 7.238305091857910156e+00 1.369545173645019531e+01 3.183581590652465820e+00
TCGA.61.2095.01 1.068740963935852051e+00 -2.949123382568359375e+00 2.424025535583496094e+00 8.901706337928771973e-02 1.538479423522949219e+01 -3.227993488311767578e+00 -5.048819541931152344e+00 5.045691967010498047e+00 6.247922897338867188e+00 1.230971908569335938e+01
TCGA.61.2097.01 -8.658817291259765625e+00 6.460279941558837891e+00 -9.321578741073608398e-01 -9.706198692321777344e+00 8.871427536010742188e+00 4.359517097473144531e+00 -5.614598751068115234e+00 9.330215454101562500e+00 7.858933925628662109e+00 1.120366477966308594e+01
TCGA.61.2098.01 6.801620006561279297e+00 -6.263388156890869141e+00 -7.750405311584472656e+00 6.530408859252929688e+00 1.615304350852966309e+00 -1.021056652069091797e+01 -1.368998241424560547e+01 -2.696776390075683594e+00 -5.042954921722412109e+00 -2.333730697631835938e+00
TCGA.61.2101.01 3.094968557357788086e+00 3.700239658355712891e+00 -1.691177040338516235e-01 9.641147613525390625e+00 -1.534820675849914551e+00 -1.151208209991455078e+01 -2.793719172477722168e-01 6.400300025939941406e+00 4.041141271591186523e-02 6.693532943725585938e+00
TCGA.61.2102.01 5.321123600006103516e+00 -4.711926877498626709e-01 5.509284973144531250e+00 1.101285648345947266e+01 3.224554061889648438e+00 -5.032069683074951172e+00 -1.100989055633544922e+01 -3.382731676101684570e+00 -2.344008088111877441e-01 5.449769496917724609e+00
TCGA.61.2104.01 -4.014962673187255859e+00 8.134414553642272949e-01 -5.859099626541137695e-01 8.909660339355468750e+00 2.119433879852294922e+00 -5.725054740905761719e+00 6.719628334045410156e+00 7.236081123352050781e+00 3.320899963378906250e+00 3.883318603038787842e-01
TCGA.61.2109.01 3.715527534484863281e+00 -2.040914535522460938e+00 -1.305481719970703125e+01 -3.673924684524536133e+00 1.217370390892028809e+00 -1.090818595886230469e+01 -1.005772948265075684e+00 1.026829528808593750e+01 2.610396742820739746e-01 2.839777469635009766e+00
TCGA.61.2110.01 6.369013309478759766e+00 4.996367931365966797e+00 -4.136741161346435547e+00 -4.632917404174804688e+00 1.229870033264160156e+01 -1.097433948516845703e+01 -2.780343532562255859e+00 1.087526130676269531e+01 -6.005123257637023926e-01 9.833726882934570312e+00
TCGA.61.2111.01 3.309946060180664062e+00 -2.325781822204589844e+00 -1.149651336669921875e+01 4.597404956817626953e+00 -6.777721643447875977e-01 -9.083759784698486328e-01 -1.470499134063720703e+01 -9.313150048255920410e-01 -1.116157770156860352e+00 7.942318439483642578e+00
TCGA.61.2113.01 -7.818521976470947266e+00 5.014221191406250000e+00 2.107818126678466797e+00 3.963768959045410156e+00 -4.036060810089111328e+00 2.751573562622070312e+00 -9.860859870910644531e+00 4.268480300903320312e+00 1.018098068237304688e+01 9.132215499877929688e+00
