6.910977840423583984e+00 1.702269196510314941e+00 -1.113765239715576172e+00 -5.645244598388671875e+00 -2.389417886734008789e+00
9.729087352752685547e-01 4.829305708408355713e-01 5.309268951416015625e+00 -3.549278378486633301e-01 -6.450112342834472656e+00
1.852746129035949707e+00 4.659195423126220703e+00 -1.919796824455261230e+00 1.732275485992431641e+00 3.839885950088500977e+00
7.189340114593505859e+00 -5.564604997634887695e-01 3.262327432632446289e+00 3.121896028518676758e+00 -3.416148662567138672e+00
5.352596640586853027e-01 4.350886821746826172e+00 3.399006366729736328e+00 1.435107737779617310e-01 -6.454723358154296875e+00
1.429704546928405762e+00 8.567642569541931152e-01 6.217806339263916016e+00 7.609220743179321289e-01 -3.137111186981201172e+00
1.531987309455871582e+00 5.300663471221923828e+00 -1.729210317134857178e-01 2.754129409790039062e+00 1.440489768981933594e+00
2.799355506896972656e+00 4.360558986663818359e+00 1.351504325866699219e+00 1.959637999534606934e+00 2.586945772171020508e+00
4.086538314819335938e+00 -5.162014365196228027e-01 1.438595056533813477e+00 5.606657028198242188e+00 -3.360338926315307617e+00
1.105057120323181152e+00 2.164998292922973633e+00 6.184399604797363281e+00 -1.111021757125854492e+00 -1.500232696533203125e+00
4.419783115386962891e+00 -2.400289773941040039e-01 -8.004773259162902832e-01 -2.421762704849243164e+00 3.102365732192993164e+00
4.099358081817626953e+00 8.894761800765991211e-01 1.931459665298461914e+00 -4.326873779296875000e+00 1.815172672271728516e+00
-9.163849353790283203e-01 5.215357303619384766e+00 -3.686059951782226562e+00 6.153598427772521973e-01 2.703858375549316406e+00
1.019066348671913147e-01 2.964230298995971680e+00 5.530860900878906250e+00 6.211857199668884277e-01 -3.347908735275268555e+00
6.273757457733154297e+00 -1.268071770668029785e+00 -3.044822454452514648e+00 4.923258781433105469e+00 -6.665871620178222656e+00
-1.727086901664733887e-01 8.520508408546447754e-01 5.697721481323242188e+00 2.026356220245361328e+00 -3.794807195663452148e+00
-1.162922859191894531e+00 7.177379131317138672e+00 -3.563878774642944336e+00 3.303457975387573242e+00 -2.024749994277954102e+00
1.771354675292968750e+00 4.248202800750732422e+00 5.038601398468017578e+00 8.037008643150329590e-01 -2.761364221572875977e+00
-1.926519155502319336e+00 3.974062502384185791e-01 6.489135742187500000e+00 -4.378747195005416870e-02 -2.358151435852050781e+00
-2.491025626659393311e-01 3.282186269760131836e+00 4.255268573760986328e+00 1.540876269340515137e+00 -4.592597007751464844e+00
4.926136493682861328e+00 2.826237916946411133e+00 2.259051084518432617e+00 -5.263029098510742188e+00 1.538289785385131836e-01
5.021996021270751953e+00 4.200295805931091309e-01 -1.780938386917114258e+00 -6.730216979980468750e+00 -2.454670667648315430e+00
-2.924028873443603516e+00 6.707462668418884277e-01 -1.152635812759399414e+00 -4.280628204345703125e+00 -3.830151796340942383e+00
1.100279465317726135e-01 4.605181217193603516e+00 -3.099965810775756836e+00 2.087175369262695312e+00 2.947663784027099609e+00
1.821801364421844482e-01 3.042761564254760742e+00 4.332973480224609375e+00 1.310543060302734375e+00 -4.850598335266113281e+00
-1.740084767341613770e+00 7.492884159088134766e+00 1.564879179000854492e+00 -1.087231159210205078e+00 -5.077782630920410156e+00
-1.359699249267578125e+00 3.962706625461578369e-01 -5.038687705993652344e+00 -4.841289520263671875e+00 -8.480092048645019531e+00
1.923966407775878906e+00 6.432171821594238281e+00 -1.184876561164855957e+00 1.404745578765869141e+00 3.951638936996459961e-01
-9.758796095848083496e-01 -2.545364141464233398e+00 -1.072240710258483887e+00 -2.702077150344848633e+00 -6.579575538635253906e+00
1.537382304668426514e-01 3.151273488998413086e+00 -1.201695799827575684e+00 4.979358315467834473e-01 5.016952991485595703e+00
2.808586120605468750e+00 1.313396215438842773e+00 -2.250648736953735352e+00 -5.170910358428955078e+00 3.508450269699096680e+00
2.945516824722290039e+00 5.034230709075927734e+00 -2.594758272171020508e+00 3.377554655075073242e+00 1.865613937377929688e+00
5.569334983825683594e+00 -1.265758395195007324e+00 9.621165990829467773e-01 3.065891265869140625e+00 -6.740252017974853516e+00
4.014326572418212891e+00 -9.339008331298828125e-01 9.587163925170898438e-01 4.268336296081542969e+00 -4.798085212707519531e+00
-5.303059816360473633e-01 4.169697284698486328e+00 4.435863971710205078e+00 7.758255600929260254e-01 -4.620005607604980469e+00
8.251068592071533203e-01 -1.279716014862060547e+00 7.133701324462890625e+00 4.382414370775222778e-02 -3.937969684600830078e+00
5.521037578582763672e+00 -4.517498314380645752e-01 1.096629619598388672e+00 -5.730240821838378906e+00 -4.096714258193969727e-01
2.141854524612426758e+00 6.792949676513671875e+00 -3.249053716659545898e+00 1.597743153572082520e+00 1.979622125625610352e+00
1.078564047813415527e+00 9.663997650146484375e+00 -4.596872806549072266e+00 2.090538501739501953e+00 -5.390071392059326172e+00
4.741476535797119141e+00 5.125475406646728516e+00 -2.510225474834442139e-01 -5.659379959106445312e+00 -8.715347647666931152e-01
-9.609154462814331055e-01 -1.286654829978942871e+00 4.673669636249542236e-01 -6.480068206787109375e+00 -3.753422975540161133e+00
-1.971892118453979492e-01 2.098494768142700195e+00 6.493558883666992188e+00 3.545345664024353027e-01 -3.338111639022827148e+00
5.002638816833496094e+00 1.170869767665863037e-01 4.913626015186309814e-01 5.272978305816650391e+00 -2.400367736816406250e+00
4.019377708435058594e+00 -2.960593461990356445e+00 3.455907106399536133e+00 2.802246332168579102e+00 -3.525853872299194336e+00
6.769794225692749023e-01 6.262879848480224609e+00 -4.135953903198242188e+00 3.916721582412719727e+00 -1.916009560227394104e-02
-1.166163325309753418e+00 3.724383592605590820e+00 3.450210809707641602e+00 6.766812205314636230e-01 -6.672824859619140625e+00
3.140560150146484375e+00 1.366786122322082520e+00 6.088414192199707031e+00 2.349233388900756836e+00 -4.237424850463867188e+00
4.949483394622802734e+00 -2.433984518051147461e+00 4.316336154937744141e+00 2.165759801864624023e+00 -1.460629463195800781e+00
6.233670711517333984e+00 8.166391849517822266e-01 1.987388543784618378e-02 -3.116675376892089844e+00 1.269203186035156250e+00
8.164156913757324219e+00 2.429661035537719727e+00 -8.201105594635009766e-01 5.187538146972656250e+00 -6.109697341918945312e+00
-1.952843785285949707e+00 -1.753300070762634277e+00 -1.668001174926757812e+00 -5.025313377380371094e+00 -1.989692449569702148e+00
2.214816570281982422e+00 -1.762563109397888184e+00 4.149670898914337158e-01 5.320397377014160156e+00 -6.570441246032714844e+00
-1.791190147399902344e+00 -2.195760488510131836e+00 -4.527909457683563232e-01 -4.261306762695312500e+00 -3.782380819320678711e+00
6.481884002685546875e+00 1.893790364265441895e+00 -2.787263154983520508e+00 3.887955188751220703e+00 -6.986637115478515625e+00
-3.131693363189697266e+00 -9.352120757102966309e-01 1.584798395633697510e-01 -4.251628875732421875e+00 -4.371590614318847656e-01
4.628158092498779297e+00 2.994819879531860352e+00 -2.374155282974243164e+00 -4.951259613037109375e+00 1.157764673233032227e+00
8.371487855911254883e-01 3.920280456542968750e+00 4.068930625915527344e+00 1.306198239326477051e+00 -6.277513504028320312e+00
5.347355365753173828e+00 2.807336568832397461e+00 -2.415926933288574219e+00 -5.940937995910644531e+00 -1.389490067958831787e-01
3.796193122863769531e+00 -2.131152868270874023e+00 2.362419366836547852e+00 3.314549207687377930e+00 -1.124800682067871094e+00
3.269786834716796875e+00 -1.690606594085693359e+00 8.073103427886962891e-01 4.968824863433837891e+00 -1.496037483215332031e+00
4.046300411224365234e+00 1.445286154747009277e+00 -4.399820327758789062e+00 -6.708616256713867188e+00 -4.594604969024658203e-01
5.240951061248779297e+00 3.462210893630981445e+00 -4.278528213500976562e+00 -5.890509605407714844e+00 -2.896955013275146484e+00
-6.426265239715576172e-01 5.596400737762451172e+00 -2.412335574626922607e-01 1.795610070228576660e+00 2.609311342239379883e+00
-3.712752342224121094e+00 8.563086390495300293e-02 -2.924383401870727539e+00 -2.821256637573242188e+00 -3.898387193679809570e+00
2.951360702514648438e+00 -3.673120737075805664e+00 1.999066233634948730e+00 4.394913673400878906e+00 -3.857962369918823242e+00
3.816962718963623047e+00 -4.213854789733886719e+00 3.046441793441772461e+00 2.710985422134399414e+00 -5.918828010559082031e+00
8.394616246223449707e-01 6.959480762481689453e+00 -2.442257642745971680e+00 -2.261640280485153198e-01 2.122666120529174805e+00
6.561844944953918457e-01 2.438777685165405273e+00 4.478332519531250000e+00 2.776041030883789062e+00 -5.264624595642089844e+00
-9.600797295570373535e-01 -4.545243084430694580e-01 -8.787305355072021484e-01 -6.999244689941406250e+00 -3.778549432754516602e+00
-1.227237343788146973e+00 -2.598905086517333984e+00 6.374125480651855469e-01 -4.465778350830078125e+00 -4.307903289794921875e+00
2.477753460407257080e-01 6.263492107391357422e+00 -2.610076904296875000e+00 2.906245946884155273e+00 -7.054516077041625977e-01
2.172647476196289062e+00 5.780977725982666016e+00 -4.155904948711395264e-01 4.028590679168701172e+00 3.175205588340759277e-01
3.646332502365112305e+00 3.632902860641479492e+00 5.793148517608642578e+00 8.731108903884887695e-01 -2.685155153274536133e+00
3.378362417221069336e+00 -1.742279529571533203e+00 -9.822440147399902344e-01 4.908649444580078125e+00 -5.048818588256835938e+00
7.037382602691650391e+00 3.696861505508422852e+00 -3.550991058349609375e+00 -8.446329116821289062e+00 -6.481228828430175781e+00
4.613070964813232422e+00 -2.022954702377319336e+00 8.927214145660400391e-01 2.816953897476196289e+00 -4.704884052276611328e+00
1.207745671272277832e+00 5.651404857635498047e+00 -2.739121615886688232e-01 3.163341045379638672e+00 7.990987896919250488e-01
6.155420780181884766e+00 1.809911131858825684e-01 -1.549398183822631836e+00 5.053549289703369141e+00 -5.389816284179687500e+00
2.169077634811401367e+00 8.648151397705078125e+00 -9.302131652832031250e+00 1.962268590927124023e+00 -5.014207839965820312e+00
4.970907688140869141e+00 -1.056228950619697571e-02 9.161953330039978027e-01 4.849141120910644531e+00 -1.858079075813293457e+00
3.340567588806152344e+00 -1.199264645576477051e+00 -4.581707000732421875e+00 3.968705654144287109e+00 -7.163596153259277344e+00
3.704662561416625977e+00 1.467503428459167480e+00 -1.286623068153858185e-02 -6.017148971557617188e+00 1.399401664733886719e+00
3.951668441295623779e-01 2.158044099807739258e+00 4.947628021240234375e+00 -2.145692586898803711e+00 -4.857465267181396484e+00
1.584595143795013428e-01 1.277398943901062012e+00 3.847752332687377930e+00 9.105350375175476074e-01 -8.771910667419433594e+00
8.279630661010742188e+00 1.188880562782287598e+00 -2.884249210357666016e+00 -3.214687585830688477e+00 -1.989097118377685547e+00
-1.640005707740783691e+00 -1.036353230476379395e+00 -1.959304690361022949e+00 -4.734218120574951172e+00 -5.301712989807128906e+00
7.365457415580749512e-01 2.404158830642700195e+00 5.844514846801757812e+00 -2.219026535749435425e-01 -4.140167236328125000e+00
-8.661138415336608887e-01 1.655550837516784668e+00 2.998933076858520508e+00 9.057536721229553223e-01 -7.758151531219482422e+00
4.469492912292480469e+00 -5.407647490501403809e-01 -1.877728402614593506e-01 -4.670552253723144531e+00 9.870597124099731445e-01
-3.074472904205322266e+00 3.609179735183715820e+00 2.369009494781494141e+00 3.863539695739746094e-01 -7.082336425781250000e+00
5.493839740753173828e+00 3.583140611648559570e+00 -8.204571723937988281e+00 -5.527089118957519531e+00 -4.042717933654785156e+00
4.895530223846435547e+00 1.318809092044830322e-01 -1.108572721481323242e+00 -4.979389667510986328e+00 1.366014003753662109e+00
2.729780673980712891e+00 8.949987411499023438e+00 -5.979294776916503906e+00 1.450251817703247070e+00 -5.569477677345275879e-01
-5.293399840593338013e-02 4.051062107086181641e+00 -1.242218613624572754e+00 4.396153926849365234e+00 1.531294345855712891e+00
7.828893661499023438e+00 1.379610896110534668e+00 1.697805337607860565e-02 -4.804315567016601562e+00 -3.687614202499389648e+00
-2.430186748504638672e+00 -3.174786567687988281e+00 1.031799793243408203e+00 -3.817973852157592773e+00 -2.367631196975708008e+00
-1.108568072319030762e+00 -1.402072668075561523e+00 -3.244474887847900391e+00 -4.496199607849121094e+00 -3.650670766830444336e+00
-1.540411829948425293e+00 -1.883056044578552246e+00 -1.655173778533935547e+00 -4.766081809997558594e+00 -3.972170114517211914e+00
3.177159786224365234e+00 6.284155368804931641e+00 1.862732172012329102e+00 -3.126458525657653809e-01 -8.653367042541503906e+00
5.763461589813232422e-01 1.456588208675384521e-01 -2.439811468124389648e+00 -7.067424297332763672e+00 -7.047342300415039062e+00
