-1.535420775413513184e+00 -2.584070205688476562e+01 3.040225982666015625e+00 7.288449287414550781e+00 -2.298562049865722656e+00 -2.620496988296508789e+00 -5.268051624298095703e+00 -2.586908102035522461e+00 -2.849774837493896484e+00 -6.375657081604003906e+00 -1.056864380836486816e+00 -1.051922035217285156e+01 -3.954146862030029297e+00 -1.353395652770996094e+01 2.068603277206420898e+00
-1.806093335151672363e+00 -2.913348960876464844e+01 -1.124170422554016113e+00 3.191358566284179688e+00 -6.945033073425292969e+00 -8.292190551757812500e+00 -1.516746997833251953e+00 9.312140941619873047e-01 -4.990575790405273438e+00 -4.204109668731689453e+00 -6.021355986595153809e-01 -8.724203109741210938e+00 -2.462299346923828125e+00 -1.601895713806152344e+01 6.238438129425048828e+00
-3.191879987716674805e+00 -2.571254539489746094e+01 2.782544493675231934e-01 4.410857677459716797e+00 -5.737141132354736328e+00 -3.887751102447509766e+00 -2.603348493576049805e+00 -1.759753108024597168e+00 -4.981486797332763672e+00 -5.353580474853515625e+00 -5.177298069000244141e+00 -9.548952102661132812e+00 8.475847244262695312e-01 -1.378837203979492188e+01 4.336725711822509766e+00
-4.546152591705322266e+00 -2.771005821228027344e+01 -1.277025580406188965e+00 4.219674587249755859e+00 -1.785484313964843750e+00 -4.496982574462890625e+00 -5.775119781494140625e+00 -1.797972321510314941e+00 -3.617832899093627930e+00 -4.722404479980468750e+00 -3.690012931823730469e+00 -9.996725082397460938e+00 -3.684411525726318359e+00 -1.457677459716796875e+01 8.757943153381347656e+00
2.548542805016040802e-03 -3.112276649475097656e+01 -1.991146355867385864e-01 3.551070451736450195e+00 -4.283432006835937500e+00 -8.697867393493652344e+00 -4.779399037361145020e-01 1.724300384521484375e+00 -5.583602905273437500e+00 -5.811201095581054688e+00 -4.171038627624511719e+00 -9.816082000732421875e+00 -3.176766157150268555e+00 -1.667126846313476562e+01 5.775356292724609375e+00
-8.236630558967590332e-01 -2.695839118957519531e+01 -1.892803311347961426e+00 3.601718187332153320e+00 -6.348377227783203125e+00 -7.963555812835693359e+00 -1.724058985710144043e+00 9.099326133728027344e-01 -3.829121828079223633e+00 -5.961256504058837891e+00 -1.732744574546813965e+00 -6.733358383178710938e+00 -1.807524681091308594e+00 -1.428756713867187500e+01 5.124794960021972656e+00
-4.924690246582031250e+00 -2.847166633605957031e+01 -1.393571734428405762e+00 5.489369869232177734e+00 -8.121781349182128906e+00 -3.860988378524780273e+00 -3.255193710327148438e+00 -1.772444009780883789e+00 -5.774944305419921875e+00 -4.744156837463378906e+00 -2.374260187149047852e+00 -1.053785705566406250e+01 3.304506540298461914e-01 -1.477673912048339844e+01 5.615468025207519531e+00
-3.559952259063720703e+00 -2.606891441345214844e+01 -7.100329995155334473e-01 4.171835899353027344e+00 -5.403593063354492188e+00 -2.647983074188232422e+00 -2.743201017379760742e+00 -1.515776038169860840e+00 -3.835349798202514648e+00 -4.648215293884277344e+00 -3.643580913543701172e+00 -9.142172813415527344e+00 1.533137708902359009e-01 -1.126716423034667969e+01 5.045992374420166016e+00
-4.710394382476806641e+00 -2.564639472961425781e+01 -2.692731022834777832e-01 3.594782829284667969e+00 -2.178550243377685547e+00 -4.824091434478759766e+00 -5.795601367950439453e+00 -2.440337657928466797e+00 -4.032127857208251953e+00 -3.494115591049194336e+00 -4.250926494598388672e+00 -8.561257362365722656e+00 -3.845886707305908203e+00 -1.473921585083007812e+01 7.872947692871093750e+00
-3.462542593479156494e-01 -2.369119834899902344e+01 -6.329540610313415527e-01 2.497526645660400391e+00 -4.858084201812744141e+00 -6.782661437988281250e+00 -2.457909584045410156e-01 1.883224248886108398e+00 -2.991218566894531250e+00 -5.742760658264160156e+00 -3.397604465484619141e+00 -6.318902969360351562e+00 -1.585676074028015137e+00 -1.335915851593017578e+01 4.490989208221435547e+00
-1.676821112632751465e+00 -2.172218132019042969e+01 1.963913559913635254e+00 6.263781547546386719e+00 -3.745257377624511719e+00 -3.049905300140380859e+00 -5.431927680969238281e+00 -2.785593032836914062e+00 -2.142731904983520508e+00 -6.700073242187500000e+00 -8.940852284431457520e-01 -7.888560295104980469e+00 -2.606803894042968750e+00 -1.171622371673583984e+01 1.921094298362731934e+00
-9.590889811515808105e-01 -2.074876213073730469e+01 2.491491794586181641e+00 6.222132205963134766e+00 -2.252642631530761719e+00 -1.216076493263244629e+00 -4.458804607391357422e+00 -1.890704631805419922e+00 -1.396601319313049316e+00 -6.518314361572265625e+00 -1.296551227569580078e+00 -7.139372825622558594e+00 -2.252532005310058594e+00 -1.175574779510498047e+01 5.160073041915893555e-01
-4.068042278289794922e+00 -3.005476188659667969e+01 -1.802646994590759277e+00 5.259180545806884766e+00 -6.063647270202636719e+00 -4.335489749908447266e+00 -2.339294910430908203e+00 -2.642068862915039062e+00 -6.074421405792236328e+00 -7.061218738555908203e+00 -5.485041141510009766e+00 -1.032998371124267578e+01 -1.030785083770751953e+00 -1.429811286926269531e+01 4.379302978515625000e+00
-1.786845207214355469e+00 -2.996237182617187500e+01 -1.606878638267517090e+00 3.971368074417114258e+00 -5.904773712158203125e+00 -8.947761535644531250e+00 -1.226354837417602539e+00 1.529789090156555176e+00 -4.836337089538574219e+00 -6.312199592590332031e+00 -2.133560180664062500e+00 -8.883473396301269531e+00 -2.926897287368774414e+00 -1.558701133728027344e+01 5.840495109558105469e+00
-6.097410678863525391e+00 -2.942237854003906250e+01 3.427664637565612793e-01 3.761529684066772461e+00 -9.180727005004882812e-01 -5.772724628448486328e+00 -5.778255462646484375e+00 -2.662714481353759766e+00 -5.436758518218994141e+00 -3.166533708572387695e+00 -4.855768680572509766e+00 -1.158397674560546875e+01 -6.406286716461181641e+00 -1.594788742065429688e+01 8.769743919372558594e+00
-1.472690939903259277e+00 -2.843123817443847656e+01 -2.393752813339233398e+00 3.823287487030029297e+00 -6.857767105102539062e+00 -7.553050041198730469e+00 -1.820396304130554199e+00 9.327707290649414062e-01 -4.620917797088623047e+00 -6.229103088378906250e+00 -1.028746128082275391e+00 -7.026181697845458984e+00 -2.665868997573852539e+00 -1.552200031280517578e+01 4.912497520446777344e+00
-4.741034984588623047e+00 -3.082613182067871094e+01 -1.333983302116394043e+00 5.911992549896240234e+00 -7.237481117248535156e+00 -3.330653905868530273e+00 -2.346849679946899414e+00 -1.643888950347900391e+00 -8.541521072387695312e+00 -3.897032976150512695e+00 -2.398823499679565430e+00 -1.299397659301757812e+01 -1.353004932403564453e+00 -1.635745620727539062e+01 6.171693801879882812e+00
-4.057671129703521729e-01 -3.038723564147949219e+01 -1.103084444999694824e+00 4.006057262420654297e+00 -5.441334247589111328e+00 -8.135193824768066406e+00 -1.353403925895690918e+00 7.422128319740295410e-01 -4.102815151214599609e+00 -6.128755569458007812e+00 -1.889323115348815918e+00 -7.721467494964599609e+00 -2.915889739990234375e+00 -1.456160354614257812e+01 5.266041755676269531e+00
-1.336881637573242188e+00 -2.755834388732910156e+01 -2.309895038604736328e+00 3.915117979049682617e+00 -5.910310745239257812e+00 -7.515945434570312500e+00 -1.451698541641235352e+00 1.614719629287719727e+00 -4.106231212615966797e+00 -6.816835403442382812e+00 -2.105772018432617188e+00 -7.616705417633056641e+00 -2.596987485885620117e+00 -1.471313476562500000e+01 4.881658554077148438e+00
-1.145663142204284668e+00 -2.975650596618652344e+01 -8.019340634346008301e-01 3.601644754409790039e+00 -5.780066490173339844e+00 -8.356348991394042969e+00 -8.724614381790161133e-01 9.459010362625122070e-01 -4.297469615936279297e+00 -5.473961830139160156e+00 -2.981612682342529297e+00 -7.552690029144287109e+00 -2.817102193832397461e+00 -1.541152191162109375e+01 4.798847198486328125e+00
-1.954245865345001221e-01 -2.477323532104492188e+01 9.809743762016296387e-01 6.967423439025878906e+00 -1.584455490112304688e+00 -1.756276130676269531e+00 -4.855645179748535156e+00 -2.264271259307861328e+00 -1.570387482643127441e+00 -7.998099327087402344e+00 -1.951090812683105469e+00 -8.056434631347656250e+00 -3.643242120742797852e+00 -1.140800571441650391e+01 9.665564298629760742e-01
-2.611420154571533203e+00 -2.553921508789062500e+01 1.860343098640441895e+00 7.507088661193847656e+00 -2.601392745971679688e+00 -2.849492073059082031e+00 -4.933128356933593750e+00 -2.536043167114257812e+00 -2.961918115615844727e+00 -7.111740112304687500e+00 -2.037187665700912476e-01 -1.016832160949707031e+01 -4.610212326049804688e+00 -1.264644813537597656e+01 1.643686175346374512e+00
-6.573014736175537109e+00 -2.852159690856933594e+01 -4.785984992980957031e+00 4.410447597503662109e+00 -8.193538665771484375e+00 -9.496809959411621094e+00 -2.263381242752075195e+00 -1.189450994133949280e-01 -6.749062538146972656e+00 -7.929071426391601562e+00 -3.508414268493652344e+00 -8.372743606567382812e+00 -5.814443588256835938e+00 -1.087546157836914062e+01 7.498613357543945312e+00
-3.641170024871826172e+00 -2.740050315856933594e+01 -9.355786442756652832e-01 5.053421020507812500e+00 -5.859510421752929688e+00 -3.674047946929931641e+00 -2.439747571945190430e+00 -1.621716976165771484e+00 -5.798750400543212891e+00 -5.972634315490722656e+00 -5.101457595825195312e+00 -1.002829551696777344e+01 -1.941339820623397827e-01 -1.428998470306396484e+01 4.753803253173828125e+00
-1.362804532051086426e+00 -2.889681053161621094e+01 -7.627118229866027832e-01 3.398100376129150391e+00 -6.684022903442382812e+00 -9.476164817810058594e+00 -1.082372784614562988e+00 8.852669000625610352e-01 -5.798221588134765625e+00 -4.896590232849121094e+00 -1.351505994796752930e+00 -9.092796325683593750e+00 -2.367680788040161133e+00 -1.550900936126708984e+01 6.104857444763183594e+00
2.344616353511810303e-01 -3.204714202880859375e+01 -1.163364529609680176e+00 3.768148660659790039e+00 -4.071318626403808594e+00 -8.041309356689453125e+00 -2.966999411582946777e-01 5.875604152679443359e-01 -5.806291580200195312e+00 -6.254668235778808594e+00 -2.997171401977539062e+00 -1.013325786590576172e+01 -4.558171272277832031e+00 -1.545284271240234375e+01 5.647271156311035156e+00
-8.515133857727050781e+00 -3.267687606811523438e+01 -5.448783397674560547e+00 5.024575233459472656e+00 -9.085493087768554688e+00 -1.122831249237060547e+01 -2.110594987869262695e+00 -7.417404651641845703e-01 -8.883960723876953125e+00 -7.118554115295410156e+00 -2.239185571670532227e+00 -1.015063285827636719e+01 -7.192697525024414062e+00 -1.096201038360595703e+01 9.210299491882324219e+00
-3.545206785202026367e+00 -2.666282653808593750e+01 2.587072253227233887e-01 4.656566143035888672e+00 -5.207770347595214844e+00 -2.579999685287475586e+00 -2.428067922592163086e+00 -1.705399990081787109e+00 -5.323758125305175781e+00 -4.149738311767578125e+00 -3.566169261932373047e+00 -1.040930366516113281e+01 1.555569320917129517e-01 -1.369662761688232422e+01 5.073630809783935547e+00
-6.919484615325927734e+00 -2.606253242492675781e+01 -3.933859109878540039e+00 3.678710699081420898e+00 -7.787318706512451172e+00 -8.693255424499511719e+00 -3.202858686447143555e+00 -2.434694617986679077e-01 -6.195922851562500000e+00 -4.992121696472167969e+00 -2.463087558746337891e+00 -7.349234104156494141e+00 -4.766257286071777344e+00 -9.955897331237792969e+00 9.062166213989257812e+00
-3.442510843276977539e+00 -2.538048744201660156e+01 -1.703698039054870605e+00 5.079972743988037109e+00 -6.251591682434082031e+00 -3.849035978317260742e+00 -2.834351778030395508e+00 -1.992772102355957031e+00 -4.659218311309814453e+00 -6.677665710449218750e+00 -3.267179489135742188e+00 -8.978508949279785156e+00 3.816890716552734375e-01 -1.277362632751464844e+01 4.066186428070068359e+00
-1.601708054542541504e+00 -2.275486946105957031e+01 1.526945233345031738e+00 7.495165824890136719e+00 -3.582680702209472656e+00 -2.499005794525146484e+00 -5.128538608551025391e+00 -2.392336130142211914e+00 -3.457130193710327148e+00 -7.690990447998046875e+00 -7.446307539939880371e-01 -9.491685867309570312e+00 -3.214003801345825195e+00 -1.346597099304199219e+01 1.438562273979187012e+00
-3.740385293960571289e+00 -2.964266204833984375e+01 -4.926155209541320801e-01 5.685951709747314453e+00 -6.189958572387695312e+00 -4.077699184417724609e+00 -3.051424980163574219e+00 -1.887887716293334961e+00 -5.439094543457031250e+00 -5.923026561737060547e+00 -4.273415565490722656e+00 -1.065820980072021484e+01 -7.531224191188812256e-02 -1.484364795684814453e+01 5.405492305755615234e+00
-6.309479713439941406e+00 -2.827583885192871094e+01 -7.983577847480773926e-01 4.558619976043701172e+00 -2.508898735046386719e+00 -5.064825534820556641e+00 -5.975397109985351562e+00 -2.190208435058593750e+00 -5.109081745147705078e+00 -3.961647748947143555e+00 -3.584373474121093750e+00 -1.059243774414062500e+01 -5.343343734741210938e+00 -1.683536148071289062e+01 7.385772705078125000e+00
-3.937149047851562500e+00 -2.513991355895996094e+01 -1.668718218803405762e+00 3.427252054214477539e+00 -1.285330295562744141e+00 -3.491836071014404297e+00 -5.753573894500732422e+00 -2.303067207336425781e+00 -4.030402660369873047e+00 -3.420635461807250977e+00 -3.692087650299072266e+00 -8.740013122558593750e+00 -4.567021846771240234e+00 -1.365749645233154297e+01 8.233507156372070312e+00
-1.741579055786132812e+00 -3.177320861816406250e+01 -1.321523785591125488e+00 4.302002429962158203e+00 -5.876352310180664062e+00 -9.135543823242187500e+00 -8.308984041213989258e-01 1.163246631622314453e+00 -5.161703586578369141e+00 -6.127164363861083984e+00 -1.849736094474792480e+00 -9.317855834960937500e+00 -3.936342954635620117e+00 -1.596152114868164062e+01 5.186399459838867188e+00
-9.652834534645080566e-01 -2.662921714782714844e+01 -2.318446159362792969e+00 3.526975393295288086e+00 -5.803246498107910156e+00 -7.182061195373535156e+00 -1.801118254661560059e+00 8.679409027099609375e-01 -3.819954872131347656e+00 -6.359624862670898438e+00 -1.325244784355163574e+00 -6.921329975128173828e+00 -1.693033933639526367e+00 -1.452913284301757812e+01 5.412829399108886719e+00
1.303950250148773193e-01 -2.145969200134277344e+01 3.056322336196899414e+00 5.901147842407226562e+00 -7.381401062011718750e-01 -1.451064467430114746e+00 -4.964149475097656250e+00 -2.263865470886230469e+00 -1.275982022285461426e+00 -6.643322467803955078e+00 -2.153427600860595703e+00 -8.624292373657226562e+00 -3.131447315216064453e+00 -1.156014156341552734e+01 1.828796982765197754e+00
-4.020439147949218750e+00 -3.049989128112792969e+01 -5.792978405952453613e-01 5.817018032073974609e+00 -6.486913681030273438e+00 -3.961638212203979492e+00 -2.720585584640502930e+00 -2.342588424682617188e+00 -6.225370883941650391e+00 -5.766386985778808594e+00 -4.630914211273193359e+00 -1.179296588897705078e+01 -5.048508644104003906e-01 -1.568353080749511719e+01 5.276413917541503906e+00
-5.203093528747558594e+00 -3.300311279296875000e+01 -5.137426406145095825e-02 5.230539798736572266e+00 -6.057573318481445312e+00 -3.087263584136962891e+00 -1.236358880996704102e+00 -2.200493335723876953e+00 -9.048450469970703125e+00 -2.177551031112670898e+00 -4.500946044921875000e+00 -1.372097587585449219e+01 -1.921649575233459473e+00 -1.599491977691650391e+01 6.324234962463378906e+00
4.602369293570518494e-02 -2.470096778869628906e+01 1.903114438056945801e+00 7.378596305847167969e+00 -1.505028247833251953e+00 -1.518746972084045410e+00 -4.793380737304687500e+00 -2.311382770538330078e+00 -2.601329803466796875e+00 -7.571337223052978516e+00 -1.175416111946105957e+00 -9.308441162109375000e+00 -3.947705984115600586e+00 -1.205164527893066406e+01 1.325683236122131348e+00
-7.183167457580566406e+00 -2.805246925354003906e+01 -5.698052406311035156e+00 3.730948209762573242e+00 -7.930142402648925781e+00 -9.160899162292480469e+00 -2.678892612457275391e+00 -3.909291923046112061e-01 -5.133139133453369141e+00 -7.840702056884765625e+00 -3.450481414794921875e+00 -6.369443416595458984e+00 -6.031381607055664062e+00 -9.428092956542968750e+00 6.446279525756835938e+00
-7.936033606529235840e-01 -2.895268058776855469e+01 -1.912637829780578613e+00 3.790272712707519531e+00 -7.000834465026855469e+00 -8.246616363525390625e+00 -1.362442970275878906e+00 1.758329629898071289e+00 -4.469973087310791016e+00 -5.855570316314697266e+00 -2.571280002593994141e+00 -7.688234329223632812e+00 -2.647088289260864258e+00 -1.537246322631835938e+01 5.904007434844970703e+00
-3.895083665847778320e+00 -2.487243461608886719e+01 -7.047999501228332520e-01 3.824463844299316406e+00 -1.511301040649414062e+00 -4.260961055755615234e+00 -5.433410644531250000e+00 -2.014774322509765625e+00 -3.855721950531005859e+00 -4.318774223327636719e+00 -4.514482021331787109e+00 -8.951530456542968750e+00 -3.951952934265136719e+00 -1.423821163177490234e+01 7.231230258941650391e+00
-4.017207622528076172e+00 -2.311999130249023438e+01 -1.944037318229675293e+00 3.757703304290771484e+00 -1.951090335845947266e+00 -4.439723491668701172e+00 -5.295928478240966797e+00 -1.808332204818725586e+00 -3.480214357376098633e+00 -4.976672172546386719e+00 -3.066986799240112305e+00 -7.750055789947509766e+00 -2.988560199737548828e+00 -1.353237819671630859e+01 6.688617229461669922e+00
-4.298652648925781250e+00 -2.945272254943847656e+01 -9.763081669807434082e-01 5.553118705749511719e+00 -6.546363830566406250e+00 -3.124220848083496094e+00 -2.421577453613281250e+00 -1.997987031936645508e+00 -7.228628635406494141e+00 -4.455136299133300781e+00 -3.141221523284912109e+00 -1.176688957214355469e+01 -2.609995603561401367e-01 -1.490200233459472656e+01 5.979389667510986328e+00
-1.383638501167297363e+00 -3.236833190917968750e+01 -3.717959523200988770e-01 3.478131294250488281e+00 -5.513830184936523438e+00 -9.247694969177246094e+00 -6.286613941192626953e-01 5.446588993072509766e-01 -5.572820186614990234e+00 -5.609004020690917969e+00 -2.147449016571044922e+00 -9.325335502624511719e+00 -4.103795051574707031e+00 -1.702188110351562500e+01 5.126834869384765625e+00
-2.124219655990600586e+00 -2.945874595642089844e+01 -6.285627484321594238e-01 3.974117040634155273e+00 -6.800196170806884766e+00 -8.701544761657714844e+00 -1.969711661338806152e+00 1.002254009246826172e+00 -4.098079681396484375e+00 -5.407588958740234375e+00 -1.629939317703247070e+00 -7.700125694274902344e+00 -2.538681745529174805e+00 -1.549059009552001953e+01 5.832354068756103516e+00
-4.965835094451904297e+00 -2.371105384826660156e+01 -1.430714488029479980e+00 3.565804719924926758e+00 -2.787372589111328125e+00 -4.783788681030273438e+00 -5.565170764923095703e+00 -1.748599052429199219e+00 -2.413862943649291992e+00 -4.755633831024169922e+00 -2.295881032943725586e+00 -7.361996650695800781e+00 -3.100026130676269531e+00 -1.305469608306884766e+01 6.711756706237792969e+00
-1.916822195053100586e+00 -2.442404747009277344e+01 1.795374035835266113e+00 7.017231464385986328e+00 -3.714838027954101562e+00 -2.401135444641113281e+00 -5.548734664916992188e+00 -3.422037601470947266e+00 -1.813180804252624512e+00 -6.703794479370117188e+00 -1.254071444272994995e-01 -8.904066085815429688e+00 -3.316880464553833008e+00 -1.278834915161132812e+01 1.688094973564147949e+00
-4.874855041503906250e+00 -3.076693534851074219e+01 5.801599472761154175e-02 4.373898983001708984e+00 -1.085467338562011719e+00 -5.029562950134277344e+00 -6.204349517822265625e+00 -2.286003828048706055e+00 -5.326859951019287109e+00 -3.438766241073608398e+00 -4.810531616210937500e+00 -1.239718341827392578e+01 -6.298107147216796875e+00 -1.684542274475097656e+01 9.698390007019042969e+00
-6.394914150238037109e+00 -2.567348670959472656e+01 -4.676424980163574219e+00 3.360237360000610352e+00 -6.895857810974121094e+00 -8.490258216857910156e+00 -2.499575614929199219e+00 -3.313992545008659363e-02 -5.666583538055419922e+00 -7.036072254180908203e+00 -4.272796630859375000e+00 -6.952532768249511719e+00 -5.341012954711914062e+00 -9.256617546081542969e+00 7.848984718322753906e+00
-5.445065021514892578e+00 -2.688852500915527344e+01 -1.691792845726013184e+00 3.885023355484008789e+00 -2.633363723754882812e+00 -4.117905139923095703e+00 -6.323323726654052734e+00 -2.256793022155761719e+00 -5.681993007659912109e+00 -2.534970045089721680e+00 -2.564017057418823242e+00 -9.560879707336425781e+00 -5.113981246948242188e+00 -1.587400245666503906e+01 8.382144927978515625e+00
-6.880237579345703125e+00 -2.767181587219238281e+01 -4.778770446777343750e+00 4.194310188293457031e+00 -8.142939567565917969e+00 -9.725661277770996094e+00 -2.695018053054809570e+00 4.711796715855598450e-02 -5.944973945617675781e+00 -7.321869850158691406e+00 -3.060405731201171875e+00 -7.788084983825683594e+00 -4.854332923889160156e+00 -1.024336814880371094e+01 7.627970695495605469e+00
-4.744827747344970703e+00 -2.777829551696777344e+01 -1.747400313615798950e-02 3.244356393814086914e+00 -3.614063262939453125e-01 -4.101028442382812500e+00 -5.477342605590820312e+00 -2.071816682815551758e+00 -4.512445449829101562e+00 -2.920201539993286133e+00 -4.809051990509033203e+00 -1.077797508239746094e+01 -6.212893486022949219e+00 -1.534883689880371094e+01 7.447415828704833984e+00
-5.646209239959716797e+00 -2.375226783752441406e+01 -5.216817855834960938e+00 4.205821037292480469e+00 -6.838677406311035156e+00 -6.749499320983886719e+00 -2.373042583465576172e+00 -2.276159375905990601e-01 -5.336589813232421875e+00 -7.685031890869140625e+00 -2.796303510665893555e+00 -6.092170715332031250e+00 -4.850398063659667969e+00 -8.625068664550781250e+00 7.288589954376220703e+00
-1.669709920883178711e+00 -2.384690666198730469e+01 1.924993157386779785e+00 7.463186264038085938e+00 -2.762935638427734375e+00 -2.574329376220703125e+00 -4.694981098175048828e+00 -2.315880775451660156e+00 -3.339367628097534180e+00 -7.258709907531738281e+00 -1.117529630661010742e+00 -9.496104240417480469e+00 -3.835851907730102539e+00 -1.284156990051269531e+01 8.931363821029663086e-01
-1.179921150207519531e+00 -3.153129959106445312e+01 -1.626909524202346802e-01 3.811574220657348633e+00 -6.261556625366210938e+00 -9.278562545776367188e+00 -1.384717702865600586e+00 1.581721782684326172e+00 -5.627042293548583984e+00 -5.014229297637939453e+00 -2.724432468414306641e+00 -1.053596210479736328e+01 -4.080709457397460938e+00 -1.659564208984375000e+01 6.768218517303466797e+00
-9.400399327278137207e-01 -2.543499183654785156e+01 2.719318628311157227e+00 7.147736549377441406e+00 -1.761945724487304688e+00 -3.299763202667236328e+00 -4.576497077941894531e+00 -2.953193664550781250e+00 -2.944158315658569336e+00 -7.915231704711914062e+00 -1.554608464241027832e+00 -9.593635559082031250e+00 -3.933408260345458984e+00 -1.355469894409179688e+01 1.018463015556335449e+00
-3.446529388427734375e+00 -1.986143684387207031e+01 -1.525828719139099121e+00 3.364721536636352539e+00 -1.418155670166015625e+00 -3.099011182785034180e+00 -4.884328842163085938e+00 -1.398835659027099609e+00 -2.984592199325561523e+00 -3.927333831787109375e+00 -1.883400201797485352e+00 -7.143624305725097656e+00 -1.909064292907714844e+00 -1.167867279052734375e+01 6.981943130493164062e+00
-4.519862174987792969e+00 -2.182634353637695312e+01 -7.196853756904602051e-01 3.475915431976318359e+00 -2.235612869262695312e+00 -4.505463123321533203e+00 -5.132341384887695312e+00 -2.104691505432128906e+00 -3.362281322479248047e+00 -4.279682159423828125e+00 -3.490173816680908203e+00 -7.284840106964111328e+00 -3.312914371490478516e+00 -1.293323516845703125e+01 6.316808700561523438e+00
-1.803233861923217773e+00 -2.564253616333007812e+01 1.858697533607482910e+00 7.563429355621337891e+00 -2.536094665527343750e+00 -3.278013944625854492e+00 -4.962076187133789062e+00 -3.382070541381835938e+00 -3.420973062515258789e+00 -7.550878524780273438e+00 -5.507350564002990723e-01 -1.038311195373535156e+01 -4.631867885589599609e+00 -1.365381813049316406e+01 1.001586794853210449e+00
-1.911770224571228027e+00 -2.657300949096679688e+01 2.627676486968994141e+00 7.179462432861328125e+00 -1.946516990661621094e+00 -3.166333675384521484e+00 -4.686216354370117188e+00 -3.483827590942382812e+00 -4.368574619293212891e+00 -6.646687507629394531e+00 4.836172610521316528e-02 -1.100788497924804688e+01 -4.655692100524902344e+00 -1.353758239746093750e+01 2.066314458847045898e+00
-5.058757781982421875e+00 -2.935185623168945312e+01 -1.622021079063415527e+00 5.324786186218261719e+00 -7.345499038696289062e+00 -4.158416748046875000e+00 -2.612275838851928711e+00 -2.161502838134765625e+00 -6.222365379333496094e+00 -5.524747371673583984e+00 -3.455186367034912109e+00 -1.076643943786621094e+01 -3.329540491104125977e-01 -1.455745506286621094e+01 5.460228919982910156e+00
-6.250015735626220703e+00 -2.634107971191406250e+01 -4.949746131896972656e+00 3.458286523818969727e+00 -7.763481140136718750e+00 -8.603358268737792969e+00 -2.128388404846191406e+00 -1.250485307537019253e-03 -6.917668819427490234e+00 -6.624153137207031250e+00 -3.743940353393554688e+00 -6.739535808563232422e+00 -5.219782829284667969e+00 -1.063398170471191406e+01 7.982070922851562500e+00
-2.722318649291992188e+00 -2.308832740783691406e+01 -1.767394423484802246e+00 2.838212013244628906e+00 2.680618762969970703e-01 -3.102709770202636719e+00 -5.085923671722412109e+00 -2.261231660842895508e+00 -4.070432662963867188e+00 -6.287932395935058594e+00 -5.221215724945068359e+00 -7.370619773864746094e+00 -3.867670774459838867e+00 -1.417891120910644531e+01 6.448997020721435547e+00
-4.865340232849121094e+00 -2.689147186279296875e+01 -2.221992254257202148e+00 3.889093160629272461e+00 -1.623155593872070312e+00 -5.089747905731201172e+00 -5.365998268127441406e+00 -2.121194362640380859e+00 -4.820549488067626953e+00 -5.822507381439208984e+00 -3.905744314193725586e+00 -9.323526382446289062e+00 -4.662023544311523438e+00 -1.562180423736572266e+01 6.912211418151855469e+00
-4.927428722381591797e+00 -2.965577888488769531e+01 -1.153407216072082520e+00 5.141105175018310547e+00 -5.573050498962402344e+00 -4.043959140777587891e+00 -2.063092470169067383e+00 -1.273862123489379883e+00 -5.951086521148681641e+00 -5.718301773071289062e+00 -4.574541091918945312e+00 -1.183509349822998047e+01 -3.836712837219238281e-01 -1.419711589813232422e+01 4.662008285522460938e+00
-1.191491127014160156e+00 -2.919436454772949219e+01 -5.763037800788879395e-01 3.004714727401733398e+00 -6.006466388702392578e+00 -8.502717018127441406e+00 -1.438984394073486328e+00 9.093260765075683594e-01 -5.302818775177001953e+00 -4.951635360717773438e+00 -2.271779775619506836e+00 -8.665641784667968750e+00 -2.546579837799072266e+00 -1.612238693237304688e+01 6.376515388488769531e+00
-7.031510829925537109e+00 -2.776505279541015625e+01 -4.464107990264892578e+00 4.430079460144042969e+00 -7.758955955505371094e+00 -8.936693191528320312e+00 -2.465136766433715820e+00 4.592078030109405518e-01 -5.940146923065185547e+00 -7.101614475250244141e+00 -3.863017082214355469e+00 -8.273908615112304688e+00 -6.693681716918945312e+00 -9.399558067321777344e+00 7.664362907409667969e+00
-5.811592578887939453e+00 -2.543548774719238281e+01 -4.413743495941162109e+00 3.166953563690185547e+00 -7.283098697662353516e+00 -8.517405509948730469e+00 -2.538073778152465820e+00 -1.265668720006942749e-01 -5.173354625701904297e+00 -6.565332412719726562e+00 -3.622989416122436523e+00 -6.415535926818847656e+00 -4.395724773406982422e+00 -9.520499229431152344e+00 7.322175025939941406e+00
-3.499347448348999023e+00 -2.767312240600585938e+01 -1.753889203071594238e+00 4.621396064758300781e+00 -5.929202079772949219e+00 -2.850385665893554688e+00 -2.260176897048950195e+00 -1.872870922088623047e+00 -6.697105884552001953e+00 -3.867810010910034180e+00 -2.924944400787353516e+00 -1.072459697723388672e+01 -5.783718824386596680e-01 -1.292992591857910156e+01 5.598172187805175781e+00
-4.687304973602294922e+00 -2.965609741210937500e+01 -4.374325871467590332e-01 5.403332233428955078e+00 -6.906161308288574219e+00 -3.829353809356689453e+00 -2.496162652969360352e+00 -1.773227214813232422e+00 -5.934240818023681641e+00 -4.311851024627685547e+00 -3.080170392990112305e+00 -1.090161514282226562e+01 -3.599257469177246094e-01 -1.369289588928222656e+01 5.548537254333496094e+00
-1.200538277626037598e+00 -3.123644447326660156e+01 -6.173556447029113770e-01 3.976125955581665039e+00 -6.296407699584960938e+00 -8.874858856201171875e+00 -1.998415708541870117e+00 8.023808002471923828e-01 -4.434424400329589844e+00 -6.049960136413574219e+00 -1.605639100074768066e+00 -8.709701538085937500e+00 -2.543415784835815430e+00 -1.553640174865722656e+01 6.151782512664794922e+00
-4.846820831298828125e+00 -2.364352416992187500e+01 -2.398360520601272583e-01 3.661440610885620117e+00 -1.140130043029785156e+00 -3.578374624252319336e+00 -5.449005126953125000e+00 -2.279011726379394531e+00 -5.007739067077636719e+00 -2.641752243041992188e+00 -2.700454473495483398e+00 -9.106269836425781250e+00 -5.234556198120117188e+00 -1.419482231140136719e+01 7.493510246276855469e+00
-9.380835890769958496e-01 -3.066221809387207031e+01 3.351565837860107422e+00 9.465467453002929688e+00 9.556884765625000000e-01 -1.061143755912780762e+00 -4.928663253784179688e+00 -2.943211555480957031e+00 -3.793587446212768555e+00 -7.157809257507324219e+00 -1.024640798568725586e+00 -1.367890453338623047e+01 -6.527658939361572266e+00 -1.398728942871093750e+01 2.478384494781494141e+00
-4.738964557647705078e+00 -2.329134178161621094e+01 -1.138207316398620605e+00 3.945324659347534180e+00 -2.081859588623046875e+00 -4.122854709625244141e+00 -5.104141235351562500e+00 -1.938687562942504883e+00 -5.074307918548583984e+00 -3.784806966781616211e+00 -2.960836887359619141e+00 -9.362627029418945312e+00 -4.095023155212402344e+00 -1.474208450317382812e+01 7.641529560089111328e+00
-5.249715328216552734e+00 -3.019921684265136719e+01 -1.368314623832702637e+00 5.976381778717041016e+00 -7.502073287963867188e+00 -4.542818546295166016e+00 -2.728425741195678711e+00 -2.076185226440429688e+00 -6.189754962921142578e+00 -5.512115955352783203e+00 -2.621075153350830078e+00 -1.077091026306152344e+01 -6.212016344070434570e-01 -1.458847618103027344e+01 5.230228424072265625e+00
-6.038269519805908203e+00 -2.892073631286621094e+01 -2.189381867647171021e-01 4.152924537658691406e+00 -2.062054634094238281e+00 -5.134038448333740234e+00 -6.137967109680175781e+00 -2.776383161544799805e+00 -5.550481319427490234e+00 -2.634609937667846680e+00 -2.983842849731445312e+00 -1.180047512054443359e+01 -5.626683235168457031e+00 -1.636622238159179688e+01 9.031830787658691406e+00
-6.551863193511962891e+00 -3.724132537841796875e+01 -5.817173123359680176e-01 6.851151943206787109e+00 -6.691267013549804688e+00 -4.068502902984619141e+00 -1.862262606620788574e+00 -1.889895915985107422e+00 -1.022040462493896484e+01 -3.781046152114868164e+00 -3.579491615295410156e+00 -1.630858230590820312e+01 -2.798222780227661133e+00 -1.741073608398437500e+01 6.901823997497558594e+00
-3.354385852813720703e+00 -2.314185142517089844e+01 -7.373912930488586426e-01 3.641738414764404297e+00 -1.699975490570068359e+00 -3.753752470016479492e+00 -5.663404464721679688e+00 -1.955343127250671387e+00 -3.717267513275146484e+00 -3.910849332809448242e+00 -3.449527740478515625e+00 -7.961224555969238281e+00 -3.191497325897216797e+00 -1.359295463562011719e+01 7.372883796691894531e+00
-5.448433876037597656e+00 -2.644211387634277344e+01 -6.184118390083312988e-01 2.940132379531860352e+00 -1.509080886840820312e+00 -5.616626739501953125e+00 -5.490944862365722656e+00 -2.730213403701782227e+00 -5.539046764373779297e+00 -3.278011560440063477e+00 -4.304649353027343750e+00 -1.078084754943847656e+01 -5.921682357788085938e+00 -1.541478061676025391e+01 7.649559974670410156e+00
-3.557504713535308838e-01 -2.233011436462402344e+01 1.688415884971618652e+00 7.092582702636718750e+00 -2.144292831420898438e+00 -2.045614004135131836e+00 -4.879182815551757812e+00 -2.279147148132324219e+00 -1.995438933372497559e+00 -7.822502613067626953e+00 -1.451635003089904785e+00 -8.569414138793945312e+00 -3.071750164031982422e+00 -1.192218971252441406e+01 8.447216749191284180e-01
-3.062015473842620850e-01 -2.759815025329589844e+01 -6.969848275184631348e-01 3.207506418228149414e+00 -4.295451164245605469e+00 -7.698848247528076172e+00 -6.126142144203186035e-01 2.255239725112915039e+00 -3.378705501556396484e+00 -5.831067085266113281e+00 -3.761638164520263672e+00 -8.433889389038085938e+00 -2.639294385910034180e+00 -1.372503089904785156e+01 5.125774383544921875e+00
-7.637640833854675293e-01 -2.996001625061035156e+01 -3.698373436927795410e-01 3.317734956741333008e+00 -6.117135047912597656e+00 -8.428560256958007812e+00 -1.405179262161254883e+00 1.138207077980041504e+00 -5.596489429473876953e+00 -4.423683643341064453e+00 -2.236517667770385742e+00 -9.189675331115722656e+00 -3.447483301162719727e+00 -1.677001571655273438e+01 6.408390045166015625e+00
-2.712108373641967773e+00 -2.614048194885253906e+01 2.885762691497802734e+00 7.526550769805908203e+00 -2.393979072570800781e+00 -3.003814220428466797e+00 -5.170800209045410156e+00 -2.709337234497070312e+00 -2.870066881179809570e+00 -6.909916877746582031e+00 -7.459790110588073730e-01 -1.041688156127929688e+01 -4.147009849548339844e+00 -1.315962028503417969e+01 2.093271970748901367e+00
-7.234971523284912109e+00 -2.773749160766601562e+01 -4.277575492858886719e+00 3.575282335281372070e+00 -7.866371154785156250e+00 -9.839658737182617188e+00 -1.886673808097839355e+00 -6.057065725326538086e-01 -6.441151142120361328e+00 -6.627140998840332031e+00 -3.743960380554199219e+00 -7.647596359252929688e+00 -5.256921768188476562e+00 -9.889462471008300781e+00 8.129969596862792969e+00
-1.822201728820800781e+00 -3.144953918457031250e+01 -1.482863068580627441e+00 4.073813915252685547e+00 -6.290597915649414062e+00 -9.284899711608886719e+00 -1.231470227241516113e+00 1.290553569793701172e+00 -4.651528835296630859e+00 -6.610470294952392578e+00 -1.903352856636047363e+00 -9.081988334655761719e+00 -2.904705286026000977e+00 -1.582953739166259766e+01 5.728569984436035156e+00
-1.565579414367675781e+00 -3.017071342468261719e+01 -5.346034169197082520e-01 3.797701358795166016e+00 -5.831913471221923828e+00 -8.503764152526855469e+00 -1.351792335510253906e+00 8.917955160140991211e-01 -5.602524280548095703e+00 -5.454322338104248047e+00 -1.729776382446289062e+00 -9.707671165466308594e+00 -3.599439144134521484e+00 -1.655170822143554688e+01 5.774248600006103516e+00
-8.911573290824890137e-01 -2.071156692504882812e+01 2.208400726318359375e+00 6.262785911560058594e+00 -2.561189174652099609e+00 -1.677288770675659180e+00 -4.806113719940185547e+00 -1.895669937133789062e+00 -1.884302854537963867e+00 -6.669644832611083984e+00 -1.577064156532287598e+00 -8.211194992065429688e+00 -3.068179130554199219e+00 -1.173094558715820312e+01 1.895478844642639160e+00
-1.279497146606445312e+00 -3.156632041931152344e+01 -7.911403775215148926e-01 3.926815032958984375e+00 -5.270934104919433594e+00 -9.779512405395507812e+00 -2.931088209152221680e-01 7.848525047302246094e-01 -6.905038356781005859e+00 -6.328492164611816406e+00 -2.279458999633789062e+00 -1.051290512084960938e+01 -4.139142990112304688e+00 -1.667432212829589844e+01 5.559259414672851562e+00
-2.481310367584228516e+00 -2.900520133972167969e+01 2.909336328506469727e+00 8.401192665100097656e+00 -3.021398544311523438e+00 -4.041996955871582031e+00 -5.401606559753417969e+00 -3.232918739318847656e+00 -4.965867519378662109e+00 -6.811535835266113281e+00 -3.697562813758850098e-01 -1.297913932800292969e+01 -6.091008186340332031e+00 -1.489833068847656250e+01 2.575189352035522461e+00
-1.319493353366851807e-01 -2.075789070129394531e+01 2.219162702560424805e+00 7.361318111419677734e+00 -2.804959297180175781e+00 -1.497262001037597656e+00 -4.635475158691406250e+00 -9.052798748016357422e-01 -2.396191120147705078e+00 -6.619395732879638672e+00 -2.323587417602539062e+00 -9.714500427246093750e+00 -3.476271867752075195e+00 -1.230082988739013672e+01 2.252269983291625977e+00
-4.313110828399658203e+00 -3.212247467041015625e+01 -3.958446532487869263e-02 5.803563117980957031e+00 -5.894013404846191406e+00 -2.936903238296508789e+00 -1.904343247413635254e+00 -2.177764892578125000e+00 -7.997066497802734375e+00 -4.007942199707031250e+00 -4.837534427642822266e+00 -1.297729492187500000e+01 -1.660777926445007324e+00 -1.619240188598632812e+01 6.048158645629882812e+00
-4.644006252288818359e+00 -2.702472877502441406e+01 -1.616227269172668457e+00 4.964784145355224609e+00 -6.961726665496826172e+00 -3.743608713150024414e+00 -2.955246925354003906e+00 -2.179972171783447266e+00 -5.683007240295410156e+00 -4.506175518035888672e+00 -1.920240998268127441e+00 -9.881180763244628906e+00 -4.528200626373291016e-01 -1.227942848205566406e+01 5.424383163452148438e+00
-1.297982454299926758e+00 -2.568078804016113281e+01 2.946665287017822266e+00 7.890833854675292969e+00 -2.412656784057617188e+00 -1.996229290962219238e+00 -5.690981388092041016e+00 -2.633635997772216797e+00 -3.297512769699096680e+00 -6.529383659362792969e+00 -5.739974379539489746e-01 -1.058988094329833984e+01 -4.525482177734375000e+00 -1.373296546936035156e+01 2.395189046859741211e+00
-5.580860614776611328e+00 -2.491175270080566406e+01 -4.799260139465332031e+00 3.910417795181274414e+00 -7.252506732940673828e+00 -8.604563713073730469e+00 -2.785490274429321289e+00 4.043951332569122314e-01 -4.513257026672363281e+00 -7.827065944671630859e+00 -4.501075267791748047e+00 -6.465620994567871094e+00 -3.949766397476196289e+00 -9.524062156677246094e+00 7.040274143218994141e+00
-7.007597923278808594e+00 -2.642374801635742188e+01 -3.922672510147094727e+00 4.667050361633300781e+00 -8.360548973083496094e+00 -9.231281280517578125e+00 -3.112100124359130859e+00 -6.858078241348266602e-01 -6.569573402404785156e+00 -6.623075008392333984e+00 -2.865171909332275391e+00 -8.281466484069824219e+00 -5.633130073547363281e+00 -1.041971778869628906e+01 8.270640373229980469e+00
-6.954736232757568359e+00 -2.762852859497070312e+01 -5.068713665008544922e+00 4.113165855407714844e+00 -8.087968826293945312e+00 -9.488744735717773438e+00 -2.545990705490112305e+00 2.275807261466979980e-01 -6.602582454681396484e+00 -7.685371875762939453e+00 -3.433551788330078125e+00 -7.996582984924316406e+00 -5.768611431121826172e+00 -1.042149162292480469e+01 7.127386093139648438e+00
6.727951169013977051e-01 -3.333902740478515625e+01 1.385314106941223145e+00 2.654531002044677734e+00 -3.693355560302734375e+00 -9.268419265747070312e+00 -3.801007866859436035e-01 1.211108207702636719e+00 -5.648317813873291016e+00 -4.622023582458496094e+00 -4.045539855957031250e+00 -1.092281341552734375e+01 -4.045482635498046875e+00 -1.653959655761718750e+01 6.650386333465576172e+00
-8.055395126342773438e+00 -2.915727424621582031e+01 -4.134331703186035156e+00 6.427529811859130859e+00 -6.177148342132568359e+00 -7.132603168487548828e+00 -1.908063411712646484e+00 4.463151991367340088e-01 -5.342325210571289062e+00 -6.155665397644042969e+00 -3.966289997100830078e+00 -9.139383316040039062e+00 -8.603137969970703125e+00 -7.354487419128417969e+00 9.365718841552734375e+00
