-8.040391921997070312e+00 -4.105270862579345703e+00 1.478978872299194336e+00 1.339341402053833008e+00 9.931546211242675781e+00
-3.983969688415527344e+00 -6.132278442382812500e+00 -3.188563346862792969e+00 7.542148590087890625e+00 4.627678871154785156e+00
-1.386515378952026367e+00 -4.938114166259765625e+00 5.762279033660888672e-01 3.224596023559570312e+00 1.957009315490722656e+01
-1.583761096000671387e+00 -5.427538871765136719e+00 4.778144359588623047e+00 2.889760494232177734e+00 2.574919700622558594e+00
-4.436387538909912109e+00 -7.685176849365234375e+00 -4.928845405578613281e+00 7.124049186706542969e+00 4.754158496856689453e+00
-3.574077606201171875e+00 -4.667994976043701172e+00 -1.059008121490478516e+00 6.970081806182861328e+00 4.489957809448242188e+00
-1.168830871582031250e+00 -5.245823860168457031e+00 8.637157678604125977e-01 3.267318487167358398e+00 1.949336242675781250e+01
-9.570369124412536621e-01 -5.097107887268066406e+00 7.499032020568847656e-01 2.802637815475463867e+00 1.985122871398925781e+01
-8.012072443962097168e-01 -5.152010917663574219e+00 4.514513492584228516e+00 3.282027006149291992e+00 2.380594015121459961e+00
-2.701972484588623047e+00 -4.693139553070068359e+00 -2.139203548431396484e+00 6.881469249725341797e+00 4.480409622192382812e+00
-4.134292125701904297e+00 -3.106418848037719727e+00 1.667674064636230469e+00 1.492675781250000000e+00 1.072154521942138672e+01
-4.675270080566406250e+00 -3.238580465316772461e+00 1.424983739852905273e+00 1.446016907691955566e+00 1.036608791351318359e+01
-5.234045386314392090e-01 -6.040695190429687500e+00 7.639467716217041016e-02 2.911051988601684570e+00 1.978918457031250000e+01
-3.870497226715087891e+00 -5.887292385101318359e+00 -3.480599880218505859e+00 7.154184341430664062e+00 4.514772891998291016e+00
1.137611493468284607e-01 -7.647128582000732422e+00 6.759529590606689453e+00 3.399910449981689453e+00 2.568138122558593750e+00
-2.963245153427124023e+00 -4.779956817626953125e+00 -2.372176170349121094e+00 7.395413398742675781e+00 4.626809597015380859e+00
-1.174418106675148010e-01 -8.955624580383300781e+00 -6.834554672241210938e-01 3.339875936508178711e+00 2.068562126159667969e+01
-3.515390872955322266e+00 -5.625985622406005859e+00 -3.499023437500000000e+00 7.028103351593017578e+00 4.670636653900146484e+00
-2.929037809371948242e+00 -4.811363220214843750e+00 -2.073424339294433594e+00 6.694886684417724609e+00 4.644060134887695312e+00
-3.192257642745971680e+00 -5.955732822418212891e+00 -4.512794017791748047e+00 6.980854034423828125e+00 4.643970489501953125e+00
-6.560304641723632812e+00 -3.824198961257934570e+00 2.282360792160034180e+00 1.361297130584716797e+00 1.030274200439453125e+01
-7.369123935699462891e+00 -3.257463455200195312e+00 1.520850896835327148e+00 1.379606246948242188e+00 9.650881767272949219e+00
3.106235504150390625e+00 -6.933382987976074219e+00 -2.028382778167724609e+00 -2.016926258802413940e-01 7.115899920463562012e-01
-1.083763599395751953e+00 -6.020527839660644531e+00 7.545401453971862793e-01 3.222506761550903320e+00 1.950929832458496094e+01
-3.381920337677001953e+00 -6.479920864105224609e+00 -4.222565174102783203e+00 6.780419826507568359e+00 4.759800434112548828e+00
-4.612046718597412109e+00 -7.885728836059570312e+00 -6.539523601531982422e+00 6.618626117706298828e+00 5.005797386169433594e+00
5.595112323760986328e+00 -1.044700241088867188e+01 -3.114882230758666992e+00 -1.387914538383483887e+00 7.272837162017822266e-01
-5.763564705848693848e-01 -6.162561893463134766e+00 2.661328315734863281e-01 3.231952667236328125e+00 2.046028518676757812e+01
3.758110046386718750e+00 -6.772119998931884766e+00 -1.948083877563476562e+00 -5.351252853870391846e-03 6.981403231620788574e-01
-1.973686337471008301e+00 -4.225783348083496094e+00 1.401034355163574219e+00 2.945264339447021484e+00 2.090146827697753906e+01
-5.916269779205322266e+00 -3.855934858322143555e+00 2.045408964157104492e+00 1.216930389404296875e+00 1.037327098846435547e+01
-1.974235177040100098e+00 -5.906924724578857422e+00 8.048397302627563477e-01 3.061718940734863281e+00 1.952472877502441406e+01
-8.772400766611099243e-02 -6.448899745941162109e+00 5.712441921234130859e+00 3.478468656539916992e+00 2.430925607681274414e+00
1.601720750331878662e-01 -5.341149330139160156e+00 5.107489109039306641e+00 3.086931467056274414e+00 2.474205732345581055e+00
-3.770823001861572266e+00 -6.774701595306396484e+00 -5.013969421386718750e+00 7.270350933074951172e+00 4.603258609771728516e+00
-3.495696306228637695e+00 -4.400719642639160156e+00 -1.110179781913757324e+00 7.097817420959472656e+00 4.602806091308593750e+00
-6.411701679229736328e+00 -3.409851312637329102e+00 1.607430934906005859e+00 1.242610216140747070e+00 9.694468498229980469e+00
-8.467351794242858887e-01 -7.190290451049804688e+00 2.896771430969238281e-01 2.995025396347045898e+00 1.921616935729980469e+01
7.002885937690734863e-01 -1.234369277954101562e+01 -9.456574916839599609e-01 3.323289632797241211e+00 1.916776466369628906e+01
-7.929764747619628906e+00 -4.062635898590087891e+00 1.809314131736755371e+00 1.826584339141845703e+00 1.038382625579833984e+01
3.137561321258544922e+00 -6.929635047912597656e+00 -2.183930873870849609e+00 -3.720521330833435059e-01 6.796711087226867676e-01
-4.062403678894042969e+00 -5.724475860595703125e+00 -2.311606645584106445e+00 6.885767936706542969e+00 4.404605388641357422e+00
-9.708166122436523438e-01 -5.077009677886962891e+00 4.552599430084228516e+00 3.082811355590820312e+00 2.384264707565307617e+00
-1.721594452857971191e+00 -4.350238323211669922e+00 3.788409471511840820e+00 3.256311655044555664e+00 2.267446756362915039e+00
-1.670643389225006104e-01 -7.541876316070556641e+00 -2.168131060898303986e-02 3.162362813949584961e+00 2.012899208068847656e+01
-4.393207550048828125e+00 -7.332680225372314453e+00 -5.861539840698242188e+00 7.077083110809326172e+00 4.626243114471435547e+00
-3.571547508239746094e+00 -5.254375934600830078e+00 -2.251625061035156250e+00 7.466795444488525391e+00 4.472443103790283203e+00
-1.752535462379455566e+00 -3.571645975112915039e+00 3.063457727432250977e+00 3.464947462081909180e+00 2.462374687194824219e+00
-5.211050510406494141e+00 -3.498352050781250000e+00 1.688109755516052246e+00 1.457304954528808594e+00 1.021201992034912109e+01
-1.083635091781616211e+00 -7.913035392761230469e+00 7.235236644744873047e+00 3.301972627639770508e+00 2.494769334793090820e+00
3.556258678436279297e+00 -6.801224708557128906e+00 -2.038586139678955078e+00 -8.902518451213836670e-02 6.289839744567871094e-01
4.268064200878143311e-01 -5.631786346435546875e+00 5.273402214050292969e+00 3.352259635925292969e+00 2.296231508255004883e+00
2.805204391479492188e+00 -6.182350158691406250e+00 -1.999243021011352539e+00 -9.403378963470458984e-01 8.349160552024841309e-01
7.956708073616027832e-01 -6.762969493865966797e+00 6.874999046325683594e+00 3.244768381118774414e+00 2.412554740905761719e+00
2.431610345840454102e+00 -5.393531799316406250e+00 -1.743573188781738281e+00 -1.845708340406417847e-01 6.681594848632812500e-01
-6.987054347991943359e+00 -3.467537403106689453e+00 1.635242342948913574e+00 1.386058449745178223e+00 9.559766769409179688e+00
-4.559401988983154297e+00 -7.540630817413330078e+00 -4.913557052612304688e+00 7.646758556365966797e+00 4.531387805938720703e+00
-7.565110683441162109e+00 -3.654909372329711914e+00 1.206587910652160645e+00 1.354664325714111328e+00 9.437176704406738281e+00
-1.166344642639160156e+00 -3.232286691665649414e+00 2.627262830734252930e+00 3.060390472412109375e+00 2.462828874588012695e+00
-1.288007259368896484e+00 -3.666782140731811523e+00 3.369429111480712891e+00 3.171742439270019531e+00 2.347551107406616211e+00
-8.371584892272949219e+00 -3.795560121536254883e+00 1.388753175735473633e+00 1.244302749633789062e+00 1.028925037384033203e+01
-8.839778900146484375e+00 -3.441827297210693359e+00 1.561720490455627441e+00 1.425331115722656250e+00 1.007693386077880859e+01
-1.217929244041442871e+00 -6.224210262298583984e+00 4.106963872909545898e-01 3.047269105911254883e+00 2.027729034423828125e+01
4.162345409393310547e+00 -7.216024398803710938e+00 -1.974737644195556641e+00 -3.314841687679290771e-01 8.093109726905822754e-01
-1.333849310874938965e+00 -4.852345466613769531e+00 4.258619308471679688e+00 3.256819486618041992e+00 2.410304784774780273e+00
-1.609861850738525391e+00 -5.799210548400878906e+00 5.017601966857910156e+00 3.294724464416503906e+00 2.560876607894897461e+00
-1.051807284355163574e+00 -7.209663867950439453e+00 7.330245971679687500e-01 3.346922397613525391e+00 1.908280181884765625e+01
-3.288833618164062500e+00 -5.611225128173828125e+00 -3.187893867492675781e+00 7.546907901763916016e+00 4.589016437530517578e+00
3.577450990676879883e+00 -7.802438735961914062e+00 -2.448928356170654297e+00 -4.503685235977172852e-01 7.205018401145935059e-01
2.767932653427124023e+00 -6.261044025421142578e+00 -2.122729301452636719e+00 -3.290629684925079346e-01 8.340340256690979004e-01
-3.417113795876502991e-02 -6.582156658172607422e+00 -4.729683995246887207e-01 3.418691635131835938e+00 2.087376213073730469e+01
-7.517648339271545410e-01 -6.679652214050292969e+00 2.118157148361206055e-01 3.230819463729858398e+00 2.008868026733398438e+01
-3.694951057434082031e+00 -5.770990848541259766e+00 -3.014688491821289062e+00 6.421503067016601562e+00 4.770168781280517578e+00
1.132930994033813477e+00 -5.495983600616455078e+00 5.248717784881591797e+00 3.482996702194213867e+00 2.448068380355834961e+00
-1.269678211212158203e+01 -4.541896343231201172e+00 1.909652113914489746e+00 1.270079374313354492e+00 1.070133972167968750e+01
-8.071385025978088379e-01 -5.087929248809814453e+00 4.527330398559570312e+00 3.521299123764038086e+00 2.585022926330566406e+00
-1.204620718955993652e+00 -6.217329025268554688e+00 7.328779697418212891e-01 3.098441123962402344e+00 1.952921104431152344e+01
4.626604542136192322e-02 -6.347062587738037109e+00 6.353292465209960938e+00 3.452400445938110352e+00 2.568378210067749023e+00
3.888665139675140381e-01 -1.358689594268798828e+01 -4.029015302658081055e-01 3.168975591659545898e+00 2.027824974060058594e+01
-1.322293758392333984e+00 -4.411492824554443359e+00 3.898169994354248047e+00 3.060987949371337891e+00 2.250560760498046875e+00
4.668899476528167725e-01 -6.256620407104492188e+00 6.163857460021972656e+00 3.799588680267333984e+00 2.578689336776733398e+00
-5.971243381500244141e+00 -4.090574264526367188e+00 1.796085357666015625e+00 1.283058881759643555e+00 1.014646244049072266e+01
-3.554953098297119141e+00 -5.531037330627441406e+00 -3.181076049804687500e+00 6.598354816436767578e+00 4.685367107391357422e+00
-4.431385517120361328e+00 -7.483676910400390625e+00 -4.996646404266357422e+00 7.238029479980468750e+00 4.538123130798339844e+00
-7.485412597656250000e+00 -4.067576408386230469e+00 2.173378229141235352e+00 1.390176773071289062e+00 9.593809127807617188e+00
3.893073081970214844e+00 -7.958079338073730469e+00 -2.319561004638671875e+00 -5.349798202514648438e-01 7.332329750061035156e-01
-3.970274925231933594e+00 -5.849664211273193359e+00 -3.288791179656982422e+00 6.887764930725097656e+00 4.554912090301513672e+00
-3.679171562194824219e+00 -6.649572372436523438e+00 -4.565921783447265625e+00 6.597419261932373047e+00 4.608697414398193359e+00
-5.225644588470458984e+00 -3.235612392425537109e+00 1.342558622360229492e+00 1.244362354278564453e+00 9.982452392578125000e+00
-4.356297492980957031e+00 -7.598758220672607422e+00 -6.011469364166259766e+00 6.653720855712890625e+00 4.694386005401611328e+00
-1.086984252929687500e+01 -3.833115339279174805e+00 1.790635466575622559e+00 1.302520990371704102e+00 9.838500976562500000e+00
-6.033590793609619141e+00 -3.622266292572021484e+00 1.832771658897399902e+00 1.307928562164306641e+00 1.006584835052490234e+01
7.310912013053894043e-01 -9.816144943237304688e+00 -3.951635360717773438e-01 3.467633008956909180e+00 1.965130805969238281e+01
-6.181054711341857910e-01 -5.120931625366210938e+00 1.356999874114990234e-01 3.059564828872680664e+00 1.961403274536132812e+01
-8.314116477966308594e+00 -4.081914901733398438e+00 1.814952611923217773e+00 1.398254513740539551e+00 1.051672649383544922e+01
1.728883266448974609e+00 -5.024634838104248047e+00 -1.399626731872558594e+00 -2.361300289630889893e-01 7.536980509757995605e-01
3.150697469711303711e+00 -6.844392299652099609e+00 -2.269687652587890625e+00 -9.524347186088562012e-01 7.306296825408935547e-01
3.729647636413574219e+00 -7.057738780975341797e+00 -2.050409793853759766e+00 -7.674282789230346680e-01 7.745002508163452148e-01
-5.496583461761474609e+00 -8.930895805358886719e+00 -6.975050926208496094e+00 7.182444095611572266e+00 4.741609573364257812e+00
5.122994899749755859e+00 -9.185063362121582031e+00 -2.467756509780883789e+00 -7.358767092227935791e-02 7.366650700569152832e-01
