2.346577167510986328e+00 4.420272827148437500e+00 -2.223673820495605469e+00 5.927080154418945312e+00 -2.171163082122802734e+00
1.327348351478576660e+00 -3.066435813903808594e+00 -2.745028972625732422e+00 5.475132465362548828e+00 -4.471518039703369141e+00
-3.013777256011962891e+00 -5.579965710639953613e-01 -5.183348059654235840e-01 2.355206012725830078e+00 -6.080970764160156250e+00
-1.774105191230773926e+00 -2.511300742626190186e-01 -7.318020820617675781e+00 2.941183805465698242e+00 -1.687611699104309082e+00
4.387033462524414062e+00 -4.141561508178710938e+00 -2.283882617950439453e+00 5.155484199523925781e+00 -5.896915435791015625e+00
1.068507432937622070e+00 -2.982769250869750977e+00 -3.375085592269897461e+00 2.995925188064575195e+00 -5.872885704040527344e+00
-2.636586189270019531e+00 -1.284208655357360840e+00 -3.617306947708129883e-01 6.987857222557067871e-01 -6.305989742279052734e+00
-3.026142835617065430e+00 -6.679657846689224243e-02 1.720976531505584717e-01 1.952193021774291992e+00 -5.653839588165283203e+00
-1.037857651710510254e+00 -1.703067421913146973e-01 -6.453859329223632812e+00 2.949921846389770508e+00 -6.109411120414733887e-01
9.201856255531311035e-01 -2.275106191635131836e+00 -2.685773849487304688e+00 4.114767551422119141e+00 -5.225886344909667969e+00
-9.668889641761779785e-01 4.338500022888183594e+00 -3.347322225570678711e+00 3.133798122406005859e+00 -3.097523689270019531e+00
-1.532289028167724609e+00 3.911551713943481445e+00 -1.604240775108337402e+00 5.307121753692626953e+00 -2.879303216934204102e+00
-1.949460148811340332e+00 -1.409516632556915283e-01 7.116738557815551758e-01 1.830509185791015625e+00 -6.377086162567138672e+00
2.927801132202148438e+00 -3.706749916076660156e+00 -3.835099220275878906e+00 3.435870647430419922e+00 -5.905553817749023438e+00
2.785146474838256836e+00 -3.764229118824005127e-01 -7.438928604125976562e+00 2.840241670608520508e+00 6.823239922523498535e-01
1.291198611259460449e+00 -2.958031415939331055e+00 -2.759233474731445312e+00 3.453405618667602539e+00 -5.788776874542236328e+00
-1.127188205718994141e+00 -1.525503754615783691e+00 3.156116008758544922e+00 2.631250381469726562e+00 -6.126030921936035156e+00
2.716481208801269531e+00 -3.535784959793090820e+00 -3.094620466232299805e+00 3.682557582855224609e+00 -6.900164127349853516e+00
1.697963595390319824e+00 -2.514627933502197266e+00 -3.564911127090454102e+00 3.317171096801757812e+00 -5.530300140380859375e+00
2.897223949432373047e+00 -3.622290849685668945e+00 -2.426847934722900391e+00 4.434784412384033203e+00 -5.559158325195312500e+00
6.745823621749877930e-01 4.188264369964599609e+00 -7.010920047760009766e-01 5.202046871185302734e+00 -4.175206661224365234e+00
2.415197372436523438e+00 4.716806411743164062e+00 -1.499373435974121094e+00 5.021011352539062500e+00 -2.012439727783203125e+00
3.712043762207031250e+00 1.628836274147033691e+00 2.568212449550628662e-01 -2.653316020965576172e+00 -4.779603958129882812e+00
-2.555125236511230469e+00 -2.693844735622406006e-01 4.394204914569854736e-01 2.003547191619873047e+00 -6.239916801452636719e+00
3.148598909378051758e+00 -3.733818054199218750e+00 -3.104763984680175781e+00 3.998704910278320312e+00 -5.399651527404785156e+00
5.681375503540039062e+00 -4.168920993804931641e+00 -3.300735652446746826e-01 4.813228607177734375e+00 -6.888451099395751953e+00
7.810729026794433594e+00 8.216966986656188965e-01 1.304679751396179199e+00 -2.942496776580810547e+00 -2.966052055358886719e+00
-2.796090602874755859e+00 -8.116028904914855957e-01 1.488831877708435059e+00 3.198709487915039062e+00 -5.199848651885986328e+00
4.065581798553466797e+00 2.472349405288696289e+00 1.198335051536560059e+00 -3.108332395553588867e+00 -9.237282872200012207e-01
-3.210369586944580078e+00 9.498891830444335938e-01 -1.440574765205383301e+00 1.404945611953735352e+00 -6.038907051086425781e+00
-1.234262250363826752e-03 4.583245277404785156e+00 -2.743163585662841797e+00 3.459294080734252930e+00 -4.580209732055664062e+00
-2.391737222671508789e+00 -1.336400032043457031e+00 -2.364231646060943604e-01 2.412045955657958984e+00 -6.432015419006347656e+00
1.239333510398864746e+00 -5.206598639488220215e-01 -7.482225894927978516e+00 2.116053581237792969e+00 -1.531323552131652832e+00
-7.415133118629455566e-01 1.439633965492248535e-01 -6.297230720520019531e+00 2.243813991546630859e+00 3.944519460201263428e-01
4.509254932403564453e+00 -3.521943569183349609e+00 -2.971011638641357422e+00 3.910677194595336914e+00 -6.195506572723388672e+00
3.731450438499450684e-01 -2.421474933624267578e+00 -3.254230976104736328e+00 3.702227354049682617e+00 -5.114375114440917969e+00
2.909022271633148193e-01 3.938497543334960938e+00 -1.661331057548522949e+00 6.712299823760986328e+00 -1.521082997322082520e+00
-1.464373946189880371e+00 -4.972928464412689209e-01 4.782851636409759521e-01 2.348001241683959961e+00 -6.950778007507324219e+00
8.130972981452941895e-01 -2.453786849975585938e+00 5.707492351531982422e+00 2.703417778015136719e+00 -5.857463836669921875e+00
1.975618004798889160e+00 4.456227302551269531e+00 -1.843595206737518311e-01 5.941732406616210938e+00 -4.032183647155761719e+00
3.837677240371704102e+00 3.245785713195800781e+00 -3.924697339534759521e-01 -3.234891891479492188e+00 -2.123839139938354492e+00
1.896882534027099609e+00 -3.244050025939941406e+00 -3.541022300720214844e+00 3.783547878265380859e+00 -6.806204319000244141e+00
-7.429460883140563965e-01 -6.270622014999389648e-01 -6.579507827758789062e+00 2.456130027770996094e+00 -1.468037128448486328e+00
-1.369974017143249512e+00 -4.122155010700225830e-01 -6.982282638549804688e+00 5.773133635520935059e-01 -2.006609439849853516e+00
-2.085648298263549805e+00 -1.403780579566955566e+00 2.473402500152587891e+00 2.042817592620849609e+00 -5.875864028930664062e+00
4.417829036712646484e+00 -3.497499704360961914e+00 -2.597168445587158203e+00 5.579515457153320312e+00 -5.564731597900390625e+00
1.619560241699218750e+00 -3.352475404739379883e+00 -4.349501609802246094e+00 3.890804767608642578e+00 -5.451034545898437500e+00
-1.987421035766601562e+00 -3.047140538692474365e-01 -6.529360294342041016e+00 1.522595405578613281e+00 -2.283175945281982422e+00
-8.599131368100643158e-03 4.129386901855468750e+00 -2.171053647994995117e+00 4.622645854949951172e+00 -2.762816905975341797e+00
1.776782393455505371e+00 -5.694987177848815918e-01 -7.493577003479003906e+00 4.454587936401367188e+00 -6.632953286170959473e-01
3.227363348007202148e+00 3.213194131851196289e+00 7.682427018880844116e-02 -3.856704473495483398e+00 -2.324273109436035156e+00
7.211055159568786621e-01 -1.374762356281280518e-01 -5.940217971801757812e+00 1.344666004180908203e+00 1.681381940841674805e+00
3.861462116241455078e+00 1.668077349662780762e+00 -1.370097398757934570e+00 -4.334986209869384766e+00 -1.766969561576843262e+00
1.564097642898559570e+00 -3.783817589282989502e-01 -6.352060317993164062e+00 4.596858978271484375e+00 3.276918232440948486e-01
1.566522717475891113e+00 2.797268152236938477e+00 2.199052833020687103e-04 -4.184507369995117188e+00 -3.858644962310791016e+00
1.565484285354614258e+00 4.280714988708496094e+00 -1.675977110862731934e+00 4.030401229858398438e+00 -4.092772006988525391e+00
4.360996246337890625e+00 -3.611112833023071289e+00 -3.754322052001953125e+00 5.721962928771972656e+00 -4.828392028808593750e+00
2.094054698944091797e+00 4.197511672973632812e+00 -1.746254444122314453e+00 5.877680778503417969e+00 -2.997414827346801758e+00
-2.651667833328247070e+00 2.492591179907321930e-02 -5.700843811035156250e+00 5.479715466499328613e-01 -6.708397269248962402e-01
-1.679253458976745605e+00 2.081833183765411377e-01 -5.990397453308105469e+00 1.607999801635742188e+00 -9.728767275810241699e-01
3.066505908966064453e+00 4.770683288574218750e+00 -1.717393755912780762e+00 4.609869956970214844e+00 -3.165922641754150391e+00
3.948126792907714844e+00 4.668383598327636719e+00 -6.048524379730224609e-01 5.465506076812744141e+00 -2.071308851242065430e+00
-2.462387800216674805e+00 -7.380793094635009766e-01 1.870422661304473877e-01 1.903795242309570312e+00 -6.649479866027832031e+00
3.686536073684692383e+00 1.867896199226379395e+00 2.646994352340698242e+00 -3.993256330490112305e+00 -2.892081260681152344e+00
-1.290086627006530762e+00 3.061097264289855957e-01 -6.709365367889404297e+00 2.442146241664886475e-01 -6.791936606168746948e-02
2.353497296571731567e-01 -5.640660524368286133e-01 -7.752603530883789062e+00 -2.633910477161407471e-01 -1.134474635124206543e+00
-1.350986719131469727e+00 -8.540908247232437134e-02 4.852997362613677979e-01 2.058956146240234375e+00 -7.202028274536132812e+00
2.388510227203369141e+00 -3.863141775131225586e+00 -3.322839736938476562e+00 4.404788017272949219e+00 -5.116181373596191406e+00
4.787278175354003906e+00 2.807737827301025391e+00 -9.437651634216308594e-01 -2.424142360687255859e+00 -3.152292966842651367e+00
2.773479461669921875e+00 2.825713872909545898e+00 -1.811142265796661377e-01 -3.509897232055664062e+00 -2.186421155929565430e+00
-1.968799471855163574e+00 -1.432816624641418457e+00 2.303437709808349609e+00 2.132575273513793945e+00 -5.270896911621093750e+00
-1.903367519378662109e+00 -1.233626484870910645e+00 5.674974322319030762e-01 9.969465732574462891e-01 -6.911429882049560547e+00
2.615022659301757812e+00 -2.922328472137451172e+00 -4.041209697723388672e+00 3.906920909881591797e+00 -6.157746791839599609e+00
1.375888586044311523e+00 4.021307528018951416e-01 -6.038142204284667969e+00 1.864033341407775879e+00 1.233701944351196289e+00
4.892299652099609375e+00 6.180185317993164062e+00 4.357027113437652588e-01 6.766307830810546875e+00 -2.100290060043334961e+00
-1.466128230094909668e-01 2.351749241352081299e-01 -6.523853302001953125e+00 1.129771471023559570e+00 -2.779202461242675781e-01
-1.512472510337829590e+00 -6.117392182350158691e-01 -1.437145471572875977e-01 7.867422103881835938e-01 -7.153284072875976562e+00
1.512754678726196289e+00 -1.431022882461547852e-01 -6.731594562530517578e+00 3.325138330459594727e+00 7.774943709373474121e-01
1.759750008583068848e+00 -9.180033206939697266e-01 4.989020347595214844e+00 1.908266782760620117e+00 -8.141209602355957031e+00
-1.307040810585021973e+00 -7.240951806306838989e-02 -6.318769454956054688e+00 2.769301652908325195e+00 -1.131470441818237305e+00
2.347804069519042969e+00 -4.757812917232513428e-01 -5.885794639587402344e+00 2.761751651763916016e+00 1.956938743591308594e+00
5.771040320396423340e-01 4.162404537200927734e+00 -2.064488410949707031e+00 4.254693984985351562e+00 -3.680384635925292969e+00
1.863269805908203125e+00 -3.057224750518798828e+00 -2.784967899322509766e+00 4.919204711914062500e+00 -4.601628303527832031e+00
3.170192241668701172e+00 -4.288812637329101562e+00 -2.129486322402954102e+00 5.106739521026611328e+00 -5.097663879394531250e+00
2.508409976959228516e+00 4.857059001922607422e+00 -3.537242174148559570e+00 3.943116426467895508e+00 -1.949277043342590332e+00
4.271756649017333984e+00 1.262539267539978027e+00 4.816719144582748413e-02 -3.693740844726562500e+00 -3.851802349090576172e+00
2.631654739379882812e+00 -3.269551515579223633e+00 -3.710788726806640625e+00 3.970199584960937500e+00 -5.745913982391357422e+00
3.667137622833251953e+00 -3.100608110427856445e+00 -2.219661712646484375e+00 5.127655982971191406e+00 -4.342303276062011719e+00
-4.125938415527343750e-01 4.161371707916259766e+00 -2.002896547317504883e+00 4.601142406463623047e+00 -1.982621312141418457e+00
6.049911022186279297e+00 -3.674063920974731445e+00 -3.162127971649169922e+00 4.404544353485107422e+00 -4.964074134826660156e+00
5.594855308532714844e+00 4.540619850158691406e+00 -1.480145812034606934e+00 5.298044204711914062e+00 -1.657829880714416504e+00
4.296654164791107178e-01 4.292793273925781250e+00 -2.302085399627685547e+00 4.903831958770751953e+00 -3.238912582397460938e+00
-8.056572079658508301e-02 -1.415660262107849121e+00 2.498952388763427734e+00 1.589955806732177734e+00 -8.214472770690917969e+00
-2.324898242950439453e+00 -8.581313490867614746e-01 2.763759791851043701e-01 1.431850492954254150e-01 -5.892632484436035156e+00
2.581537723541259766e+00 4.309491157531738281e+00 -2.436863899230957031e+00 5.618134498596191406e+00 -2.303547620773315430e+00
1.583829402923583984e+00 1.930955767631530762e+00 -1.856654286384582520e+00 -4.857651710510253906e+00 -2.808238029479980469e+00
3.937538146972656250e+00 1.787211179733276367e+00 -7.709270119667053223e-01 -3.549008131027221680e+00 -3.754961013793945312e+00
4.546261310577392578e+00 2.404706001281738281e+00 -4.701254963874816895e-01 -4.098300457000732422e+00 -1.322811961174011230e+00
5.271285057067871094e+00 -3.867762327194213867e+00 -1.460246086120605469e+00 7.960607528686523438e+00 -4.017011642456054688e+00
5.749972343444824219e+00 3.645823717117309570e+00 1.568791508674621582e+00 -1.269569396972656250e+00 -2.415035247802734375e+00
