1.585195660591125488e+00 8.736408501863479614e-02 -4.485235214233398438e-01 8.267473578453063965e-01 -9.268610477447509766e-01 -1.505025982856750488e+00 1.145234033465385437e-01 -9.737423807382583618e-02 2.118130028247833252e-01 -5.600335001945495605e-01 1.475744724273681641e+00 9.229093194007873535e-01 1.191729068756103516e+00 -1.150519013404846191e+00 -3.137655183672904968e-02
1.584692835807800293e+00 8.510089665651321411e-02 -4.463844001293182373e-01 8.268219828605651855e-01 -9.252643585205078125e-01 -1.504725575447082520e+00 1.176450848579406738e-01 -9.678985923528671265e-02 2.147682607173919678e-01 -5.605230331420898438e-01 1.477064371109008789e+00 9.202522039413452148e-01 1.192824244499206543e+00 -1.149336695671081543e+00 -3.009006008505821228e-02
1.587877750396728516e+00 9.680027514696121216e-02 -4.349303245544433594e-01 8.560486435890197754e-01 -9.299216270446777344e-01 -1.502187371253967285e+00 9.873688220977783203e-02 -6.693714112043380737e-02 2.219963371753692627e-01 -5.469005703926086426e-01 1.503208518028259277e+00 9.219070076942443848e-01 1.198905110359191895e+00 -1.143348336219787598e+00 -4.107814654707908630e-02
1.586271286010742188e+00 8.960709720849990845e-02 -4.421334266662597656e-01 8.263607621192932129e-01 -9.208776950836181641e-01 -1.505089640617370605e+00 1.102431863546371460e-01 -9.229473024606704712e-02 2.150280177593231201e-01 -5.600285530090332031e-01 1.476546168327331543e+00 9.212570786476135254e-01 1.194121718406677246e+00 -1.147997379302978516e+00 -3.134426102042198181e-02
1.586014747619628906e+00 8.384252339601516724e-02 -4.522345662117004395e-01 8.162438869476318359e-01 -9.262582063674926758e-01 -1.508188009262084961e+00 1.216290593147277832e-01 -1.106230244040489197e-01 2.100065946578979492e-01 -5.650386810302734375e-01 1.467724919319152832e+00 9.229694604873657227e-01 1.191253900527954102e+00 -1.152072191238403320e+00 -2.732570096850395203e-02
1.584272265434265137e+00 8.377078920602798462e-02 -4.489270746707916260e-01 8.206823468208312988e-01 -9.242311120033264160e-01 -1.505167841911315918e+00 1.197073310613632202e-01 -1.025473996996879578e-01 2.123691439628601074e-01 -5.628174543380737305e-01 1.470894694328308105e+00 9.207292199134826660e-01 1.191156625747680664e+00 -1.150777697563171387e+00 -2.842828258872032166e-02
1.585886359214782715e+00 9.976885467767715454e-02 -4.274954497814178467e-01 8.632120490074157715e-01 -9.239506721496582031e-01 -1.497495412826538086e+00 9.025210887193679810e-02 -5.009485036134719849e-02 2.246736288070678711e-01 -5.431137681007385254e-01 1.506964087486267090e+00 9.187834858894348145e-01 1.198481678962707520e+00 -1.141303896903991699e+00 -4.392400011420249939e-02
1.586254954338073730e+00 9.861845523118972778e-02 -4.295995533466339111e-01 8.590399622917175293e-01 -9.241674542427062988e-01 -1.498891353607177734e+00 9.293776750564575195e-02 -5.543186515569686890e-02 2.234199941158294678e-01 -5.457252860069274902e-01 1.503700375556945801e+00 9.194366931915283203e-01 1.198203206062316895e+00 -1.142192959785461426e+00 -4.226077720522880554e-02
1.588189482688903809e+00 8.753285557031631470e-02 -4.478970468044281006e-01 8.224964737892150879e-01 -9.260531663894653320e-01 -1.508581876754760742e+00 1.162519901990890503e-01 -1.040924265980720520e-01 2.131367325782775879e-01 -5.619612932205200195e-01 1.474799752235412598e+00 9.235746860504150391e-01 1.194352626800537109e+00 -1.149517774581909180e+00 -2.960377559065818787e-02
1.587031006813049316e+00 8.268199115991592407e-02 -4.520751535892486572e-01 8.230817317962646484e-01 -9.310575127601623535e-01 -1.508769392967224121e+00 1.245789378881454468e-01 -1.095935329794883728e-01 2.134981751441955566e-01 -5.625727176666259766e-01 1.476061463356018066e+00 9.225721359252929688e-01 1.193720459938049316e+00 -1.150617480278015137e+00 -2.811744436621665955e-02
1.585028409957885742e+00 8.851308375597000122e-02 -4.469892680644989014e-01 8.274719715118408203e-01 -9.255092740058898926e-01 -1.504427075386047363e+00 1.122290566563606262e-01 -9.461110085248947144e-02 2.119598090648651123e-01 -5.595722198486328125e-01 1.476050853729248047e+00 9.228222966194152832e-01 1.191836357116699219e+00 -1.150199055671691895e+00 -3.201657161116600037e-02
1.587130188941955566e+00 8.995873481035232544e-02 -4.453478157520294189e-01 8.344730734825134277e-01 -9.289963841438293457e-01 -1.506333827972412109e+00 1.115630418062210083e-01 -9.169312566518783569e-02 2.147352397441864014e-01 -5.579679608345031738e-01 1.484177231788635254e+00 9.234355092048645020e-01 1.195100665092468262e+00 -1.148687005043029785e+00 -3.348534926772117615e-02
1.586684942245483398e+00 1.000456586480140686e-01 -4.304359853267669678e-01 8.615902066230773926e-01 -9.264827370643615723e-01 -1.498837590217590332e+00 9.103724360466003418e-02 -5.471510440111160278e-02 2.228835821151733398e-01 -5.434679388999938965e-01 1.505638122558593750e+00 9.207516312599182129e-01 1.198057413101196289e+00 -1.142047882080078125e+00 -4.388919100165367126e-02
1.585836052894592285e+00 8.307457715272903442e-02 -4.481443762779235840e-01 8.249198198318481445e-01 -9.274333119392395020e-01 -1.506701827049255371e+00 1.222165971994400024e-01 -1.031161174178123474e-01 2.153854817152023315e-01 -5.617225766181945801e-01 1.477211952209472656e+00 9.204354882240295410e-01 1.193970441818237305e+00 -1.149494528770446777e+00 -2.863649651408195496e-02
1.589395523071289062e+00 8.631474524736404419e-02 -4.520982801914215088e-01 8.186137080192565918e-01 -9.291209578514099121e-01 -1.511168360710144043e+00 1.201316267251968384e-01 -1.128677353262901306e-01 2.111946195363998413e-01 -5.637169480323791504e-01 1.472235560417175293e+00 9.252013564109802246e-01 1.194048523902893066e+00 -1.150778174400329590e+00 -2.825589105486869812e-02
1.586414933204650879e+00 8.422882109880447388e-02 -4.505235850811004639e-01 8.212794661521911621e-01 -9.273872375488281250e-01 -1.507653474807739258e+00 1.209392100572586060e-01 -1.063978597521781921e-01 2.124118357896804810e-01 -5.630757212638854980e-01 1.472896933555603027e+00 9.224336147308349609e-01 1.192611098289489746e+00 -1.150709986686706543e+00 -2.832942828536033630e-02
1.586506724357604980e+00 1.013409867882728577e-01 -4.249589741230010986e-01 8.711917996406555176e-01 -9.262174367904663086e-01 -1.497024416923522949e+00 8.777159452438354492e-02 -4.383308440446853638e-02 2.273405492305755615e-01 -5.391657948493957520e-01 1.514377951622009277e+00 9.181544184684753418e-01 1.200167298316955566e+00 -1.139657020568847656e+00 -4.642149433493614197e-02
1.584010362625122070e+00 8.416122943162918091e-02 -4.470752775669097900e-01 8.230949044227600098e-01 -9.238466024398803711e-01 -1.504485487937927246e+00 1.187301129102706909e-01 -9.947846084833145142e-02 2.136849164962768555e-01 -5.616402029991149902e-01 1.473429083824157715e+00 9.199736714363098145e-01 1.191874623298645020e+00 -1.150054097175598145e+00 -2.916513010859489441e-02
1.586969375610351562e+00 8.282808214426040649e-02 -4.502348899841308594e-01 8.245709538459777832e-01 -9.302936792373657227e-01 -1.508288025856018066e+00 1.239967793226242065e-01 -1.074580475687980652e-01 2.148634791374206543e-01 -5.617354512214660645e-01 1.477931618690490723e+00 9.218099117279052734e-01 1.194565176963806152e+00 -1.149880170822143555e+00 -2.846808359026908875e-02
1.586204886436462402e+00 8.553028851747512817e-02 -4.477367699146270752e-01 8.286063671112060547e-01 -9.284876585006713867e-01 -1.506078600883483887e+00 1.183218508958816528e-01 -9.890695661306381226e-02 2.149384170770645142e-01 -5.596659779548645020e-01 1.479712128639221191e+00 9.217270612716674805e-01 1.193831086158752441e+00 -1.149176478385925293e+00 -3.053755685687065125e-02
1.584489941596984863e+00 8.906287699937820435e-02 -4.443646371364593506e-01 8.333180546760559082e-01 -9.258377552032470703e-01 -1.502935528755187988e+00 1.105820387601852417e-01 -8.827655762434005737e-02 2.143482565879821777e-01 -5.568105578422546387e-01 1.481454968452453613e+00 9.215988516807556152e-01 1.192798733711242676e+00 -1.148898839950561523e+00 -3.362539038062095642e-02
1.585878968238830566e+00 8.704227954149246216e-02 -4.495162367820739746e-01 8.244752287864685059e-01 -9.270810484886169434e-01 -1.506158471107482910e+00 1.156773418188095093e-01 -1.008092984557151794e-01 2.112883627414703369e-01 -5.611513257026672363e-01 1.474217534065246582e+00 9.235303401947021484e-01 1.191960692405700684e+00 -1.150867938995361328e+00 -3.060726448893547058e-02
1.584783554077148438e+00 8.910331875085830688e-02 -4.357841014862060547e-01 8.455148339271545410e-01 -9.240805506706237793e-01 -1.501211762428283691e+00 1.089688241481781006e-01 -7.446282356977462769e-02 2.227952480316162109e-01 -5.529881119728088379e-01 1.494216918945312500e+00 9.170102477073669434e-01 1.197350382804870605e+00 -1.144683480262756348e+00 -3.522309288382530212e-02
1.585906386375427246e+00 1.006569042801856995e-01 -4.267773330211639404e-01 8.648927807807922363e-01 -9.238014221191406250e-01 -1.496987938880920410e+00 8.849228918552398682e-02 -4.759674519300460815e-02 2.248830199241638184e-01 -5.421355366706848145e-01 1.507944226264953613e+00 9.188027381896972656e-01 1.198408484458923340e+00 -1.140951514244079590e+00 -4.468658193945884705e-02
1.586191534996032715e+00 8.488909155130386353e-02 -4.453069865703582764e-01 8.315482735633850098e-01 -9.282276630401611328e-01 -1.506163239479064941e+00 1.192389726638793945e-01 -9.618397802114486694e-02 2.175019234418869019e-01 -5.595812201499938965e-01 1.483368277549743652e+00 9.201015233993530273e-01 1.195561766624450684e+00 -1.148191213607788086e+00 -3.057017549872398376e-02
1.585372209548950195e+00 8.568955212831497192e-02 -4.438157081604003906e-01 8.345214724540710449e-01 -9.276621937751770020e-01 -1.504339218139648438e+00 1.169324368238449097e-01 -9.142252057790756226e-02 2.181614339351654053e-01 -5.574189424514770508e-01 1.485334515571594238e+00 9.195282459259033203e-01 1.195201277732849121e+00 -1.147622823715209961e+00 -3.184741362929344177e-02
1.583972692489624023e+00 8.824092894792556763e-02 -4.368750154972076416e-01 8.432039618492126465e-01 -9.235143065452575684e-01 -1.500747084617614746e+00 1.100158244371414185e-01 -7.595593482255935669e-02 2.217667996883392334e-01 -5.538040995597839355e-01 1.491554617881774902e+00 9.168162345886230469e-01 1.196134209632873535e+00 -1.145314335823059082e+00 -3.460199758410453796e-02
1.586907982826232910e+00 1.004561260342597961e-01 -4.270286262035369873e-01 8.674715161323547363e-01 -9.266513586044311523e-01 -1.498364567756652832e+00 9.002169221639633179e-02 -4.891786724328994751e-02 2.260589897632598877e-01 -5.414740443229675293e-01 1.511589884757995605e+00 9.191390872001647949e-01 1.200051903724670410e+00 -1.140564680099487305e+00 -4.506724700331687927e-02
1.584551930427551270e+00 9.077060967683792114e-02 -4.322206377983093262e-01 8.508475422859191895e-01 -9.228264093399047852e-01 -1.499896168708801270e+00 1.053614690899848938e-01 -6.640670448541641235e-02 2.247943282127380371e-01 -5.510697364807128906e-01 1.498465657234191895e+00 9.158599376678466797e-01 1.198194146156311035e+00 -1.143369793891906738e+00 -3.685323521494865417e-02
1.587025403976440430e+00 1.000114753842353821e-01 -4.291542768478393555e-01 8.649854063987731934e-01 -9.276502728462219238e-01 -1.499020576477050781e+00 9.134981036186218262e-02 -5.277410894632339478e-02 2.246717363595962524e-01 -5.423422455787658691e-01 1.509446978569030762e+00 9.201232194900512695e-01 1.199411153793334961e+00 -1.141294002532958984e+00 -4.450666531920433044e-02
1.586744189262390137e+00 8.743423968553543091e-02 -4.502002000808715820e-01 8.272008299827575684e-01 -9.298001527786254883e-01 -1.507064342498779297e+00 1.160474568605422974e-01 -1.010628715157508850e-01 2.118116021156311035e-01 -5.602284073829650879e-01 1.477373957633972168e+00 9.243133068084716797e-01 1.192863106727600098e+00 -1.150575757026672363e+00 -3.127354010939598083e-02
1.587090373039245605e+00 9.892458468675613403e-02 -4.330237209796905518e-01 8.571850657463073730e-01 -9.271802902221679688e-01 -1.500546336174011230e+00 9.395527839660644531e-02 -6.072296947240829468e-02 2.211446911096572876e-01 -5.462976694107055664e-01 1.502127766609191895e+00 9.216179847717285156e-01 1.197642445564270020e+00 -1.143203616142272949e+00 -4.221939668059349060e-02
1.587065815925598145e+00 8.960492163896560669e-02 -4.447724819183349609e-01 8.247429728507995605e-01 -9.228657484054565430e-01 -1.506240844726562500e+00 1.112508922815322876e-01 -9.654348343610763550e-02 2.135464400053024292e-01 -5.603614449501037598e-01 1.475275397300720215e+00 9.227763414382934570e-01 1.193686366081237793e+00 -1.148715376853942871e+00 -3.106630966067314148e-02
1.587491154670715332e+00 8.813143521547317505e-02 -4.470952451229095459e-01 8.235766887664794922e-01 -9.252052307128906250e-01 -1.507275581359863281e+00 1.145285442471504211e-01 -1.011772230267524719e-01 2.131844311952590942e-01 -5.608995556831359863e-01 1.475062251091003418e+00 9.232728481292724609e-01 1.193738341331481934e+00 -1.149260163307189941e+00 -3.029340133070945740e-02
1.585655093193054199e+00 8.198858052492141724e-02 -4.506291747093200684e-01 8.219965100288391113e-01 -9.284478425979614258e-01 -1.507099270820617676e+00 1.243059933185577393e-01 -1.076478585600852966e-01 2.138841897249221802e-01 -5.624129772186279297e-01 1.474539518356323242e+00 9.210800528526306152e-01 1.192980289459228516e+00 -1.150466799736022949e+00 -2.787267789244651794e-02
1.586594700813293457e+00 8.355895429849624634e-02 -4.509958922863006592e-01 8.223304152488708496e-01 -9.288511872291564941e-01 -1.507970690727233887e+00 1.224027872085571289e-01 -1.073452457785606384e-01 2.130574882030487061e-01 -5.626583099365234375e-01 1.474506497383117676e+00 9.223448038101196289e-01 1.193107962608337402e+00 -1.150567173957824707e+00 -2.830165252089500427e-02
1.586270570755004883e+00 8.748862892389297485e-02 -4.494577348232269287e-01 8.265106678009033203e-01 -9.283933043479919434e-01 -1.506317496299743652e+00 1.153224706649780273e-01 -1.000278219580650330e-01 2.117808014154434204e-01 -5.602029561996459961e-01 1.476405739784240723e+00 9.238882660865783691e-01 1.192511439323425293e+00 -1.150543689727783203e+00 -3.122856840491294861e-02
1.586329340934753418e+00 9.982455521821975708e-02 -4.293656647205352783e-01 8.603639006614685059e-01 -9.243951439857482910e-01 -1.498507261276245117e+00 9.084320068359375000e-02 -5.369185656309127808e-02 2.230752408504486084e-01 -5.445401072502136230e-01 1.504355072975158691e+00 9.200054407119750977e-01 1.197970747947692871e+00 -1.142039537429809570e+00 -4.325846955180168152e-02
1.587037682533264160e+00 9.911999851465225220e-02 -4.289945960044860840e-01 8.679053187370300293e-01 -9.295163154602050781e-01 -1.498777031898498535e+00 9.289120137691497803e-02 -5.227389186620712280e-02 2.262792587280273438e-01 -5.405980944633483887e-01 1.512685775756835938e+00 9.193329811096191406e-01 1.200088381767272949e+00 -1.140655279159545898e+00 -4.491625353693962097e-02
1.584814667701721191e+00 8.898780494928359985e-02 -4.464414119720458984e-01 8.284956812858581543e-01 -9.250894188880920410e-01 -1.503587841987609863e+00 1.109092682600021362e-01 -9.269955009222030640e-02 2.120991498231887817e-01 -5.585963726043701172e-01 1.476549506187438965e+00 9.227460026741027832e-01 1.191596150398254395e+00 -1.149964690208435059e+00 -3.254037722945213318e-02
1.583404421806335449e+00 9.002221375703811646e-02 -4.315386116504669189e-01 8.532174229621887207e-01 -9.231967926025390625e-01 -1.498034358024597168e+00 1.056788712739944458e-01 -6.411216408014297485e-02 2.258676886558532715e-01 -5.485742092132568359e-01 1.500504493713378906e+00 9.145666360855102539e-01 1.197739958763122559e+00 -1.142903208732604980e+00 -3.765961155295372009e-02
1.584418773651123047e+00 8.545122295618057251e-02 -4.450965225696563721e-01 8.243964314460754395e-01 -9.225790500640869141e-01 -1.504459977149963379e+00 1.165271848440170288e-01 -9.647300094366073608e-02 2.144859731197357178e-01 -5.614100694656372070e-01 1.474620819091796875e+00 9.199112653732299805e-01 1.192668318748474121e+00 -1.149339079856872559e+00 -2.968692407011985779e-02
1.587839722633361816e+00 8.670610934495925903e-02 -4.492662250995635986e-01 8.194900751113891602e-01 -9.256678819656372070e-01 -1.508683562278747559e+00 1.175245642662048340e-01 -1.070592030882835388e-01 2.119749635457992554e-01 -5.629162192344665527e-01 1.471800684928894043e+00 9.236332178115844727e-01 1.193390965461730957e+00 -1.150235533714294434e+00 -2.878144010901451111e-02
1.587425351142883301e+00 8.936343342065811157e-02 -4.447939693927764893e-01 8.252158761024475098e-01 -9.237126111984252930e-01 -1.506768822669982910e+00 1.120966374874114990e-01 -9.743004292249679565e-02 2.140145599842071533e-01 -5.603402256965637207e-01 1.476409316062927246e+00 9.228276014328002930e-01 1.194353938102722168e+00 -1.148607134819030762e+00 -3.104313835501670837e-02
1.586565136909484863e+00 1.002922728657722473e-01 -4.302436411380767822e-01 8.608495593070983887e-01 -9.256188869476318359e-01 -1.499037861824035645e+00 9.055145084857940674e-02 -5.409299582242965698e-02 2.222738862037658691e-01 -5.446619391441345215e-01 1.504476189613342285e+00 9.207291603088378906e-01 1.197854399681091309e+00 -1.142404198646545410e+00 -4.359525069594383240e-02
1.586994886398315430e+00 8.332703262567520142e-02 -4.496729373931884766e-01 8.240970969200134277e-01 -9.293234348297119141e-01 -1.508195877075195312e+00 1.230047792196273804e-01 -1.067446991801261902e-01 2.147217988967895508e-01 -5.620213150978088379e-01 1.477278113365173340e+00 9.218494892120361328e-01 1.194546222686767578e+00 -1.149852871894836426e+00 -2.850618585944175720e-02
1.587378978729248047e+00 8.251155167818069458e-02 -4.533986747264862061e-01 8.198505640029907227e-01 -9.307515025138854980e-01 -1.509874820709228516e+00 1.254095584154129028e-01 -1.130205914378166199e-01 2.121065258979797363e-01 -5.641663670539855957e-01 1.473063468933105469e+00 9.230743646621704102e-01 1.193156838417053223e+00 -1.151298165321350098e+00 -2.724071964621543884e-02
1.586759209632873535e+00 8.835155516862869263e-02 -4.453021883964538574e-01 8.201822638511657715e-01 -9.211672544479370117e-01 -1.506780743598937988e+00 1.131588965654373169e-01 -1.002274975180625916e-01 2.127754092216491699e-01 -5.625686645507812500e-01 1.471179366111755371e+00 9.222728610038757324e-01 1.193235754966735840e+00 -1.149396777153015137e+00 -2.953943237662315369e-02
1.584844946861267090e+00 8.987701684236526489e-02 -4.442175924777984619e-01 8.308688998222351074e-01 -9.239097833633422852e-01 -1.503236532211303711e+00 1.090837493538856506e-01 -8.841290324926376343e-02 2.133280485868453979e-01 -5.583701729774475098e-01 1.478463530540466309e+00 9.220908284187316895e-01 1.192337036132812500e+00 -1.149190068244934082e+00 -3.307307884097099304e-02
1.586928963661193848e+00 9.017205983400344849e-02 -4.438505470752716064e-01 8.254888653755187988e-01 -9.224159717559814453e-01 -1.506065487861633301e+00 1.102480739355087280e-01 -9.496643394231796265e-02 2.136583328247070312e-01 -5.601307749748229980e-01 1.475882530212402344e+00 9.225736260414123535e-01 1.193827271461486816e+00 -1.148566365242004395e+00 -3.148331865668296814e-02
1.584755778312683105e+00 8.842668682336807251e-02 -4.362907111644744873e-01 8.441354632377624512e-01 -9.241462945938110352e-01 -1.501716971397399902e+00 1.103339195251464844e-01 -7.642029970884323120e-02 2.226061075925827026e-01 -5.539320111274719238e-01 1.493324875831604004e+00 9.169305562973022461e-01 1.197405695915222168e+00 -1.144967675209045410e+00 -3.463740274310112000e-02
1.588631510734558105e+00 8.859176188707351685e-02 -4.498572051525115967e-01 8.207251429557800293e-01 -9.268869757652282715e-01 -1.509176373481750488e+00 1.151963919401168823e-01 -1.066313162446022034e-01 2.111543715000152588e-01 -5.619501471519470215e-01 1.472768068313598633e+00 9.251189231872558594e-01 1.193388819694519043e+00 -1.150190949440002441e+00 -2.985934540629386902e-02
1.584599137306213379e+00 8.925632387399673462e-02 -4.361686110496520996e-01 8.439483046531677246e-01 -9.235088229179382324e-01 -1.501157045364379883e+00 1.086666956543922424e-01 -7.522427290678024292e-02 2.219355106353759766e-01 -5.535228848457336426e-01 1.492498278617858887e+00 9.173130989074707031e-01 1.196785449981689453e+00 -1.145052552223205566e+00 -3.505892679095268250e-02
1.587175250053405762e+00 8.819470554590225220e-02 -4.472133219242095947e-01 8.203027844429016113e-01 -9.233220219612121582e-01 -1.507313609123229980e+00 1.141224950551986694e-01 -1.025202497839927673e-01 2.120051085948944092e-01 -5.622282624244689941e-01 1.471527099609375000e+00 9.232832789421081543e-01 1.192987322807312012e+00 -1.149829149246215820e+00 -2.963813766837120056e-02
1.584573626518249512e+00 8.962712436914443970e-02 -4.337987601757049561e-01 8.491017222404479980e-01 -9.238392114639282227e-01 -1.500333428382873535e+00 1.075951159000396729e-01 -6.997673958539962769e-02 2.243452966213226318e-01 -5.515907406806945801e-01 1.497362732887268066e+00 9.161276817321777344e-01 1.198000311851501465e+00 -1.143845796585083008e+00 -3.615620359778404236e-02
1.587084412574768066e+00 8.779317885637283325e-02 -4.486569464206695557e-01 8.306754231452941895e-01 -9.304722547531127930e-01 -1.506994843482971191e+00 1.155674159526824951e-01 -9.813710302114486694e-02 2.135318666696548462e-01 -5.591303706169128418e-01 1.481073141098022461e+00 9.238439202308654785e-01 1.194066166877746582e+00 -1.149655938148498535e+00 -3.197538480162620544e-02
1.586198210716247559e+00 8.486343175172805786e-02 -4.490614235401153564e-01 8.227581381797790527e-01 -9.268035292625427246e-01 -1.507361054420471191e+00 1.197288483381271362e-01 -1.039454564452171326e-01 2.129974961280822754e-01 -5.627160668373107910e-01 1.474280238151550293e+00 9.220418930053710938e-01 1.193099498748779297e+00 -1.150376319885253906e+00 -2.890953049063682556e-02
1.587666869163513184e+00 8.443666249513626099e-02 -4.543473720550537109e-01 8.209154009819030762e-01 -9.319972395896911621e-01 -1.509620904922485352e+00 1.224855631589889526e-01 -1.126361414790153503e-01 2.105979621410369873e-01 -5.626763105392456055e-01 1.473481535911560059e+00 9.251027107238769531e-01 1.192855358123779297e+00 -1.151844501495361328e+00 -2.874245867133140564e-02
1.588886141777038574e+00 8.578179031610488892e-02 -4.503711462020874023e-01 8.159976601600646973e-01 -9.260319471359252930e-01 -1.510826230049133301e+00 1.201615035533905029e-01 -1.128198131918907166e-01 2.116821706295013428e-01 -5.648983120918273926e-01 1.469899535179138184e+00 9.240120649337768555e-01 1.194267272949218750e+00 -1.150687932968139648e+00 -2.741574868559837341e-02
1.588982224464416504e+00 8.843693882226943970e-02 -4.485392272472381592e-01 8.217978477478027344e-01 -9.266758561134338379e-01 -1.509616971015930176e+00 1.155733913183212280e-01 -1.057486161589622498e-01 2.123661488294601440e-01 -5.622518658638000488e-01 1.474412083625793457e+00 9.246168732643127441e-01 1.194592237472534180e+00 -1.149747967720031738e+00 -2.975780889391899109e-02
1.585710644721984863e+00 8.799607306718826294e-02 -4.475246667861938477e-01 8.301402926445007324e-01 -9.281491041183471680e-01 -1.504937767982482910e+00 1.137546151876449585e-01 -9.530853480100631714e-02 2.132057100534439087e-01 -5.583050251007080078e-01 1.479525208473205566e+00 9.230275750160217285e-01 1.192863464355468750e+00 -1.149690628051757812e+00 -3.238057717680931091e-02
1.586061358451843262e+00 8.523146063089370728e-02 -4.516637623310089111e-01 8.197705149650573730e-01 -9.273203611373901367e-01 -1.507452368736267090e+00 1.192263811826705933e-01 -1.073560044169425964e-01 2.102621197700500488e-01 -5.632028579711914062e-01 1.470654726028442383e+00 9.236904382705688477e-01 1.191636562347412109e+00 -1.151813864707946777e+00 -2.887799963355064392e-02
1.585731506347656250e+00 1.008353009819984436e-01 -4.263218343257904053e-01 8.670782446861267090e-01 -9.246121048927307129e-01 -1.496609807014465332e+00 8.811194449663162231e-02 -4.590869694948196411e-02 2.253977954387664795e-01 -5.409417152404785156e-01 1.509829163551330566e+00 9.185134172439575195e-01 1.198588967323303223e+00 -1.140693783760070801e+00 -4.544129595160484314e-02
1.584501624107360840e+00 9.119839221239089966e-02 -4.301473200321197510e-01 8.576347231864929199e-01 -9.247316718101501465e-01 -1.498657345771789551e+00 1.043704673647880554e-01 -6.130208820104598999e-02 2.274640500545501709e-01 -5.471194386482238770e-01 1.505105614662170410e+00 9.146528244018554688e-01 1.199336409568786621e+00 -1.141945004463195801e+00 -3.877850994467735291e-02
1.589111685752868652e+00 8.868444710969924927e-02 -4.480242431163787842e-01 8.216463923454284668e-01 -9.261764883995056152e-01 -1.509755492210388184e+00 1.152002364397048950e-01 -1.055169627070426941e-01 2.126009315252304077e-01 -5.623560547828674316e-01 1.474416017532348633e+00 9.244953989982604980e-01 1.194847941398620605e+00 -1.149557948112487793e+00 -2.976113185286521912e-02
1.589008688926696777e+00 8.730862289667129517e-02 -4.486674070358276367e-01 8.216488361358642578e-01 -9.271966218948364258e-01 -1.509863734245300293e+00 1.175670921802520752e-01 -1.072518900036811829e-01 2.132236659526824951e-01 -5.622920393943786621e-01 1.475076556205749512e+00 9.240407347679138184e-01 1.195073127746582031e+00 -1.149537801742553711e+00 -2.926793321967124939e-02
1.586505532264709473e+00 9.826929122209548950e-02 -4.306589066982269287e-01 8.611457943916320801e-01 -9.271931648254394531e-01 -1.499046921730041504e+00 9.416918456554412842e-02 -5.715586990118026733e-02 2.239852398633956909e-01 -5.435491800308227539e-01 1.506507992744445801e+00 9.199544191360473633e-01 1.198719859123229980e+00 -1.141951560974121094e+00 -4.313447698950767517e-02
1.587393760681152344e+00 8.310959488153457642e-02 -4.513701498508453369e-01 8.224475979804992676e-01 -9.301430583000183105e-01 -1.509291768074035645e+00 1.240267157554626465e-01 -1.094578132033348083e-01 2.135300934314727783e-01 -5.633366107940673828e-01 1.475601792335510254e+00 9.225751757621765137e-01 1.194124579429626465e+00 -1.150534868240356445e+00 -2.791908010840415955e-02
1.582415580749511719e+00 9.003753215074539185e-02 -4.307359158992767334e-01 8.497593402862548828e-01 -9.194540977478027344e-01 -1.497567176818847656e+00 1.046563535928726196e-01 -6.314002722501754761e-02 2.249057292938232422e-01 -5.510043501853942871e-01 1.496173739433288574e+00 9.138247370719909668e-01 1.196660518646240234e+00 -1.143366336822509766e+00 -3.667753562331199646e-02
1.584951519966125488e+00 8.990187197923660278e-02 -4.361065626144409180e-01 8.473235368728637695e-01 -9.252033233642578125e-01 -1.500952005386352539e+00 1.077912449836730957e-01 -7.306810468435287476e-02 2.225108444690704346e-01 -5.518804788589477539e-01 1.495434403419494629e+00 9.176067113876342773e-01 1.197114944458007812e+00 -1.144627928733825684e+00 -3.606815263628959656e-02
1.585798859596252441e+00 1.003389433026313782e-01 -4.263486564159393311e-01 8.684098124504089355e-01 -9.257339835166931152e-01 -1.496747493743896484e+00 8.913452923297882080e-02 -4.612801223993301392e-02 2.261172682046890259e-01 -5.402931571006774902e-01 1.511501193046569824e+00 9.182063937187194824e-01 1.199087142944335938e+00 -1.140494465827941895e+00 -4.559039697051048279e-02
1.585463404655456543e+00 9.845507889986038208e-02 -4.290836155414581299e-01 8.626161813735961914e-01 -9.253601431846618652e-01 -1.497230410575866699e+00 9.246695041656494141e-02 -5.247540026903152466e-02 2.244125008583068848e-01 -5.427544713020324707e-01 1.506581664085388184e+00 9.186673760414123535e-01 1.197883486747741699e+00 -1.141661524772644043e+00 -4.360240325331687927e-02
1.585970282554626465e+00 8.180794864892959595e-02 -4.520939886569976807e-01 8.180080056190490723e-01 -9.279930591583251953e-01 -1.508249402046203613e+00 1.251185089349746704e-01 -1.118493303656578064e-01 2.121700197458267212e-01 -5.642403364181518555e-01 1.470894932746887207e+00 9.218519330024719238e-01 1.192451119422912598e+00 -1.151428937911987305e+00 -2.693990990519523621e-02
1.588193655014038086e+00 8.864025026559829712e-02 -4.466628134250640869e-01 8.229596018791198730e-01 -9.248714447021484375e-01 -1.508186936378479004e+00 1.141547486186027527e-01 -1.019909456372261047e-01 2.133028209209442139e-01 -5.615270733833312988e-01 1.474951148033142090e+00 9.235656857490539551e-01 1.194477438926696777e+00 -1.149157643318176270e+00 -3.013935312628746033e-02
1.585542798042297363e+00 8.782402426004409790e-02 -4.489184916019439697e-01 8.250271677970886230e-01 -9.262798428535461426e-01 -1.505545973777770996e+00 1.140046343207359314e-01 -9.855749458074569702e-02 2.109707444906234741e-01 -5.608848333358764648e-01 1.473978400230407715e+00 9.234893321990966797e-01 1.191510438919067383e+00 -1.150819182395935059e+00 -3.105505928397178650e-02
1.587718248367309570e+00 9.142244607210159302e-02 -4.424009621143341064e-01 8.282770514488220215e-01 -9.224009513854980469e-01 -1.506287217140197754e+00 1.083403900265693665e-01 -9.191624075174331665e-02 2.149317413568496704e-01 -5.594828724861145020e-01 1.478527307510375977e+00 9.226702451705932617e-01 1.194913029670715332e+00 -1.147647261619567871e+00 -3.218660876154899597e-02
1.585238575935363770e+00 9.902722388505935669e-02 -4.288601279258728027e-01 8.623866438865661621e-01 -9.247955083847045898e-01 -1.496967911720275879e+00 9.139653295278549194e-02 -5.166474729776382446e-02 2.239390164613723755e-01 -5.426080822944641113e-01 1.505996823310852051e+00 9.188166856765747070e-01 1.197496533393859863e+00 -1.141710400581359863e+00 -4.388945922255516052e-02
1.587348580360412598e+00 8.915884047746658325e-02 -4.471988976001739502e-01 8.184913992881774902e-01 -9.222255945205688477e-01 -1.507708549499511719e+00 1.127042323350906372e-01 -1.029989197850227356e-01 2.109061181545257568e-01 -5.630002617835998535e-01 1.469415068626403809e+00 9.237487316131591797e-01 1.192554831504821777e+00 -1.150139927864074707e+00 -2.958686277270317078e-02
1.586828589439392090e+00 9.874574095010757446e-02 -4.302446544170379639e-01 8.625567555427551270e-01 -9.274940490722656250e-01 -1.499281644821166992e+00 9.350450336933135986e-02 -5.574318021535873413e-02 2.242812663316726685e-01 -5.434651374816894531e-01 1.507607340812683105e+00 9.199786782264709473e-01 1.199070453643798828e+00 -1.141748070716857910e+00 -4.342273995280265808e-02
1.587006688117980957e+00 9.041608124971389771e-02 -4.441208839416503906e-01 8.234282135963439941e-01 -9.211646318435668945e-01 -1.506256699562072754e+00 1.096598953008651733e-01 -9.554029256105422974e-02 2.128280401229858398e-01 -5.614277124404907227e-01 1.473301768302917480e+00 9.228763580322265625e-01 1.193346381187438965e+00 -1.148930072784423828e+00 -3.091896697878837585e-02
1.587652921676635742e+00 8.833611756563186646e-02 -4.448333084583282471e-01 8.249929547309875488e-01 -9.238241910934448242e-01 -1.507296800613403320e+00 1.138746291399002075e-01 -9.838110953569412231e-02 2.147810757160186768e-01 -5.612183213233947754e-01 1.476614356040954590e+00 9.222921133041381836e-01 1.194882988929748535e+00 -1.148479461669921875e+00 -3.026911243796348572e-02
1.585080504417419434e+00 8.861909061670303345e-02 -4.469004571437835693e-01 8.266096711158752441e-01 -9.248484969139099121e-01 -1.504434943199157715e+00 1.119227856397628784e-01 -9.497698396444320679e-02 2.117598354816436768e-01 -5.597593188285827637e-01 1.475197434425354004e+00 9.228897094726562500e-01 1.191758990287780762e+00 -1.150248646736145020e+00 -3.184333071112632751e-02
1.585108160972595215e+00 8.419305831193923950e-02 -4.498564600944519043e-01 8.187525868415832520e-01 -9.245968461036682129e-01 -1.506714701652526855e+00 1.199852675199508667e-01 -1.053886041045188904e-01 2.113640010356903076e-01 -5.641862750053405762e-01 1.469424247741699219e+00 9.216073155403137207e-01 1.191345810890197754e+00 -1.151251554489135742e+00 -2.795962616801261902e-02
1.585309624671936035e+00 8.543086796998977661e-02 -4.475266635417938232e-01 8.228583931922912598e-01 -9.243546724319458008e-01 -1.505980491638183594e+00 1.176224052906036377e-01 -1.002533957362174988e-01 2.130336463451385498e-01 -5.626358985900878906e-01 1.473199605941772461e+00 9.212544560432434082e-01 1.192386507987976074e+00 -1.150156140327453613e+00 -2.916034683585166931e-02
1.586699604988098145e+00 8.651787787675857544e-02 -4.496760368347167969e-01 8.276277184486389160e-01 -9.300558567047119141e-01 -1.507197976112365723e+00 1.176330596208572388e-01 -1.014712974429130554e-01 2.128795385360717773e-01 -5.601907372474670410e-01 1.478561520576477051e+00 9.235695004463195801e-01 1.193514227867126465e+00 -1.150243401527404785e+00 -3.095632418990135193e-02
1.582950472831726074e+00 9.129730612039566040e-02 -4.320335984230041504e-01 8.480909466743469238e-01 -9.196264147758483887e-01 -1.498047232627868652e+00 1.029756441712379456e-01 -6.444432586431503296e-02 2.229746878147125244e-01 -5.514917373657226562e-01 1.493973135948181152e+00 9.155594110488891602e-01 1.195950627326965332e+00 -1.144033312797546387e+00 -3.686497732996940613e-02
1.586271286010742188e+00 8.304107934236526489e-02 -4.516626596450805664e-01 8.200958967208862305e-01 -9.282346963882446289e-01 -1.508054614067077637e+00 1.231350451707839966e-01 -1.091169044375419617e-01 2.122262120246887207e-01 -5.636160373687744141e-01 1.472240328788757324e+00 9.223061800003051758e-01 1.192494750022888184e+00 -1.151112794876098633e+00 -2.771344408392906189e-02
1.586320757865905762e+00 8.459786325693130493e-02 -4.494698941707611084e-01 8.254534006118774414e-01 -9.286620616912841797e-01 -1.506803631782531738e+00 1.201662272214889526e-01 -1.030325815081596375e-01 2.138922661542892456e-01 -5.609446763992309570e-01 1.476983666419982910e+00 9.220976829528808594e-01 1.193300843238830566e+00 -1.149894833564758301e+00 -2.950030192732810974e-02
1.585578560829162598e+00 8.869010955095291138e-02 -4.461026787757873535e-01 8.313742876052856445e-01 -9.268194437026977539e-01 -1.504562020301818848e+00 1.121543347835540771e-01 -9.188633412122726440e-02 2.136509716510772705e-01 -5.585697293281555176e-01 1.479951500892639160e+00 9.225126504898071289e-01 1.192947149276733398e+00 -1.149323225021362305e+00 -3.259202465415000916e-02
1.587758779525756836e+00 8.269054442644119263e-02 -4.530832469463348389e-01 8.182182908058166504e-01 -9.299023747444152832e-01 -1.510353684425354004e+00 1.252207607030868530e-01 -1.144060716032981873e-01 2.119279503822326660e-01 -5.648177862167358398e-01 1.471957206726074219e+00 9.233773946762084961e-01 1.193602919578552246e+00 -1.151446700096130371e+00 -2.691414579749107361e-02
1.585284471511840820e+00 8.666384965181350708e-02 -4.469316005706787109e-01 8.268671035766601562e-01 -9.258829355239868164e-01 -1.505182266235351562e+00 1.155106276273727417e-01 -9.706407040357589722e-02 2.133809477090835571e-01 -5.603871345520019531e-01 1.476774811744689941e+00 9.219001531600952148e-01 1.192874908447265625e+00 -1.149936676025390625e+00 -3.090992197394371033e-02
1.585216641426086426e+00 9.044421464204788208e-02 -4.453076422214508057e-01 8.294379115104675293e-01 -9.243714809417724609e-01 -1.503846764564514160e+00 1.087027043104171753e-01 -9.028401225805282593e-02 2.120701074600219727e-01 -5.588033795356750488e-01 1.477043628692626953e+00 9.230790734291076660e-01 1.191932439804077148e+00 -1.149675726890563965e+00 -3.306084498763084412e-02
1.585864186286926270e+00 1.003749147057533264e-01 -4.256839156150817871e-01 8.659784197807312012e-01 -9.232344031333923340e-01 -1.496872544288635254e+00 8.868974447250366211e-02 -4.603258520364761353e-02 2.258970737457275391e-01 -5.422348380088806152e-01 1.509075641632080078e+00 9.179774522781372070e-01 1.198955893516540527e+00 -1.140595078468322754e+00 -4.455840215086936951e-02
1.584635853767395020e+00 9.957928210496902466e-02 -4.273181855678558350e-01 8.627917170524597168e-01 -9.227238297462463379e-01 -1.495932698249816895e+00 8.953417092561721802e-02 -4.831474274396896362e-02 2.240828871726989746e-01 -5.425096154212951660e-01 1.505538105964660645e+00 9.181243777275085449e-01 1.197121977806091309e+00 -1.141530036926269531e+00 -4.415940865874290466e-02
1.585379004478454590e+00 8.954245597124099731e-02 -4.444703161716461182e-01 8.326471447944641113e-01 -9.258358478546142578e-01 -1.504222750663757324e+00 1.104879379272460938e-01 -8.916247636079788208e-02 2.141404747962951660e-01 -5.582452416419982910e-01 1.480995535850524902e+00 9.221459627151489258e-01 1.193366408348083496e+00 -1.148979783058166504e+00 -3.320398554205894470e-02
1.583820700645446777e+00 8.910489827394485474e-02 -4.337340891361236572e-01 8.483837246894836426e-01 -9.232014417648315430e-01 -1.499541401863098145e+00 1.079331487417221069e-01 -7.001330703496932983e-02 2.242363244295120239e-01 -5.512083172798156738e-01 1.496541142463684082e+00 9.155151844024658203e-01 1.197374224662780762e+00 -1.143937349319458008e+00 -3.609606251120567322e-02
1.583215594291687012e+00 8.893302828073501587e-02 -4.353835880756378174e-01 8.425515890121459961e-01 -9.210162758827209473e-01 -1.499722480773925781e+00 1.079228818416595459e-01 -7.341929525136947632e-02 2.215609848499298096e-01 -5.537809729576110840e-01 1.490182876586914062e+00 9.162338376045227051e-01 1.195602893829345703e+00 -1.145237803459167480e+00 -3.484430536627769470e-02
1.585404992103576660e+00 8.998788148164749146e-02 -4.336909353733062744e-01 8.499725461006164551e-01 -9.248774647712707520e-01 -1.501282215118408203e+00 1.077723503112792969e-01 -7.060156017541885376e-02 2.247664630413055420e-01 -5.515627861022949219e-01 1.498874068260192871e+00 9.165101647377014160e-01 1.198869109153747559e+00 -1.143573164939880371e+00 -3.629445657134056091e-02
1.587186932563781738e+00 8.145499974489212036e-02 -4.563634991645812988e-01 8.126941919326782227e-01 -9.297919869422912598e-01 -1.510705590248107910e+00 1.273020058870315552e-01 -1.202359870076179504e-01 2.091612815856933594e-01 -5.664314031600952148e-01 1.466173291206359863e+00 9.239621162414550781e-01 1.191440939903259277e+00 -1.153013229370117188e+00 -2.558752521872520447e-02
1.583034396171569824e+00 8.968801051378250122e-02 -4.344561398029327393e-01 8.432526588439941406e-01 -9.200389385223388672e-01 -1.499108195304870605e+00 1.062531843781471252e-01 -7.098332792520523071e-02 2.216446697711944580e-01 -5.534082651138305664e-01 1.490265011787414551e+00 9.161298274993896484e-01 1.195404887199401855e+00 -1.144976019859313965e+00 -3.527041897177696228e-02
