1.944151073694229126e-01 4.231993108987808228e-02 -3.155820667743682861e-01 -8.655277639627456665e-02 -1.968825235962867737e-02
1.825616508722305298e-01 -5.900879949331283569e-02 1.269609332084655762e-01 -4.403667896986007690e-02 2.026876434683799744e-02
3.881644085049629211e-02 -6.218769401311874390e-02 4.243322834372520447e-02 -3.373531699180603027e-01 9.174797683954238892e-03
1.440260279923677444e-02 -3.338705748319625854e-02 -2.131764590740203857e-01 -1.642331480979919434e-02 -6.249029189348220825e-03
2.362838834524154663e-01 -4.705195873975753784e-02 3.900144398212432861e-01 -1.604455560445785522e-01 6.446957588195800781e-02
1.190574690699577332e-01 -5.855514854192733765e-02 1.787271350622177124e-01 1.077950838953256607e-02 3.123488649725914001e-02
1.666467636823654175e-01 -6.302974652498960495e-03 1.813281327486038208e-03 -3.340052962303161621e-01 4.731306107714772224e-04
-8.130023628473281860e-02 -6.137303542345762253e-03 6.383183598518371582e-02 -3.017516732215881348e-01 6.112350150942802429e-02
4.927823320031166077e-02 -1.896306276321411133e-01 -1.170204132795333862e-01 3.776990808546543121e-03 5.191076546907424927e-03
2.924696207046508789e-01 -2.294635027647018433e-02 1.312866806983947754e-01 4.827918857336044312e-02 1.745883524417877197e-01
1.939753890037536621e-01 9.810141474008560181e-02 -1.964045614004135132e-01 -7.040808349847793579e-02 1.108119189739227295e-01
9.293206781148910522e-02 3.114478290081024170e-01 -1.143415421247482300e-01 -2.244930714368820190e-01 -3.702763095498085022e-02
6.401648372411727905e-02 -6.123595684766769409e-02 -1.407049000263214111e-01 -3.951067626476287842e-01 -7.904438674449920654e-02
2.273168116807937622e-01 -2.417840808629989624e-02 -2.358113601803779602e-02 -1.295840442180633545e-01 3.904938325285911560e-02
-1.779724806547164917e-01 -1.554206758737564087e-01 -1.463486254215240479e-01 4.751884378492832184e-03 -5.048325983807444572e-04
2.259357720613479614e-01 2.538416534662246704e-02 5.859302729368209839e-02 2.972016483545303345e-02 1.223706007003784180e-01
-1.533106565475463867e-01 -8.043631166219711304e-02 6.939035654067993164e-02 -5.631868839263916016e-01 -3.377977386116981506e-02
1.803173571825027466e-01 1.398807018995285034e-01 1.215810924768447876e-01 -4.788783937692642212e-02 3.185450658202171326e-02
2.358987182378768921e-01 -1.978107541799545288e-02 -1.014102995395660400e-02 -9.896651655435562134e-02 1.041289269924163818e-01
2.240426689386367798e-01 -2.091403156518936157e-01 2.847155034542083740e-01 -1.755591928958892822e-01 3.761684522032737732e-02
-3.497494384646415710e-02 3.492128551006317139e-01 -8.185912668704986572e-02 -3.419087529182434082e-01 -8.710104227066040039e-02
1.248855516314506531e-01 2.126930058002471924e-01 -8.937750756740570068e-02 -2.031583935022354126e-01 1.139449700713157654e-02
1.751741468906402588e-01 -9.590696543455123901e-02 -2.797355949878692627e-01 -1.582681685686111450e-01 -2.249632775783538818e-01
-2.118866192176938057e-03 -1.051923260092735291e-01 -9.323865175247192383e-02 -3.912446796894073486e-01 6.456216424703598022e-02
3.240916728973388672e-01 -1.110448464751243591e-01 1.630249917507171631e-01 -2.689536660909652710e-02 2.004249989986419678e-01
1.029768511652946472e-01 2.578999698162078857e-01 8.662268519401550293e-02 -2.019689381122589111e-01 1.026059091091156006e-01
1.389827728271484375e-01 -4.908408969640731812e-02 -1.984557807445526123e-01 -6.931327283382415771e-02 -2.723953127861022949e-01
1.640448570251464844e-01 -6.245382875204086304e-02 -6.638821959495544434e-02 -3.369129896163940430e-01 1.320183649659156799e-02
1.045992746949195862e-01 -1.260851323604583740e-01 -2.850790917873382568e-01 2.291945368051528931e-02 -2.034927532076835632e-02
2.268327325582504272e-01 -7.514327019453048706e-02 -7.911004126071929932e-02 -1.215807721018791199e-01 -1.289168372750282288e-02
8.337601274251937866e-02 5.181927233934402466e-02 -5.312717333436012268e-02 -1.468473672866821289e-01 -6.678946316242218018e-02
1.170684620738029480e-01 3.908831626176834106e-02 -2.380615100264549255e-02 -3.052291274070739746e-01 2.261548861861228943e-02
2.806951059028506279e-03 -2.665172815322875977e-01 -6.483797729015350342e-02 8.951131254434585571e-02 -5.939704552292823792e-02
-9.205741435289382935e-02 -2.231920808553695679e-01 -2.576619759202003479e-02 -3.586763888597488403e-02 4.600558057427406311e-02
3.219295740127563477e-01 -1.055795475840568542e-01 -2.179024368524551392e-02 -3.215770125389099121e-01 1.142206415534019470e-02
2.534564435482025146e-01 -1.896548420190811157e-01 -6.963261961936950684e-02 3.730683773756027222e-02 1.221388205885887146e-02
-4.064936563372612000e-02 2.559903860092163086e-01 -1.387943029403686523e-01 -3.049278855323791504e-01 5.572145804762840271e-02
7.394953817129135132e-02 -8.471330255270004272e-02 -3.343719616532325745e-02 -4.436190128326416016e-01 -4.258419200778007507e-02
-2.400560304522514343e-02 3.564933687448501587e-02 5.072265490889549255e-02 -4.543752670288085938e-01 -8.471937477588653564e-02
-3.349579498171806335e-02 1.498226672410964966e-01 -9.628471732139587402e-02 -2.228318601846694946e-01 -4.626516252756118774e-03
1.905845850706100464e-01 -2.228141278028488159e-01 -4.057334959506988525e-01 6.471806019544601440e-02 -2.000680863857269287e-01
2.378838807344436646e-01 6.932110339403152466e-02 3.683094307780265808e-02 1.494121700525283813e-01 1.481836736202239990e-01
-4.917917773127555847e-02 -7.409686595201492310e-02 6.766922771930694580e-03 -1.060256063938140869e-01 3.729366138577461243e-02
2.291782572865486145e-02 -6.747560948133468628e-02 -1.088685169816017151e-02 6.390570849180221558e-02 1.917144283652305603e-02
4.199910536408424377e-02 -2.733336389064788818e-01 -4.332764819264411926e-02 -3.745988309383392334e-01 -1.328576239757239819e-03
1.304077059030532837e-01 8.562830835580825806e-02 1.817458868026733398e-01 -2.161864787340164185e-01 -1.355861723423004150e-01
2.843538522720336914e-01 -1.574713736772537231e-01 5.658559873700141907e-02 -1.194259747862815857e-01 1.049412190914154053e-01
-9.204203635454177856e-02 8.631771057844161987e-02 -1.728248968720436096e-02 1.108165904879570007e-01 -5.001399293541908264e-02
6.062131002545356750e-02 -1.138418540358543396e-01 3.892248496413230896e-02 -2.400661557912826538e-01 -2.667257562279701233e-02
-2.455312758684158325e-01 -1.876265555620193481e-02 7.982183247804641724e-03 -4.913947731256484985e-02 1.524290293455123901e-01
2.313426882028579712e-01 -1.753006577491760254e-01 -2.109880447387695312e-01 -5.236751399934291840e-03 -3.286264240741729736e-01
6.499131210148334503e-03 -3.209521174430847168e-01 -1.247257590293884277e-01 -2.404113858938217163e-02 -5.091941729187965393e-02
1.344775706529617310e-01 -1.133283227682113647e-01 -3.003453314304351807e-01 -1.757000237703323364e-01 -2.556268125772476196e-03
-6.412846595048904419e-02 -5.635856837034225464e-02 -2.369916737079620361e-01 1.541693806648254395e-01 2.368777394294738770e-01
2.088590860366821289e-01 -2.567110210657119751e-02 -3.065980970859527588e-01 4.571839421987533569e-02 -2.674972414970397949e-01
1.640741899609565735e-02 7.327533513307571411e-02 1.229853555560112000e-02 -3.562822341918945312e-01 -1.241026967763900757e-01
8.493413776159286499e-02 9.166533499956130981e-02 8.147114515304565430e-02 -1.510096937417984009e-01 -1.930457726120948792e-02
1.050842031836509705e-01 3.529079854488372803e-01 -1.767649874091148376e-02 -2.820535600185394287e-01 -1.410408020019531250e-01
-9.875547140836715698e-02 1.540712118148803711e-01 -9.801007807254791260e-02 4.806885868310928345e-02 -2.489759922027587891e-01
-1.490630358457565308e-01 -5.442612618207931519e-02 -9.589207172393798828e-02 -1.172370687127113342e-01 -6.817551702260971069e-02
1.543880254030227661e-01 3.511704970151185989e-03 -7.142643630504608154e-02 -2.134491503238677979e-01 -7.654620707035064697e-02
3.363938331604003906e-01 1.306587904691696167e-01 -1.973798573017120361e-01 -3.403269648551940918e-01 2.186776325106620789e-02
6.802754849195480347e-02 -5.097409337759017944e-02 -2.215461805462837219e-02 -3.775533437728881836e-01 -1.262545883655548096e-01
7.375469058752059937e-02 -2.634778022766113281e-01 -1.972520500421524048e-01 -3.549353033304214478e-02 -1.165592372417449951e-01
-3.752381727099418640e-02 -5.046465247869491577e-02 1.374359056353569031e-02 -3.776825033128261566e-03 -7.669795304536819458e-03
4.737963154911994934e-02 -6.988731771707534790e-02 -3.158391416072845459e-01 -3.100421279668807983e-02 1.512373238801956177e-01
4.348237998783588409e-03 -5.436908453702926636e-02 -9.591397643089294434e-02 -3.983238935470581055e-01 -1.045600697398185730e-01
2.798802852630615234e-01 -6.112232059240341187e-02 8.585473895072937012e-02 -7.272586226463317871e-02 1.050321757793426514e-01
1.709709614515304565e-01 -1.929925084114074707e-01 -2.184402197599411011e-01 2.266710251569747925e-02 -1.554502993822097778e-01
4.508282616734504700e-02 -2.252453714609146118e-01 -3.252622783184051514e-01 6.965879350900650024e-02 -1.055643558502197266e-01
3.317334130406379700e-02 -1.095601078122854233e-02 -8.743453025817871094e-02 -4.071598052978515625e-01 7.784245163202285767e-02
-3.162867948412895203e-02 -6.078632920980453491e-02 1.390791684389114380e-01 -5.979640483856201172e-01 -5.371238663792610168e-02
1.881265193223953247e-01 1.252153366804122925e-01 1.818940490484237671e-01 -1.156940981745719910e-01 7.548114657402038574e-02
-5.884666368365287781e-02 -4.080909490585327148e-01 -1.672130227088928223e-01 -7.472101598978042603e-02 -6.605397164821624756e-02
-1.035789679735898972e-02 1.675230711698532104e-01 -1.908108144998550415e-01 -3.117102980613708496e-01 -1.257104054093360901e-02
-3.546072170138359070e-02 -2.374673634767532349e-01 -1.289340853691101074e-01 -5.142387002706527710e-02 -2.024468407034873962e-02
1.241917088627815247e-01 5.418766289949417114e-02 -9.223360568284988403e-03 -3.838195502758026123e-01 -7.648286223411560059e-02
2.161671593785285950e-02 -1.801844537258148193e-01 -7.441698014736175537e-02 1.401246637105941772e-01 5.592384561896324158e-02
-5.261976644396781921e-02 1.585580557584762573e-01 1.230756565928459167e-02 -4.945610165596008301e-01 1.623938530683517456e-01
-2.291484773159027100e-01 2.879927307367324829e-02 -1.459071338176727295e-01 -5.935478955507278442e-02 -5.919988825917243958e-02
-1.632997989654541016e-01 -1.686051338911056519e-01 6.955776363611221313e-03 -3.183736465871334076e-03 9.998706728219985962e-02
2.363531664013862610e-02 3.018611967563629150e-01 -2.655914425849914551e-01 -1.263118982315063477e-01 5.351388081908226013e-02
2.051202505826950073e-01 9.783891588449478149e-02 2.310818880796432495e-01 1.438833121210336685e-02 2.318416982889175415e-01
2.246223539113998413e-01 -1.476087328046560287e-02 1.060704141855239868e-01 -2.284411340951919556e-02 1.269961744546890259e-01
1.305953711271286011e-01 2.059097439050674438e-01 -1.317396014928817749e-01 -2.566952407360076904e-01 4.868343099951744080e-02
1.781163960695266724e-01 -3.126007318496704102e-01 -2.903786599636077881e-01 -3.923714533448219299e-02 -2.065331637859344482e-01
1.894457191228866577e-01 5.367127805948257446e-02 -9.623287618160247803e-02 -4.128617793321609497e-02 6.141733750700950623e-02
3.440284729003906250e-01 -1.212135478854179382e-01 -1.551227569580078125e-01 -8.809488266706466675e-02 8.527988195419311523e-02
1.615540832281112671e-01 1.915818899869918823e-01 -3.322759866714477539e-01 -8.391007781028747559e-02 8.511097729206085205e-02
1.412141472101211548e-01 2.981998492032289505e-03 1.841170340776443481e-01 -2.877172529697418213e-01 -8.955955505371093750e-02
4.143913276493549347e-03 -2.279081195592880249e-02 -9.990420937538146973e-02 -2.353906631469726562e-01 5.439334735274314880e-02
6.238942220807075500e-02 -1.265170332044363022e-02 -1.352584660053253174e-01 -1.782842129468917847e-01 -8.383873850107192993e-03
2.405475452542304993e-02 -5.488096922636032104e-02 8.708332479000091553e-02 -4.971038401126861572e-01 1.345853209495544434e-01
5.136253312230110168e-02 -4.559492319822311401e-02 -9.010227024555206299e-02 -4.347577095031738281e-01 -4.791456833481788635e-02
3.025533258914947510e-01 -8.840254507958889008e-03 -1.865081638097763062e-01 -1.241898015141487122e-01 2.317403256893157959e-01
1.178100928664207458e-01 -6.412092596292495728e-02 -1.422799974679946899e-01 -5.335907638072967529e-02 1.821496710181236267e-02
1.166931986808776855e-01 -2.145749777555465698e-01 -3.273696601390838623e-01 -9.033091366291046143e-02 -1.909945607185363770e-01
1.315298229455947876e-01 -5.226007699966430664e-01 -2.231196165084838867e-01 -4.574817419052124023e-02 -1.817230284214019775e-01
5.805315449833869934e-02 1.713899523019790649e-02 2.346460968255996704e-01 -2.811696529388427734e-01 2.263421937823295593e-02
7.741205394268035889e-02 -1.041496843099594116e-01 -2.396020591259002686e-01 -4.285965487360954285e-02 -1.905748248100280762e-01
