-1.795932650566101074e-01 -2.763305604457855225e-02 -3.818855881690979004e-01 -1.830783933401107788e-01 -4.118965938687324524e-02 -2.171346247196197510e-01 -1.808973215520381927e-02 2.035555541515350342e-01 7.599164545536041260e-02 6.044950485229492188e-01
3.934153541922569275e-02 -1.556309908628463745e-01 9.361330419778823853e-03 2.153316438198089600e-01 -1.576214134693145752e-01 3.438567742705345154e-02 3.935125768184661865e-01 -2.223067283630371094e-01 -2.740863561630249023e-01 -2.282923012971878052e-01
-1.081884577870368958e-01 -4.254981502890586853e-02 -1.913317739963531494e-01 -1.673855632543563843e-01 -3.201219812035560608e-02 -7.810078561305999756e-02 -6.341749429702758789e-02 1.087293848395347595e-01 -1.988866478204727173e-01 1.006898134946823120e-01
5.132291931658983231e-03 -1.114920228719711304e-01 2.121516466140747070e-01 -1.352360099554061890e-01 2.384951859712600708e-01 1.116407364606857300e-01 2.713116407394409180e-01 -8.099674433469772339e-02 1.402101665735244751e-01 -1.041974276304244995e-01
-2.682073041796684265e-02 -2.273353487253189087e-01 -1.284257769584655762e-01 9.422747790813446045e-02 -1.146304160356521606e-01 -4.034659639000892639e-02 1.483381688594818115e-01 -2.369133681058883667e-01 -9.530887007713317871e-02 -1.603203713893890381e-01
7.897438853979110718e-02 -3.884476795792579651e-02 4.197313636541366577e-02 3.561517596244812012e-01 -1.161737218499183655e-01 -1.129998862743377686e-01 3.772754073143005371e-01 -1.270384490489959717e-01 -3.196501433849334717e-01 5.264505743980407715e-02
-6.014362350106239319e-02 -8.773390203714370728e-03 -3.102094233036041260e-01 -1.658396869897842407e-01 -2.701527252793312073e-02 8.831624872982501984e-03 -1.126822680234909058e-01 2.431217133998870850e-01 -2.459836155176162720e-01 2.219892293214797974e-01
-1.233205571770668030e-01 -5.025276914238929749e-02 -2.703677713871002197e-01 -1.882436722517013550e-01 3.725109994411468506e-02 -3.206539526581764221e-02 -3.198147937655448914e-02 3.881604596972465515e-02 -1.218619644641876221e-01 1.902457475662231445e-01
9.414943307638168335e-02 -1.053793728351593018e-01 1.348313689231872559e-01 3.009444475173950195e-01 -2.640407532453536987e-03 1.575317531824111938e-01 3.728348314762115479e-01 -9.446441382169723511e-02 1.512920409440994263e-01 -2.421759366989135742e-01
1.854963749647140503e-01 -5.951537564396858215e-02 -1.668080687522888184e-03 1.735384017229080200e-01 -2.152595967054367065e-01 5.597057566046714783e-02 2.985173463821411133e-01 -1.350262463092803955e-01 -2.291864156723022461e-01 -9.786529839038848877e-02
-1.848278790712356567e-01 5.687847733497619629e-03 -2.012793421745300293e-01 -1.518981009721755981e-01 -1.282357424497604370e-01 -2.471560537815093994e-01 -5.171577632427215576e-02 1.824303120374679565e-01 -3.530082106590270996e-02 5.088047385215759277e-01
-2.375636547803878784e-01 -8.741857111454010010e-02 -3.769716918468475342e-01 -2.505270242691040039e-01 -1.172682642936706543e-01 -1.033058539032936096e-01 4.452288523316383362e-02 1.623081415891647339e-01 -1.025701165199279785e-01 4.974160492420196533e-01
-5.547285079956054688e-02 -1.997129991650581360e-02 -2.427620589733123779e-01 -1.368395239114761353e-01 1.583609846420586109e-03 -1.243241652846336365e-01 1.171583682298660278e-01 -6.540078669786453247e-02 -1.755109280347824097e-01 4.059535861015319824e-01
1.692042127251625061e-02 -6.876330077648162842e-02 -8.633664995431900024e-02 5.006917193531990051e-02 -1.621625274419784546e-01 -9.375452995300292969e-02 3.428863883018493652e-01 -2.104198932647705078e-01 -6.911949813365936279e-02 -2.101493477821350098e-01
-5.760667100548744202e-02 -1.863206624984741211e-01 2.380454242229461670e-01 5.756982043385505676e-02 -1.967923939228057861e-01 6.145202741026878357e-02 2.251587510108947754e-01 6.388733536005020142e-02 3.732652664184570312e-01 -5.356358289718627930e-01
1.219066902995109558e-01 6.939449906349182129e-02 -1.220492199063301086e-01 2.441671937704086304e-01 -1.975790113210678101e-01 -1.243014037609100342e-01 1.105801686644554138e-01 -1.758330166339874268e-01 -1.721498370170593262e-01 -1.521537750959396362e-01
-1.381348669528961182e-01 6.775183975696563721e-02 -3.831323981285095215e-01 -1.333322972059249878e-01 -3.300990536808967590e-02 4.964481666684150696e-02 -7.556812465190887451e-02 5.076994653791189194e-03 -2.068571895360946655e-01 1.474831998348236084e-01
-7.075027679093182087e-04 -6.377333402633666992e-02 -5.523184686899185181e-02 -2.259023301303386688e-02 -1.945508867502212524e-01 -4.141363780945539474e-03 2.144918143749237061e-01 -1.769983470439910889e-01 -1.563842594623565674e-01 -2.706351876258850098e-01
-1.212022732943296432e-02 -1.533907204866409302e-01 6.644894927740097046e-02 1.125659346580505371e-01 -1.856813281774520874e-01 -7.101874053478240967e-02 2.319453656673431396e-01 -2.685669362545013428e-01 -2.218933552503585815e-01 -9.035438299179077148e-02
1.202402785420417786e-01 -1.680316776037216187e-01 -4.446492344141006470e-02 1.764133721590042114e-01 -2.503302097320556641e-01 7.352524995803833008e-02 1.246409267187118530e-01 -1.761058717966079712e-01 -9.330716729164123535e-02 -2.860471308231353760e-01
-1.196965500712394714e-01 -2.032257467508316040e-01 -3.855531811714172363e-01 -1.091121882200241089e-01 6.681874394416809082e-03 -2.284124493598937988e-01 -9.164351224899291992e-02 2.561284899711608887e-01 -1.096023470163345337e-01 6.116050481796264648e-01
-2.111451923847198486e-01 -1.182407438755035400e-01 -4.739351272583007812e-01 -3.446519970893859863e-01 -5.090130493044853210e-02 -2.701811492443084717e-01 -2.140083611011505127e-01 2.506005764007568359e-01 -7.167588174343109131e-02 6.758668422698974609e-01
-1.270930003374814987e-02 4.251432046294212341e-02 -4.334381222724914551e-02 1.264538168907165527e-01 -2.135787755250930786e-01 3.191449865698814392e-02 2.445829845964908600e-02 -3.535525798797607422e-01 -5.035175383090972900e-02 5.931212007999420166e-02
-2.318844199180603027e-01 -5.487408861517906189e-02 -4.042770564556121826e-01 -1.879618912935256958e-01 4.908033879473805428e-04 -3.703009709715843201e-02 8.133538812398910522e-02 -3.413645550608634949e-02 -1.413355171680450439e-01 1.517065912485122681e-01
-3.499459847807884216e-02 -3.335030004382133484e-02 1.286248862743377686e-01 1.799933798611164093e-02 -2.443599402904510498e-01 1.803411841392517090e-01 2.504451870918273926e-01 -1.713576614856719971e-01 -1.477463096380233765e-01 -3.388043940067291260e-01
-6.727262586355209351e-02 -2.733543813228607178e-01 8.128181099891662598e-03 8.434654772281646729e-02 -2.597406804561614990e-01 3.733928129076957703e-02 1.929500699043273926e-01 -3.191340565681457520e-01 -7.243438065052032471e-02 -3.031325042247772217e-01
-1.344086527824401855e-01 1.492661088705062866e-01 2.047935426235198975e-01 3.287082612514495850e-01 -3.229738473892211914e-01 1.333198696374893188e-01 -7.538636028766632080e-02 -3.145031034946441650e-01 9.457255899906158447e-02 -3.044334948062896729e-01
-3.308549225330352783e-01 -7.118529081344604492e-02 -1.492247581481933594e-01 -2.800945043563842773e-01 -2.444337680935859680e-02 8.086705207824707031e-02 8.167542517185211182e-02 1.741892844438552856e-01 -3.470463454723358154e-01 1.776701360940933228e-01
1.180114448070526123e-01 -8.105643093585968018e-03 3.852513432502746582e-02 4.807921648025512695e-01 -2.114448398351669312e-01 2.857411205768585205e-01 1.754431724548339844e-01 -1.663852930068969727e-01 5.966541171073913574e-02 -1.725389063358306885e-01
-3.973754346370697021e-01 -2.099044770002365112e-01 -3.913768380880355835e-02 -1.003201454877853394e-01 -6.921508163213729858e-02 -3.102225437760353088e-02 -5.830048397183418274e-02 -1.339566409587860107e-01 -1.506039947271347046e-01 7.265986409038305283e-03
-2.695127427577972412e-01 -1.124734804034233093e-02 -4.942662715911865234e-01 -1.537726670503616333e-01 2.826718613505363464e-02 -2.386529296636581421e-01 -7.438290119171142578e-02 8.726634830236434937e-02 5.925692617893218994e-02 4.462443888187408447e-01
-3.061447739601135254e-01 -1.773032173514366150e-02 -1.471454501152038574e-01 -1.582774370908737183e-01 8.904024213552474976e-02 4.020595550537109375e-02 5.793687328696250916e-02 6.438445299863815308e-02 -1.666101366281509399e-01 9.300462901592254639e-02
-2.132230624556541443e-02 -7.038590312004089355e-02 1.008248999714851379e-01 -5.276454146951436996e-03 -1.328491121530532837e-01 1.108281034976243973e-02 3.894472420215606689e-01 -5.957947298884391785e-02 1.063572913408279419e-01 -4.157682657241821289e-01
7.853262126445770264e-02 -2.405755519866943359e-01 1.336886584758758545e-01 1.502962857484817505e-01 -5.414227023720741272e-02 7.104377448558807373e-02 3.375111520290374756e-01 -3.505408391356468201e-02 2.290474176406860352e-01 -2.380756884813308716e-01
7.164540141820907593e-02 4.755357280373573303e-03 -5.593746900558471680e-03 1.238651853054761887e-02 -2.678051888942718506e-01 1.465183217078447342e-02 1.898640543222427368e-01 -2.878223657608032227e-01 -2.347117513418197632e-01 -4.183715879917144775e-01
4.016861692070960999e-02 -1.045767813920974731e-01 2.969651669263839722e-02 1.804748326539993286e-01 -1.625290364027023315e-01 1.270618885755538940e-01 4.666870236396789551e-01 -2.117192149162292480e-01 -3.425146639347076416e-01 -1.184200048446655273e-01
-1.625763475894927979e-01 -3.954382613301277161e-02 -1.697084605693817139e-01 -1.108164638280868530e-01 3.631998598575592041e-02 -1.989246308803558350e-01 1.096985787153244019e-01 2.362038940191268921e-01 2.014862000942230225e-02 6.615014076232910156e-01
-1.503459513187408447e-01 -1.210438609123229980e-01 -2.971001267433166504e-01 -3.260821104049682617e-01 8.537918329238891602e-02 -6.617993116378784180e-02 -1.026306077837944031e-01 6.825866550207138062e-02 -1.241411417722702026e-01 1.089646145701408386e-01
-8.126331120729446411e-02 -8.964929729700088501e-03 -4.236312806606292725e-01 -3.032131195068359375e-01 -4.310348257422447205e-02 2.288686856627464294e-02 -2.299351394176483154e-01 3.773334324359893799e-01 -1.774240732192993164e-01 2.208302468061447144e-01
-2.169293612241744995e-01 -5.254474654793739319e-02 -4.966471195220947266e-01 -3.368712067604064941e-01 -9.831714630126953125e-02 -2.527252733707427979e-01 -1.207943633198738098e-01 2.505244016647338867e-01 -1.640635579824447632e-01 7.046288847923278809e-01
-8.300016820430755615e-02 1.726066023111343384e-01 2.328195273876190186e-01 1.813576966524124146e-01 -1.362453252077102661e-01 8.967375755310058594e-02 -1.676724664866924286e-02 -1.784722208976745605e-01 -1.631636917591094971e-02 4.512494802474975586e-02
2.045216038823127747e-02 -1.037520170211791992e-02 -5.051418393850326538e-02 2.142625395208597183e-03 -2.052631229162216187e-01 1.633583158254623413e-01 1.872809231281280518e-01 -2.779756188392639160e-01 -7.742270827293395996e-02 -3.893838226795196533e-01
-1.036246940493583679e-01 -9.352356195449829102e-02 2.243850231170654297e-01 -6.961943209171295166e-02 -1.709844917058944702e-01 1.112579256296157837e-01 1.285475343465805054e-01 -1.879184693098068237e-01 2.498257607221603394e-01 -4.286077618598937988e-01
6.893735378980636597e-02 -1.633717566728591919e-01 1.549823880195617676e-01 -3.324113413691520691e-02 1.420089900493621826e-01 2.160323038697242737e-02 3.962142169475555420e-01 7.351485639810562134e-02 1.106699705123901367e-01 -2.398971617221832275e-01
-7.409979403018951416e-02 3.050010651350021362e-03 -3.393924832344055176e-01 -2.041145116090774536e-01 -1.844510287046432495e-01 -1.118946745991706848e-01 -3.207893669605255127e-02 1.272421330213546753e-01 -2.476644068956375122e-01 -3.208807203918695450e-03
1.614468544721603394e-01 -2.612160444259643555e-01 -1.403726637363433838e-01 3.049027919769287109e-01 -1.750073581933975220e-01 6.403096020221710205e-02 3.203765451908111572e-01 -3.671822845935821533e-01 -3.284796178340911865e-01 -2.623282968997955322e-01
1.380736231803894043e-01 -1.044252067804336548e-01 5.785889923572540283e-02 1.456827223300933838e-01 -1.469540596008300781e-01 -5.781961954198777676e-05 4.083359241485595703e-01 -2.501476705074310303e-01 -8.684224635362625122e-02 -1.364135146141052246e-01
1.755934581160545349e-02 -2.303870469331741333e-01 1.028293743729591370e-01 -1.139449924230575562e-01 6.487265229225158691e-02 -7.126148790121078491e-02 2.266967594623565674e-01 1.028328910470008850e-01 1.883959770202636719e-01 -1.337838321924209595e-01
-2.183146774768829346e-01 -7.448820769786834717e-02 -3.697840571403503418e-01 -7.394157350063323975e-02 -8.000054955482482910e-02 -2.270509153604507446e-01 6.957693397998809814e-02 1.198952943086624146e-01 2.167843282222747803e-02 5.389398336410522461e-01
-7.686004787683486938e-02 -9.391230344772338867e-02 1.801855564117431641e-01 -1.297387629747390747e-01 4.396691545844078064e-02 -1.377377077005803585e-03 2.699458301067352295e-01 -1.970722712576389313e-02 2.896134853363037109e-01 -3.419136106967926025e-01
-5.447608605027198792e-02 7.448710501194000244e-02 -4.548413306474685669e-02 2.508212327957153320e-01 9.776273369789123535e-02 1.098346547223627567e-03 6.039350107312202454e-02 -2.680678106844425201e-02 4.395417869091033936e-02 1.208112388849258423e-01
4.702677205204963684e-02 -6.355743110179901123e-02 1.441319286823272705e-01 1.008210927248001099e-01 -1.276808679103851318e-01 1.461499035358428955e-01 2.276769876480102539e-01 -7.429381459951400757e-02 2.740105092525482178e-01 -4.520620107650756836e-01
1.777257397770881653e-02 2.197826057672500610e-01 2.214666008949279785e-01 3.723948597908020020e-01 -2.972189784049987793e-01 9.056252241134643555e-02 -1.327800154685974121e-01 -2.438153326511383057e-01 7.273690402507781982e-02 -1.530131846666336060e-01
-1.956038028001785278e-01 -1.318757683038711548e-01 8.578034490346908569e-02 -5.470556672662496567e-03 -2.407358139753341675e-01 1.190370842814445496e-01 2.690378129482269287e-01 -2.641172409057617188e-01 2.605549395084381104e-01 -3.844873011112213135e-01
-4.895509406924247742e-02 9.069167077541351318e-02 1.252197027206420898e-01 2.049657255411148071e-01 -8.904728293418884277e-02 5.353176221251487732e-02 5.584096536040306091e-02 -1.155697703361511230e-01 -7.000015117228031158e-03 4.691744595766067505e-02
-2.167320698499679565e-01 5.469731986522674561e-03 -3.510088622570037842e-01 -2.302442938089370728e-01 -1.350833922624588013e-01 -2.650652229785919189e-01 -1.730777174234390259e-01 1.771024465560913086e-01 2.018086612224578857e-02 5.939753651618957520e-01
7.535613328218460083e-02 -7.550555467605590820e-02 -7.475472241640090942e-02 1.345807462930679321e-01 -3.241643905639648438e-01 3.982451185584068298e-02 1.746478080749511719e-01 -4.546884298324584961e-01 -3.090577125549316406e-01 -2.933914661407470703e-01
-1.710201948881149292e-01 -2.104902416467666626e-01 -4.565958976745605469e-01 -2.867779135704040527e-01 1.289831548929214478e-01 -3.227626383304595947e-01 -8.229550905525684357e-03 3.516128659248352051e-01 -3.229047358036041260e-02 6.275925636291503906e-01
6.017785146832466125e-02 -1.122325062751770020e-01 2.500931620597839355e-01 8.910749852657318115e-02 -7.131643593311309814e-03 1.099404692649841309e-01 2.817380130290985107e-01 1.225284859538078308e-01 2.156166434288024902e-01 -2.402770668268203735e-01
3.374083712697029114e-02 -1.843558698892593384e-01 1.073508486151695251e-01 3.494014218449592590e-02 1.150757074356079102e-02 -4.213674739003181458e-02 1.151855364441871643e-01 2.231938205659389496e-02 3.015711903572082520e-01 -1.992644816637039185e-01
-3.480235040187835693e-01 -7.891380786895751953e-02 -3.204999864101409912e-01 -1.358465105295181274e-01 3.089928254485130310e-02 -2.385445982217788696e-01 2.886059228330850601e-03 7.952611893415451050e-02 3.690819442272186279e-02 5.037266016006469727e-01
-1.433874368667602539e-01 -1.733254343271255493e-01 -4.281687438488006592e-01 -1.469938308000564575e-01 -2.071090415120124817e-02 -2.659567892551422119e-01 -1.656013131141662598e-01 1.836127340793609619e-01 3.861637413501739502e-02 6.179338693618774414e-01
-9.118483401834964752e-03 1.992947980761528015e-02 -3.361505568027496338e-01 -5.994699522852897644e-02 -7.709976285696029663e-02 -1.422935128211975098e-01 -1.405599415302276611e-01 1.478171944618225098e-01 -3.766445517539978027e-01 1.840259730815887451e-01
1.192126348614692688e-01 3.373921811580657959e-01 1.391405165195465088e-01 4.159037172794342041e-01 -3.843888938426971436e-01 5.101181194186210632e-02 1.163002178072929382e-01 -2.308584749698638916e-01 -1.168868690729141235e-01 -1.316021829843521118e-01
6.111975386738777161e-02 -3.126391395926475525e-02 2.437256276607513428e-01 1.217623800039291382e-01 -1.231140270829200745e-02 1.308858394622802734e-01 2.712088525295257568e-01 -7.779004424810409546e-02 2.172254323959350586e-01 -3.958357274532318115e-01
-1.152931526303291321e-01 -2.277600318193435669e-01 2.275785505771636963e-01 7.804779708385467529e-02 5.005579441785812378e-02 2.748838663101196289e-01 4.807979166507720947e-01 -4.891483113169670105e-02 2.883554100990295410e-01 -4.803139269351959229e-01
-3.177973628044128418e-01 -2.468378990888595581e-01 -3.154908716678619385e-01 -3.129323720932006836e-01 1.905296444892883301e-01 -4.519179090857505798e-02 -8.425860106945037842e-02 1.497907042503356934e-01 -2.439543455839157104e-01 2.045030742883682251e-01
1.453245580196380615e-01 -1.652554124593734741e-01 5.347461998462677002e-02 3.600243926048278809e-01 -3.022179007530212402e-01 -1.011818945407867432e-01 3.990480899810791016e-01 -3.080407381057739258e-01 -2.202091217041015625e-01 -1.589266657829284668e-01
2.770392969250679016e-02 3.367055356502532959e-01 1.637389659881591797e-01 4.274623990058898926e-01 -4.884818494319915771e-01 7.153373677283525467e-03 -1.004341468214988708e-01 -2.710717916488647461e-01 2.473954856395721436e-02 -1.314913183450698853e-01
8.083406835794448853e-02 1.107238233089447021e-01 1.763655543327331543e-01 4.550563693046569824e-01 -3.014525175094604492e-01 1.179238557815551758e-01 1.450681388378143311e-01 -1.551173329353332520e-01 -6.312108039855957031e-02 -4.961115121841430664e-02
-6.616942584514617920e-02 -7.359046489000320435e-03 -4.728673100471496582e-01 -1.963845044374465942e-01 -1.286125928163528442e-01 1.713705435395240784e-02 -2.696759440004825592e-02 1.779463440179824829e-01 -1.796141713857650757e-01 3.158625066280364990e-01
-5.275302007794380188e-02 -9.053100645542144775e-02 -4.272784590721130371e-01 -2.873435020446777344e-01 -8.868705481290817261e-03 -1.803300082683563232e-01 -2.018029093742370605e-01 1.631022691726684570e-01 -1.830862909555435181e-01 4.260050952434539795e-01
6.311612576246261597e-02 -1.288205944001674652e-02 -8.337787538766860962e-02 -2.928416244685649872e-02 -2.146159559488296509e-01 1.397457555867731571e-03 1.279572844505310059e-01 -2.058422863483428955e-01 -1.936432421207427979e-01 -2.775039374828338623e-01
-4.363694414496421814e-02 -2.671565115451812744e-01 1.403291523456573486e-01 1.307116299867630005e-01 -1.331596821546554565e-01 9.407878667116165161e-02 2.476372718811035156e-01 -2.741294540464878082e-02 5.315474271774291992e-01 -5.657867193222045898e-01
-5.030580163002014160e-01 -4.448412731289863586e-02 -3.121028542518615723e-01 -2.852987647056579590e-01 -3.841638192534446716e-02 -3.721597492694854736e-01 -4.736236482858657837e-02 6.402903050184249878e-02 -1.537378225475549698e-02 6.320745944976806641e-01
-1.047653630375862122e-01 -9.568519890308380127e-02 1.612425744533538818e-01 -6.401965022087097168e-02 8.117966353893280029e-02 -3.120191022753715515e-02 3.197973668575286865e-01 6.932400166988372803e-02 3.834145367145538330e-01 -4.380649924278259277e-01
-1.424213051795959473e-01 -1.988864839076995850e-01 -2.759466767311096191e-01 -3.373883068561553955e-01 1.726702004671096802e-01 -1.745240390300750732e-01 -1.135615557432174683e-01 1.771441549062728882e-01 -8.242624998092651367e-02 2.549496293067932129e-01
-6.008132174611091614e-02 -3.477459400892257690e-02 2.276862412691116333e-02 1.437927335500717163e-01 -1.993380486965179443e-01 2.307508140802383423e-01 1.296039223670959473e-01 -1.108860895037651062e-01 7.765664160251617432e-02 -6.042320132255554199e-01
-2.123635411262512207e-01 -2.227329835295677185e-02 -4.954339265823364258e-01 -2.073389440774917603e-01 -9.802180528640747070e-02 4.873051121830940247e-02 -1.174227595329284668e-01 3.066276609897613525e-01 -1.898264139890670776e-01 -1.103875041007995605e-01
1.788662001490592957e-02 -1.353906840085983276e-01 1.422984302043914795e-01 3.865315392613410950e-02 3.627506271004676819e-02 3.395904973149299622e-02 3.713721632957458496e-01 1.445139013230800629e-02 1.249905228614807129e-01 -6.785233318805694580e-02
-8.276518434286117554e-02 -1.801078468561172485e-01 2.034210860729217529e-01 1.536775976419448853e-01 -1.978611946105957031e-01 2.168744206428527832e-01 1.654385030269622803e-01 -1.126482263207435608e-01 2.732653021812438965e-01 -4.377436041831970215e-01
-2.734778821468353271e-01 -1.025927066802978516e-01 -3.324794471263885498e-01 -1.445759981870651245e-01 -1.178212091326713562e-02 -1.537741869688034058e-01 4.242263734340667725e-02 4.692286625504493713e-02 1.515881866216659546e-01 7.015591859817504883e-01
1.569006219506263733e-02 -9.716986119747161865e-02 2.854439616203308105e-02 1.384021490812301636e-01 -1.092126667499542236e-01 1.002642959356307983e-01 3.302245736122131348e-01 -2.837613224983215332e-01 -3.743620514869689941e-01 -9.398405253887176514e-02
1.156711801886558533e-01 -1.688020974397659302e-01 -1.050082817673683167e-01 2.322121113538742065e-01 -1.662507206201553345e-01 2.676307782530784607e-02 3.691131472587585449e-01 -2.880281209945678711e-01 -2.191265970468521118e-01 -4.170043766498565674e-01
-2.164004445075988770e-01 6.999714672565460205e-02 -2.867500185966491699e-01 -3.007465898990631104e-01 -2.286698669195175171e-02 -1.905793547630310059e-01 -1.713472753763198853e-01 2.678060829639434814e-01 9.164582192897796631e-02 6.329351067543029785e-01
-7.055859547108411789e-03 2.521317005157470703e-01 6.249425560235977173e-02 3.706961274147033691e-01 -1.323871910572052002e-01 1.173860952258110046e-01 3.084325976669788361e-02 -2.356587946414947510e-01 9.398691356182098389e-02 -7.276739180088043213e-02
9.309975057840347290e-02 3.221230581402778625e-02 7.314436137676239014e-03 1.890178211033344269e-02 -3.348003029823303223e-01 -1.287758052349090576e-01 3.093212544918060303e-01 -2.238466590642929077e-01 -2.425540238618850708e-01 -3.055532872676849365e-01
5.122544243931770325e-02 -1.588447690010070801e-01 3.566115349531173706e-02 3.560333251953125000e-01 -2.460142672061920166e-01 3.676472231745719910e-02 2.790801823139190674e-01 -4.508309960365295410e-01 -2.233709990978240967e-01 -2.795543372631072998e-01
-1.717541068792343140e-01 1.339460536837577820e-02 -4.062894880771636963e-01 -3.252979516983032227e-01 -2.763294577598571777e-01 -1.891205012798309326e-01 -1.722881793975830078e-01 2.796270549297332764e-01 -6.387898325920104980e-02 5.599176883697509766e-01
8.474025875329971313e-02 -2.158061563968658447e-01 -2.350881695747375488e-02 6.183211877942085266e-02 -2.064674049615859985e-01 5.505597218871116638e-02 1.254677772521972656e-01 -2.860459983348846436e-01 -2.938115596771240234e-01 -1.879480630159378052e-01
-1.696461439132690430e-01 -2.012636810541152954e-01 -7.012693881988525391e-01 -3.389394283294677734e-01 -8.536311239004135132e-02 -1.315535604953765869e-01 -4.707005023956298828e-01 2.473122477531433105e-01 -7.413552142679691315e-03 6.299855709075927734e-01
-2.722251713275909424e-01 1.163260787725448608e-01 -4.729776382446289062e-01 -8.850099146366119385e-02 -9.892223775386810303e-02 -3.318145871162414551e-01 -3.857036679983139038e-02 6.408309191465377808e-02 -6.278729438781738281e-02 5.626962184906005859e-01
-1.246639117598533630e-01 -7.899392396211624146e-03 -5.317115783691406250e-01 -2.868771851062774658e-01 -9.463372826576232910e-02 -1.341373007744550705e-02 -3.999036848545074463e-01 2.772097289562225342e-01 -1.474065426737070084e-02 3.816946595907211304e-02
-1.254672408103942871e-01 -3.178959712386131287e-02 -4.264592230319976807e-01 -7.510563731193542480e-02 -1.529267877340316772e-01 -5.359036102890968323e-02 -2.532926797866821289e-01 1.053893417119979858e-01 -2.490973621606826782e-01 1.393257975578308105e-01
2.536242082715034485e-02 -1.090977042913436890e-01 -4.875764846801757812e-01 4.454248026013374329e-02 -5.492317676544189453e-02 -3.131931424140930176e-01 -2.141537703573703766e-02 2.268044799566268921e-01 -1.402585059404373169e-01 7.858318686485290527e-01
-6.262509524822235107e-02 1.968323588371276855e-01 1.647241413593292236e-01 2.206889390945434570e-01 2.335553616285324097e-02 -6.303319334983825684e-02 8.481352031230926514e-02 -8.894648402929306030e-02 9.834542870521545410e-02 1.971747875213623047e-01
-2.090833708643913269e-02 1.953685879707336426e-01 4.981674253940582275e-03 2.384232729673385620e-01 -1.003056764602661133e-01 1.321218758821487427e-01 7.322641555219888687e-03 -2.182604372501373291e-01 -5.035121738910675049e-02 -1.138022691011428833e-01
1.669453233480453491e-01 1.822237819433212280e-01 1.306220889091491699e-01 4.046517312526702881e-01 -4.298697113990783691e-01 2.087351381778717041e-01 -1.424594819545745850e-01 -1.265783011913299561e-01 6.543128192424774170e-02 -2.394125312566757202e-01
6.871830672025680542e-02 -1.183792352676391602e-01 3.689134865999221802e-02 2.100055664777755737e-01 -2.192865610122680664e-01 -3.136691823601722717e-02 3.369096219539642334e-01 -3.709245324134826660e-01 -1.253155320882797241e-01 -5.188140869140625000e-01
-5.875135585665702820e-02 1.924512088298797607e-01 4.626014083623886108e-02 3.658665716648101807e-01 -6.280076503753662109e-02 -1.697770133614540100e-02 9.556032717227935791e-02 -2.449136078357696533e-01 1.249790638685226440e-01 -1.868450343608856201e-01
