-1.833130359649658203e+00 -2.117830961942672729e-01 7.866107821464538574e-01 1.117218136787414551e+00 -1.981781005859375000e+00 2.922855317592620850e-01 4.495245516300201416e-01 -1.898018717765808105e+00 1.564594864845275879e+00 -4.426023960113525391e-01 1.984026074409484863e+00 -2.063257694244384766e+00 -1.217603325843811035e+00 2.867847204208374023e+00 -5.070260524749755859e+00
-1.299937844276428223e+00 7.135750353336334229e-02 -9.501681476831436157e-02 2.553892374038696289e+00 -2.183969974517822266e+00 2.372636556625366211e+00 -3.603885889053344727e+00 7.604191303253173828e-01 -1.549509406089782715e+00 -1.937579751014709473e+00 -2.091628685593605042e-02 1.207366108894348145e+00 -1.759326338768005371e+00 3.219908714294433594e+00 -3.566794872283935547e+00
-2.090365886688232422e+00 1.495840311050415039e+00 1.988504052162170410e+00 -2.622599124908447266e+00 -9.304363131523132324e-01 -1.044246196746826172e+00 -7.145813107490539551e-01 -9.763438701629638672e-01 -1.239578604698181152e+00 4.183991253376007080e-02 3.139330387115478516e+00 -3.158701062202453613e-01 -1.608282685279846191e+00 1.541495203971862793e+00 -4.426321983337402344e+00
-3.386175394058227539e+00 4.006648361682891846e-01 -2.590459346771240234e+00 -4.703656136989593506e-01 -4.124339103698730469e+00 -1.275266051292419434e+00 -6.990601122379302979e-02 4.098232269287109375e+00 -2.933742284774780273e+00 -1.049429178237915039e+00 2.193382978439331055e+00 -2.857784271240234375e+00 -3.264147043228149414e-02 3.690312623977661133e+00 -4.409258842468261719e+00
-2.197820186614990234e+00 1.431249976158142090e+00 1.778406858444213867e+00 -2.682251930236816406e+00 -1.264602303504943848e+00 -7.023658752441406250e-01 2.341743558645248413e-01 3.518453836441040039e+00 1.940755963325500488e+00 -2.935959398746490479e-01 2.712937116622924805e+00 -6.546043753623962402e-01 1.478434205055236816e+00 5.215584278106689453e+00 -7.985740303993225098e-01
-1.468738913536071777e+00 -1.816232442855834961e+00 -1.863865703344345093e-01 -1.557412743568420410e+00 -1.396183729171752930e+00 1.005892038345336914e+00 -5.692447349429130554e-02 -6.751418113708496094e-01 -2.508281469345092773e-01 4.931365251541137695e-01 5.612554550170898438e-01 -1.042464256286621094e+00 -1.483110189437866211e+00 2.028091430664062500e+00 -2.379217147827148438e+00
-2.758150339126586914e+00 -3.277771949768066406e+00 1.329741239547729492e+00 -7.764545679092407227e-01 -3.037049055099487305e+00 9.550120234489440918e-01 6.192649602890014648e-01 5.863143205642700195e-01 1.949198722839355469e+00 9.652945399284362793e-01 -5.968033075332641602e-01 2.380184531211853027e-01 3.302266001701354980e-01 9.935502409934997559e-01 -2.954747915267944336e+00
1.712998032569885254e+00 1.149633288383483887e+00 1.175188183784484863e+00 -1.443121552467346191e+00 -9.949248433113098145e-01 2.137329578399658203e+00 7.485744357109069824e-01 1.667130708694458008e+00 1.193826436996459961e+00 -6.757675111293792725e-02 -7.022071629762649536e-02 -3.034663200378417969e-01 -5.913726687431335449e-01 4.902475833892822266e+00 -7.708307504653930664e-01
-2.313825845718383789e+00 -2.357957810163497925e-01 -5.754829645156860352e-01 -5.366697311401367188e-01 -4.318592548370361328e+00 1.718867421150207520e+00 1.172650337219238281e+00 9.183470010757446289e-01 -1.667137503623962402e+00 5.011174082756042480e-02 -2.059150040149688721e-01 -1.236188530921936035e+00 1.778716564178466797e+00 3.071168363094329834e-01 -2.281310081481933594e+00
-3.412321209907531738e-01 8.698560297489166260e-02 9.813100099563598633e-01 -5.073366165161132812e-01 -3.657902956008911133e+00 1.012208104133605957e+00 1.038029432296752930e+00 1.436789512634277344e+00 7.960727810859680176e-01 3.060491085052490234e+00 7.676082849502563477e-01 -1.253414511680603027e+00 2.278843164443969727e+00 3.300513505935668945e+00 -4.550489902496337891e+00
-3.331770658493041992e+00 1.613769650459289551e+00 -3.963634669780731201e-01 2.211901664733886719e+00 -9.923955798149108887e-01 2.643772065639495850e-01 1.958767622709274292e-01 2.296185016632080078e+00 -5.086125805974006653e-03 -5.373304486274719238e-01 1.589884042739868164e+00 -8.396294116973876953e-01 -1.026781439781188965e+00 1.903760194778442383e+00 -2.407732248306274414e+00
1.112289190292358398e+00 9.278635382652282715e-01 1.080493092536926270e+00 -3.070386350154876709e-01 -2.576058149337768555e+00 4.502116739749908447e-01 -7.289555072784423828e-01 1.426544904708862305e+00 4.451584443449974060e-02 -1.520102620124816895e+00 2.466494560241699219e+00 9.486429095268249512e-01 8.350199460983276367e-02 -1.010470986366271973e+00 -3.573629856109619141e+00
-2.241604804992675781e+00 3.607186973094940186e-01 5.125582814216613770e-01 -9.942609667778015137e-01 -1.818579554557800293e+00 -4.512037932872772217e-01 1.124762535095214844e+00 2.394678115844726562e+00 -1.258712410926818848e+00 -6.767802834510803223e-01 2.153482198715209961e+00 -2.731999397277832031e+00 2.256992578506469727e+00 3.947578191757202148e+00 -2.537342071533203125e+00
-1.439578890800476074e+00 2.287359714508056641e+00 1.499298214912414551e+00 -1.054305434226989746e+00 -4.561135768890380859e+00 -2.395455360412597656e+00 9.867517352104187012e-01 2.387934207916259766e+00 -1.238959193229675293e+00 1.918548703193664551e+00 8.091704249382019043e-01 -8.574311137199401855e-01 -1.309726715087890625e+00 5.007788658142089844e+00 -2.234409570693969727e+00
-1.856551647186279297e+00 -3.633358776569366455e-01 -1.657585263252258301e+00 3.209041833877563477e+00 -3.895636558532714844e+00 -6.342461705207824707e-02 8.489042520523071289e-01 2.303325176239013672e+00 -2.766847610473632812e+00 1.762583404779434204e-01 1.056886553764343262e+00 -1.054430246353149414e+00 1.215726971626281738e+00 5.109645366668701172e+00 -3.239018440246582031e+00
-1.531606793403625488e+00 5.467177033424377441e-01 -1.561107397079467773e+00 -2.309484481811523438e+00 -2.669026613235473633e+00 -1.645325779914855957e+00 1.192629218101501465e+00 7.795120477676391602e-01 7.269762754440307617e-01 -1.413411498069763184e+00 2.222230434417724609e-01 -2.473475456237792969e+00 1.106954455375671387e+00 2.411601543426513672e+00 -2.943884611129760742e+00
-4.346684932708740234e+00 3.581512212753295898e+00 1.435815930366516113e+00 -3.961348235607147217e-01 -3.033249139785766602e+00 -2.475986242294311523e+00 9.820387959480285645e-01 2.414180040359497070e+00 -3.426059484481811523e-01 1.980911850929260254e+00 1.164004325866699219e+00 -4.085229396820068359e+00 -2.081884860992431641e+00 1.445420622825622559e+00 -2.963245391845703125e+00
5.152021646499633789e-01 8.764476180076599121e-01 -9.710022211074829102e-01 1.552191376686096191e+00 -1.742128849029541016e+00 6.156694889068603516e-02 1.501012802124023438e+00 1.403295040130615234e+00 -2.599650621414184570e+00 -3.202622652053833008e+00 1.045118451118469238e+00 -6.137304902076721191e-01 1.428528547286987305e+00 2.191751003265380859e+00 -1.354214072227478027e+00
-2.079220294952392578e+00 3.428039789199829102e+00 -1.097165465354919434e+00 7.541894316673278809e-01 -1.865324378013610840e-01 1.215027213096618652e+00 -2.142253071069717407e-01 1.345598340034484863e+00 -4.013326644897460938e+00 1.162875771522521973e+00 3.374396085739135742e+00 -5.041616559028625488e-01 -2.362022876739501953e+00 1.531652569770812988e+00 -4.417066097259521484e+00
-7.289885282516479492e-01 -5.638162791728973389e-02 2.007699012756347656e+00 -4.216091156005859375e+00 -3.384282112121582031e+00 -6.407715678215026855e-01 1.405953407287597656e+00 4.099876880645751953e+00 -7.832167148590087891e-01 1.459359407424926758e+00 1.305404305458068848e-01 -1.620146632194519043e-01 3.088482022285461426e-01 2.155804157257080078e+00 -5.135805606842041016e+00
-1.673176407814025879e+00 -2.385817766189575195e+00 -1.261972427368164062e+00 3.061305522918701172e+00 -1.040139913558959961e+00 4.734133720397949219e+00 2.179566383361816406e+00 1.816686153411865234e+00 6.904802322387695312e-01 1.049956679344177246e+00 -1.218808367848396301e-01 9.153927564620971680e-01 2.092595338821411133e+00 7.051594257354736328e+00 -2.435037136077880859e+00
-3.548046588897705078e+00 2.965701222419738770e-01 1.480142354965209961e+00 6.785691976547241211e-01 -2.840750932693481445e+00 1.763890385627746582e+00 -1.345820546150207520e+00 -1.010453224182128906e+00 -1.944489359855651855e+00 -1.947243809700012207e+00 -5.840504541993141174e-02 1.067391037940979004e-01 -1.688263416290283203e-01 2.086435079574584961e+00 -3.919928073883056641e+00
-4.565494060516357422e-01 -3.981499373912811279e-01 2.697453260421752930e+00 4.627596437931060791e-01 -2.078922986984252930e+00 -4.141786098480224609e+00 2.274348020553588867e+00 -8.287844657897949219e-01 1.103419661521911621e-01 1.344825625419616699e+00 2.590447664260864258e+00 2.119046211242675781e+00 1.718592047691345215e+00 4.794677734375000000e+00 -1.647800326347351074e+00
-9.524987936019897461e-01 -1.620890736579895020e+00 -4.349924027919769287e-01 -3.599791228771209717e-01 -2.253870964050292969e+00 1.463555455207824707e+00 -4.058495521545410156e+00 1.440061569213867188e+00 -2.303709268569946289e+00 -5.166167020797729492e-01 1.173874020576477051e+00 7.913160920143127441e-01 -3.748047947883605957e-01 -6.306893229484558105e-01 -2.817744016647338867e+00
-2.056829690933227539e+00 -1.082844257354736328e+00 1.704928278923034668e+00 -1.410819768905639648e+00 -1.382513999938964844e+00 6.089898347854614258e-01 6.476685404777526855e-01 3.451707839965820312e+00 -6.908449530601501465e-02 3.453946113586425781e+00 4.231602191925048828e+00 9.144284129142761230e-01 1.549548268318176270e+00 4.590006351470947266e+00 -2.841588973999023438e+00
7.707378864288330078e-01 -2.680564224720001221e-01 7.930931448936462402e-01 8.217161893844604492e-01 -1.837798953056335449e-01 9.766684174537658691e-01 -3.114162683486938477e-01 8.087857961654663086e-01 -1.923314690589904785e+00 -1.507508873939514160e+00 9.687326550483703613e-01 5.432825684547424316e-01 -7.821500301361083984e-02 2.275408983230590820e+00 -2.467473030090332031e+00
2.049526929855346680e+00 3.998537361621856689e-01 6.251336932182312012e-01 8.207120299339294434e-01 -2.026111602783203125e+00 1.044233202934265137e+00 2.079211950302124023e+00 -1.438048720359802246e+00 -1.611979603767395020e-01 9.051916599273681641e-01 3.468554496765136719e+00 -9.860875606536865234e-01 -1.664805710315704346e-01 7.442390322685241699e-01 1.849308609962463379e-01
-8.969109654426574707e-01 -6.885420680046081543e-01 -6.774977594614028931e-02 -1.872615456581115723e+00 -1.217567086219787598e+00 -1.695727944374084473e+00 1.595184683799743652e+00 3.307543992996215820e+00 5.491405352950096130e-02 2.138997077941894531e+00 -1.850363492965698242e+00 -6.049931645393371582e-01 -1.147678494453430176e+00 3.456347703933715820e+00 -9.594899415969848633e-01
-2.637200355529785156e+00 2.273473262786865234e+00 2.451319456100463867e+00 -7.011088728904724121e-01 -9.837498068809509277e-01 8.536919951438903809e-01 -2.146299362182617188e+00 -1.196984529495239258e+00 4.021615386009216309e-01 -1.767873644828796387e+00 3.868738651275634766e+00 -2.660914659500122070e+00 -4.265534281730651855e-01 3.055256605148315430e+00 -9.872546195983886719e-01
-6.165705323219299316e-01 1.416969299316406250e+00 1.531581878662109375e+00 -3.227016329765319824e-01 -3.419328689575195312e+00 3.979603290557861328e+00 3.199229001998901367e+00 -7.285270690917968750e-01 2.863798618316650391e+00 4.057170450687408447e-02 3.800439119338989258e+00 -4.663859009742736816e-01 3.244568586349487305e+00 7.691199302673339844e+00 -5.779136657714843750e+00
-3.598771572113037109e+00 2.497573643922805786e-01 -2.229590654373168945e+00 4.656626284122467041e-01 -8.741351962089538574e-01 5.423837304115295410e-01 3.698598220944404602e-02 2.443731784820556641e+00 4.109103679656982422e-01 -6.809808015823364258e-01 -5.451400279998779297e-01 -1.736359119415283203e+00 7.833942174911499023e-01 3.343102216720581055e+00 -4.092671394348144531e+00
-6.267576217651367188e+00 -3.053003311157226562e+00 3.595838546752929688e+00 -2.241054534912109375e+00 -2.972427129745483398e+00 5.013075351715087891e+00 -1.290167450904846191e+00 6.861765384674072266e-01 5.650142431259155273e-01 -1.301412224769592285e+00 1.572890400886535645e+00 -3.486428499221801758e+00 2.559498310089111328e+00 4.094749927520751953e+00 -6.910770416259765625e+00
-4.208637237548828125e+00 1.975348591804504395e+00 1.125136733055114746e+00 -2.579194068908691406e+00 -3.531555891036987305e+00 3.057257413864135742e+00 -3.330434486269950867e-02 5.066771984100341797e+00 -5.015361681580543518e-02 -1.357870578765869141e+00 4.524554729461669922e+00 -3.303156495094299316e-01 4.039121270179748535e-01 5.823810577392578125e+00 -4.252194881439208984e+00
-1.329338550567626953e+00 -1.087864518165588379e+00 4.423306941986083984e+00 -4.685971260070800781e+00 -3.035045862197875977e+00 1.594983220100402832e+00 2.591243028640747070e+00 -2.810944795608520508e+00 4.041558504104614258e-01 -2.418545335531234741e-01 2.173027515411376953e+00 2.616399526596069336e-01 1.224568605422973633e+00 6.221280574798583984e+00 -3.136581659317016602e+00
-1.994844555854797363e+00 -2.742110252380371094e+00 2.025068283081054688e+00 -4.413701534271240234e+00 -6.996305942535400391e+00 -1.612646281719207764e-01 -8.069654703140258789e-01 1.300614476203918457e+00 -1.694290637969970703e-01 -3.266592025756835938e+00 -2.573774814605712891e+00 -9.547188282012939453e-01 -2.221960544586181641e+00 1.939070701599121094e+00 -5.105509281158447266e+00
-2.721279382705688477e+00 1.289905190467834473e+00 3.528343200683593750e+00 -2.855362892150878906e+00 -3.485415458679199219e+00 -1.310141324996948242e+00 -8.949910402297973633e-01 -3.153682649135589600e-01 -3.886734247207641602e-01 -1.136635184288024902e+00 1.290369033813476562e-01 -1.567071437835693359e+00 -1.132887005805969238e+00 2.968591690063476562e+00 -6.047220230102539062e+00
-3.160831928253173828e+00 1.389291167259216309e+00 4.818893671035766602e-01 1.367680132389068604e-01 -2.177486181259155273e+00 6.308088302612304688e-01 5.282468795776367188e-01 2.944206953048706055e+00 1.782965660095214844e+00 -3.962944447994232178e-01 5.617433413863182068e-02 -8.657331466674804688e-01 1.259670853614807129e+00 4.229785442352294922e+00 -1.194504380226135254e+00
-1.523305058479309082e+00 1.409170508384704590e+00 2.077651023864746094e+00 8.998860120773315430e-01 -4.295133590698242188e+00 1.579181313514709473e+00 3.888656139373779297e+00 8.440466880798339844e+00 -2.481450557708740234e+00 1.521054744720458984e+00 3.040530681610107422e+00 -1.916013717651367188e+00 -1.301767706871032715e+00 1.186837077140808105e+00 -1.175173997879028320e+00
-3.085262537002563477e+00 1.356452345848083496e+00 -2.527825593948364258e+00 -1.034946441650390625e+00 -2.998361349105834961e+00 -1.143809676170349121e+00 1.489582777023315430e+00 4.836729526519775391e+00 -5.906248688697814941e-01 7.338206171989440918e-01 -2.758090496063232422e-01 -5.003498196601867676e-01 -1.274070858955383301e+00 2.020636796951293945e+00 -2.694110393524169922e+00
-2.141986131668090820e+00 7.822921872138977051e-01 1.537013530731201172e+00 2.392060518264770508e+00 -2.197053909301757812e+00 1.115201354026794434e+00 -3.161949396133422852e+00 1.591549992561340332e+00 -3.111355304718017578e-01 -1.401822090148925781e+00 2.820740222930908203e+00 -3.370378494262695312e+00 -1.376212835311889648e-01 2.203950881958007812e+00 -2.808849096298217773e+00
1.240633368492126465e+00 -2.000573396682739258e+00 1.940839529037475586e+00 -1.055077075958251953e+00 -2.912204504013061523e+00 -9.095811843872070312e-01 -1.935441642999649048e-01 2.152154594659805298e-01 1.606578230857849121e+00 -1.974997639656066895e+00 -9.517658501863479614e-02 1.848551273345947266e+00 1.564017772674560547e+00 3.588920831680297852e+00 -3.401042461395263672e+00
3.053460121154785156e-01 3.101981580257415771e-01 3.512047827243804932e-01 -7.365987896919250488e-01 1.300482988357543945e+00 8.571739792823791504e-01 4.504899978637695312e-01 2.068973928689956665e-01 -1.431928396224975586e+00 4.775199890136718750e+00 3.248398303985595703e-01 9.684094786643981934e-01 -2.701268434524536133e+00 4.688931941986083984e+00 -6.339622974395751953e+00
-6.416501045227050781e+00 1.148199796676635742e+00 -7.269020080566406250e-01 3.533129394054412842e-01 -1.791266441345214844e+00 3.944220781326293945e+00 -6.947470903396606445e-01 4.510608196258544922e+00 -1.599601149559020996e+00 -2.999747514724731445e+00 2.019848108291625977e+00 -3.355961665511131287e-02 2.922128200531005859e+00 6.900054454803466797e+00 -3.629098415374755859e+00
-8.160712122917175293e-01 6.478170752525329590e-01 -3.607819974422454834e-01 -1.449437499046325684e+00 4.377934150397777557e-03 8.352458477020263672e-01 -7.118079662322998047e-01 3.626933097839355469e+00 1.004494428634643555e+00 -3.576780557632446289e-01 1.069501042366027832e+00 -1.083463907241821289e+00 1.268235445022583008e+00 2.615916490554809570e+00 -2.471577405929565430e+00
-3.223758220672607422e+00 2.739139556884765625e+00 3.248491287231445312e-01 -8.362483978271484375e-01 -4.136795997619628906e+00 -7.140247821807861328e-01 2.265733957290649414e+00 9.975926876068115234e-01 -2.932091951370239258e-01 7.311615943908691406e-01 1.318428397178649902e+00 -3.857173919677734375e+00 -4.960221290588378906e+00 1.349186539649963379e+00 -3.581498146057128906e+00
-1.542306900024414062e+00 4.614894390106201172e+00 1.303541421890258789e+00 -3.742191076278686523e+00 -3.249264001846313477e+00 1.962897419929504395e+00 1.596304655075073242e+00 8.871254920959472656e-01 1.717445850372314453e+00 -1.223215222358703613e+00 2.353734254837036133e+00 -1.171349287033081055e+00 -1.277061223983764648e+00 5.466732025146484375e+00 -5.519283771514892578e+00
-3.147209882736206055e+00 -2.408961504697799683e-01 -1.425987243652343750e+00 2.708148062229156494e-01 -1.528695940971374512e+00 4.128861427307128906e+00 3.473826646804809570e+00 3.925559997558593750e+00 -2.334513187408447266e+00 5.525845289230346680e-01 2.884235382080078125e+00 5.080378651618957520e-01 8.719336390495300293e-01 1.927794933319091797e+00 -2.263267993927001953e+00
-1.097696185111999512e+00 -4.151540100574493408e-01 -8.659367561340332031e-01 -4.115155637264251709e-01 -9.427646994590759277e-01 -6.863470673561096191e-01 -1.907726049423217773e+00 2.055826902389526367e+00 -3.400307893753051758e+00 1.372696876525878906e+00 1.794433951377868652e+00 1.718251109123229980e-01 1.754198670387268066e+00 2.552400827407836914e+00 -3.249303340911865234e+00
-1.674767255783081055e+00 2.910001039505004883e+00 5.959860324859619141e+00 2.804820835590362549e-01 -7.086809158325195312e+00 -2.503649473190307617e+00 4.619313240051269531e+00 3.331794977188110352e+00 -4.429488658905029297e+00 -2.675191402435302734e+00 7.326355457305908203e+00 -2.647186040878295898e+00 -2.997434616088867188e+00 -2.115918874740600586e+00 -1.686147212982177734e+00
-4.524737358093261719e+00 2.136166095733642578e+00 9.002096652984619141e-01 -7.143094539642333984e-01 -9.565357565879821777e-01 1.423198938369750977e+00 -2.751502394676208496e-01 1.625998377799987793e+00 1.267277836799621582e+00 -1.892051935195922852e+00 2.444491624832153320e+00 -8.020399808883666992e-01 -1.020735144615173340e+00 2.159285306930541992e+00 -4.537228107452392578e+00
-1.771580338478088379e+00 1.300791859626770020e+00 6.662150472402572632e-02 1.670162200927734375e+00 -3.840301275253295898e+00 2.441326379776000977e+00 6.298009753227233887e-01 1.411666274070739746e+00 2.043440580368041992e+00 8.798852562904357910e-01 1.377387881278991699e+00 -2.593712806701660156e+00 -1.039181232452392578e+00 2.845147848129272461e+00 -2.549788236618041992e+00
-6.481388807296752930e-01 -2.176215648651123047e+00 2.718194246292114258e+00 -1.168244957923889160e+00 -2.039017438888549805e+00 -7.130033373832702637e-01 1.460323214530944824e+00 2.503847360610961914e+00 1.154122352600097656e-01 -6.213407516479492188e-01 3.162585258483886719e+00 -2.262504577636718750e+00 7.013142704963684082e-01 7.559061527252197266e+00 -1.435025691986083984e+00
-2.319010972976684570e+00 1.904354929924011230e+00 -2.247924327850341797e+00 2.918242692947387695e+00 -1.523759722709655762e+00 6.136013865470886230e-01 2.497514486312866211e+00 6.923263072967529297e-01 1.200336933135986328e+00 1.102998614311218262e+00 -8.707888126373291016e-01 -1.720811843872070312e+00 2.199730575084686279e-01 2.873486042022705078e+00 -9.450202584266662598e-01
-2.779823541641235352e-01 1.110580712556838989e-01 -9.484862089157104492e-01 4.345897197723388672e+00 6.415826082229614258e-01 1.199502825736999512e+00 2.025760412216186523e+00 2.487457275390625000e+00 6.002754569053649902e-01 -2.146089076995849609e+00 -1.406315565109252930e+00 -1.393489837646484375e+00 1.302441358566284180e+00 3.574403285980224609e+00 7.954428791999816895e-01
2.114232629537582397e-01 6.600310206413269043e-01 -8.463755846023559570e-01 -7.310611009597778320e-02 1.233537912368774414e+00 2.678918540477752686e-01 7.611178159713745117e-01 -2.975043296813964844e+00 -1.044204115867614746e+00 6.657858490943908691e-01 -5.030963420867919922e-01 9.927358031272888184e-01 5.727831721305847168e-01 -9.695225358009338379e-01 -2.094720602035522461e+00
-6.459879875183105469e-01 -2.111846923828125000e+00 1.406331419944763184e+00 -7.450725436210632324e-01 -2.074290037155151367e+00 -4.465084075927734375e-01 -5.304975509643554688e-01 -7.046784162521362305e-01 1.115380883216857910e+00 -9.752508997917175293e-01 -1.567318797111511230e+00 -1.001973628997802734e+00 9.336866736412048340e-01 2.999950170516967773e+00 -1.135480761528015137e+00
3.305536031723022461e+00 3.780179738998413086e+00 1.217130899429321289e+00 5.250699520111083984e-01 -4.676591873168945312e+00 5.274638533592224121e-02 4.437884092330932617e-01 3.804563045501708984e+00 -1.453031897544860840e+00 -9.778029918670654297e-01 -1.477930307388305664e+00 -1.428452134132385254e+00 6.472879052162170410e-01 1.672770857810974121e+00 -2.047356605529785156e+00
-4.492498397827148438e+00 9.019927121698856354e-03 2.025333642959594727e+00 -7.955163717269897461e-01 -5.624366760253906250e+00 -3.981368243694305420e-01 -4.100500345230102539e-01 2.766619920730590820e+00 1.411548018455505371e+00 6.736127138137817383e-01 2.577630758285522461e+00 -7.178031802177429199e-01 -1.866731405258178711e+00 1.013478636741638184e+00 -4.801939010620117188e+00
2.000515460968017578e-01 -2.374298423528671265e-01 1.337977051734924316e+00 -1.194281578063964844e-01 -1.113422870635986328e+00 1.417048692703247070e+00 1.445357322692871094e+00 1.304599761962890625e+00 -2.153417766094207764e-01 -9.607304632663726807e-02 2.371220350265502930e+00 -1.595957279205322266e+00 -8.640120625495910645e-01 2.379560708999633789e+00 3.142576515674591064e-01
-1.372647523880004883e+00 5.410905480384826660e-01 6.757212877273559570e-01 -2.919975757598876953e+00 9.800651669502258301e-01 1.357344031333923340e+00 1.140774965286254883e+00 5.065127015113830566e-01 1.051662206649780273e+00 -3.067099094390869141e+00 -3.683181107044219971e-01 -8.976256251335144043e-01 9.207621216773986816e-01 4.990605354309082031e+00 -3.496261119842529297e+00
1.816322565078735352e+00 -3.576581180095672607e-02 5.716276168823242188e-01 -3.493153333663940430e+00 -3.045232057571411133e+00 2.464224398136138916e-01 2.579855203628540039e+00 3.224412500858306885e-01 1.183992862701416016e+00 -7.591562271118164062e-01 1.494701385498046875e+00 -7.104126811027526855e-01 -1.689686477184295654e-01 6.424366950988769531e+00 -1.999711394309997559e+00
-1.619024395942687988e+00 2.140760660171508789e+00 -5.749852657318115234e-01 6.110820174217224121e-02 -1.902548432350158691e+00 -1.651755452156066895e+00 1.951551437377929688e+00 -9.929023385047912598e-01 -1.268740534782409668e+00 4.339200854301452637e-01 2.783401966094970703e+00 1.541678071022033691e+00 -4.870988726615905762e-01 2.463087797164916992e+00 -1.600898027420043945e+00
-4.217038750648498535e-01 -6.203871369361877441e-01 2.292869240045547485e-01 -6.452773809432983398e-01 -3.659069538116455078e+00 3.679507017135620117e+00 -1.653178215026855469e+00 -7.102250456809997559e-01 7.118836641311645508e-01 -1.110224246978759766e+00 1.839124321937561035e+00 9.104171395301818848e-01 -5.582964420318603516e-01 2.719228029251098633e+00 -3.853075265884399414e+00
-7.756810784339904785e-01 9.037585556507110596e-02 -2.995851993560791016e+00 -1.085315644741058350e-01 -3.747595071792602539e+00 -2.209233760833740234e+00 1.743236780166625977e+00 1.059962630271911621e+00 -1.787107348442077637e+00 -2.718132257461547852e+00 1.330609083175659180e+00 -5.477466583251953125e-01 -1.545538902282714844e+00 5.248954772949218750e+00 -1.780899643898010254e+00
-1.712104797363281250e+00 9.452478028833866119e-03 5.058565139770507812e-01 9.898391962051391602e-01 -4.198878765106201172e+00 2.732416629791259766e+00 -6.765034198760986328e-01 -2.442957013845443726e-01 -1.018245100975036621e+00 -2.226168632507324219e+00 3.024148702621459961e+00 -6.732135415077209473e-01 -1.794616460800170898e+00 3.918802022933959961e+00 -6.984373092651367188e+00
-6.863263845443725586e-01 -1.452064514160156250e+00 -1.649947524070739746e+00 3.183256685733795166e-01 -2.347203731536865234e+00 -1.841345429420471191e-02 2.582254648208618164e+00 2.026617527008056641e+00 -7.635785639286041260e-02 9.829524755477905273e-01 3.077939152717590332e-01 2.061620950698852539e+00 3.505238533020019531e+00 3.615276575088500977e+00 -2.595574617385864258e+00
-2.530008554458618164e+00 4.370842874050140381e-01 2.196034342050552368e-01 2.640086710453033447e-01 -3.390541315078735352e+00 1.236883163452148438e+00 1.770442247390747070e+00 2.583004236221313477e+00 -5.227351561188697815e-02 -2.427484989166259766e+00 1.712205410003662109e+00 -2.820639014244079590e-01 -2.698036432266235352e-01 2.239072561264038086e+00 -3.452079534530639648e+00
1.225205302238464355e+00 3.842307806015014648e+00 -3.108544349670410156e+00 -3.837075531482696533e-01 -3.629655122756958008e+00 -1.639474391937255859e+00 8.107253313064575195e-01 2.970588803291320801e-01 -2.915378808975219727e+00 1.517430692911148071e-01 -1.804697513580322266e+00 6.778478026390075684e-01 1.349855065345764160e-01 3.729435682296752930e+00 -1.455889344215393066e+00
-3.388945817947387695e+00 -3.052001297473907471e-01 8.889047503471374512e-01 9.202239513397216797e-01 -3.121113300323486328e+00 4.548819065093994141e+00 5.878385305404663086e-01 2.690370321273803711e+00 -3.120112657546997070e+00 2.509083509445190430e+00 -1.347050547599792480e+00 4.610859155654907227e-01 -2.473786473274230957e-01 2.625414133071899414e+00 -2.248509645462036133e+00
-1.949807047843933105e+00 1.937255859375000000e+00 -5.551900863647460938e-01 -1.372932672500610352e+00 -4.025537967681884766e+00 2.276650667190551758e+00 1.508682817220687866e-01 2.345573663711547852e+00 -2.233278751373291016e+00 2.420488834381103516e+00 2.785962343215942383e+00 -8.141062855720520020e-01 -9.962543845176696777e-02 3.427061319351196289e+00 -4.378038883209228516e+00
-3.040736198425292969e+00 3.751186132431030273e+00 1.898244380950927734e+00 7.268246412277221680e-01 -2.277013063430786133e-01 -3.176292777061462402e-02 3.256817102432250977e+00 5.836507678031921387e-01 3.425463661551475525e-02 4.624419212341308594e+00 7.124329209327697754e-01 -2.238786697387695312e+00 -9.176083207130432129e-01 1.796198010444641113e+00 -1.856845974922180176e+00
-3.012914419174194336e+00 8.849976658821105957e-01 1.137538194656372070e+00 9.270981550216674805e-01 -3.120979070663452148e+00 -1.750545501708984375e+00 1.703795433044433594e+00 -1.432773947715759277e+00 -3.897475004196166992e-01 2.146495819091796875e+00 2.014815568923950195e+00 -2.251602888107299805e+00 -2.602493524551391602e+00 3.320543766021728516e+00 -5.863856792449951172e+00
1.639410257339477539e-01 -1.368147730827331543e+00 -2.589404582977294922e+00 1.064681887626647949e+00 -4.691604614257812500e+00 -9.035406708717346191e-01 -4.075607776641845703e+00 2.152139425277709961e+00 5.515123605728149414e-01 -1.865534305572509766e+00 3.335063457489013672e-01 2.874989509582519531e+00 -1.038615107536315918e+00 5.170818805694580078e+00 -2.542287349700927734e+00
3.763735890388488770e-01 -2.114281654357910156e+00 1.371114611625671387e+00 8.567912578582763672e-01 -1.762272715568542480e+00 2.649791717529296875e+00 -2.224167585372924805e+00 1.834395885467529297e+00 -3.346270799636840820e+00 -1.719328761100769043e+00 1.424106359481811523e-01 -6.405806541442871094e-02 8.761687874794006348e-01 2.430974006652832031e+00 -3.529155731201171875e+00
-5.289085865020751953e+00 3.488555431365966797e+00 9.770983457565307617e-01 -2.046599388122558594e+00 -2.278017044067382812e+00 2.642020225524902344e+00 2.255430936813354492e+00 4.182628631591796875e+00 8.987462520599365234e-02 3.828263282775878906e+00 2.538095235824584961e+00 -7.110860943794250488e-01 8.407941460609436035e-01 4.774446964263916016e+00 -6.830820560455322266e+00
-2.670960426330566406e+00 -1.133723706007003784e-01 4.479833543300628662e-01 2.516854286193847656e+00 -2.089891195297241211e+00 1.151467204093933105e+00 -7.717528939247131348e-01 3.259807586669921875e+00 -3.713942289352416992e+00 -8.146434426307678223e-01 -4.626296758651733398e-01 -1.760298728942871094e+00 -8.832132816314697266e-02 1.441514492034912109e+00 -3.665866613388061523e+00
-3.194620370864868164e+00 4.729361534118652344e+00 3.432611465454101562e+00 -4.351609230041503906e+00 -1.751609921455383301e+00 1.136333346366882324e+00 9.859455823898315430e-01 5.041826725006103516e+00 4.755448922514915466e-02 1.558216452598571777e+00 6.823061704635620117e-01 -5.860175132751464844e+00 -3.426141262054443359e+00 2.399183273315429688e+00 -3.027105927467346191e-01
-2.092334508895874023e+00 6.530828773975372314e-02 -1.484443426132202148e+00 5.682525038719177246e-02 -1.815010905265808105e+00 4.345889091491699219e+00 4.324857890605926514e-01 4.098999977111816406e+00 -1.649772644042968750e+00 -2.352149963378906250e+00 2.551883697509765625e+00 -3.107682704925537109e+00 -9.761506915092468262e-01 6.155102729797363281e+00 -3.053171634674072266e+00
4.869952797889709473e-01 9.036149382591247559e-01 9.454003572463989258e-01 -7.617073059082031250e-01 -3.262152433395385742e+00 7.151350378990173340e-02 1.289813369512557983e-01 -2.247964143753051758e+00 -1.616409897804260254e+00 1.289644986391067505e-01 1.916311681270599365e-01 -7.672575712203979492e-01 -3.583872318267822266e-01 2.272949695587158203e+00 -2.239192962646484375e+00
-3.026197671890258789e+00 -2.731030881404876709e-01 -1.240906476974487305e+00 -5.529878139495849609e-01 -4.084241867065429688e+00 3.930557072162628174e-01 2.649822473526000977e+00 5.150374174118041992e-01 3.422925174236297607e-01 6.310205459594726562e-01 1.363064169883728027e+00 -2.521204762160778046e-02 1.800398468971252441e+00 2.815479755401611328e+00 -1.854401469230651855e+00
-9.955508708953857422e-01 -6.256433129310607910e-01 7.891802787780761719e-01 -2.947909533977508545e-01 -2.656806945800781250e+00 -1.598127007484436035e+00 -3.980605304241180420e-01 3.384738445281982422e+00 -6.845954060554504395e-02 -8.720425367355346680e-01 1.293841123580932617e+00 2.624220550060272217e-01 8.160772919654846191e-01 3.931128740310668945e+00 -3.643647432327270508e+00
-3.918081045150756836e+00 -7.973397374153137207e-01 -1.124869942665100098e+00 2.045257329940795898e+00 -2.215104818344116211e+00 2.308637857437133789e+00 3.556703329086303711e-01 7.885021567344665527e-01 -3.613385438919067383e+00 -1.559241209179162979e-02 7.192708849906921387e-01 -5.516070723533630371e-01 -9.495466947555541992e-02 3.234673261642456055e+00 -4.582446575164794922e+00
-1.761760592460632324e+00 1.543098688125610352e+00 1.836486339569091797e+00 -9.848432540893554688e-01 -8.756623864173889160e-01 -1.358615040779113770e+00 2.330891847610473633e+00 -7.800887227058410645e-01 1.208504848182201385e-02 4.479398131370544434e-01 1.063257694244384766e+00 -1.077292203903198242e+00 1.313965320587158203e-01 3.332291603088378906e+00 -3.284047126770019531e+00
-5.654346346855163574e-01 3.954717397689819336e+00 -3.749896049499511719e+00 -2.328871250152587891e+00 -1.112516880035400391e+00 1.499103784561157227e+00 -4.137516021728515625e-01 1.442943334579467773e+00 4.913051128387451172e-01 -9.818142652511596680e-01 2.357964277267456055e+00 -9.511598944664001465e-01 -2.536469936370849609e+00 3.073636293411254883e+00 -1.816144824028015137e+00
-1.842924118041992188e+00 1.468171626329421997e-01 1.397060871124267578e+00 2.461272925138473511e-01 -2.108914852142333984e+00 -9.763507246971130371e-01 2.667631387710571289e+00 2.407354116439819336e+00 1.364462375640869141e-01 4.890525341033935547e-01 8.118406534194946289e-01 -7.269855737686157227e-01 1.201997637748718262e+00 3.478103876113891602e+00 -3.312459707260131836e+00
-1.107186794281005859e+00 -3.252188861370086670e-02 3.789424419403076172e+00 4.949218332767486572e-01 -1.772207021713256836e+00 1.790523171424865723e+00 -8.522361516952514648e-01 -1.061432138085365295e-01 -1.023254990577697754e+00 9.942845106124877930e-01 4.263004779815673828e+00 -2.163408517837524414e+00 4.034763574600219727e-01 1.627546191215515137e+00 -3.040100097656250000e+00
-1.242604374885559082e+00 -1.226596474647521973e+00 8.326342105865478516e-01 -1.918503999710083008e+00 -1.607870101928710938e+00 4.178107976913452148e-01 -1.060813188552856445e+00 2.031409293413162231e-01 1.834705710411071777e+00 -2.387425422668457031e+00 -2.884225249290466309e-01 5.253351926803588867e-01 5.414089560508728027e-01 1.853632569313049316e+00 -4.298275470733642578e+00
6.691991090774536133e-01 1.986253499984741211e+00 -2.000321596860885620e-01 -8.897122144699096680e-01 -1.265698194503784180e+00 -9.278883934020996094e-01 5.949422121047973633e-01 9.735881090164184570e-01 -9.212658405303955078e-01 -7.833250761032104492e-01 6.384735107421875000e-01 -3.124709367752075195e+00 -1.731757760047912598e+00 2.740232944488525391e+00 1.174800917506217957e-01
-3.228770494461059570e+00 2.693741083145141602e+00 1.083220124244689941e+00 1.853326439857482910e+00 -3.157879590988159180e+00 1.206119656562805176e+00 7.136152386665344238e-01 5.517873764038085938e-01 -8.821128606796264648e-01 -2.019793510437011719e+00 2.192632436752319336e+00 -9.498832821846008301e-01 4.275061190128326416e-01 2.614778041839599609e+00 -2.861590623855590820e+00
-2.210109710693359375e+00 3.746553659439086914e-01 1.801812291145324707e+00 -1.427227258682250977e+00 1.763618350028991699e+00 -8.941897749900817871e-02 4.935398101806640625e-01 4.606398582458496094e+00 -9.999157190322875977e-01 -6.514562368392944336e-01 4.372601032257080078e+00 -1.360715031623840332e+00 -2.208949327468872070e+00 1.834983229637145996e+00 -3.852195501327514648e+00
-4.700440764427185059e-01 1.199221014976501465e+00 2.010123252868652344e+00 -1.586521744728088379e+00 -2.904886484146118164e+00 1.750675320625305176e+00 -5.110607147216796875e-01 -1.072201505303382874e-01 3.067528486251831055e+00 -4.727394580841064453e-01 -5.204894542694091797e-01 -1.018674850463867188e+00 -6.259959936141967773e-01 4.743043422698974609e+00 -2.213135242462158203e+00
-1.851928949356079102e+00 -1.055433154106140137e+00 -6.919345855712890625e-01 -1.446688413619995117e+00 -4.545154571533203125e+00 1.573834657669067383e+00 5.668098926544189453e-01 3.072307109832763672e+00 4.282884001731872559e-01 -1.540841698646545410e+00 1.751632213592529297e+00 -4.660186171531677246e-01 -2.150830745697021484e+00 4.029372215270996094e+00 -4.420159339904785156e+00
-2.064090251922607422e+00 1.496523499488830566e+00 -1.871833920478820801e+00 -3.048389256000518799e-01 -4.817847251892089844e+00 -1.157146811485290527e+00 -1.799990415573120117e+00 2.648945808410644531e+00 -3.010722637176513672e+00 1.464156746864318848e+00 -1.997734427452087402e+00 -7.321789860725402832e-01 -1.585661172866821289e-01 1.042520165443420410e+00 -3.583343744277954102e+00
-5.504207611083984375e+00 3.097372055053710938e-01 -2.666417121887207031e+00 5.892887592315673828e+00 -1.242422461509704590e-01 2.200483560562133789e+00 2.867387294769287109e+00 2.999355554580688477e+00 1.155722379684448242e+00 -4.575446844100952148e-01 5.207722187042236328e-01 -1.496678590774536133e+00 -4.028030872344970703e+00 -2.931911051273345947e-01 -8.053728103637695312e+00
-2.097159385681152344e+00 -3.664019405841827393e-01 2.501823902130126953e+00 -2.823339402675628662e-01 -4.003376960754394531e+00 -1.866625428199768066e+00 5.609414577484130859e-01 1.860566139221191406e+00 1.494420647621154785e+00 -2.709336042404174805e+00 1.516641974449157715e+00 -3.943784713745117188e+00 -2.620407104492187500e+00 4.167668819427490234e+00 -1.873575568199157715e+00
3.496420383453369141e-01 5.276697278022766113e-01 3.663882315158843994e-01 -5.096913337707519531e+00 -4.130977392196655273e-01 -1.462811470031738281e+00 1.995715260505676270e+00 4.367064833641052246e-01 -1.737762928009033203e+00 7.267729043960571289e-01 -2.938962355256080627e-02 -1.277694225311279297e+00 -8.588203191757202148e-01 2.072292566299438477e+00 -3.463504314422607422e+00
-4.448601901531219482e-01 -6.130497157573699951e-02 1.157482028007507324e+00 1.542707204818725586e+00 -1.511635780334472656e+00 -4.786341264843940735e-02 -1.671656012535095215e+00 1.834794759750366211e+00 -2.723819255828857422e+00 -1.065963983535766602e+00 9.744988679885864258e-01 -4.326642751693725586e-01 2.440717935562133789e+00 2.740861177444458008e+00 -3.239717721939086914e+00
-2.413438081741333008e+00 4.676533639430999756e-01 -7.281717061996459961e-01 1.732189178466796875e+00 -6.492100656032562256e-02 4.433257579803466797e+00 2.573247194290161133e+00 2.558517456054687500e+00 -3.866071105003356934e-01 1.219339370727539062e+00 1.608491539955139160e+00 -9.485613703727722168e-01 -2.522026598453521729e-01 1.378593802452087402e+00 -8.904507160186767578e-01
-3.541898727416992188e-02 2.045587539672851562e+00 2.985940314829349518e-02 1.397933125495910645e+00 -3.682463169097900391e-01 -2.827936887741088867e+00 1.758568644523620605e+00 1.128727674484252930e+00 1.591362476348876953e+00 -2.754467725753784180e-01 1.860941767692565918e+00 -2.328830957412719727e+00 -2.308596849441528320e+00 2.188681125640869141e+00 2.602469362318515778e-02
-3.397229909896850586e+00 7.574642896652221680e-01 2.448955059051513672e+00 -2.018635511398315430e+00 -1.708761096000671387e+00 7.351354360580444336e-01 3.851926803588867188e+00 2.580613136291503906e+00 7.411522269248962402e-01 3.230223178863525391e+00 2.302751779556274414e+00 -4.809208214282989502e-01 -6.776999235153198242e-01 2.728880643844604492e+00 -3.283882617950439453e+00
