3.604079782962799072e-01 -6.560649871826171875e-01 -2.264512062072753906e+00 -3.775355517864227295e-01 -1.035896420478820801e+00
-2.620882987976074219e-01 -5.579469203948974609e-01 1.312410831451416016e+00 -9.700228571891784668e-01 -6.819429993629455566e-01
2.415096908807754517e-01 1.262973904609680176e+00 -2.427055358886718750e+00 -6.288614869117736816e-01 -3.497115373611450195e+00
2.522213459014892578e+00 -1.223662376403808594e+00 -5.147825241088867188e+00 1.842704057693481445e+00 -3.288897275924682617e+00
-1.271025061607360840e+00 -3.978133678436279297e+00 -1.059310913085937500e+00 -4.346691071987152100e-01 -2.273235559463500977e+00
-2.551812171936035156e+00 -2.346686124801635742e+00 -2.249532222747802734e+00 -4.612895965576171875e+00 -2.748959302902221680e+00
-9.969332218170166016e-01 -1.543992757797241211e+00 -2.888783216476440430e+00 -2.635036468505859375e+00 -2.190651178359985352e+00
1.267812967300415039e+00 -1.420110940933227539e+00 -2.243202209472656250e+00 -4.386858046054840088e-01 -6.376616954803466797e-01
6.784851551055908203e-01 -1.714261054992675781e+00 -5.621334552764892578e+00 1.998567581176757812e+00 -2.530666112899780273e+00
8.450298309326171875e-01 -3.212746858596801758e+00 -6.953521966934204102e-01 -1.180584549903869629e+00 -3.192029953002929688e+00
1.227019190788269043e+00 -7.605946660041809082e-01 -2.886102199554443359e-01 -2.174302339553833008e+00 -5.424779057502746582e-01
-5.585250854492187500e-01 -1.938010573387145996e+00 -2.319062709808349609e+00 -1.095233082771301270e+00 -2.210965156555175781e-01
1.135884284973144531e+00 -5.642586708068847656e+00 -3.629269599914550781e+00 -1.624982357025146484e+00 -2.457764863967895508e+00
1.361463665962219238e+00 -4.454581260681152344e+00 -3.233912467956542969e+00 2.525367498397827148e+00 1.702332735061645508e+00
1.936505079269409180e+00 -4.296315193176269531e+00 4.664556980133056641e-01 5.077823996543884277e-01 -1.534944295883178711e+00
8.644236326217651367e-01 -4.200175285339355469e+00 5.405499935150146484e-01 -9.187945723533630371e-01 1.796630620956420898e+00
-2.551582753658294678e-01 -5.840490818023681641e+00 8.832153081893920898e-01 1.545697689056396484e+00 -3.986318588256835938e+00
-1.305039882659912109e+00 -5.598598480224609375e+00 -1.224011182785034180e+00 -2.631567716598510742e+00 -1.063408255577087402e+00
1.165773153305053711e+00 -4.841047286987304688e+00 1.140669822692871094e+00 -1.760897636413574219e+00 -3.115971803665161133e+00
-1.918171495199203491e-01 -2.202152013778686523e+00 -9.591591358184814453e-01 -4.273575305938720703e+00 -2.852024078369140625e+00
-5.854676663875579834e-02 -2.630920648574829102e+00 2.618132829666137695e+00 3.622502088546752930e+00 2.369913339614868164e+00
-2.230973720550537109e+00 -1.940112709999084473e+00 1.429814457893371582e+00 -1.575648784637451172e+00 -2.370896100997924805e+00
7.970589399337768555e-01 -9.937040209770202637e-01 3.361952304840087891e-01 1.762914180755615234e+00 1.569246411323547363e+00
3.204717397689819336e+00 -2.633752346038818359e+00 9.029981493949890137e-01 4.580048322677612305e-01 -5.780917644500732422e+00
2.250133037567138672e+00 -1.677953481674194336e+00 9.933875203132629395e-01 1.416384458541870117e+00 -1.881739616394042969e+00
9.816690087318420410e-01 -1.126449346542358398e+00 5.837584286928176880e-02 -1.983984589576721191e+00 4.649015665054321289e-01
-1.179867863655090332e+00 -2.982244014739990234e+00 8.200130462646484375e-01 1.243707656860351562e+00 -1.895488500595092773e+00
3.947364568710327148e+00 -2.226288318634033203e+00 7.380178570747375488e-01 9.097650647163391113e-02 -6.529890298843383789e-01
1.236294150352478027e+00 -2.308247804641723633e+00 1.898025751113891602e+00 -6.489980816841125488e-01 -2.530447006225585938e+00
1.988637596368789673e-01 -3.221585273742675781e+00 -2.087905168533325195e+00 -9.230343699455261230e-01 -3.172350302338600159e-02
-1.448169112205505371e+00 -1.568287611007690430e+00 -6.675027608871459961e-01 2.778936862945556641e+00 -4.015274047851562500e+00
3.792057931423187256e-02 -2.020262479782104492e+00 -8.096893429756164551e-01 2.274862527847290039e+00 -1.308811068534851074e+00
1.444597125053405762e+00 -2.234888792037963867e+00 -9.003546833992004395e-01 1.037511322647333145e-02 -1.891188621520996094e+00
2.673609733581542969e+00 -4.107257843017578125e+00 -7.203230857849121094e-01 5.426399707794189453e-01 -3.443485498428344727e-01
3.072751045227050781e+00 -4.083462655544281006e-01 -1.328065514564514160e+00 2.841090440750122070e+00 -6.497043371200561523e-01
3.828361034393310547e+00 -3.041271448135375977e+00 -3.065751075744628906e+00 -9.082035422325134277e-01 -1.453278183937072754e+00
3.121886849403381348e-01 -1.005123853683471680e+00 2.633309923112392426e-02 7.367817759513854980e-01 -1.095213532447814941e+00
3.603224039077758789e+00 -3.299454450607299805e+00 -1.668512105941772461e+00 -1.824431419372558594e-01 -3.063375711441040039e+00
1.892692923545837402e+00 -2.636247873306274414e+00 1.047119498252868652e+00 1.978435754776000977e+00 -5.321707725524902344e+00
-7.964748144149780273e-01 -2.178774356842041016e+00 -3.714351177215576172e+00 -3.218226671218872070e+00 -9.856048822402954102e-01
-9.539984166622161865e-02 -2.891497850418090820e+00 2.700979709625244141e+00 -6.267099976539611816e-01 -1.950876474380493164e+00
-3.483833551406860352e+00 -1.856736063957214355e+00 2.190644264221191406e+00 -1.677258014678955078e+00 -2.894240379333496094e+00
-9.236267209053039551e-01 -6.283291816711425781e+00 -2.853223800659179688e+00 -1.597089052200317383e+00 -1.659755587577819824e+00
-3.958393037319183350e-01 -4.046528816223144531e+00 -3.436574697494506836e+00 -1.918011665344238281e+00 -3.397368192672729492e+00
9.074835181236267090e-01 1.110027074813842773e+00 1.418783187866210938e+00 1.475132703781127930e+00 -7.402185201644897461e-01
-2.203190803527832031e+00 -5.266926765441894531e+00 -9.805019497871398926e-01 2.282525300979614258e+00 -1.591286659240722656e-01
-2.102307528257369995e-01 -1.136042952537536621e+00 1.929843783378601074e+00 -5.657671391963958740e-02 -1.083148956298828125e+00
1.610680460929870605e+00 -6.612974166870117188e+00 2.630199909210205078e+00 6.241025924682617188e-01 -4.886620998382568359e+00
1.184231638908386230e+00 -2.918593645095825195e+00 -1.052551746368408203e+00 -3.010465621948242188e+00 -3.101660013198852539e+00
5.264747619628906250e+00 -3.294107675552368164e+00 -3.994653701782226562e+00 4.409992992877960205e-01 -1.109692215919494629e+00
3.044562935829162598e-01 -5.622143268585205078e+00 2.390653342008590698e-01 4.224103987216949463e-01 -5.667124986648559570e-01
1.367415189743041992e+00 -5.153743743896484375e+00 -4.070209980010986328e+00 -1.415135979652404785e+00 -7.794194221496582031e-01
-3.413122594356536865e-01 -3.167822360992431641e+00 1.011699676513671875e+00 1.646834760904312134e-01 -2.076405525207519531e+00
2.122887134552001953e+00 -2.175155878067016602e+00 -1.111028715968132019e-01 7.301968336105346680e-01 -8.991901874542236328e-01
2.905377388000488281e+00 -2.851358652114868164e+00 -1.051389098167419434e+00 -1.421842575073242188e+00 -2.915892362594604492e+00
-6.203587055206298828e-01 -7.236763834953308105e-01 -1.772074699401855469e+00 -1.262991905212402344e+00 -1.512617588043212891e+00
7.660152912139892578e-01 -2.925126314163208008e+00 -6.648124456405639648e-01 3.468571007251739502e-01 -1.238157629966735840e+00
-2.466509193181991577e-01 -3.732029914855957031e+00 1.372910104691982269e-02 1.600174009799957275e-01 -2.452146530151367188e+00
1.291214942932128906e+00 -2.944808721542358398e+00 -2.285531044006347656e+00 2.046813249588012695e+00 -2.619565248489379883e+00
-1.326791763305664062e+00 -3.225512266159057617e+00 -1.257361173629760742e+00 -4.254929065704345703e+00 -4.804720878601074219e+00
-8.769399523735046387e-01 -3.206491231918334961e+00 -2.051807403564453125e+00 2.818951368331909180e+00 1.853932499885559082e+00
-1.406279921531677246e+00 -4.255655765533447266e+00 -3.270930767059326172e+00 1.785547971725463867e+00 -3.946114182472229004e-01
-3.259466588497161865e-01 -1.674948334693908691e+00 -8.657013177871704102e-01 -1.571785807609558105e+00 -1.328929781913757324e+00
1.611395001411437988e+00 -2.799468755722045898e+00 -2.329220771789550781e-01 9.238957762718200684e-01 -2.335062980651855469e+00
9.819599390029907227e-01 -4.974740982055664062e+00 -2.161746025085449219e+00 2.941048622131347656e+00 -3.724271059036254883e+00
-7.093650102615356445e-01 -6.063611507415771484e-01 1.995788812637329102e-01 -2.869697511196136475e-01 -1.260239839553833008e+00
4.869844615459442139e-01 3.263227641582489014e-01 -3.633510321378707886e-02 -6.384907364845275879e-01 -2.847182512283325195e+00
9.173597097396850586e-01 -1.522155523300170898e+00 -3.338172435760498047e+00 3.109678745269775391e+00 -1.069143414497375488e+00
2.585715532302856445e+00 -1.896991729736328125e+00 -8.794161081314086914e-01 1.372574806213378906e+00 -9.754651188850402832e-01
1.839890122413635254e+00 -1.944725036621093750e+00 -1.920531868934631348e+00 -1.538460969924926758e+00 -4.288943290710449219e+00
-4.040181338787078857e-01 5.155024528503417969e-01 -1.030798196792602539e+00 2.196900367736816406e+00 -5.770120143890380859e+00
-4.071585655212402344e+00 -3.227738142013549805e+00 7.903838157653808594e-01 -1.918749511241912842e-01 -3.510402679443359375e+00
-1.562839031219482422e+00 -5.971054553985595703e+00 -2.754241466522216797e+00 -2.476345539093017578e+00 -3.436233520507812500e+00
4.891941249370574951e-01 -8.413531780242919922e-01 -9.460406750440597534e-02 1.813952922821044922e+00 -2.821708440780639648e+00
2.793532848358154297e+00 -4.643541812896728516e+00 -6.096717715263366699e-01 2.126103878021240234e+00 -1.972221970558166504e+00
-9.024151563644409180e-01 -3.161736965179443359e+00 -8.146654963493347168e-01 7.903406023979187012e-01 -2.196059226989746094e+00
5.129877328872680664e-01 -3.104410409927368164e+00 -2.173715591430664062e+00 -7.042223811149597168e-01 -6.085665702819824219e+00
-8.085674047470092773e-01 -2.393026113510131836e+00 -1.953194379806518555e+00 8.137567639350891113e-01 -5.595008850097656250e+00
1.746113657951354980e+00 -4.121454715728759766e+00 -4.196996688842773438e-01 -3.837442100048065186e-01 -2.029393434524536133e+00
2.278926134109497070e+00 -3.312794446945190430e+00 -4.837157726287841797e+00 -2.698745429515838623e-01 -4.027414321899414062e+00
2.139591693878173828e+00 -2.157597802579402924e-02 -2.233409404754638672e+00 3.563733100891113281e-01 -7.002494931221008301e-01
-2.497159093618392944e-01 -3.398758172988891602e+00 -9.604643583297729492e-01 -1.655173778533935547e+00 3.876391649246215820e-01
2.133738040924072266e+00 -3.916307449340820312e+00 -1.213511705398559570e+00 7.878146767616271973e-01 -3.131153821945190430e+00
-2.446869462728500366e-01 -1.495412111282348633e+00 3.564165532588958740e-01 1.458250761032104492e+00 -5.434593677520751953e+00
-1.410549283027648926e+00 -5.081230163574218750e+00 -1.676566123962402344e+00 -7.941021323204040527e-01 -2.808632612228393555e+00
-1.690962910652160645e+00 -4.568793296813964844e+00 -1.013405680656433105e+00 -4.800347387790679932e-01 -1.505721211433410645e+00
3.150096893310546875e+00 -1.131063342094421387e+00 -1.423875808715820312e+00 -6.959368586540222168e-01 -8.925843834877014160e-01
2.154013633728027344e+00 -2.440634250640869141e+00 -8.285992592573165894e-02 1.270355701446533203e+00 -1.451624989509582520e+00
6.351534128189086914e-01 -5.989586830139160156e+00 -9.189239740371704102e-01 -1.403188943862915039e+00 -6.349854469299316406e+00
6.802161335945129395e-01 8.266865015029907227e-01 1.339526653289794922e+00 1.483849525451660156e+00 -1.410861372947692871e+00
1.284142024815082550e-02 -2.506362199783325195e+00 -9.579219818115234375e-01 3.388247251510620117e+00 2.278987169265747070e+00
1.063709616661071777e+00 -1.879599809646606445e+00 -3.105074167251586914e+00 2.735954225063323975e-01 7.016928195953369141e-01
-5.224306583404541016e-01 -3.589659690856933594e+00 -1.085574984550476074e+00 -7.004746794700622559e-01 -1.225873902440071106e-01
2.387699842453002930e+00 -2.350182056427001953e+00 2.377514362335205078e+00 -1.157114505767822266e+00 -5.046837329864501953e+00
3.570264875888824463e-01 2.380283117294311523e+00 6.727262139320373535e-01 1.016378402709960938e+00 3.826976060867309570e+00
2.494724750518798828e+00 -1.822085857391357422e+00 -1.537615180015563965e+00 1.434975564479827881e-01 -2.271328210830688477e+00
-1.500809043645858765e-01 -2.526844739913940430e+00 1.088702455163002014e-01 -2.685826122760772705e-01 -2.358673572540283203e+00
2.902570962905883789e+00 -1.123640775680541992e+00 -3.367582857608795166e-01 9.566679596900939941e-02 -4.028460502624511719e+00
-4.039446413516998291e-01 -3.256757020950317383e+00 -1.668666362762451172e+00 7.946964502334594727e-01 -1.446249604225158691e+00
1.430869102478027344e+00 -3.271042346954345703e+00 -4.015620708465576172e+00 2.403497457504272461e+00 6.153845787048339844e-01
