-1.697082996368408203e+00 5.098998546600341797e-01 7.956171631813049316e-01 -5.836046338081359863e-01 1.670278668403625488e+00
-1.079268828034400940e-01 -1.765698075294494629e+00 -1.312367558479309082e+00 8.161088228225708008e-01 -9.140371084213256836e-01
-1.291232466697692871e+00 5.584942698478698730e-01 9.563994407653808594e-01 8.346521258354187012e-01 -1.241533398628234863e+00
-5.181863307952880859e-01 -8.351392149925231934e-01 -2.160469442605972290e-01 -2.000749588012695312e+00 -3.479144573211669922e-01
-1.594437807798385620e-01 -1.966685414314270020e+00 -1.536673665046691895e+00 6.667377352714538574e-01 -1.519444584846496582e+00
-2.719782888889312744e-01 -1.589361548423767090e+00 -1.127341151237487793e+00 9.128170013427734375e-01 -6.632105112075805664e-01
-1.181636452674865723e+00 6.588423252105712891e-01 1.049435496330261230e+00 1.007996916770935059e+00 -1.152959108352661133e+00
-1.184539198875427246e+00 5.965539813041687012e-01 1.108543634414672852e+00 8.450551629066467285e-01 -1.139915704727172852e+00
-4.465339183807373047e-01 -7.665801644325256348e-01 -3.441578149795532227e-01 -2.075868844985961914e+00 -5.046962499618530273e-01
-1.070643439888954163e-01 -1.507281541824340820e+00 -1.166356682777404785e+00 8.238086700439453125e-01 -7.991795539855957031e-01
-1.459574341773986816e+00 2.075435221195220947e-01 5.909331440925598145e-01 -8.932278305292129517e-02 1.502296209335327148e+00
-1.353114128112792969e+00 2.951776087284088135e-01 6.944382786750793457e-01 -2.288077026605606079e-02 1.469888806343078613e+00
-1.122238874435424805e+00 5.900152325630187988e-01 9.193734526634216309e-01 7.390514612197875977e-01 -1.536157846450805664e+00
-1.917660683393478394e-01 -1.839499115943908691e+00 -1.358208060264587402e+00 8.396644592285156250e-01 -9.851248860359191895e-01
-4.719851911067962646e-01 -8.065346479415893555e-01 -4.476648569107055664e-01 -2.579347372055053711e+00 -7.002536058425903320e-01
-2.238708585500717163e-01 -1.573128581047058105e+00 -1.186036467552185059e+00 8.617954254150390625e-01 -8.340913057327270508e-01
-7.403292655944824219e-01 1.304595828056335449e+00 1.007011294364929199e+00 5.481884479522705078e-01 -2.316132307052612305e+00
-2.795570790767669678e-01 -1.839938640594482422e+00 -1.366477012634277344e+00 8.220082521438598633e-01 -1.020938038825988770e+00
-1.966311186552047729e-01 -1.564803242683410645e+00 -1.176561713218688965e+00 7.855480313301086426e-01 -7.717299461364746094e-01
-1.936475485563278198e-01 -1.749839782714843750e+00 -1.315554022789001465e+00 8.709388971328735352e-01 -1.255778193473815918e+00
-1.377734541893005371e+00 3.450637161731719971e-01 6.125669479370117188e-01 -3.359696567058563232e-01 1.546586513519287109e+00
-1.468527078628540039e+00 7.445567846298217773e-01 7.744459509849548340e-01 -5.484858751296997070e-01 1.704347372055053711e+00
1.611847519874572754e+00 9.736481308937072754e-01 -1.049209460616111755e-01 1.958693385124206543e+00 1.042462736368179321e-01
-1.028608679771423340e+00 8.864438533782958984e-01 1.085352301597595215e+00 7.927234172821044922e-01 -1.504204511642456055e+00
-1.835567802190780640e-01 -1.621942996978759766e+00 -1.398459672927856445e+00 1.012940645217895508e+00 -1.221322298049926758e+00
1.359494775533676147e-02 -1.883706927299499512e+00 -1.502533555030822754e+00 9.269890785217285156e-01 -1.613974809646606445e+00
2.325693845748901367e+00 1.381542682647705078e+00 -1.503353863954544067e-01 1.921828389167785645e+00 -1.402911990880966187e-01
-1.254609107971191406e+00 7.098606228828430176e-01 9.413051605224609375e-01 8.361843228340148926e-01 -1.532311320304870605e+00
1.724897503852844238e+00 1.055819630622863770e+00 -2.319677025079727173e-01 1.691237330436706543e+00 8.448381721973419189e-02
-1.260709047317504883e+00 4.943973720073699951e-01 1.084324002265930176e+00 9.583694934844970703e-01 -8.479977846145629883e-01
-1.565493464469909668e+00 1.995524466037750244e-01 6.964055299758911133e-01 -1.859692782163619995e-01 1.674242973327636719e+00
-1.247325062751770020e+00 6.267536878585815430e-01 1.015843629837036133e+00 8.056047558784484863e-01 -1.273412227630615234e+00
-5.146884322166442871e-01 -6.287046670913696289e-01 -2.830829620361328125e-01 -2.373038053512573242e+00 -7.200657129287719727e-01
-2.123263627290725708e-01 -6.425282359123229980e-01 -2.882405817508697510e-01 -2.137345790863037109e+00 -7.262512445449829102e-01
-2.977500110864639282e-02 -1.710293650627136230e+00 -1.446362972259521484e+00 7.913341522216796875e-01 -1.366743803024291992e+00
-3.069851696491241455e-01 -1.676564097404479980e+00 -1.112886548042297363e+00 6.688925623893737793e-01 -7.047163248062133789e-01
-1.614938497543334961e+00 1.690595448017120361e-01 6.151247620582580566e-01 -6.116853356361389160e-01 1.597558259963989258e+00
-1.172208666801452637e+00 8.024289608001708984e-01 1.058740258216857910e+00 8.185349106788635254e-01 -1.683551549911499023e+00
-6.874929666519165039e-01 1.466022133827209473e+00 9.624186754226684570e-01 2.930801212787628174e-01 -2.782543420791625977e+00
-1.603992104530334473e+00 4.992413222789764404e-01 7.690258622169494629e-01 -3.704659044742584229e-01 1.700352668762207031e+00
1.988870382308959961e+00 1.056510567665100098e+00 -8.979215472936630249e-02 1.593472123146057129e+00 1.169955879449844360e-01
-3.553271591663360596e-01 -1.640999913215637207e+00 -1.307226061820983887e+00 1.001743674278259277e+00 -7.768377065658569336e-01
-3.626786470413208008e-01 -7.761080861091613770e-01 -2.182150036096572876e-01 -1.959940910339355469e+00 -4.676231145858764648e-01
-4.807532429695129395e-01 -8.315950036048889160e-01 -3.150216937065124512e-01 -1.686494708061218262e+00 -2.190011590719223022e-01
-1.026630759239196777e+00 1.107881426811218262e+00 1.048772573471069336e+00 6.187379956245422363e-01 -2.088259220123291016e+00
-1.323711723089218140e-01 -1.933000445365905762e+00 -1.592610001564025879e+00 6.611096858978271484e-01 -1.304319620132446289e+00
-3.812040388584136963e-01 -1.824350833892822266e+00 -1.241451144218444824e+00 7.728343605995178223e-01 -8.034801483154296875e-01
-4.282283484935760498e-01 -8.698398470878601074e-01 -3.784490227699279785e-01 -1.445372581481933594e+00 2.824653312563896179e-02
-1.415122270584106445e+00 2.944628894329071045e-01 6.597758531570434570e-01 -3.222226202487945557e-01 1.664433479309082031e+00
-6.137175559997558594e-01 -6.817113757133483887e-01 -2.746237218379974365e-01 -2.645934104919433594e+00 -8.247599601745605469e-01
1.777226090431213379e+00 9.074397683143615723e-01 -2.361470609903335571e-01 1.723354220390319824e+00 1.430049091577529907e-01
-1.717335134744644165e-01 -5.855998396873474121e-01 -2.250139862298965454e-01 -2.235934257507324219e+00 -8.761967420578002930e-01
1.715506076812744141e+00 8.618244528770446777e-01 -3.207187354564666748e-01 1.658538579940795898e+00 1.267448216676712036e-01
-4.212635457515716553e-01 -5.622999072074890137e-01 -2.924513816833496094e-01 -2.651294231414794922e+00 -9.137970209121704102e-01
1.633380889892578125e+00 9.285116195678710938e-01 -1.289336234331130981e-01 1.813450694084167480e+00 3.532305359840393066e-01
-1.466847181320190430e+00 5.531737208366394043e-01 6.458040475845336914e-01 -4.272467195987701416e-01 1.614679932594299316e+00
-1.980573385953903198e-01 -2.137066125869750977e+00 -1.408062577247619629e+00 5.473254919052124023e-01 -9.378154277801513672e-01
-1.542995929718017578e+00 4.750765264034271240e-01 7.025980353355407715e-01 -3.097595274448394775e-01 1.913146734237670898e+00
-3.649502098560333252e-01 -7.265589833259582520e-01 -2.517766058444976807e-01 -1.365137100219726562e+00 -1.832237094640731812e-01
-4.661315679550170898e-01 -7.478609681129455566e-01 -2.736503779888153076e-01 -1.481167912483215332e+00 -2.571463584899902344e-01
-1.565051317214965820e+00 6.684273481369018555e-01 8.197499513626098633e-01 -6.115023493766784668e-01 1.791229128837585449e+00
-1.474787831306457520e+00 7.110306620597839355e-01 7.581669092178344727e-01 -7.210733294486999512e-01 1.686076521873474121e+00
-1.012299060821533203e+00 9.092303514480590820e-01 1.039973139762878418e+00 1.011211037635803223e+00 -1.418101549148559570e+00
1.977370619773864746e+00 1.069457411766052246e+00 -3.612359464168548584e-01 1.751837611198425293e+00 -2.943504452705383301e-01
-3.503234982490539551e-01 -8.607248663902282715e-01 -3.975338041782379150e-01 -1.817210316658020020e+00 -4.057271480560302734e-01
-3.770562708377838135e-01 -7.688643336296081543e-01 -4.594566226005554199e-01 -2.028962850570678711e+00 -4.903001785278320312e-01
-1.107522845268249512e+00 8.930406570434570312e-01 1.038593888282775879e+00 6.974608898162841797e-01 -1.612233996391296387e+00
-2.411433905363082886e-01 -1.837866902351379395e+00 -1.374970555305480957e+00 9.082857966423034668e-01 -1.026065945625305176e+00
2.217812776565551758e+00 1.218950271606445312e+00 -3.352775052189826965e-02 1.736083626747131348e+00 1.741001754999160767e-01
1.515477776527404785e+00 8.548480868339538574e-01 -2.219193726778030396e-01 1.756704568862915039e+00 1.244214922189712524e-01
-9.803659319877624512e-01 1.036349892616271973e+00 9.238345623016357422e-01 6.541818380355834961e-01 -1.971922636032104492e+00
-1.165040373802185059e+00 8.892218470573425293e-01 1.034645199775695801e+00 7.050252556800842285e-01 -1.536365389823913574e+00
-3.416951596736907959e-01 -1.751189708709716797e+00 -1.305675268173217773e+00 9.201188087463378906e-01 -8.170505762100219727e-01
-3.196895122528076172e-01 -6.612049341201782227e-01 -4.050521850585937500e-01 -2.070286512374877930e+00 -6.561481952667236328e-01
-1.643388867378234863e+00 1.023495316505432129e+00 1.156553387641906738e+00 -1.066528916358947754e+00 1.933578014373779297e+00
-3.335362970829010010e-01 -6.225832700729370117e-01 -3.393336236476898193e-01 -1.967363715171813965e+00 -5.510692596435546875e-01
-1.098233103752136230e+00 9.944090247154235840e-01 8.591659069061279297e-01 1.067062020301818848e+00 -1.482623338699340820e+00
-4.997213184833526611e-01 -6.293665170669555664e-01 -1.594212204217910767e-01 -2.506978273391723633e+00 -6.982061862945556641e-01
-7.314508557319641113e-01 1.708251118659973145e+00 1.096813201904296875e+00 7.017251104116439819e-02 -2.955464363098144531e+00
-4.753161668777465820e-01 -7.484658956527709961e-01 -2.271587699651718140e-01 -1.719075083732604980e+00 -3.107604980468750000e-01
-2.862540483474731445e-01 -6.749803423881530762e-01 -3.020606637001037598e-01 -2.456100702285766602e+00 -7.780185937881469727e-01
-1.538856863975524902e+00 2.659450471401214600e-01 6.984684467315673828e-01 -3.754149377346038818e-01 1.653770923614501953e+00
-1.317454427480697632e-01 -1.828303217887878418e+00 -1.164204478263854980e+00 7.069731950759887695e-01 -9.019511938095092773e-01
-1.489996761083602905e-01 -1.908659696578979492e+00 -1.317771911621093750e+00 8.379870653152465820e-01 -1.322746038436889648e+00
-1.648757815361022949e+00 5.686669349670410156e-01 8.119248151779174805e-01 -6.361473202705383301e-01 1.665835738182067871e+00
1.739853501319885254e+00 1.079152464866638184e+00 -1.343557387590408325e-01 1.845668196678161621e+00 2.600849792361259460e-02
-2.703681886196136475e-01 -1.953816294670104980e+00 -1.381826281547546387e+00 7.995011806488037109e-01 -8.913501501083374023e-01
-9.738913923501968384e-02 -1.769299030303955078e+00 -1.349891304969787598e+00 8.287357091903686523e-01 -1.242904067039489746e+00
-1.352071404457092285e+00 2.458570897579193115e-01 6.313238739967346191e-01 -3.179337680339813232e-01 1.578979134559631348e+00
-2.191836684942245483e-01 -1.959154844284057617e+00 -1.304260969161987305e+00 5.990881919860839844e-01 -1.379991292953491211e+00
-1.661109328269958496e+00 9.472301006317138672e-01 7.921833992004394531e-01 -9.486123323440551758e-01 1.579650640487670898e+00
-1.640300393104553223e+00 2.068342864513397217e-01 6.626272201538085938e-01 -5.295401215553283691e-01 1.468586087226867676e+00
-9.407512545585632324e-01 1.470186352729797363e+00 1.125032305717468262e+00 5.534743070602416992e-01 -2.290225982666015625e+00
-8.530611395835876465e-01 8.983518481254577637e-01 9.924451708793640137e-01 7.919762730598449707e-01 -1.296384572982788086e+00
-1.592922210693359375e+00 6.467610001564025879e-01 8.066924214363098145e-01 -5.254042148590087891e-01 1.717533349990844727e+00
1.296635627746582031e+00 6.573087573051452637e-01 -2.168676406145095825e-01 1.642121911048889160e+00 2.013359218835830688e-01
1.755892872810363770e+00 1.057745695114135742e+00 -3.121097758412361145e-02 1.566797018051147461e+00 2.127547413110733032e-01
1.846353888511657715e+00 1.077858328819274902e+00 -1.772410720586776733e-01 1.745393753051757812e+00 6.723697483539581299e-02
-1.293452233076095581e-01 -2.256120204925537109e+00 -1.588781237602233887e+00 6.254063844680786133e-01 -1.540590167045593262e+00
2.183379650115966797e+00 1.356170773506164551e+00 -1.147278212010860443e-02 1.461838603019714355e+00 -4.613865166902542114e-03
