5.747186660766601562e+00 5.321809291839599609e+00 -2.140399456024169922e+00 5.322808027267456055e-01 -5.679625272750854492e-01 -8.377573013305664062e+00 1.880829334259033203e+00 -7.186925888061523438e+00 3.200935840606689453e+00 3.960136413574218750e+00 -7.192129611968994141e+00 2.666266202926635742e+00 5.900946259498596191e-01 1.253206491470336914e+00 2.083674430847167969e+00
5.215673446655273438e+00 3.374419927597045898e+00 -4.842876434326171875e+00 -2.316335774958133698e-02 2.535445451736450195e+00 -2.040922403335571289e+00 -5.973798751831054688e+00 -3.970884799957275391e+00 3.104175090789794922e+00 2.521108627319335938e+00 2.246535778045654297e+00 -2.908487558364868164e+00 -2.955024838447570801e-01 1.190488815307617188e+00 5.262640953063964844e+00
1.896375536918640137e+00 7.545097827911376953e+00 -5.170246124267578125e+00 -7.127705961465835571e-02 -2.283448934555053711e+00 -1.315604591369628906e+01 4.348162561655044556e-02 -3.247443675994873047e+00 7.527717113494873047e+00 1.784689784049987793e+00 -5.813349038362503052e-03 6.321878910064697266e+00 3.157221317291259766e+00 3.423744678497314453e+00 1.197195172309875488e+00
4.672486782073974609e+00 1.032399654388427734e+01 -8.510168790817260742e-01 1.411343932151794434e+00 3.398425102233886719e+00 -7.401895999908447266e+00 6.574346542358398438e+00 -9.636814117431640625e+00 5.646294593811035156e+00 -1.382833123207092285e+00 1.331936955451965332e+00 1.014935016632080078e+00 -5.587986707687377930e-01 4.967508316040039062e+00 -6.557888031005859375e+00
5.993661403656005859e+00 5.756969928741455078e+00 -2.726975440979003906e+00 3.897308826446533203e+00 3.649257898330688477e+00 -9.306743621826171875e+00 7.555667161941528320e-01 -2.071012556552886963e-01 3.447924137115478516e+00 -3.833824157714843750e+00 -1.614074110984802246e+00 -1.893057465553283691e+00 -4.486690521240234375e+00 4.528215885162353516e+00 5.897179245948791504e-01
3.385610342025756836e+00 5.684408664703369141e+00 -3.486011505126953125e+00 -1.584648340940475464e-01 -5.240742564201354980e-01 -1.376448822021484375e+01 -2.948382794857025146e-01 -3.974519729614257812e+00 7.854104995727539062e+00 2.651801109313964844e+00 -9.634529054164886475e-02 6.057425498962402344e+00 2.514938592910766602e+00 3.485476255416870117e+00 7.261650562286376953e-01
2.611771345138549805e+00 5.764129638671875000e+00 -5.385191917419433594e+00 2.068700313568115234e+00 4.305908679962158203e+00 -7.294573783874511719e+00 -3.865162849426269531e+00 -7.796247005462646484e-01 3.775589466094970703e+00 7.503592491149902344e+00 2.004673004150390625e+00 1.955582261085510254e+00 -6.094765663146972656e+00 6.677803993225097656e-01 -2.326465368270874023e+00
2.555855989456176758e+00 6.263975620269775391e+00 -4.262822151184082031e+00 -1.009363308548927307e-01 -1.544140934944152832e+00 -1.165732669830322266e+01 -6.336689591407775879e-01 -1.780495762825012207e+00 8.178782463073730469e+00 2.907434225082397461e+00 5.501520037651062012e-01 6.329140186309814453e+00 2.696749925613403320e+00 3.415573596954345703e+00 4.362267553806304932e-01
2.200593948364257812e+00 4.972418308258056641e+00 -4.423064231872558594e+00 1.991506218910217285e+00 3.745399236679077148e+00 -7.755951881408691406e+00 -3.071107864379882812e+00 -1.161671280860900879e+00 4.149360179901123047e+00 7.067295551300048828e+00 1.944211363792419434e+00 1.804101943969726562e+00 -6.058969497680664062e+00 1.319367170333862305e+00 -1.736733198165893555e+00
8.331833839416503906e+00 7.549134254455566406e+00 -2.617409706115722656e+00 -1.443624377250671387e+00 2.588658571243286133e+00 -1.153594779968261719e+01 9.586446881294250488e-01 -9.487336158752441406e+00 6.191708087921142578e+00 8.178542852401733398e-01 1.168589353561401367e+00 3.274986028671264648e+00 -9.116763472557067871e-01 7.537362575531005859e+00 -2.520279586315155029e-01
5.232818603515625000e+00 3.667798995971679688e+00 -7.227334022521972656e+00 -4.042757451534271240e-01 3.392391920089721680e+00 -4.919801235198974609e+00 -5.235373020172119141e+00 -4.747445583343505859e+00 3.144252300262451172e+00 2.180427312850952148e+00 1.577866196632385254e+00 -3.527062892913818359e+00 -4.271773695945739746e-01 -1.721984446048736572e-01 3.721087217330932617e+00
9.090431213378906250e+00 8.082576751708984375e+00 -2.695755481719970703e+00 7.996024489402770996e-01 -2.752278089523315430e+00 -7.279007434844970703e+00 1.952423334121704102e+00 -7.794133663177490234e+00 2.990020751953125000e+00 5.041736602783203125e+00 -7.414628028869628906e+00 2.445158004760742188e+00 1.274127721786499023e+00 1.622395515441894531e+00 2.831599950790405273e+00
5.950922012329101562e+00 4.550868511199951172e+00 -6.348749160766601562e+00 4.042582511901855469e+00 -1.596811652183532715e+00 -7.360909461975097656e+00 -4.868612289428710938e+00 -1.090652585029602051e+00 -7.749828696250915527e-01 1.573446393013000488e+00 4.726896882057189941e-01 1.131115317344665527e+00 -4.384900569915771484e+00 -1.427090406417846680e+00 4.150518417358398438e+00
1.757108688354492188e+00 7.448652267456054688e+00 -5.764342308044433594e+00 -5.041411519050598145e-01 -1.509075760841369629e+00 -1.525252628326416016e+01 1.064079761505126953e+00 -4.267104148864746094e+00 7.938203811645507812e+00 1.533893346786499023e+00 -8.195428550243377686e-02 6.518667697906494141e+00 3.058706998825073242e+00 4.103924274444580078e+00 1.347662568092346191e+00
5.202174186706542969e+00 3.760110616683959961e+00 -4.322326660156250000e+00 -6.184582039713859558e-02 2.578686714172363281e+00 -4.221228599548339844e+00 -7.076389312744140625e+00 -4.900377273559570312e+00 3.787375688552856445e+00 3.069426298141479492e+00 2.010589122772216797e+00 -3.321300745010375977e+00 -3.912425637245178223e-01 1.861892640590667725e-03 4.389162063598632812e+00
5.500779151916503906e+00 3.461183071136474609e+00 -8.742115020751953125e+00 -3.673978745937347412e-01 3.814872503280639648e+00 -5.719056129455566406e+00 -6.157791137695312500e+00 -5.324150085449218750e+00 5.259927749633789062e+00 3.321564435958862305e+00 1.855629801750183105e+00 -3.551447868347167969e+00 -8.856384754180908203e-01 3.930446803569793701e-01 4.350353240966796875e+00
2.704260349273681641e+00 6.503899097442626953e+00 -4.306770801544189453e+00 3.717583417892456055e+00 -9.398704171180725098e-01 -1.063539791107177734e+01 6.700976490974426270e-01 -5.298520088195800781e+00 5.671437263488769531e+00 -2.321365356445312500e+00 -2.868989467620849609e+00 4.412811279296875000e+00 -2.606988668441772461e+00 4.274879932403564453e+00 3.678689956665039062e+00
3.526784181594848633e+00 5.065156459808349609e+00 -4.209123611450195312e+00 1.509946227073669434e+00 3.593549489974975586e+00 -7.444858551025390625e+00 -2.381247043609619141e+00 -1.531528353691101074e+00 3.197084426879882812e+00 6.721118927001953125e+00 2.152724981307983398e+00 1.707757234573364258e+00 -5.882578372955322266e+00 5.765750408172607422e-01 -2.164678096771240234e+00
2.884978771209716797e+00 4.778067111968994141e+00 -4.069812297821044922e+00 1.360980629920959473e+00 3.582916021347045898e+00 -6.868221282958984375e+00 -4.277207374572753906e+00 -8.576545715332031250e-01 5.344072341918945312e+00 6.698651790618896484e+00 2.375774860382080078e+00 2.321703910827636719e+00 -5.113070487976074219e+00 8.451900482177734375e-01 -2.785398006439208984e+00
5.481471061706542969e+00 5.048364639282226562e+00 -4.611885070800781250e+00 2.336418867111206055e+00 -3.117771744728088379e-01 -6.791015625000000000e+00 -4.562931060791015625e+00 1.178312897682189941e+00 1.316059470176696777e+00 2.689166307449340820e+00 1.946938514709472656e+00 1.100283503532409668e+00 -4.164516925811767578e+00 -3.546876311302185059e-01 4.437491893768310547e+00
3.205208301544189453e+00 5.545095920562744141e+00 -4.521119117736816406e+00 1.524671673774719238e+00 4.005617141723632812e+00 -4.956896781921386719e+00 -3.390941143035888672e+00 -5.039876699447631836e-01 3.593208312988281250e+00 6.188224792480468750e+00 2.803905487060546875e+00 1.513119339942932129e+00 -5.618525981903076172e+00 7.689073085784912109e-01 -2.559622049331665039e+00
5.104434013366699219e+00 3.355112075805664062e+00 -6.058514118194580078e+00 -2.803876101970672607e-01 2.947774410247802734e+00 -5.214237213134765625e+00 -5.826811313629150391e+00 -5.645752906799316406e+00 4.403371334075927734e+00 2.118866205215454102e+00 1.200399756431579590e+00 -3.044113159179687500e+00 -4.956387281417846680e-01 -3.162599205970764160e-01 4.754374504089355469e+00
5.618254184722900391e+00 5.295280933380126953e+00 -2.045634746551513672e+00 5.153546929359436035e-01 -5.185431838035583496e-01 -9.526716232299804688e+00 2.841160535812377930e+00 -8.522505760192871094e+00 3.636986255645751953e+00 3.736240148544311523e+00 -7.171967029571533203e+00 2.379454135894775391e+00 1.106829166412353516e+00 1.224225640296936035e+00 2.098970174789428711e+00
2.696171522140502930e+00 5.788830280303955078e+00 -5.179431438446044922e+00 2.069014072418212891e+00 4.336406707763671875e+00 -7.559760093688964844e+00 -4.252333164215087891e+00 -1.857326626777648926e+00 5.610705375671386719e+00 7.341727256774902344e+00 1.959978699684143066e+00 1.967308878898620605e+00 -5.462709903717041016e+00 6.057772636413574219e-01 -2.674695491790771484e+00
2.612407207489013672e+00 5.885715007781982422e+00 -3.633233070373535156e+00 -1.936548799276351929e-01 -1.155086874961853027e+00 -1.273550415039062500e+01 -1.402267098426818848e+00 -3.620594978332519531e+00 6.757299423217773438e+00 1.782158732414245605e+00 3.619863390922546387e-01 6.232775211334228516e+00 2.897122144699096680e+00 3.220853567123413086e+00 1.056130170822143555e+00
5.231950283050537109e+00 5.238452911376953125e+00 -2.515985012054443359e+00 2.983941793441772461e+00 3.377218723297119141e+00 -8.613555908203125000e+00 6.997615098953247070e-01 1.045637249946594238e+00 2.205188274383544922e+00 -3.284001827239990234e+00 -1.757040381431579590e+00 -2.265526056289672852e+00 -3.749726533889770508e+00 4.181340694427490234e+00 1.102236509323120117e+00
3.479325771331787109e+00 5.765288829803466797e+00 -3.451183557510375977e+00 -1.776774972677230835e-01 -2.573828101158142090e-01 -1.178740406036376953e+01 -4.172295033931732178e-01 -4.327530384063720703e+00 7.361140251159667969e+00 2.304078578948974609e+00 -1.569462269544601440e-01 5.843876361846923828e+00 3.022157907485961914e+00 3.679683923721313477e+00 1.427735209465026855e+00
3.045936822891235352e+00 8.233053207397460938e+00 -9.279568195343017578e-01 1.583592653274536133e+00 2.449156284332275391e+00 -9.281165122985839844e+00 6.484818458557128906e+00 -1.064480972290039062e+01 5.512391090393066406e+00 -1.848905801773071289e+00 1.948583722114562988e+00 1.349770188331604004e+00 -1.663534522056579590e+00 4.900497436523437500e+00 -7.299243450164794922e+00
8.572316169738769531e+00 8.044208526611328125e+00 -2.444186210632324219e+00 8.313980698585510254e-01 -2.383195161819458008e+00 -9.789241790771484375e+00 3.115601778030395508e+00 -7.963163375854492188e+00 5.262368679046630859e+00 4.241047859191894531e+00 -7.240270137786865234e+00 2.736287593841552734e+00 1.507015943527221680e+00 1.692264318466186523e+00 2.381601572036743164e+00
5.373211860656738281e+00 3.640015125274658203e+00 -5.654284000396728516e+00 -3.088563978672027588e-01 2.760668516159057617e+00 -3.420352220535278320e+00 -6.245597362518310547e+00 -5.267056465148925781e+00 2.858385562896728516e+00 2.408189773559570312e+00 7.138623595237731934e-01 -3.164629936218261719e+00 -9.873383641242980957e-01 -4.542934000492095947e-01 4.743230819702148438e+00
4.124380111694335938e+00 8.431304931640625000e+00 -8.945705890655517578e-01 1.355697870254516602e+00 1.716628551483154297e+00 -8.750222206115722656e+00 6.845260620117187500e+00 -9.526853561401367188e+00 7.277935504913330078e+00 -7.210335731506347656e-01 1.882588744163513184e+00 1.386063694953918457e+00 -2.959237098693847656e-01 4.843787193298339844e+00 -6.750097274780273438e+00
9.960930824279785156e+00 8.764705657958984375e+00 -2.744834423065185547e+00 1.286737680435180664e+00 -4.519365310668945312e+00 -1.003114128112792969e+01 3.665305376052856445e+00 -9.162113189697265625e+00 4.092429161071777344e+00 4.062930107116699219e+00 -7.229849815368652344e+00 2.583496332168579102e+00 1.300014972686767578e+00 1.569766879081726074e+00 2.596434831619262695e+00
7.374537944793701172e+00 7.056653976440429688e+00 -2.527934551239013672e+00 8.872770667076110840e-01 -1.763967514038085938e+00 -8.204828262329101562e+00 2.382420063018798828e+00 -7.539152145385742188e+00 4.775742053985595703e+00 3.358350992202758789e+00 -7.217485904693603516e+00 2.753545761108398438e+00 1.024881839752197266e+00 2.214031934738159180e+00 3.218785047531127930e+00
5.408040046691894531e+00 5.931275367736816406e+00 -2.536543846130371094e+00 4.243917942047119141e+00 4.106876373291015625e+00 -8.629330635070800781e+00 1.384976863861083984e+00 3.873202577233314514e-02 3.796407461166381836e+00 -3.421513319015502930e+00 -1.609768271446228027e+00 -2.191025495529174805e+00 -3.917606592178344727e+00 4.871604442596435547e+00 1.124189853668212891e+00
6.101818561553955078e+00 4.586413383483886719e+00 -6.240432262420654297e+00 3.237984895706176758e+00 -8.282912373542785645e-01 -7.509296417236328125e+00 -4.310931205749511719e+00 5.216046571731567383e-01 1.971795678138732910e+00 2.582547664642333984e+00 8.266318440437316895e-01 1.592205286026000977e+00 -3.707376718521118164e+00 -1.177331447601318359e+00 4.346637248992919922e+00
4.319101333618164062e+00 7.238109111785888672e+00 -2.169322729110717773e+00 3.737410545349121094e+00 -1.304831743240356445e+00 -1.133044147491455078e+01 -5.590538382530212402e-01 -8.078260421752929688e+00 -2.917623519897460938e-01 -8.494545221328735352e-01 -2.829978942871093750e+00 -1.973614931106567383e+00 2.521816492080688477e+00 3.683838129043579102e+00 -1.229711651802062988e+00
3.757162094116210938e+00 5.850280761718750000e+00 -1.734697818756103516e+00 2.761838674545288086e+00 -6.238471865653991699e-01 -1.303519725799560547e+01 1.760671615600585938e+00 -8.235212326049804688e+00 7.431880235671997070e-01 -1.261869788169860840e+00 -3.398663043975830078e+00 -8.024852275848388672e-01 3.758841514587402344e+00 3.102489233016967773e+00 -1.911775946617126465e+00
5.035015583038330078e+00 5.334497928619384766e+00 -2.197437286376953125e+00 3.149424791336059570e+00 3.284058809280395508e+00 -9.756476402282714844e+00 6.027069687843322754e-01 -2.597756683826446533e-01 3.669711351394653320e+00 -3.802443981170654297e+00 -1.347104668617248535e+00 -1.922027111053466797e+00 -4.263053417205810547e+00 4.902790069580078125e+00 6.351927518844604492e-01
3.947124004364013672e+00 7.205817222595214844e+00 -2.031849861145019531e+00 4.448174476623535156e+00 -2.350836753845214844e+00 -1.196910953521728516e+01 7.734579443931579590e-01 -8.504581451416015625e+00 -1.430796235799789429e-01 -1.235345959663391113e+00 -2.952915430068969727e+00 -1.922428011894226074e+00 2.484983921051025391e+00 3.406558036804199219e+00 -1.923413276672363281e+00
5.645697593688964844e+00 3.599025249481201172e+00 -7.295873165130615234e+00 -3.622906506061553955e-01 3.285229682922363281e+00 -5.323824882507324219e+00 -5.090338706970214844e+00 -4.427414894104003906e+00 4.555331707000732422e+00 2.503766775131225586e+00 2.372040271759033203e+00 -2.800523757934570312e+00 2.239089459180831909e-01 2.881889045238494873e-01 5.080793380737304688e+00
8.750571250915527344e+00 8.046865463256835938e+00 -2.672792434692382812e+00 -2.193850278854370117e+00 2.237174272537231445e+00 -1.149910545349121094e+01 1.526101112365722656e+00 -8.760469436645507812e+00 5.801250457763671875e+00 5.329880118370056152e-01 7.246375679969787598e-01 3.490179061889648438e+00 -7.778394222259521484e-01 6.966753959655761719e+00 -2.819121778011322021e-01
5.396228313446044922e+00 5.602507114410400391e+00 -2.539995670318603516e+00 3.257874011993408203e+00 3.539022684097290039e+00 -1.062346267700195312e+01 1.260235548019409180e+00 -2.469324171543121338e-01 4.233527660369873047e+00 -4.311717987060546875e+00 -1.766026139259338379e+00 -2.237271547317504883e+00 -3.913319826126098633e+00 3.963776588439941406e+00 9.043469429016113281e-01
5.318416118621826172e+00 5.404600143432617188e+00 -2.396474123001098633e+00 3.340910434722900391e+00 3.448702573776245117e+00 -9.179788589477539062e+00 6.016904115676879883e-01 2.470998466014862061e-01 4.276892185211181641e+00 -3.096043586730957031e+00 -1.597312927246093750e+00 -2.255869388580322266e+00 -3.320818662643432617e+00 4.408410549163818359e+00 1.037720441818237305e+00
4.863321781158447266e+00 4.348807811737060547e+00 -4.559194564819335938e+00 2.314112424850463867e+00 -4.452145695686340332e-01 -7.280301094055175781e+00 -4.849843025207519531e+00 -3.627738058567047119e-01 9.616013765335083008e-01 2.369764566421508789e+00 1.721562504768371582e+00 1.919574260711669922e+00 -4.187665462493896484e+00 -1.081871032714843750e+00 4.936737537384033203e+00
3.912839889526367188e+00 7.106508731842041016e+00 -1.958426594734191895e+00 4.009499549865722656e+00 -2.104797840118408203e+00 -1.106210041046142578e+01 1.171484947204589844e+00 -7.507557392120361328e+00 -5.505609512329101562e-01 -2.049057722091674805e+00 -3.156286478042602539e+00 -1.882145047187805176e+00 3.215117931365966797e+00 3.570347547531127930e+00 -1.719012022018432617e+00
1.088603734970092773e+00 8.594610214233398438e+00 -6.410306930541992188e+00 -5.044936537742614746e-01 -2.529453277587890625e+00 -1.250970840454101562e+01 -3.582111299037933350e-01 -3.185963630676269531e+00 7.900552749633789062e+00 3.211595058441162109e+00 6.983990967273712158e-02 6.411128520965576172e+00 2.909553050994873047e+00 3.353613138198852539e+00 5.121772885322570801e-01
5.208802223205566406e+00 3.564284563064575195e+00 -7.324418544769287109e+00 -1.092982068657875061e-01 3.115605115890502930e+00 -4.196731090545654297e+00 -6.052939414978027344e+00 -4.237064361572265625e+00 4.574385166168212891e+00 3.001971006393432617e+00 1.965971469879150391e+00 -2.992153644561767578e+00 3.456627577543258667e-02 3.433425426483154297e-01 4.959852218627929688e+00
1.801174044609069824e+00 7.343795299530029297e+00 -7.244412422180175781e+00 3.390901327133178711e+00 6.140590667724609375e+00 -6.458547592163085938e+00 -3.067039012908935547e+00 -9.861465692520141602e-01 3.250947952270507812e+00 6.597043037414550781e+00 2.596798181533813477e+00 1.273919224739074707e+00 -6.926887035369873047e+00 1.925912737846374512e+00 -1.325838565826416016e+00
1.217667579650878906e+00 8.171625137329101562e+00 -5.979344367980957031e+00 -2.665647566318511963e-01 -3.629900217056274414e+00 -1.249029445648193359e+01 -2.840944826602935791e-01 -2.415269613265991211e+00 7.230344295501708984e+00 2.257860422134399414e+00 1.121775656938552856e-01 6.751667499542236328e+00 2.653272390365600586e+00 3.663636684417724609e+00 7.341036200523376465e-01
6.090229988098144531e+00 5.065069198608398438e+00 -5.028011322021484375e+00 2.072623968124389648e+00 9.637088328599929810e-02 -7.590579032897949219e+00 -4.664281368255615234e+00 1.112580657005310059e+00 4.976653754711151123e-01 9.896152019500732422e-01 1.337152838706970215e+00 1.670668601989746094e+00 -3.271938562393188477e+00 -1.342327475547790527e+00 4.759954452514648438e+00
4.260305404663085938e+00 8.265529632568359375e+00 -2.362694263458251953e+00 5.319818496704101562e+00 -2.728888273239135742e+00 -1.072446823120117188e+01 8.787714838981628418e-01 -8.275268554687500000e+00 -7.212936133146286011e-02 -2.221358060836791992e+00 -3.033949613571166992e+00 -5.928777456283569336e-01 4.070991039276123047e+00 2.704554080963134766e+00 -1.549061298370361328e+00
3.513571023941040039e+00 9.055199623107910156e+00 -6.938523054122924805e-01 1.644345760345458984e+00 1.888093233108520508e+00 -9.036594390869140625e+00 6.057836532592773438e+00 -9.760139465332031250e+00 5.342827320098876953e+00 -7.877980470657348633e-01 7.004910111427307129e-01 1.138346552848815918e+00 -9.313053488731384277e-01 5.118485927581787109e+00 -5.592075824737548828e+00
5.522597312927246094e+00 3.411797285079956055e+00 -6.382014274597167969e+00 -3.833073675632476807e-01 2.952845573425292969e+00 -4.549376487731933594e+00 -5.456753253936767578e+00 -6.424537658691406250e+00 3.072197675704956055e+00 2.231435537338256836e+00 1.931095480918884277e+00 -3.279629707336425781e+00 -9.228019118309020996e-01 -4.397666156291961670e-01 4.784747123718261719e+00
5.329083442687988281e+00 5.411535263061523438e+00 -2.555172204971313477e+00 3.037112474441528320e+00 3.129030942916870117e+00 -9.697292327880859375e+00 1.432609796524047852e+00 3.126722276210784912e-01 3.195408821105957031e+00 -3.607767343521118164e+00 -1.497520327568054199e+00 -2.372382879257202148e+00 -4.546317577362060547e+00 3.981001377105712891e+00 8.939310312271118164e-01
2.063955545425415039e+00 7.861905097961425781e+00 -5.604259490966796875e+00 -5.704788565635681152e-01 -2.168726444244384766e+00 -1.396294975280761719e+01 8.758131861686706543e-01 -4.545780181884765625e+00 7.495998382568359375e+00 9.215992093086242676e-01 5.494664311408996582e-01 6.677915096282958984e+00 3.046675682067871094e+00 3.975533723831176758e+00 1.214073896408081055e+00
3.546769142150878906e+00 1.012020778656005859e+01 -8.656730651855468750e-01 2.063643217086791992e+00 2.215812683105468750e+00 -7.777194976806640625e+00 6.643235683441162109e+00 -9.880676269531250000e+00 5.657721996307373047e+00 -1.511281251907348633e+00 2.178480148315429688e+00 8.162180185317993164e-01 -1.338787317276000977e+00 5.019204616546630859e+00 -6.958013534545898438e+00
6.033779144287109375e+00 4.286276340484619141e+00 -6.475393295288085938e+00 -1.137832775712013245e-01 3.085635900497436523e+00 -5.224173069000244141e+00 -6.075841903686523438e+00 -5.604218482971191406e+00 4.178009033203125000e+00 2.800073862075805664e+00 1.102027058601379395e+00 -3.804640293121337891e+00 -1.371655702590942383e+00 2.895754575729370117e-01 4.014432907104492188e+00
7.697291374206542969e+00 6.806698322296142578e+00 -2.788366317749023438e+00 -1.610290527343750000e+00 2.312330961227416992e+00 -9.909270286560058594e+00 2.877626717090606689e-01 -8.831187248229980469e+00 6.063592433929443359e+00 8.352237939834594727e-01 5.679295659065246582e-01 3.234980344772338867e+00 -6.622434854507446289e-01 7.745493888854980469e+00 2.167315930128097534e-01
4.042267799377441406e+00 7.824865818023681641e+00 -2.152509927749633789e+00 4.662481307983398438e+00 -2.563190221786499023e+00 -1.108845424652099609e+01 5.012047886848449707e-01 -8.880124092102050781e+00 -8.960334062576293945e-01 -8.488084673881530762e-01 -3.030709266662597656e+00 -2.016054153442382812e+00 3.275600671768188477e+00 3.880978107452392578e+00 -1.859834671020507812e+00
2.767443180084228516e+00 6.265983104705810547e+00 -5.447290897369384766e+00 2.346105337142944336e+00 4.296448707580566406e+00 -6.388519287109375000e+00 -2.849368095397949219e+00 -1.398630619049072266e+00 3.853346824645996094e+00 5.964827537536621094e+00 2.532660961151123047e+00 1.698720335960388184e+00 -5.188189029693603516e+00 3.885186016559600830e-01 -2.829158306121826172e+00
5.836760520935058594e+00 3.925940752029418945e+00 -6.613036155700683594e+00 -4.752639830112457275e-01 3.054847478866577148e+00 -5.232287883758544922e+00 -5.541300773620605469e+00 -5.894383430480957031e+00 2.237846374511718750e+00 1.590978980064392090e+00 1.673009753227233887e+00 -3.269684553146362305e+00 -9.027546644210815430e-01 4.775313735008239746e-01 4.013676643371582031e+00
2.843521356582641602e+00 5.680889129638671875e+00 -3.810497760772705078e+00 -1.309272497892379761e-01 -8.599219918251037598e-01 -1.353613471984863281e+01 3.289538919925689697e-01 -3.635215044021606445e+00 5.947790145874023438e+00 1.115253210067749023e+00 5.465329810976982117e-02 5.558197021484375000e+00 3.108514547348022461e+00 3.400120973587036133e+00 1.851028800010681152e+00
6.446146011352539062e+00 5.941735744476318359e+00 -2.429773330688476562e+00 8.720399141311645508e-01 -1.360691308975219727e+00 -9.630895614624023438e+00 2.490044116973876953e+00 -6.469998359680175781e+00 4.289000511169433594e+00 4.313411235809326172e+00 -7.630122661590576172e+00 2.757901668548583984e+00 1.587592244148254395e+00 1.931253194808959961e+00 3.106089830398559570e+00
9.396271705627441406e+00 8.643301963806152344e+00 -2.995509147644042969e+00 1.238514065742492676e+00 -3.432580471038818359e+00 -8.837675094604492188e+00 2.234096527099609375e+00 -7.877051353454589844e+00 4.180396080017089844e+00 3.750416517257690430e+00 -7.448211669921875000e+00 2.712820529937744141e+00 1.413881540298461914e+00 2.101370811462402344e+00 3.115066766738891602e+00
1.487357854843139648e+00 6.896575927734375000e+00 -6.258893966674804688e+00 3.531184673309326172e+00 5.413133621215820312e+00 -7.754117488861083984e+00 -3.124463081359863281e+00 -8.223959207534790039e-01 4.866608619689941406e+00 7.351137161254882812e+00 1.820981979370117188e+00 1.406113028526306152e+00 -5.988819599151611328e+00 1.001332283020019531e+00 -1.813603401184082031e+00
4.917359828948974609e+00 3.238520145416259766e+00 -1.107858467102050781e+01 -2.403346747159957886e-01 4.423173904418945312e+00 -3.464308977127075195e+00 -5.600358963012695312e+00 -4.251885890960693359e+00 4.984096527099609375e+00 2.597589254379272461e+00 2.323069095611572266e+00 -3.349476814270019531e+00 -3.643798828125000000e-01 6.798880547285079956e-02 4.644989013671875000e+00
5.858154892921447754e-01 8.006483078002929688e+00 -6.015856742858886719e+00 -5.651609227061271667e-02 -2.289237737655639648e+00 -1.270457458496093750e+01 6.165150552988052368e-02 -3.368510246276855469e+00 6.919026851654052734e+00 8.893812298774719238e-01 5.744224190711975098e-01 6.707848072052001953e+00 3.055603742599487305e+00 3.825275421142578125e+00 9.453386068344116211e-01
4.976772308349609375e+00 5.737466335296630859e+00 -2.365339756011962891e+00 4.640199184417724609e+00 4.235250473022460938e+00 -1.116598129272460938e+01 1.246801853179931641e+00 3.959637582302093506e-01 3.255960941314697266e+00 -3.973133087158203125e+00 -1.666200995445251465e+00 -1.786572337150573730e+00 -3.224144697189331055e+00 4.170080184936523438e+00 1.054366350173950195e+00
5.153817653656005859e+00 3.537940979003906250e+00 -5.738811969757080078e+00 -1.062072291970252991e-01 2.963986158370971680e+00 -3.294376134872436523e+00 -4.804714202880859375e+00 -4.183876991271972656e+00 3.612164497375488281e+00 2.154441595077514648e+00 1.491982221603393555e+00 -3.061741828918457031e+00 -5.708160996437072754e-01 -2.012398540973663330e-01 4.641303539276123047e+00
7.327160358428955078e+00 6.612397193908691406e+00 -2.407634973526000977e+00 -1.563653945922851562e+00 1.866700768470764160e+00 -1.149555587768554688e+01 2.080589294433593750e+00 -9.384272575378417969e+00 6.204590320587158203e+00 5.786862373352050781e-01 1.130111664533615112e-01 3.216271162033081055e+00 -4.310749769210815430e-01 7.395588874816894531e+00 -1.459759175777435303e-01
5.275501251220703125e+00 3.250737667083740234e+00 -5.668499469757080078e+00 -3.188425600528717041e-01 2.678407430648803711e+00 -3.747198581695556641e+00 -4.891449451446533203e+00 -4.823813915252685547e+00 2.954794168472290039e+00 2.688161849975585938e+00 2.004991531372070312e+00 -3.425014972686767578e+00 3.415136784315109253e-02 6.418433189392089844e-01 4.785718917846679688e+00
1.520383715629577637e+00 6.052871227264404297e+00 -5.694217205047607422e+00 3.053297281265258789e+00 4.823680877685546875e+00 -6.036757469177246094e+00 -4.006848812103271484e+00 -1.648457527160644531e+00 4.949165821075439453e+00 6.263721466064453125e+00 1.930386543273925781e+00 1.726979613304138184e+00 -5.666982650756835938e+00 1.056007862091064453e+00 -2.323972225189208984e+00
1.910100936889648438e+00 7.657032489776611328e+00 -5.379611968994140625e+00 -4.231249392032623291e-01 -1.519119501113891602e+00 -1.302285480499267578e+01 -8.222467899322509766e-01 -3.301484584808349609e+00 7.429887294769287109e+00 3.211266279220581055e+00 5.190942287445068359e-01 5.987896442413330078e+00 2.787622213363647461e+00 3.723644495010375977e+00 1.253758430480957031e+00
6.358113139867782593e-02 7.912961959838867188e+00 -6.363130092620849609e+00 -1.252806633710861206e-01 -3.153352499008178711e+00 -1.233455371856689453e+01 -6.050422042608261108e-02 -3.223904848098754883e+00 7.052713871002197266e+00 2.291347742080688477e+00 -1.849867552518844604e-01 6.208730220794677734e+00 3.090493679046630859e+00 3.422313690185546875e+00 1.103616833686828613e+00
1.261936783790588379e+00 7.185329914093017578e+00 -5.866578578948974609e+00 5.491982936859130859e+00 -1.026740789413452148e+00 -9.582498550415039062e+00 -6.541855931282043457e-01 -4.858076572418212891e+00 5.200356483459472656e+00 -2.449642419815063477e+00 -2.319159507751464844e+00 4.687656402587890625e+00 -2.693099975585937500e+00 4.586730480194091797e+00 3.935458660125732422e+00
3.198757648468017578e+00 7.535287380218505859e+00 -5.069738388061523438e+00 -3.385659158229827881e-01 -6.926837563514709473e-01 -1.130735111236572266e+01 -1.678301990032196045e-01 -2.822459220886230469e+00 8.029294967651367188e+00 2.666425466537475586e+00 3.127197623252868652e-01 6.294995784759521484e+00 3.069000959396362305e+00 3.515602350234985352e+00 1.161612987518310547e+00
4.068469047546386719e+00 6.591459751129150391e+00 -1.561895728111267090e+00 8.846811056137084961e-01 1.724658250808715820e+00 -7.969343185424804688e+00 6.680577754974365234e+00 -1.153191471099853516e+01 5.895415306091308594e+00 -7.279430031776428223e-01 5.824576020240783691e-01 1.310408711433410645e+00 -1.932508498430252075e-01 4.936477661132812500e+00 -5.622497558593750000e+00
2.706944942474365234e+00 9.349827766418457031e+00 -6.525623798370361328e-01 1.911160707473754883e+00 2.684808492660522461e+00 -8.539727210998535156e+00 7.010368347167968750e+00 -9.475827217102050781e+00 6.315939426422119141e+00 -1.720696091651916504e+00 1.140356659889221191e+00 1.245597481727600098e+00 -7.428147792816162109e-01 5.161192893981933594e+00 -6.374304771423339844e+00
3.267379760742187500e+00 5.817794799804687500e+00 -3.929906606674194336e+00 -2.328064888715744019e-01 -5.465013384819030762e-01 -1.295071983337402344e+01 -3.712972253561019897e-02 -4.571993827819824219e+00 7.074743270874023438e+00 1.979084849357604980e+00 -6.365671753883361816e-01 5.900096416473388672e+00 2.873959779739379883e+00 3.456512928009033203e+00 9.156863689422607422e-01
1.374167799949645996e+00 8.285669326782226562e+00 -5.854080200195312500e+00 -1.487660855054855347e-01 -2.763771533966064453e+00 -1.191433906555175781e+01 -1.504975795745849609e+00 -4.476315975189208984e+00 5.514549255371093750e+00 1.808404445648193359e+00 2.199787050485610962e-01 6.230767250061035156e+00 3.089590072631835938e+00 3.246898889541625977e+00 9.214905500411987305e-01
3.384361982345581055e+00 1.050582408905029297e+01 -8.119130134582519531e-01 2.059775114059448242e+00 2.997594594955444336e+00 -9.197581291198730469e+00 6.390295982360839844e+00 -9.467132568359375000e+00 5.062025070190429688e+00 -9.648212194442749023e-01 2.426080226898193359e+00 1.438629865646362305e+00 -1.748926043510437012e+00 4.899099349975585938e+00 -7.753013610839843750e+00
5.309500694274902344e+00 5.393976688385009766e+00 -2.379790067672729492e+00 3.209773540496826172e+00 3.469058752059936523e+00 -1.040887451171875000e+01 3.211126625537872314e-01 -8.840762376785278320e-01 3.896855592727661133e+00 -3.811076879501342773e+00 -1.525792717933654785e+00 -2.186566114425659180e+00 -4.017104625701904297e+00 4.344184398651123047e+00 1.057685971260070801e+00
5.104867935180664062e+00 1.129377365112304688e+01 -2.896231889724731445e+00 7.123416900634765625e+00 -4.141442775726318359e+00 -1.035041809082031250e+01 5.489150434732437134e-02 -7.821568489074707031e+00 -1.518174052238464355e+00 -1.762807130813598633e+00 -2.913226127624511719e+00 -1.855109572410583496e+00 3.353482961654663086e+00 3.876438140869140625e+00 -1.830587029457092285e+00
9.468669891357421875e+00 8.408079147338867188e+00 -2.153664350509643555e+00 -2.560642004013061523e+00 3.134770631790161133e+00 -1.169745159149169922e+01 1.468785047531127930e+00 -9.818380355834960938e+00 6.525589942932128906e+00 5.261659026145935059e-01 8.550851941108703613e-01 2.964275836944580078e+00 -4.558453559875488281e-01 7.276127815246582031e+00 -1.517344862222671509e-01
2.366994380950927734e+00 5.941982746124267578e+00 -3.780099868774414062e+00 -6.126622483134269714e-02 -1.173916220664978027e+00 -1.355873298645019531e+01 1.118369579315185547e+00 -3.580043315887451172e+00 7.469818115234375000e+00 1.915670394897460938e+00 1.611417680978775024e-01 6.639641761779785156e+00 2.844015836715698242e+00 4.210702896118164062e+00 1.192088603973388672e+00
2.097984075546264648e+00 7.639928340911865234e+00 -5.754394531250000000e+00 -3.728245794773101807e-01 -1.752842426300048828e+00 -1.469778442382812500e+01 6.129991412162780762e-01 -3.712820768356323242e+00 6.471703529357910156e+00 1.994663834571838379e+00 -5.172440409660339355e-01 5.722209930419921875e+00 3.401318550109863281e+00 3.607524394989013672e+00 1.687741637229919434e+00
2.995800077915191650e-01 8.969943046569824219e+00 -9.775035858154296875e+00 6.113189697265625000e+00 7.620481014251708984e+00 -8.025963783264160156e+00 -3.816068649291992188e+00 -2.018851518630981445e+00 4.364897727966308594e+00 6.623994350433349609e+00 2.100218296051025391e+00 1.124899148941040039e+00 -5.668311595916748047e+00 1.166411399841308594e+00 -2.501472234725952148e+00
7.275491714477539062e+00 7.068253040313720703e+00 -2.749727487564086914e+00 7.777169346809387207e-01 -1.321356415748596191e+00 -8.339538574218750000e+00 1.958432316780090332e+00 -7.874839305877685547e+00 4.970083713531494141e+00 3.955890655517578125e+00 -7.330130100250244141e+00 2.699255943298339844e+00 1.288583517074584961e+00 1.093057870864868164e+00 2.135706186294555664e+00
4.543748378753662109e+00 9.055349349975585938e+00 -1.435641407966613770e+00 1.233324050903320312e+00 2.637159585952758789e+00 -8.614712715148925781e+00 6.774149894714355469e+00 -1.068612480163574219e+01 5.977505207061767578e+00 -6.591897606849670410e-01 8.254672884941101074e-01 5.694463253021240234e-01 -8.149547576904296875e-01 4.542433738708496094e+00 -6.305230140686035156e+00
2.155211448669433594e+00 6.624740123748779297e+00 -4.804533958435058594e+00 -2.366411536931991577e-01 -1.809865355491638184e+00 -1.362849807739257812e+01 1.392118215560913086e+00 -4.161934375762939453e+00 7.675941944122314453e+00 1.856202483177185059e+00 9.548939764499664307e-02 6.295596599578857422e+00 3.020464181900024414e+00 4.055536746978759766e+00 1.311232089996337891e+00
5.923784255981445312e+00 3.703541994094848633e+00 -6.468346595764160156e+00 -2.814760506153106689e-01 2.912859201431274414e+00 -3.710977792739868164e+00 -6.328434944152832031e+00 -5.181723594665527344e+00 3.567612648010253906e+00 2.424567222595214844e+00 1.514327287673950195e+00 -3.153405666351318359e+00 -1.958885341882705688e-01 -1.736131310462951660e-01 4.897898197174072266e+00
2.790288209915161133e+00 5.379753112792968750e+00 -4.982539653778076172e+00 1.957513093948364258e+00 4.039592742919921875e+00 -7.857048988342285156e+00 -2.844714879989624023e+00 -3.127848207950592041e-01 4.859202384948730469e+00 6.771190643310546875e+00 2.228184938430786133e+00 1.148108124732971191e+00 -6.218126773834228516e+00 1.907803773880004883e+00 -1.898509144783020020e+00
8.164424896240234375e+00 7.890922069549560547e+00 -2.381288051605224609e+00 8.638295531272888184e-01 -2.505524396896362305e+00 -9.400294303894042969e+00 1.727938532829284668e+00 -9.674991607666015625e+00 4.899891376495361328e+00 4.118049144744873047e+00 -7.260671615600585938e+00 2.774865150451660156e+00 1.479389667510986328e+00 1.724204778671264648e+00 2.975307226181030273e+00
6.279113769531250000e+00 4.751628875732421875e+00 -7.506978034973144531e+00 4.982045173645019531e+00 -2.121344327926635742e+00 -7.253211498260498047e+00 -4.239177703857421875e+00 5.208014249801635742e-01 -5.044686794281005859e-01 1.032868146896362305e+00 1.064054608345031738e+00 1.146185278892517090e+00 -4.257689952850341797e+00 -1.022118091583251953e+00 4.183561325073242188e+00
4.258934974670410156e+00 5.460388660430908203e+00 -4.278439998626708984e+00 1.191033482551574707e+00 3.822781801223754883e+00 -7.466997146606445312e+00 -2.355273246765136719e+00 -1.419830441474914551e+00 4.349587440490722656e+00 6.008900642395019531e+00 2.229657888412475586e+00 1.875907301902770996e+00 -5.739847660064697266e+00 5.242273807525634766e-01 -2.216519832611083984e+00
5.946349143981933594e+00 4.826135158538818359e+00 -5.699257850646972656e+00 2.541737794876098633e+00 6.002170220017433167e-02 -7.681653976440429688e+00 -4.532770156860351562e+00 2.827995717525482178e-01 -1.735095977783203125e-01 1.872946143150329590e+00 1.457510590553283691e+00 1.537167191505432129e+00 -3.992144823074340820e+00 -1.168457508087158203e+00 4.601585865020751953e+00
2.944144010543823242e+00 9.450259208679199219e+00 -8.613587617874145508e-01 2.129595994949340820e+00 2.568196535110473633e+00 -7.792237281799316406e+00 6.213814735412597656e+00 -9.004725456237792969e+00 5.381198406219482422e+00 -1.515015721321105957e+00 1.174571394920349121e+00 6.687868833541870117e-01 -6.732704639434814453e-01 5.198478221893310547e+00 -5.993820190429687500e+00
1.978101372718811035e+00 6.866098880767822266e+00 -4.774192810058593750e+00 -1.914000958204269409e-01 -1.689709663391113281e+00 -1.316852188110351562e+01 -1.217977628111839294e-01 -4.138981819152832031e+00 8.031355857849121094e+00 1.937230229377746582e+00 7.619768381118774414e-01 6.713721752166748047e+00 2.909157037734985352e+00 3.429924011230468750e+00 8.785591721534729004e-01
4.758598327636718750e+00 4.961962223052978516e+00 -2.073164463043212891e+00 3.568126440048217773e+00 3.429006576538085938e+00 -1.046394729614257812e+01 1.590996980667114258e+00 2.596417367458343506e-01 3.657287597656250000e+00 -4.128074169158935547e+00 -1.417027950286865234e+00 -2.428703069686889648e+00 -4.363726139068603516e+00 4.012760639190673828e+00 7.652866840362548828e-01
4.151501655578613281e+00 8.242433547973632812e+00 -2.201715230941772461e+00 5.035858631134033203e+00 -2.511263608932495117e+00 -1.116450595855712891e+01 1.317607879638671875e+00 -8.723160743713378906e+00 -6.467679738998413086e-01 -1.576813578605651855e+00 -3.073137044906616211e+00 -1.598033666610717773e+00 2.915442705154418945e+00 3.709686756134033203e+00 -1.818611621856689453e+00
