-3.808788299560546875e+00 -2.567456483840942383e+00 -1.115661859512329102e+00 2.516016364097595215e-01 3.410091623663902283e-02 -1.654566526412963867e+00 -7.012315750122070312e+00 2.956107556819915771e-01 3.617851257324218750e+00 4.135860919952392578e+00 3.019240379333496094e+00 6.921250224113464355e-01 6.089402198791503906e+00 -3.630780935287475586e+00 2.941415071487426758e+00
-2.418833494186401367e+00 -9.100614190101623535e-01 1.621605828404426575e-02 -1.592369437217712402e+00 -2.675809383392333984e+00 -5.135127156972885132e-02 -3.418312788009643555e+00 -9.274474531412124634e-02 3.036742925643920898e+00 7.988208532333374023e-01 7.688703536987304688e+00 -3.444778203964233398e+00 1.481655836105346680e+00 -2.815014362335205078e+00 4.897279262542724609e+00
-6.128380894660949707e-01 -1.188915967941284180e+00 -4.044252395629882812e+00 -3.459845781326293945e-01 1.619819760322570801e+00 -6.628123521804809570e-01 -8.880883216857910156e+00 2.590858221054077148e+00 6.062367916107177734e+00 1.240057945251464844e+00 1.751002669334411621e+00 -1.570351123809814453e-01 2.361580848693847656e+00 3.312450647354125977e+00 5.291370391845703125e+00
-3.942708969116210938e+00 -1.358964562416076660e+00 -8.139828681945800781e+00 8.206796646118164062e-02 -2.762755632400512695e+00 -4.330855369567871094e+00 -4.378063678741455078e+00 -2.464823007583618164e+00 4.315164566040039062e+00 4.678599834442138672e+00 1.046289324760437012e+00 -7.671121358871459961e-01 -1.379549145698547363e+00 5.921010971069335938e-01 5.446726322174072266e+00
-6.538879871368408203e+00 4.432921409606933594e+00 -5.932219028472900391e-01 1.293597459793090820e+00 -3.508383274078369141e+00 -4.999003410339355469e+00 -7.614906787872314453e+00 3.810580015182495117e+00 3.111333131790161133e+00 4.743314266204833984e+00 -2.341326236724853516e+00 -2.783668279647827148e+00 1.653381705284118652e+00 2.891926288604736328e+00 -5.903785824775695801e-01
-1.602133631706237793e+00 -1.021116852760314941e+00 -5.802076339721679688e+00 -5.156559348106384277e-01 2.339206635951995850e-01 -2.619061470031738281e-01 -8.456390380859375000e+00 3.095667839050292969e+00 4.406221389770507812e+00 2.466045379638671875e+00 2.862838983535766602e+00 -1.076860785484313965e+00 4.084385395050048828e+00 1.001437067985534668e+00 4.406291007995605469e+00
3.001870512962341309e-01 3.125309228897094727e+00 -4.705646634101867676e-01 4.410600662231445312e+00 -2.703583002090454102e+00 -2.940182685852050781e+00 -6.212629795074462891e+00 1.247036933898925781e+00 3.485177755355834961e+00 3.043855667114257812e+00 -9.371397495269775391e-01 -3.794541120529174805e+00 -1.910939812660217285e+00 -2.230288267135620117e+00 7.124929428100585938e+00
-1.488209128379821777e+00 1.792365312576293945e-01 -5.348660469055175781e+00 3.961494565010070801e-02 -2.743147909641265869e-01 5.885117650032043457e-01 -9.594788551330566406e+00 2.900543689727783203e+00 4.682909965515136719e+00 1.179164886474609375e+00 2.635482311248779297e+00 -1.139097735285758972e-01 2.695329189300537109e+00 2.915951728820800781e+00 4.669799327850341797e+00
7.513693571090698242e-01 2.313425779342651367e+00 -1.507791280746459961e-01 4.738222599029541016e+00 -2.654188632965087891e+00 -2.531361103057861328e+00 -5.376650810241699219e+00 2.463673830032348633e+00 5.067952632904052734e+00 7.940716743469238281e-01 -1.397405385971069336e+00 -4.244801998138427734e+00 -1.431777477264404297e+00 -1.959364652633666992e+00 7.211163043975830078e+00
-4.309002876281738281e+00 -2.203006029129028320e+00 -9.158441424369812012e-01 -1.546562671661376953e+00 -5.399737358093261719e+00 -6.073369979858398438e+00 -6.672421932220458984e+00 3.666193485260009766e+00 8.382794380187988281e+00 1.124048948287963867e+00 3.414349555969238281e+00 -1.216147184371948242e+00 2.237992286682128906e+00 -6.027275562286376953e+00 3.962076663970947266e+00
1.768997907638549805e-01 -7.064854502677917480e-01 1.549702405929565430e+00 -1.473549723625183105e+00 -1.589687943458557129e+00 -6.482570767402648926e-01 -3.420162677764892578e+00 2.142671823501586914e+00 2.605980873107910156e+00 8.433328270912170410e-01 8.098019599914550781e+00 -3.301759958267211914e+00 -8.352204561233520508e-01 -1.353338956832885742e+00 6.369298458099365234e+00
-3.473912477493286133e+00 -5.215229988098144531e+00 -1.009826660156250000e-01 -6.086025238037109375e-01 2.207557201385498047e+00 -2.675128459930419922e+00 -6.509407520294189453e+00 3.168905675411224365e-01 5.521006584167480469e+00 5.554671764373779297e+00 2.192595720291137695e+00 1.217775940895080566e+00 4.731331825256347656e+00 -3.325783967971801758e+00 4.106722831726074219e+00
-7.349501132965087891e+00 1.944853663444519043e+00 5.332828998565673828e+00 2.684544324874877930e-01 -1.220787882804870605e+00 -2.621119260787963867e+00 -4.148784160614013672e+00 1.930545330047607422e+00 3.145753443241119385e-01 2.452721595764160156e+00 1.535326838493347168e+00 -3.382807016372680664e+00 4.899495124816894531e+00 1.509622693061828613e+00 5.768462657928466797e+00
-1.119551181793212891e+00 -2.411149263381958008e+00 -5.420919418334960938e+00 1.385843753814697266e-01 -5.178871750831604004e-01 -4.880554974079132080e-01 -8.829916000366210938e+00 3.175889730453491211e+00 7.690102100372314453e+00 1.045803070068359375e+00 1.301859498023986816e+00 1.576097607612609863e-01 3.378455638885498047e+00 2.883339881896972656e+00 6.292369842529296875e+00
-2.188997983932495117e+00 -8.279788494110107422e-02 -3.902167081832885742e-01 -2.147449731826782227e+00 -2.289155006408691406e+00 -1.080045223236083984e+00 -4.138093471527099609e+00 9.156301617622375488e-01 3.138432502746582031e+00 3.861584067344665527e-01 7.328310012817382812e+00 -4.387684822082519531e+00 1.359869003295898438e+00 -3.088953018188476562e+00 5.245846748352050781e+00
-1.521046161651611328e-01 -7.270212173461914062e-01 1.461151003837585449e+00 -1.802477598190307617e+00 -1.456109166145324707e+00 1.745005548000335693e-01 -3.176419019699096680e+00 1.199465394020080566e+00 9.121612310409545898e-01 1.469329118728637695e+00 8.722544670104980469e+00 -3.404918909072875977e+00 -1.602872729301452637e+00 -1.372248768806457520e+00 7.749021530151367188e+00
-5.251894950866699219e+00 1.164431333541870117e+00 -8.488878011703491211e-01 -1.793437480926513672e+00 -1.780407190322875977e+00 -5.155278205871582031e+00 -9.105218887329101562e+00 4.453422546386718750e+00 7.209404945373535156e+00 3.321812629699707031e+00 2.667730331420898438e+00 -2.527896642684936523e+00 3.815053939819335938e+00 -6.164566799998283386e-02 1.660531163215637207e+00
-2.586498558521270752e-01 1.532071471214294434e+00 3.813214898109436035e-01 4.476106643676757812e+00 -2.366154432296752930e+00 -3.365899562835693359e+00 -5.599576473236083984e+00 1.198159217834472656e+00 4.635392665863037109e+00 2.818750858306884766e+00 -7.216345071792602539e-01 -3.486679792404174805e+00 -5.934220552444458008e-01 -4.381597995758056641e+00 5.446814060211181641e+00
2.720683813095092773e-01 3.780619859695434570e+00 -1.920230388641357422e+00 2.824421405792236328e+00 -2.731759548187255859e+00 -1.929088234901428223e+00 -7.110267162322998047e+00 1.200943350791931152e+00 3.174735546112060547e+00 5.805336236953735352e-01 -3.506236076354980469e-01 -3.634472608566284180e+00 -2.571814537048339844e+00 -2.381239891052246094e+00 7.040523529052734375e+00
-5.864990234375000000e+00 2.839164495468139648e+00 3.092723131179809570e+00 1.125067710876464844e+00 -2.352831840515136719e+00 -1.829333424568176270e+00 -6.984329700469970703e+00 9.165597558021545410e-01 1.228772282600402832e+00 6.070529222488403320e-01 5.184930562973022461e-01 -2.273553133010864258e+00 4.573634147644042969e+00 -5.973286032676696777e-01 5.550033569335937500e+00
1.866845846176147461e+00 2.172791719436645508e+00 -4.932906329631805420e-01 4.038640975952148438e+00 -3.903492450714111328e+00 -2.485796928405761719e+00 -6.697587490081787109e+00 1.249588966369628906e+00 4.072774410247802734e+00 1.470541477203369141e+00 -4.851524233818054199e-01 -2.872358083724975586e+00 -2.849489688873291016e+00 -4.491222381591796875e+00 6.038351535797119141e+00
-1.304681658744812012e+00 -5.467464923858642578e-01 7.788673639297485352e-01 -1.773021340370178223e+00 -1.138409733772277832e+00 -8.253600001335144043e-01 -4.065636157989501953e+00 2.186202764511108398e+00 1.532873988151550293e+00 2.394014894962310791e-01 6.943889141082763672e+00 -4.047444343566894531e+00 -3.944697380065917969e-01 -3.035314559936523438e+00 5.559152126312255859e+00
-3.637094736099243164e+00 -3.438046693801879883e+00 -1.276743412017822266e+00 6.139847040176391602e-01 9.399638772010803223e-01 -2.929450988769531250e+00 -6.098472595214843750e+00 1.042573451995849609e+00 4.562470436096191406e+00 4.880709171295166016e+00 1.903230786323547363e+00 -7.237215638160705566e-01 5.648566246032714844e+00 -3.397899627685546875e+00 3.009554624557495117e+00
1.210025548934936523e+00 3.539006233215332031e+00 -6.997821331024169922e-01 2.575934171676635742e+00 -1.979731798171997070e+00 -3.360723018646240234e+00 -6.827660083770751953e+00 9.156964421272277832e-01 2.717525959014892578e+00 2.444849967956542969e+00 -3.792500495910644531e-01 -3.472229242324829102e+00 -2.207603454589843750e+00 -1.990938782691955566e+00 7.603699684143066406e+00
-3.901620507240295410e-01 -5.823237895965576172e-01 -4.370376586914062500e+00 -2.283371686935424805e-01 5.589182376861572266e-01 -6.220135688781738281e-01 -7.334496974945068359e+00 2.924623966217041016e+00 3.986550807952880859e+00 2.001378059387207031e+00 1.733699440956115723e+00 -1.587685585021972656e+00 2.703742027282714844e+00 2.829598903656005859e+00 5.500114917755126953e+00
-6.396757602691650391e+00 3.038064241409301758e+00 2.881275415420532227e-01 1.085655927658081055e+00 -1.943828582763671875e+00 -3.977321147918701172e+00 -6.420695304870605469e+00 2.993324041366577148e+00 2.164443492889404297e+00 5.505948543548583984e+00 -9.551417231559753418e-01 -2.553189277648925781e+00 2.151820182800292969e+00 1.512672781944274902e+00 -7.226082682609558105e-01
-6.678632497787475586e-01 -8.068878650665283203e-01 -4.552963733673095703e+00 -1.514822542667388916e-01 1.514453768730163574e+00 -5.168009400367736816e-01 -8.444501876831054688e+00 2.559124708175659180e+00 4.226289272308349609e+00 9.878504872322082520e-01 1.272255897521972656e+00 -1.012828350067138672e+00 3.347567558288574219e+00 1.113413453102111816e+00 4.386705398559570312e+00
-6.632126808166503906e+00 -2.073192358016967773e+00 -5.594780921936035156e+00 -7.560817003250122070e-01 -4.878187179565429688e-01 -5.549651145935058594e+00 -3.401634931564331055e+00 -2.049843311309814453e+00 5.866211891174316406e+00 4.047143459320068359e+00 1.226611495018005371e+00 -5.007827877998352051e-01 -3.399449586868286133e-01 2.362279891967773438e+00 2.348281383514404297e+00
-3.751835107803344727e+00 -4.345028400421142578e+00 2.467382326722145081e-02 1.504596710205078125e+00 1.478773355484008789e+00 -2.598709821701049805e+00 -7.545476913452148438e+00 5.640450119972229004e-01 5.536907196044921875e+00 5.825328826904296875e+00 2.199124574661254883e+00 1.385657429695129395e+00 5.037221431732177734e+00 -3.179203510284423828e+00 4.685688495635986328e+00
-2.255891799926757812e+00 -8.486515283584594727e-01 5.880022421479225159e-02 -1.605894446372985840e+00 -9.348117709159851074e-01 -1.365357398986816406e+00 -3.475092172622680664e+00 1.310951471328735352e+00 2.711076498031616211e+00 1.465467095375061035e+00 7.902320861816406250e+00 -4.764801979064941406e+00 9.608174562454223633e-01 -2.630902290344238281e+00 5.387169361114501953e+00
-5.006081104278564453e+00 -1.130492448806762695e+00 -7.545401096343994141e+00 -2.999056577682495117e-01 -2.028650760650634766e+00 -3.218129396438598633e+00 -5.995594501495361328e+00 -1.361364722251892090e+00 4.620059013366699219e+00 4.366353511810302734e+00 2.644519090652465820e+00 5.210314989089965820e-01 -4.772232770919799805e-01 8.831444978713989258e-01 3.720283746719360352e+00
-4.654163837432861328e+00 -4.659371852874755859e+00 2.751319169998168945e+00 1.330066442489624023e+00 2.616687297821044922e+00 -3.765716075897216797e+00 -7.021495819091796875e+00 1.222301602363586426e+00 6.083388328552246094e+00 6.760101795196533203e+00 1.957026243209838867e+00 1.788589239120483398e+00 6.032255172729492188e+00 -1.021480441093444824e+00 4.777879238128662109e+00
-4.107567787170410156e+00 -2.948128938674926758e+00 -2.231057733297348022e-03 1.562515020370483398e+00 5.326644182205200195e-01 -2.419660806655883789e+00 -8.945245742797851562e+00 8.762369751930236816e-01 5.471401214599609375e+00 3.300684928894042969e+00 2.140782356262207031e+00 2.156210899353027344e+00 5.507287502288818359e+00 -4.124269485473632812e+00 3.338126897811889648e+00
-7.445630073547363281e+00 2.968978166580200195e+00 9.700511693954467773e-01 1.542503595352172852e+00 -2.806302785873413086e+00 -5.053676605224609375e+00 -7.739613056182861328e+00 3.434124231338500977e+00 4.522656440734863281e+00 4.567362785339355469e+00 -1.109977722167968750e+00 -1.112924575805664062e+00 1.570514440536499023e+00 1.822880625724792480e+00 -2.177685976028442383e+00
-6.643263816833496094e+00 3.283206701278686523e+00 3.437440156936645508e+00 9.707500934600830078e-01 -1.127953410148620605e+00 -1.383454203605651855e+00 -6.603178977966308594e+00 3.686917722225189209e-01 2.325485050678253174e-01 7.062580585479736328e-01 2.552183866500854492e-01 -1.756118655204772949e+00 3.192124843597412109e+00 1.373321413993835449e+00 6.577871322631835938e+00
-2.953365802764892578e+00 -2.023034572601318359e+00 3.694756746292114258e+00 -3.400195837020874023e-01 -1.804914236068725586e+00 -6.990538597106933594e+00 -3.530040025711059570e+00 3.835692644119262695e+00 5.846696853637695312e+00 2.325112342834472656e+00 -1.647754788398742676e+00 -2.512082576751708984e+00 3.600656986236572266e+00 -2.314193248748779297e+00 9.758569002151489258e-01
-2.911174535751342773e+00 -3.231230974197387695e+00 1.551127195358276367e+00 4.174082279205322266e-01 -2.324567139148712158e-01 -5.886689662933349609e+00 -1.859459042549133301e+00 3.887046813964843750e+00 5.643762588500976562e+00 3.203950881958007812e+00 -1.589869499206542969e+00 -3.465790033340454102e+00 3.005455970764160156e+00 -1.864290952682495117e+00 4.443228542804718018e-01
-6.334572315216064453e+00 3.827169656753540039e+00 5.047295093536376953e-01 2.179784774780273438e+00 -2.247648239135742188e+00 -4.781666278839111328e+00 -8.760589599609375000e+00 3.838458299636840820e+00 3.822098016738891602e+00 3.525856018066406250e+00 -2.117215633392333984e+00 -2.260638475418090820e+00 1.608074069023132324e+00 8.094428181648254395e-01 -8.940739631652832031e-01
-3.321636676788330078e+00 -2.401488065719604492e+00 3.569429636001586914e+00 -4.678009748458862305e-01 -3.442371189594268799e-01 -7.249314308166503906e+00 -1.840699315071105957e+00 3.151027202606201172e+00 5.401451110839843750e+00 3.560939073562622070e+00 -1.846102118492126465e+00 -2.437291622161865234e+00 3.415905952453613281e+00 -1.329389214515686035e+00 3.927730619907379150e-01
-4.093945026397705078e-01 -6.272389888763427734e-01 4.439772367477416992e-01 -2.480362653732299805e+00 -1.760874032974243164e+00 4.778236448764801025e-01 -3.762595653533935547e+00 1.890394210815429688e+00 3.085506439208984375e+00 -1.315940618515014648e-01 9.065729141235351562e+00 -3.419073104858398438e+00 -1.119543671607971191e+00 -1.231876969337463379e+00 7.038319587707519531e+00
-3.286359786987304688e+00 -3.441836118698120117e+00 -8.054450750350952148e-01 -3.661077022552490234e-01 -5.610215187072753906e+00 -5.511969566345214844e+00 -7.099418163299560547e+00 4.691118717193603516e+00 8.447466850280761719e+00 1.220038533210754395e+00 3.620138883590698242e+00 6.209455728530883789e-01 1.508452653884887695e+00 -6.524055480957031250e+00 2.893336534500122070e+00
-7.254269123077392578e+00 4.923898220062255859e+00 -2.114331007003784180e+00 1.360043287277221680e+00 -3.633107185363769531e+00 -3.590497732162475586e+00 -7.679678440093994141e+00 3.575611829757690430e+00 3.027501583099365234e+00 4.623811244964599609e+00 -1.069864153861999512e+00 -3.577289819717407227e+00 7.619538307189941406e-01 2.940196037292480469e+00 3.963771834969520569e-02
-6.447415828704833984e+00 4.034215927124023438e+00 -2.180940806865692139e-01 3.025823116302490234e+00 -4.031188964843750000e+00 -2.974987983703613281e+00 -9.182698249816894531e+00 3.246397256851196289e+00 3.194168806076049805e+00 4.682237148284912109e+00 -6.896133422851562500e-01 -1.584030389785766602e-01 1.709444999694824219e+00 8.826611638069152832e-01 -1.446330547332763672e+00
-5.734270572662353516e+00 2.721534490585327148e+00 4.504521369934082031e+00 2.095604419708251953e+00 -1.604719519615173340e+00 -1.842707276344299316e+00 -6.226393222808837891e+00 2.034332305192947388e-01 1.253023505210876465e+00 8.145767450332641602e-01 4.525969028472900391e-01 -1.605158567428588867e+00 4.030018806457519531e+00 7.115162909030914307e-02 4.465519428253173828e+00
-2.822150230407714844e+00 -3.438150167465209961e+00 3.568001031875610352e+00 -2.864923477172851562e-01 -4.621888995170593262e-01 -6.652788162231445312e+00 -1.679091334342956543e+00 3.189111709594726562e+00 6.363884925842285156e+00 2.645416736602783203e+00 -1.752351164817810059e+00 -2.045254945755004883e+00 2.585919380187988281e+00 -1.639060139656066895e+00 -9.667620658874511719e-01
-2.576053142547607422e-01 -1.364450097084045410e+00 -4.194472312927246094e+00 2.979371547698974609e-01 5.206568837165832520e-01 4.778392612934112549e-01 -9.163467407226562500e+00 2.820373058319091797e+00 6.350036621093750000e+00 1.809266209602355957e+00 2.729813575744628906e+00 8.396903872489929199e-01 2.223366737365722656e+00 4.459918498992919922e+00 7.133252143859863281e+00
-8.849396705627441406e-01 7.530939579010009766e-01 3.328915238380432129e-01 -2.039823055267333984e+00 -2.211344480514526367e+00 -1.889514625072479248e-01 -4.226611614227294922e+00 1.064167022705078125e+00 7.841179966926574707e-01 9.886465072631835938e-01 8.419460296630859375e+00 -3.037327051162719727e+00 -4.312537908554077148e-01 -1.189201712608337402e+00 7.085216045379638672e+00
9.056584835052490234e-01 2.516172647476196289e+00 8.119078874588012695e-01 4.916198730468750000e+00 -2.927628517150878906e+00 -4.700499534606933594e+00 -6.382925510406494141e+00 1.709390401840209961e+00 4.765053272247314453e+00 3.015001296997070312e+00 -2.661779165267944336e+00 -3.717658281326293945e+00 -2.095637798309326172e+00 -1.313359618186950684e+00 8.183463096618652344e+00
-1.500756382942199707e+00 -7.136021256446838379e-01 -3.745226383209228516e+00 -8.517110347747802734e-01 4.051849544048309326e-01 2.881478369235992432e-01 -9.007094383239746094e+00 2.716071367263793945e+00 5.808962821960449219e+00 1.594026565551757812e+00 3.183820009231567383e+00 2.025407075881958008e+00 4.227191448211669922e+00 5.130255222320556641e+00 5.685704231262207031e+00
-5.209574222564697266e+00 2.497115850448608398e+00 4.343351840972900391e+00 8.667389154434204102e-01 -1.526643395423889160e+00 -1.672185540199279785e+00 -6.966749191284179688e+00 2.719970941543579102e+00 7.102996110916137695e-01 -3.311280012130737305e-01 2.547509670257568359e-01 -3.177174329757690430e+00 3.626904010772705078e+00 -1.378139972686767578e+00 5.905077457427978516e+00
-3.747505903244018555e+00 -1.474708080291748047e+00 3.937914133071899414e+00 8.627071380615234375e-01 -1.407053768634796143e-01 -7.526741981506347656e+00 -2.739223003387451172e+00 2.624078989028930664e+00 6.085755825042724609e+00 2.078241825103759766e+00 -3.249225616455078125e+00 -1.574176669120788574e+00 2.558916091918945312e+00 1.582535058259963989e-01 -1.557327806949615479e-01
-5.159216403961181641e+00 -2.932771444320678711e+00 -5.610545158386230469e+00 2.981173992156982422e-01 -1.240873694419860840e+00 -4.787320137023925781e+00 -4.382707118988037109e+00 -8.376166224479675293e-01 5.562507629394531250e+00 4.962050914764404297e+00 1.308267116546630859e+00 -2.114185690879821777e-01 -9.141051769256591797e-02 1.322806954383850098e+00 3.290854692459106445e+00
-2.582142114639282227e+00 -1.313687443733215332e+00 8.827722072601318359e-01 -1.989349484443664551e+00 -1.281016230583190918e+00 -1.709757208824157715e+00 -3.194299459457397461e+00 1.739106774330139160e+00 3.281049966812133789e+00 1.453808784484863281e+00 8.908894538879394531e+00 -4.374012470245361328e+00 8.170919418334960938e-01 -2.281181097030639648e+00 5.500994205474853516e+00
-6.842546939849853516e+00 3.537531137466430664e+00 -1.472464561462402344e+00 2.217572689056396484e+00 -3.400383949279785156e+00 -3.567663192749023438e+00 -7.747798442840576172e+00 3.554076194763183594e+00 3.177032232284545898e+00 5.390676498413085938e+00 -8.603821992874145508e-01 -2.684882640838623047e+00 1.941546082496643066e+00 2.164171457290649414e+00 -6.549633145332336426e-01
-2.021640300750732422e+00 -1.340648531913757324e+00 -5.484509944915771484e+00 -6.705369949340820312e-01 -7.669561505317687988e-01 -1.090240359306335449e+00 -8.129478454589843750e+00 3.405579328536987305e+00 6.903229236602783203e+00 1.921428918838500977e+00 2.602585554122924805e+00 -1.109822034835815430e+00 3.082613945007324219e+00 4.086208820343017578e+00 6.288114070892333984e+00
-5.149370670318603516e+00 -1.792398571968078613e+00 -6.160094738006591797e+00 -3.170071840286254883e-01 -3.026470899581909180e+00 -3.941561222076416016e+00 -4.673138618469238281e+00 -2.021437406539916992e+00 4.758609771728515625e+00 4.546608448028564453e+00 1.956384539604187012e+00 8.010725975036621094e-01 -2.428001165390014648e-01 1.450176835060119629e+00 4.367146492004394531e+00
-1.119238138198852539e+00 -1.168648838996887207e+00 7.330778837203979492e-01 -1.439590215682983398e+00 -1.147005319595336914e+00 -2.181176662445068359e+00 -4.256298542022705078e+00 1.155304908752441406e+00 2.553438901901245117e+00 1.746538639068603516e+00 7.716663360595703125e+00 -3.063815116882324219e+00 6.000634431838989258e-01 -3.978285312652587891e+00 6.224762916564941406e+00
-4.189419269561767578e+00 -1.912659525871276855e+00 -1.865817666053771973e+00 -1.816433191299438477e+00 -4.589432716369628906e+00 -5.750541687011718750e+00 -6.657583713531494141e+00 4.169438362121582031e+00 7.434733390808105469e+00 4.629350304603576660e-01 2.890675783157348633e+00 -2.388679981231689453e+00 1.179962754249572754e+00 -5.313501358032226562e+00 5.060035705566406250e+00
-2.766548395156860352e+00 -3.615402936935424805e+00 4.105774879455566406e+00 -4.348897933959960938e-02 2.766034901142120361e-01 -6.876469612121582031e+00 -2.165061235427856445e+00 2.877542257308959961e+00 5.964418888092041016e+00 3.945956707000732422e+00 -1.726812839508056641e+00 -1.414585471153259277e+00 3.220765590667724609e+00 -1.656046509742736816e+00 4.274711310863494873e-01
1.958323597908020020e+00 2.351407766342163086e+00 -5.289252474904060364e-02 3.136995077133178711e+00 -3.487925291061401367e+00 -2.747354984283447266e+00 -6.008765697479248047e+00 1.437672138214111328e+00 4.392855644226074219e+00 1.522438049316406250e+00 2.418877035379409790e-01 -3.145082712173461914e+00 -2.218509674072265625e+00 -2.050855398178100586e+00 7.787661075592041016e+00
-1.702354311943054199e+00 -1.705988526344299316e+00 1.852287769317626953e+00 -1.145836234092712402e+00 -3.022804975509643555e+00 -1.929149389266967773e+00 -3.432628393173217773e+00 2.905868768692016602e+00 4.034592628479003906e+00 6.514111757278442383e-01 8.642641067504882812e+00 -3.463804483413696289e+00 8.794744014739990234e-01 -3.321301937103271484e+00 5.769243240356445312e+00
-1.521392345428466797e+00 -8.925192356109619141e-01 -4.525172710418701172e+00 3.697128891944885254e-01 1.262488603591918945e+00 -1.352920651435852051e+00 -6.757930278778076172e+00 2.765666723251342773e+00 4.806663036346435547e+00 3.039335250854492188e+00 1.771767258644104004e+00 -2.588414669036865234e+00 3.016016960144042969e+00 3.307112216949462891e+00 4.388020515441894531e+00
-4.975493907928466797e+00 -3.667893409729003906e+00 -1.873587250709533691e+00 1.249266862869262695e+00 8.026845455169677734e-01 -2.814450502395629883e+00 -7.431674480438232422e+00 1.205674886703491211e+00 6.168649673461914062e+00 4.105671405792236328e+00 1.877037644386291504e+00 6.421510577201843262e-01 6.193110466003417969e+00 -3.113695144653320312e+00 2.515240907669067383e+00
-4.259891033172607422e+00 -3.887243747711181641e+00 1.681008338928222656e+00 2.192026138305664062e+00 5.676929354667663574e-01 -3.317071914672851562e+00 -8.603678703308105469e+00 8.760798573493957520e-01 6.066927433013916016e+00 5.025453090667724609e+00 1.305339217185974121e+00 2.771407604217529297e+00 5.628108978271484375e+00 -2.607381820678710938e+00 4.533227443695068359e+00
1.982614278793334961e+00 2.627074003219604492e+00 -1.360534131526947021e-01 5.528279304504394531e+00 -3.213909864425659180e+00 -2.356229782104492188e+00 -5.899405956268310547e+00 2.834526777267456055e+00 4.687197685241699219e+00 2.578837394714355469e+00 -1.179771304130554199e+00 -3.627113580703735352e+00 -2.514599323272705078e+00 -1.183072805404663086e+00 8.491037368774414062e+00
1.109747886657714844e+00 -7.006978988647460938e-01 2.692018270492553711e+00 -2.381725311279296875e+00 -1.873532414436340332e+00 1.849301815032958984e+00 -2.328227281570434570e+00 2.184702157974243164e+00 -3.055918216705322266e-01 1.549565672874450684e+00 1.006117916107177734e+01 -2.690967321395874023e+00 -2.803398609161376953e+00 1.357243180274963379e+00 9.102743148803710938e+00
-1.242867112159729004e-01 -1.041088938713073730e+00 -4.278652667999267578e+00 -5.254485011100769043e-01 -1.522402167320251465e-01 -2.332067191600799561e-01 -8.457067489624023438e+00 3.288523435592651367e+00 6.813684463500976562e+00 1.762136816978454590e+00 1.651157259941101074e+00 -6.732516735792160034e-02 2.066380023956298828e+00 4.961948394775390625e+00 5.948763370513916016e+00
-7.664715766906738281e+00 2.303538322448730469e+00 1.309712171554565430e+00 2.381964445114135742e+00 -3.731354713439941406e+00 -4.317355632781982422e+00 -6.474273204803466797e+00 3.847945928573608398e+00 3.951527595520019531e+00 6.336455821990966797e+00 -3.192638158798217773e-01 -1.404709219932556152e+00 1.593705415725708008e+00 2.808740377426147461e+00 -9.321585893630981445e-01
-1.118907928466796875e+00 -6.651782989501953125e-02 7.194404602050781250e-01 -1.463994741439819336e+00 -1.939390063285827637e+00 5.287638902664184570e-01 -3.294775724411010742e+00 1.463161945343017578e+00 1.489349961280822754e+00 8.985612541437149048e-02 7.288623332977294922e+00 -4.346337318420410156e+00 -3.980320692062377930e-01 -2.159427642822265625e+00 5.739644527435302734e+00
-4.562027454376220703e+00 -2.486407041549682617e+00 -9.788963794708251953e-01 8.626341819763183594e-02 -5.390581130981445312e+00 -5.611923217773437500e+00 -7.167670726776123047e+00 4.724918365478515625e+00 7.594923019409179688e+00 1.465483427047729492e+00 3.917132139205932617e+00 -1.442794203758239746e+00 1.918902039527893066e+00 -6.404055118560791016e+00 3.009208917617797852e+00
-2.299932241439819336e+00 -1.077853918075561523e+00 4.872027337551116943e-01 -1.904133558273315430e+00 -1.090376973152160645e+00 -4.116584658622741699e-01 -3.216489076614379883e+00 1.067468285560607910e+00 3.844123840332031250e+00 4.986808896064758301e-01 7.774867534637451172e+00 -3.821892499923706055e+00 8.230930566787719727e-01 -2.523128747940063477e+00 4.603335857391357422e+00
1.130444288253784180e+00 3.528870820999145508e+00 -1.683086305856704712e-01 2.639709472656250000e+00 -1.290979027748107910e+00 -3.664926052093505859e+00 -6.781394004821777344e+00 3.336616992950439453e+00 3.937657356262207031e+00 9.955425262451171875e-01 -2.068439483642578125e+00 -4.390358924865722656e+00 -3.744523048400878906e+00 -1.284949064254760742e+00 6.012959003448486328e+00
-6.759135127067565918e-01 -1.196187853813171387e+00 -4.151448249816894531e+00 2.861853837966918945e-01 7.577404379844665527e-01 -3.438975661993026733e-02 -9.119889259338378906e+00 2.926810026168823242e+00 5.893232822418212891e+00 1.482688665390014648e+00 2.563397407531738281e+00 1.054657176136970520e-01 3.164309024810791016e+00 3.091463565826416016e+00 6.644028186798095703e+00
1.945735216140747070e-01 -2.585474014282226562e+00 -2.869934797286987305e+00 6.593728065490722656e-02 1.428377151489257812e+00 -5.305787175893783569e-02 -7.899706363677978516e+00 3.488600254058837891e+00 5.722607612609863281e+00 2.652820110321044922e+00 2.142539024353027344e+00 9.915316700935363770e-01 3.036534309387207031e+00 4.132220745086669922e+00 5.086265087127685547e+00
-4.590939998626708984e+00 2.355431795120239258e+00 1.150136590003967285e+00 -3.181524038314819336e+00 -2.629752397537231445e+00 -5.620474815368652344e+00 -9.444504737854003906e+00 4.398494720458984375e+00 7.385891914367675781e+00 2.597257614135742188e+00 2.222946643829345703e+00 -9.236778020858764648e-01 3.770736694335937500e+00 1.797714591026306152e+00 2.439842462539672852e+00
-3.318634033203125000e-01 -1.544250845909118652e+00 -5.654946327209472656e+00 -3.792481422424316406e-01 8.300795555114746094e-01 -2.390899360179901123e-01 -9.167125701904296875e+00 2.464226484298706055e+00 6.105407714843750000e+00 5.981348156929016113e-01 1.160976052284240723e+00 -8.142096400260925293e-01 1.732313513755798340e+00 1.911961317062377930e+00 6.548596858978271484e+00
-4.760184288024902344e+00 -1.339735746383666992e+00 -6.652739524841308594e+00 -5.068906545639038086e-01 2.590607702732086182e-01 -4.609747886657714844e+00 -4.529664039611816406e+00 1.878829747438430786e-01 3.528072357177734375e+00 5.045210361480712891e+00 1.706249237060546875e+00 -2.807517766952514648e+00 -4.366499185562133789e-01 -2.676777169108390808e-02 4.251242637634277344e+00
-5.089370727539062500e+00 -1.941086173057556152e+00 -6.981757640838623047e+00 6.277933120727539062e-01 -1.472748994827270508e+00 -4.629296302795410156e+00 -4.852442741394042969e+00 -2.091216802597045898e+00 5.761838436126708984e+00 4.568421840667724609e+00 4.295765161514282227e-01 1.440149545669555664e-01 -1.424857378005981445e+00 1.163081169128417969e+00 3.664645433425903320e+00
-1.799671769142150879e+00 -1.407000422477722168e+00 -5.189691543579101562e+00 -1.096684694290161133e+00 1.443356156349182129e+00 -6.445147395133972168e-01 -7.949750423431396484e+00 1.955783247947692871e+00 5.254236221313476562e+00 1.526962757110595703e+00 2.835722684860229492e+00 -1.886930227279663086e+00 3.533188819885253906e+00 1.819941401481628418e+00 4.914270877838134766e+00
-3.860138654708862305e-01 -2.280944347381591797e+00 -2.470384836196899414e+00 -8.453909754753112793e-01 2.493449926376342773e+00 -1.050602436065673828e+00 -6.973803520202636719e+00 2.951803922653198242e+00 5.270620822906494141e+00 2.241381645202636719e+00 2.042237520217895508e+00 -1.375052332878112793e+00 3.299589157104492188e+00 4.816732883453369141e+00 7.779929161071777344e+00
-6.051435947418212891e+00 -3.257344484329223633e+00 -6.193861007690429688e+00 -8.775246143341064453e-02 -2.661522865295410156e+00 -4.641266822814941406e+00 -2.833443880081176758e+00 -2.364219427108764648e+00 5.893304347991943359e+00 5.432567119598388672e+00 1.796522855758666992e+00 8.589632511138916016e-01 3.496137857437133789e-01 2.084538221359252930e+00 3.285011768341064453e+00
-6.891765117645263672e+00 3.580573320388793945e+00 -2.665654420852661133e-01 7.923214435577392578e-01 -2.812795400619506836e+00 -4.764923095703125000e+00 -7.805648326873779297e+00 3.648599863052368164e+00 4.339137077331542969e+00 3.470117807388305664e+00 -1.225280642509460449e+00 -2.999942541122436523e+00 7.172954082489013672e-01 1.585963129997253418e+00 -7.790657281875610352e-01
-3.442012786865234375e+00 -3.379379987716674805e+00 5.144259929656982422e+00 -8.155930042266845703e-01 8.340516686439514160e-02 -8.762961387634277344e+00 -1.011553645133972168e+00 3.427271127700805664e+00 8.500021934509277344e+00 3.113196849822998047e+00 -2.391320228576660156e+00 -1.598288893699645996e+00 1.416567444801330566e+00 7.707455754280090332e-01 1.834228992462158203e+00
-3.733055830001831055e+00 -3.573610067367553711e+00 -9.285321235656738281e-01 -2.179785251617431641e+00 -6.208116531372070312e+00 -6.076025009155273438e+00 -7.090879917144775391e+00 4.314094066619873047e+00 8.961721420288085938e+00 1.465947747230529785e+00 3.830654382705688477e+00 -8.248261809349060059e-01 6.630164384841918945e-01 -5.949532508850097656e+00 5.038432121276855469e+00
-1.738466501235961914e+00 -1.263607859611511230e+00 -5.700251579284667969e+00 -3.710027933120727539e-01 3.316003978252410889e-01 -3.405610620975494385e-01 -9.090109825134277344e+00 3.240085601806640625e+00 5.590483665466308594e+00 1.905085682868957520e+00 2.104513406753540039e+00 -4.141363501548767090e-01 4.085902214050292969e+00 1.846058487892150879e+00 3.590520620346069336e+00
-1.480839967727661133e+00 -2.188695669174194336e+00 -4.109435081481933594e+00 8.910626173019409180e-01 8.492904901504516602e-01 -9.024242758750915527e-01 -7.836741447448730469e+00 2.868180990219116211e+00 6.372285366058349609e+00 3.062072753906250000e+00 1.740450024604797363e+00 -3.810198307037353516e-01 3.565169811248779297e+00 4.177559375762939453e+00 6.894505023956298828e+00
1.504965066909790039e+00 2.850239992141723633e+00 2.114842176437377930e+00 4.788418769836425781e+00 -3.609373569488525391e+00 -4.938654899597167969e+00 -5.289400577545166016e+00 2.741306066513061523e+00 4.270590305328369141e+00 4.428945541381835938e+00 -9.868888854980468750e-01 -3.553099632263183594e+00 -3.978729248046875000e+00 2.160785198211669922e+00 1.005635929107666016e+01
-3.401913166046142578e+00 -2.762317657470703125e+00 -1.420448899269104004e+00 1.494511365890502930e-01 1.658433675765991211e+00 -2.536603927612304688e+00 -7.878161907196044922e+00 3.387771314010024071e-03 4.572284698486328125e+00 4.106090068817138672e+00 1.753512740135192871e+00 3.903912901878356934e-01 5.297771930694580078e+00 -3.042735338211059570e+00 3.885493993759155273e+00
-5.081138610839843750e+00 -2.974037408828735352e+00 -6.799127578735351562e+00 -5.381840467453002930e-01 -1.135171771049499512e+00 -3.620229244232177734e+00 -4.644604206085205078e+00 -1.247943997383117676e+00 5.023415565490722656e+00 5.715073108673095703e+00 3.126703977584838867e+00 -8.768340945243835449e-01 -2.312815189361572266e-02 3.769489228725433350e-01 3.884613752365112305e+00
-1.336643218994140625e+00 -1.602857947349548340e+00 -5.027676582336425781e+00 -6.334425210952758789e-01 1.008381247520446777e+00 -7.450227141380310059e-01 -8.864999771118164062e+00 2.804709672927856445e+00 6.379301548004150391e+00 6.990733146667480469e-01 1.763833880424499512e+00 -4.194634556770324707e-01 3.110794067382812500e+00 2.509078979492187500e+00 4.408679485321044922e+00
-2.502560377120971680e+00 -1.267907857894897461e+00 1.012476205825805664e+00 -9.286630749702453613e-01 -1.092862725257873535e+00 -5.104709863662719727e-01 -3.519395112991333008e+00 1.027373075485229492e+00 2.489039421081542969e+00 8.767302036285400391e-01 8.385586738586425781e+00 -3.267119407653808594e+00 2.841278314590454102e-01 -2.291584491729736328e+00 5.537198543548583984e+00
2.541809320449829102e+00 2.144691228866577148e+00 4.678826928138732910e-01 5.318256855010986328e+00 -3.994618415832519531e+00 -1.657278895378112793e+00 -6.965651035308837891e+00 2.750143051147460938e+00 3.974859952926635742e+00 1.118728876113891602e+00 -1.062116026878356934e+00 -2.734847784042358398e+00 -2.076317787170410156e+00 -3.754541397094726562e+00 6.615212440490722656e+00
-3.611554861068725586e+00 -3.921629428863525391e+00 -5.731102824211120605e-01 2.277306318283081055e-01 1.888843417167663574e+00 -3.510095119476318359e+00 -7.658493041992187500e+00 2.953515946865081787e-01 6.399583339691162109e+00 3.405443668365478516e+00 1.202387452125549316e+00 1.194589853286743164e+00 4.482254981994628906e+00 -2.951045274734497070e+00 5.156769752502441406e+00
-6.529197216033935547e+00 2.434766292572021484e+00 6.764465332031250000e+00 4.764596223831176758e-01 -1.876792430877685547e+00 -2.062947511672973633e+00 -4.968945503234863281e+00 1.444646835327148438e+00 7.603453993797302246e-01 1.621656060218811035e+00 4.702485799789428711e-01 -1.214783072471618652e+00 4.491267204284667969e+00 3.054706811904907227e+00 7.875888347625732422e+00
8.138025999069213867e-01 2.025429964065551758e+00 -5.027029514312744141e-01 3.692759275436401367e+00 -2.070934295654296875e+00 -1.886157155036926270e+00 -6.877961635589599609e+00 1.691062569618225098e+00 4.826669216156005859e+00 1.559277772903442383e+00 1.687690168619155884e-01 -3.271863698959350586e+00 -1.226865887641906738e+00 -3.857042074203491211e+00 6.551500320434570312e+00
-5.225428104400634766e+00 1.494175314903259277e+00 4.993988990783691406e+00 2.400567531585693359e+00 -2.707778215408325195e+00 -1.484382033348083496e+00 -6.401923179626464844e+00 1.295908808708190918e+00 1.407851576805114746e+00 1.292051196098327637e+00 1.009645342826843262e+00 -1.158352255821228027e+00 4.162906646728515625e+00 -8.408189415931701660e-01 6.413063526153564453e+00
-4.780242443084716797e+00 -2.103987216949462891e+00 -5.671332836151123047e+00 5.639070272445678711e-01 -1.168682694435119629e+00 -5.190330505371093750e+00 -4.506159305572509766e+00 -1.345730185508728027e+00 4.634768486022949219e+00 5.242788314819335938e+00 9.180993437767028809e-01 -6.562278419733047485e-02 -7.679840326309204102e-01 1.017894864082336426e+00 4.138813495635986328e+00
-8.859348893165588379e-01 -8.670035600662231445e-01 -5.338746070861816406e+00 -6.746110916137695312e-01 2.118508517742156982e-01 -1.013653799891471863e-01 -8.768703460693359375e+00 3.207636594772338867e+00 5.870801448822021484e+00 9.299190044403076172e-01 2.583458900451660156e+00 -1.277462363243103027e+00 2.201614379882812500e+00 2.967170715332031250e+00 5.256061553955078125e+00
-6.665665149688720703e+00 3.698130369186401367e+00 -7.197341918945312500e-01 2.454927444458007812e+00 -3.822237253189086914e+00 -3.952153921127319336e+00 -6.796568393707275391e+00 3.956597566604614258e+00 2.958806753158569336e+00 5.346593856811523438e+00 -1.605048298835754395e+00 -2.656030178070068359e+00 1.295932650566101074e+00 2.568162918090820312e+00 -8.115220665931701660e-01
-3.143895149230957031e+00 -3.415210723876953125e+00 4.384335517883300781e+00 -5.712126493453979492e-01 -4.516508281230926514e-01 -7.173117637634277344e+00 -2.533774375915527344e+00 3.131380319595336914e+00 6.470458030700683594e+00 2.655664443969726562e+00 -1.784340262413024902e+00 -1.460227847099304199e+00 2.648907661437988281e+00 -1.549649357795715332e+00 -1.698243319988250732e-01
