-6.163661003112792969e+00 -6.525158882141113281e-01 -2.609814167022705078e+00 -5.865216851234436035e-01 -2.082190513610839844e+00 -2.978400707244873047e+00 4.694032669067382812e+00 2.842887163162231445e+00 1.040429592132568359e+00 4.565217971801757812e+00 3.385594189167022705e-01 -2.699949026107788086e+00 -3.271368980407714844e+00 -4.914069473743438721e-01 -1.953011751174926758e+00
2.834760844707489014e-01 -2.535395860671997070e+00 -9.620499014854431152e-01 -3.584403693675994873e-01 1.220825910568237305e+00 -3.654296875000000000e+00 -6.730319857597351074e-01 3.066359758377075195e+00 -3.848842144012451172e+00 1.297878503799438477e+00 9.419606328010559082e-01 -1.236900210380554199e+00 -1.722840517759323120e-01 -1.890620827674865723e+00 3.828886747360229492e-01
-1.255304694175720215e+00 -2.593647539615631104e-01 -1.663694620132446289e+00 -1.457144260406494141e+00 -1.366755962371826172e+00 -5.766695365309715271e-02 6.920831203460693359e-01 2.458038568496704102e+00 -1.461905241012573242e+00 2.351870775222778320e+00 3.432152047753334045e-02 -3.962740898132324219e-01 1.157884120941162109e+00 -1.426108837127685547e+00 3.065979480743408203e+00
-2.122099876403808594e+00 -7.591694593429565430e-01 8.877058029174804688e-01 -2.247098982334136963e-01 -2.791742563247680664e+00 3.926259875297546387e-01 2.265645503997802734e+00 -9.615153074264526367e-01 -1.028535246849060059e+00 4.677982807159423828e+00 1.921106874942779541e-01 1.901347994804382324e+00 -4.724209606647491455e-01 -1.553086876869201660e+00 2.761116623878479004e-01
-1.857528984546661377e-01 -5.655213817954063416e-02 -1.853875994682312012e+00 -3.314568698406219482e-01 -1.174795866012573242e+00 -3.686832427978515625e+00 2.512798070907592773e+00 4.535599231719970703e+00 -1.129688024520874023e+00 8.622424006462097168e-01 1.558779835700988770e+00 -6.544538140296936035e-01 2.579706013202667236e-01 1.747046113014221191e+00 -9.944005012512207031e-01
-4.132883250713348389e-01 3.402820527553558350e-01 -8.146784305572509766e-01 -1.006475329399108887e+00 -4.319897890090942383e-01 -3.104526042938232422e+00 -2.154857665300369263e-02 2.676814556121826172e+00 -3.529196977615356445e+00 -1.079174041748046875e+00 -1.168184161186218262e+00 1.025600314140319824e+00 -4.113842546939849854e-01 8.212323784828186035e-01 1.225181579589843750e+00
-9.654294699430465698e-02 -3.950018405914306641e+00 -1.395893216133117676e+00 1.575216650962829590e+00 -1.424800157546997070e+00 -1.888267040252685547e+00 3.636796474456787109e+00 1.942788124084472656e+00 3.433890104293823242e+00 3.695502042770385742e+00 -2.339391410350799561e-01 -1.391709446907043457e+00 -7.022259235382080078e-01 -3.795016705989837646e-01 -3.813807368278503418e-01
-8.788322210311889648e-01 -1.052177786827087402e+00 3.143005073070526123e-01 -3.042912244796752930e+00 -3.449704885482788086e+00 -1.455831050872802734e+00 2.548840999603271484e+00 -1.374135494232177734e+00 -6.564956903457641602e-01 -4.788693785667419434e-01 -7.797142267227172852e-01 -9.165769070386886597e-02 -3.931155502796173096e-01 -6.474571824073791504e-01 5.622514486312866211e-01
2.135181903839111328e+00 -8.722718954086303711e-01 -3.194368124008178711e+00 -3.967159032821655273e+00 -4.676856040954589844e+00 1.862509250640869141e+00 -1.987690925598144531e-01 1.097796440124511719e+00 -3.092243671417236328e-01 -6.904360055923461914e-01 -2.384246885776519775e-01 2.250980854034423828e+00 4.293737888336181641e+00 -5.381516218185424805e-01 1.461156606674194336e+00
1.458179950714111328e+00 -2.590255498886108398e+00 -1.877419114112854004e+00 -3.155894279479980469e+00 -9.044533967971801758e-01 2.641716241836547852e+00 2.198196411132812500e+00 8.426440358161926270e-01 9.447265267372131348e-01 8.401008248329162598e-01 4.549079835414886475e-01 5.724438428878784180e-01 4.420711696147918701e-01 -3.605087995529174805e+00 7.764476537704467773e-02
1.393967032432556152e+00 -1.384257435798645020e+00 -6.887056827545166016e-01 -1.949105143547058105e+00 2.213529348373413086e-01 -3.466480255126953125e+00 2.055546760559082031e+00 2.771993398666381836e+00 -9.385442733764648438e-01 -5.034007430076599121e-01 2.300774306058883667e-01 -6.336374878883361816e-01 -5.420879721641540527e-01 -3.935264050960540771e-02 7.033568024635314941e-01
5.570828318595886230e-01 1.496706247329711914e+00 -3.079755544662475586e+00 -3.339526653289794922e+00 9.900642633438110352e-01 -1.705150842666625977e+00 2.424353361129760742e+00 1.674684166908264160e+00 -1.089359521865844727e+00 -1.220240741968154907e-01 -1.799274921417236328e+00 -7.411213517189025879e-01 -1.931118220090866089e-01 -8.847847580909729004e-01 3.710120677947998047e+00
-1.315563678741455078e+00 -1.746501326560974121e+00 -5.758368015289306641e+00 -3.036325693130493164e+00 -2.082537412643432617e+00 -3.477535247802734375e+00 4.270790576934814453e+00 2.669797658920288086e+00 -1.507917523384094238e+00 -1.721031427383422852e+00 -7.339705824851989746e-01 1.270238399505615234e+00 -2.479076385498046875e+00 1.263584733009338379e+00 2.937843203544616699e-01
8.859114646911621094e-01 -6.826830506324768066e-01 -1.431076407432556152e+00 -2.908215999603271484e+00 -2.792133092880249023e+00 3.220968842506408691e-01 5.521289825439453125e+00 3.434813022613525391e+00 7.388775348663330078e-01 -8.192797005176544189e-02 2.889751195907592773e-01 1.929277062416076660e+00 1.437149524688720703e+00 -2.271959930658340454e-01 3.877501487731933594e-01
-7.497662305831909180e-01 -3.598954901099205017e-02 -1.049283742904663086e+00 3.967472016811370850e-01 -2.085558176040649414e+00 -3.542911529541015625e+00 4.639637470245361328e+00 1.900923728942871094e+00 -1.762337923049926758e+00 3.389339685440063477e+00 -8.144631981849670410e-01 4.193683862686157227e-01 -9.471840262413024902e-01 7.294039726257324219e-01 -8.722031116485595703e-01
7.918703556060791016e-01 -3.223934888839721680e+00 -4.116453975439071655e-02 -1.506160020828247070e+00 -7.610954046249389648e-01 -3.497390031814575195e+00 1.590280294418334961e+00 2.964101791381835938e+00 -1.693231105804443359e+00 -5.438013672828674316e-01 1.293178081512451172e+00 -3.093742728233337402e-01 2.705504596233367920e-01 -5.004606246948242188e-01 3.104113042354583740e-01
-1.739961266517639160e+00 7.678118944168090820e-01 -8.824968338012695312e-01 -2.577245950698852539e+00 -2.414353132247924805e+00 -4.385397911071777344e+00 1.853783249855041504e+00 3.150247812271118164e+00 -5.403215885162353516e-01 2.682578563690185547e+00 2.652520895004272461e+00 -1.047498509287834167e-01 -1.761447638273239136e-01 2.991347610950469971e-01 2.175747156143188477e+00
-5.631936788558959961e-01 -9.172931909561157227e-01 -7.678188681602478027e-01 -1.066598057746887207e+00 -1.769458770751953125e+00 -7.905327081680297852e-01 2.025450706481933594e+00 2.720551013946533203e+00 4.054086655378341675e-02 3.554984092712402344e+00 8.862785696983337402e-01 1.094177961349487305e+00 4.918274581432342529e-01 6.718208789825439453e-01 6.600241065025329590e-01
-3.684223651885986328e+00 -7.159923315048217773e-01 -4.993552267551422119e-01 -1.680107712745666504e+00 -2.357270479202270508e+00 -4.207468032836914062e+00 -3.456854820251464844e-01 5.449621751904487610e-02 -3.178783178329467773e+00 7.929998040199279785e-01 1.195861995220184326e-01 1.721021294593811035e+00 -2.197379916906356812e-01 -7.319479584693908691e-01 -4.694372043013572693e-02
1.395787477493286133e+00 9.928930550813674927e-02 -6.804423332214355469e-01 -1.467491507530212402e+00 -1.412905693054199219e+00 -9.395354390144348145e-01 3.187363862991333008e+00 1.997074484825134277e+00 1.129338502883911133e+00 -1.123301386833190918e+00 3.550963699817657471e-01 1.662496805191040039e+00 8.016698956489562988e-01 -2.995362043380737305e+00 8.965051770210266113e-01
-1.076125502586364746e+00 1.435514569282531738e+00 6.597664952278137207e-01 5.703502148389816284e-02 -2.536504745483398438e+00 -1.335186719894409180e+00 4.309237957000732422e+00 2.271472066640853882e-01 1.561532020568847656e+00 1.376676082611083984e+00 4.498209655284881592e-01 -2.872070074081420898e+00 -1.135931134223937988e+00 -1.245468974113464355e+00 -1.507658720016479492e+00
8.023683428764343262e-01 -2.012369155883789062e+00 -1.298375606536865234e+00 -1.689245820045471191e+00 -2.078052759170532227e+00 -3.764993667602539062e+00 3.989293098449707031e+00 1.560068130493164062e+00 4.259053707122802734e+00 -1.505709648132324219e+00 6.149128079414367676e-01 5.824346095323562622e-02 -6.283884525299072266e+00 2.495239257812500000e+00 -2.983006954193115234e+00
1.194268107414245605e+00 1.231539607048034668e+00 3.012266635894775391e+00 -1.233807086944580078e+00 -3.534857273101806641e+00 -1.180997848510742188e+00 4.394764423370361328e+00 3.732376098632812500e+00 -2.043099641799926758e+00 -2.765973806381225586e+00 9.651928544044494629e-01 1.423843026161193848e+00 1.998768597841262817e-01 -3.443932771682739258e+00 1.621533632278442383e+00
-1.119117736816406250e+00 -1.171587228775024414e+00 2.393228374421596527e-02 7.137834429740905762e-01 1.135069251060485840e+00 -4.551065921783447266e+00 1.284915328025817871e+00 9.970583319664001465e-01 -1.016819715499877930e+00 -1.086128830909729004e+00 2.571583688259124756e-01 -1.989923834800720215e+00 -2.707336656749248505e-02 -1.793940424919128418e+00 1.992016077041625977e+00
-1.698310971260070801e+00 -2.375135123729705811e-01 -2.552821636199951172e+00 -1.209311604499816895e+00 -1.383623957633972168e+00 -2.630975544452667236e-01 7.816302776336669922e-01 2.801886558532714844e+00 -1.848200678825378418e+00 3.719044208526611328e+00 -4.414217174053192139e-01 5.302973985671997070e-01 -8.539193868637084961e-01 -5.501117706298828125e-01 2.567119598388671875e+00
2.028027296066284180e+00 1.733479462563991547e-02 1.260868906974792480e+00 -1.712160706520080566e+00 -4.449405670166015625e+00 -3.304981231689453125e+00 3.107939958572387695e+00 2.257467508316040039e+00 -2.264614105224609375e+00 -3.319482564926147461e+00 1.887073993682861328e+00 3.516767501831054688e+00 -1.448573589324951172e+00 -3.369097471237182617e+00 -1.750902891159057617e+00
6.334481239318847656e-01 -1.169368065893650055e-02 -1.633490681648254395e+00 -9.345942139625549316e-01 -2.278337240219116211e+00 -8.388417363166809082e-01 3.815520048141479492e+00 3.862381696701049805e+00 -2.502693533897399902e-01 -8.117998242378234863e-01 -1.277224898338317871e+00 2.236953258514404297e+00 -2.647738456726074219e+00 3.163087129592895508e+00 1.037617206573486328e+00
7.796464562416076660e-01 -3.709606826305389404e-01 -2.030474662780761719e+00 -8.648666739463806152e-01 -1.074783563613891602e+00 -7.662622332572937012e-01 1.279068350791931152e+00 3.159043788909912109e+00 -5.051451325416564941e-01 2.506861090660095215e-01 -4.174574837088584900e-02 3.485719203948974609e+00 9.889616370201110840e-01 -1.003257751464843750e+00 2.279027223587036133e+00
-1.560705542564392090e+00 -7.512774467468261719e-01 -2.461056232452392578e+00 -7.784252166748046875e-01 -3.633718967437744141e+00 -4.994281753897666931e-02 3.696323394775390625e+00 2.052589893341064453e+00 8.341356515884399414e-01 2.164449214935302734e+00 1.306808471679687500e+00 2.643710970878601074e-01 -5.672869086265563965e-01 -2.804965078830718994e-01 -1.349899172782897949e+00
1.618271946907043457e+00 -1.515425562858581543e+00 -3.119558095932006836e+00 1.132724881172180176e+00 -3.623208045959472656e+00 -2.761317253112792969e+00 3.408020973205566406e+00 3.598280429840087891e+00 -2.927905559539794922e+00 1.308974474668502808e-01 9.899404048919677734e-01 1.106037572026252747e-01 2.384467869997024536e-01 1.260652899742126465e+00 -1.787117004394531250e+00
9.520575404167175293e-01 2.650254368782043457e-01 -1.795781254768371582e+00 -1.228198185563087463e-01 -9.476172924041748047e-01 -1.047657489776611328e+00 2.170038223266601562e+00 1.515033364295959473e+00 9.551378488540649414e-01 1.169107198715209961e+00 -4.099014997482299805e-01 4.301095604896545410e-01 -1.734807610511779785e+00 6.724394857883453369e-02 1.242780685424804688e+00
-1.861124753952026367e+00 -3.737842142581939697e-01 -3.885309219360351562e+00 -4.280451297760009766e+00 -1.203262448310852051e+00 -1.620563149452209473e+00 1.881316661834716797e+00 2.561347484588623047e+00 -3.311188459396362305e+00 -2.085140466690063477e+00 -2.237164497375488281e+00 -8.375596255064010620e-02 1.569993019104003906e+00 -1.251368165016174316e+00 4.261291503906250000e+00
-1.466488718986511230e+00 3.102908134460449219e+00 -1.377040445804595947e-01 -2.839489936828613281e+00 -6.872212886810302734e-01 -1.631339788436889648e+00 4.325303554534912109e+00 4.069306373596191406e+00 -6.873182058334350586e-01 1.047123551368713379e+00 -5.287470221519470215e-01 -1.197673916816711426e+00 3.060758590698242188e+00 -1.231841683387756348e+00 3.776947021484375000e+00
-2.564279139041900635e-01 -3.229419469833374023e+00 -1.586408495903015137e+00 -3.626712262630462646e-01 -2.494725704193115234e+00 2.395302355289459229e-01 3.676922082901000977e+00 4.043669700622558594e+00 -1.618543267250061035e+00 2.009536504745483398e+00 -5.398246273398399353e-02 4.644703388214111328e+00 -2.326427221298217773e+00 -1.370886802673339844e+00 -1.199829101562500000e+00
-4.200080871582031250e+00 4.670294225215911865e-01 -1.155629515647888184e+00 -3.440991163253784180e+00 2.153555631637573242e+00 -9.161906838417053223e-01 2.907516002655029297e+00 2.112322330474853516e+00 -4.436922073364257812e-01 1.213843822479248047e+00 3.935908079147338867e+00 -1.537996292114257812e+00 4.083668708801269531e+00 -1.703356146812438965e+00 2.585558295249938965e-01
5.533591508865356445e-01 -1.240598559379577637e+00 1.134788513183593750e+00 -5.571400523185729980e-01 -1.286816716194152832e+00 2.514933943748474121e-01 1.680601358413696289e+00 -5.057165026664733887e-01 -1.648675203323364258e+00 3.313004076480865479e-01 6.151788234710693359e-01 -1.886795163154602051e+00 4.799090325832366943e-01 -2.148297876119613647e-01 -6.211267709732055664e-01
-3.890673160552978516e+00 -2.914314508438110352e+00 -3.427888154983520508e+00 -1.198001578450202942e-01 -2.129572868347167969e+00 -1.672605752944946289e+00 2.890220403671264648e+00 1.598532795906066895e+00 -2.075288295745849609e+00 4.030178070068359375e+00 -5.054105520248413086e-01 -2.256736010313034058e-01 -3.672931194305419922e+00 -1.636738628149032593e-01 -9.053033590316772461e-01
2.080535411834716797e+00 -5.751639604568481445e-01 -2.613781929016113281e+00 -3.519679784774780273e+00 -3.978478431701660156e+00 -2.911397218704223633e-01 1.525090098381042480e+00 1.511604666709899902e+00 1.339387148618698120e-02 -7.413871586322784424e-02 -1.193901002407073975e-01 -1.290275931358337402e+00 1.231412053108215332e+00 1.339031606912612915e-01 -2.092094898223876953e+00
6.133320331573486328e-01 -2.364765882492065430e+00 -3.915812253952026367e+00 -4.041265964508056641e+00 -1.797790169715881348e+00 -1.156245589256286621e+00 3.334285020828247070e-01 2.018721580505371094e+00 -2.653795480728149414e+00 -1.529503226280212402e+00 -1.283495128154754639e-01 -1.323388099670410156e+00 1.002073168754577637e+00 -1.027533173561096191e+00 1.382115960121154785e+00
-1.151691675186157227e+00 -1.656317234039306641e+00 4.712834060192108154e-01 -2.783019542694091797e+00 -1.507234096527099609e+00 -2.022408485412597656e+00 2.989574909210205078e+00 7.007716298103332520e-01 1.092024564743041992e+00 -2.743192911148071289e-01 -4.329287707805633545e-01 6.178000569343566895e-01 -1.576680392026901245e-01 -3.515692472457885742e+00 -1.809126377105712891e+00
-4.414788722991943359e+00 -2.022670745849609375e+00 -3.651150465011596680e+00 -9.769492149353027344e-01 8.295125514268875122e-02 8.148891925811767578e-01 3.552623510360717773e+00 3.184774398803710938e+00 3.847407698631286621e-01 3.141979932785034180e+00 -2.501817643642425537e-01 2.074619770050048828e+00 -7.072157263755798340e-01 9.961581230163574219e-01 -5.005851387977600098e-01
8.302351832389831543e-01 5.920467153191566467e-02 8.316652774810791016e-01 -1.204989075660705566e+00 -5.807000398635864258e-01 -2.776764154434204102e+00 1.713043928146362305e+00 3.598433971405029297e+00 -1.876675128936767578e+00 8.044559955596923828e-01 6.846457123756408691e-01 9.704613089561462402e-01 1.511623024940490723e+00 1.963445693254470825e-01 1.775192618370056152e+00
-4.946925640106201172e+00 5.806312561035156250e-01 2.109686851501464844e+00 -1.168140545487403870e-01 -7.750140428543090820e-01 -4.600260257720947266e+00 6.477116107940673828e+00 4.577342510223388672e+00 -1.481362223625183105e+00 2.154100656509399414e+00 -9.156144261360168457e-01 1.745637774467468262e+00 -1.069700598716735840e+00 -3.552063405513763428e-01 -9.248054623603820801e-01
-2.167671360075473785e-02 -5.760490894317626953e-01 1.365883469581604004e+00 5.751137137413024902e-01 1.499292254447937012e+00 3.388138413429260254e-01 1.496793985366821289e+00 -7.202273011207580566e-01 4.730970859527587891e-01 4.389896988868713379e-01 2.134331464767456055e+00 1.042213439941406250e+00 -2.227754116058349609e+00 -8.958696722984313965e-01 -2.724460124969482422e+00
2.615672588348388672e+00 -4.269136905670166016e+00 5.950273275375366211e-01 -3.090537548065185547e+00 -1.030073165893554688e+00 -3.701542615890502930e+00 2.704010963439941406e+00 2.366990804672241211e+00 3.013215065002441406e-01 -7.118248343467712402e-01 1.143334031105041504e+00 2.128903418779373169e-01 1.006768941879272461e+00 -2.779683351516723633e+00 2.012527227401733398e+00
1.212816834449768066e+00 -7.326928377151489258e-01 -2.256076335906982422e+00 -1.145152568817138672e+00 -2.694666147232055664e+00 3.863601088523864746e-01 8.554192781448364258e-01 4.074170589447021484e+00 -3.503400087356567383e+00 1.557340383529663086e+00 -7.455057501792907715e-01 2.263838201761245728e-01 -1.494719237089157104e-01 2.510206997394561768e-01 6.351275444030761719e-01
-4.001365005970001221e-01 1.075799584388732910e+00 -2.933409452438354492e+00 -4.457679748535156250e+00 8.218870759010314941e-01 -2.287126064300537109e+00 2.092272996902465820e+00 3.023111820220947266e+00 1.225943088531494141e+00 -8.061184883117675781e-01 5.437051773071289062e+00 3.074460983276367188e+00 -6.412824392318725586e-01 -4.406022727489471436e-01 7.727465629577636719e-01
1.048255920410156250e+00 1.523685157299041748e-01 -5.355148315429687500e+00 -1.799607634544372559e+00 -4.860496044158935547e+00 -6.703587174415588379e-01 3.571879148483276367e+00 1.453189253807067871e+00 -8.853834271430969238e-01 3.648036956787109375e+00 3.796495497226715088e-01 -1.788018584251403809e+00 -5.080292820930480957e-01 -1.353450655937194824e+00 5.104298591613769531e-01
3.502643406391143799e-01 -1.038738608360290527e+00 -2.998659610748291016e+00 -2.179747104644775391e+00 -4.797087669372558594e+00 2.299044132232666016e+00 4.472044706344604492e-01 1.367169141769409180e+00 2.060083150863647461e+00 3.008871793746948242e+00 -1.133994698524475098e+00 2.489185810089111328e+00 2.908073365688323975e-01 -1.550407290458679199e+00 -1.418683767318725586e+00
-5.572419762611389160e-01 3.325215101242065430e+00 -3.403537273406982422e+00 -3.811804294586181641e+00 1.940985918045043945e+00 -1.804247021675109863e+00 3.178516626358032227e+00 3.657085895538330078e+00 -2.513498544692993164e+00 -2.369659185409545898e+00 -2.024616003036499023e+00 -8.162469267845153809e-01 -1.377282261848449707e+00 1.379324197769165039e+00 2.982593774795532227e+00
-5.969563722610473633e-01 -1.924618721008300781e+00 -1.891890287399291992e+00 -6.989802718162536621e-01 6.162444353103637695e-01 -2.332760691642761230e-01 9.718189835548400879e-01 3.085556507110595703e+00 -3.525896072387695312e-01 6.377391219139099121e-01 1.189823746681213379e+00 -3.224685788154602051e-01 1.053824543952941895e+00 1.693847656250000000e+00 1.821390986442565918e+00
3.330460935831069946e-02 -9.764872789382934570e-01 1.132720112800598145e+00 -2.969275236129760742e+00 -1.026582479476928711e+00 -2.698571205139160156e+00 2.085190534591674805e+00 1.444249153137207031e+00 -3.660209178924560547e-01 1.267432421445846558e-01 1.615588188171386719e+00 2.947324514389038086e+00 -6.009461283683776855e-01 1.424427270889282227e+00 6.404666900634765625e-01
-7.683960795402526855e-01 -2.450035512447357178e-01 -4.948537945747375488e-01 -2.143264770507812500e+00 -5.788928270339965820e-01 -7.552738189697265625e-01 3.798391103744506836e+00 1.066905736923217773e+00 1.035164356231689453e+00 7.165162265300750732e-02 -3.680569529533386230e-01 -2.803748100996017456e-02 1.521457582712173462e-01 -4.550919830799102783e-01 1.503134012222290039e+00
-1.160186886787414551e+00 1.290752291679382324e-01 -1.914918780326843262e+00 -1.344361186027526855e+00 -1.893704175949096680e+00 2.373976074159145355e-02 3.409061670303344727e+00 1.536601066589355469e+00 -1.905363082885742188e+00 3.303380250930786133e+00 8.710614442825317383e-01 -2.382628440856933594e+00 1.914202570915222168e+00 5.220956802368164062e-01 2.447413682937622070e+00
2.613431513309478760e-01 -3.141239881515502930e+00 -1.919097781181335449e+00 -2.168792009353637695e+00 -2.708789110183715820e+00 -2.159198284149169922e+00 3.394104242324829102e+00 2.295089244842529297e+00 -6.239668130874633789e-01 2.985138416290283203e+00 -1.873868942260742188e+00 1.853538274765014648e+00 1.209867745637893677e-01 4.742743074893951416e-01 -2.834362506866455078e+00
-9.418364763259887695e-01 7.985732555389404297e-01 -3.951242923736572266e+00 -2.988016605377197266e+00 -9.912108629941940308e-02 -3.512300968170166016e+00 1.482287049293518066e+00 4.692769527435302734e+00 -3.743009567260742188e-01 3.573903441429138184e-01 2.190895557403564453e+00 8.839960694313049316e-01 -5.483762621879577637e-01 1.247456073760986328e+00 1.720766544342041016e+00
-1.170163512229919434e+00 -3.200059175491333008e+00 2.534151077270507812e+00 4.517607092857360840e-01 -1.423914909362792969e+00 -1.173020362854003906e+00 3.752312660217285156e+00 1.016560435295104980e+00 -1.574751615524291992e+00 1.888100266456604004e+00 -1.259243190288543701e-01 -4.674053192138671875e-01 -5.305478572845458984e+00 -1.025106310844421387e+00 -1.916234850883483887e+00
-1.536875009536743164e+00 -1.864561557769775391e+00 -1.995491683483123779e-01 -4.551881253719329834e-01 -1.843046903610229492e+00 -3.612987995147705078e+00 2.477053403854370117e+00 2.817665100097656250e+00 -2.872125864028930664e+00 1.550877332687377930e+00 2.622285671532154083e-02 -2.751293778419494629e-01 -1.426762342453002930e+00 -1.759948253631591797e+00 2.635563373565673828e+00
-1.129755258560180664e+00 -7.782428264617919922e-01 -1.678932547569274902e+00 -1.610631108283996582e+00 -2.218650877475738525e-01 -2.279663085937500000e+00 3.929587364196777344e+00 2.776482701301574707e-01 -5.304448604583740234e-01 -2.780897855758666992e+00 1.947413384914398193e-01 1.883326619863510132e-01 -1.140576839447021484e+00 -5.256149768829345703e-01 3.067209199070930481e-02
-4.892797470092773438e+00 1.058913826942443848e+00 -8.446546792984008789e-01 -2.861435651779174805e+00 -1.194673061370849609e+00 -3.339101791381835938e+00 1.822808384895324707e+00 2.677034378051757812e+00 1.852116107940673828e+00 4.403584480285644531e+00 4.535533487796783447e-01 -2.064067840576171875e+00 1.650274157524108887e+00 -1.306290507316589355e+00 2.285355567932128906e+00
4.905743896961212158e-01 -8.858399987220764160e-01 4.702510535717010498e-01 -2.321355581283569336e+00 -2.194319725036621094e+00 -1.236042261123657227e+00 2.325560569763183594e+00 3.207165241241455078e+00 -3.939749002456665039e-01 2.767498731613159180e+00 -8.576315641403198242e-02 -5.603350582532584667e-04 2.040334492921829224e-01 -1.326760888099670410e+00 -3.217893123626708984e+00
1.909781813621520996e+00 1.104625344276428223e+00 -1.463106274604797363e+00 -2.143963575363159180e+00 -2.110240221023559570e+00 -1.374410510063171387e+00 2.394103527069091797e+00 2.535191059112548828e+00 -2.424337625503540039e+00 -5.072019696235656738e-01 -9.931811690330505371e-02 1.304283618927001953e+00 -5.625716969370841980e-02 -5.941343307495117188e-01 -5.702877044677734375e-01
4.854606688022613525e-01 -1.753909707069396973e+00 -8.925274610519409180e-01 -1.142047166824340820e+00 -2.957638025283813477e+00 -3.502763032913208008e+00 1.522740364074707031e+00 2.495800495147705078e+00 -1.081952452659606934e+00 9.775642752647399902e-01 1.581793665885925293e+00 1.202247738838195801e+00 5.561068654060363770e-01 1.784361958503723145e+00 7.164080739021301270e-01
-3.326603889465332031e+00 -2.493605762720108032e-01 1.179631724953651428e-01 2.551074504852294922e+00 1.503657847642898560e-01 -5.211193561553955078e+00 5.253148555755615234e+00 4.306499004364013672e+00 2.711424350738525391e+00 3.761663198471069336e+00 2.007016897201538086e+00 1.375859618186950684e+00 -4.424785614013671875e+00 1.609876275062561035e+00 -1.536384582519531250e+00
-5.019248127937316895e-01 -1.567755818367004395e+00 -1.642933011054992676e+00 -2.146785974502563477e+00 -2.302635908126831055e+00 -4.292851313948631287e-02 3.517492294311523438e+00 9.836181402206420898e-01 1.364205121994018555e+00 2.611198186874389648e+00 -6.545798182487487793e-01 -4.278399795293807983e-02 4.920013844966888428e-01 1.596199393272399902e+00 -5.897195339202880859e-01
1.331354737281799316e+00 -1.479006886482238770e+00 -1.214466691017150879e+00 -1.249575257301330566e+00 -4.540287703275680542e-02 -1.681670188903808594e+00 2.557707309722900391e+00 1.821691513061523438e+00 1.129937648773193359e+00 -2.871717453002929688e+00 -8.523269891738891602e-01 2.312932491302490234e+00 -9.330442547798156738e-01 -6.266607046127319336e-01 -7.500284910202026367e-01
2.348856449127197266e+00 2.822626233100891113e-01 -8.091084361076354980e-01 1.020538091659545898e+00 -3.239132642745971680e+00 -5.698321461677551270e-01 7.065488100051879883e-01 3.374067783355712891e+00 -1.070739030838012695e+00 -1.801684051752090454e-01 6.247545480728149414e-01 7.321961522102355957e-01 3.840878903865814209e-01 2.695148289203643799e-01 -1.055667281150817871e+00
4.863516241312026978e-02 2.461984753608703613e-01 -2.876115798950195312e+00 -8.533887863159179688e-01 -1.390257120132446289e+00 -1.337769746780395508e+00 1.680696845054626465e+00 3.849037647247314453e+00 -1.936448574066162109e+00 2.132675647735595703e+00 1.389017105102539062e+00 5.348839163780212402e-01 1.195842981338500977e+00 -1.805011868476867676e+00 -8.112505078315734863e-01
-1.551778197288513184e+00 -1.518965840339660645e+00 7.186389062553644180e-03 -2.161840677261352539e+00 -2.542132139205932617e+00 -1.673212289810180664e+00 7.732154130935668945e-01 6.309900879859924316e-01 -2.544862508773803711e+00 1.246409654617309570e+00 -3.752704560756683350e-01 6.622810363769531250e-01 2.491575032472610474e-01 -5.017327666282653809e-01 -5.999737381935119629e-01
-5.543875694274902344e-01 -3.094708919525146484e+00 -1.497265815734863281e+00 -2.824563980102539062e+00 -1.642735600471496582e+00 -6.729034185409545898e-01 -5.378014873713254929e-03 2.169310569763183594e+00 -8.863129615783691406e-01 -1.878445893526077271e-01 -2.360173702239990234e+00 -6.880221962928771973e-01 -2.359373092651367188e+00 2.160456418991088867e+00 -1.676236510276794434e+00
1.437887072563171387e+00 -5.074342489242553711e-01 3.838790357112884521e-01 -3.964865922927856445e+00 -1.052137851715087891e+00 -9.464735388755798340e-01 6.366728782653808594e+00 3.899409532546997070e+00 5.057780742645263672e-01 -1.455598473548889160e+00 1.136121749877929688e+00 3.188690841197967529e-01 -1.454912543296813965e+00 -2.145359367132186890e-01 9.185907840728759766e-01
-3.733251810073852539e+00 -3.434658348560333252e-01 5.790497660636901855e-01 5.581681132316589355e-01 3.251299262046813965e-01 -2.184245824813842773e+00 2.841026544570922852e+00 3.123409748077392578e+00 -6.298772692680358887e-01 3.194941759109497070e+00 3.967298567295074463e-01 -3.092750906944274902e-01 -1.038222432136535645e+00 -2.550409317016601562e+00 1.326502084732055664e+00
-4.835331141948699951e-01 -2.382100343704223633e+00 -1.179896712303161621e+00 -2.772492170333862305e+00 -3.003523588180541992e+00 -8.050110340118408203e-01 1.367838144302368164e+00 -9.960983395576477051e-01 1.422477483749389648e+00 2.396834611892700195e+00 -2.942426443099975586e+00 2.448536872863769531e+00 4.461863934993743896e-01 -1.150133013725280762e+00 -5.017649531364440918e-01
6.998317241668701172e-01 1.088447809219360352e+00 -1.498431205749511719e+00 -2.367505073547363281e+00 -4.123205184936523438e+00 7.555574774742126465e-01 1.919606804847717285e+00 -1.984591633081436157e-01 -5.655075907707214355e-01 -2.709526300430297852e+00 1.731100380420684814e-01 1.045823216438293457e+00 2.081265449523925781e+00 -7.359519004821777344e-01 8.963617682456970215e-01
-9.714525341987609863e-01 -4.694738984107971191e-01 -3.057372570037841797e+00 -3.053923606872558594e+00 -4.132992744445800781e+00 3.183443069458007812e+00 4.395363807678222656e+00 -1.200258731842041016e+00 1.254510998725891113e+00 2.651515603065490723e-01 2.140202999114990234e+00 9.236046113073825836e-03 -5.365067005157470703e+00 -3.289620578289031982e-01 1.364550828933715820e+00
-3.103029429912567139e-01 1.062820553779602051e+00 -1.153721928596496582e+00 -3.150362670421600342e-01 -2.018169403076171875e+00 -1.475163698196411133e+00 1.009711742401123047e+00 3.383126735687255859e+00 -2.458146572113037109e+00 -1.977578282356262207e+00 3.637627065181732178e-01 2.866041660308837891e+00 1.818957448005676270e+00 -7.958935201168060303e-02 -1.414636135101318359e+00
-1.165074944496154785e+00 -1.405373454093933105e+00 -2.454934597015380859e+00 -2.855370521545410156e+00 -1.894959807395935059e+00 -1.149119660258293152e-01 6.871919631958007812e-01 2.166413307189941406e+00 -1.036401748657226562e+00 5.240756869316101074e-01 2.953216314315795898e+00 -3.750501871109008789e-01 4.948969781398773193e-01 7.250210046768188477e-01 1.627526283264160156e+00
3.491104394197463989e-02 -2.212705135345458984e+00 -4.779591083526611328e+00 -5.377827167510986328e+00 -3.300353586673736572e-01 -4.219892978668212891e+00 -1.342978000640869141e+00 4.329648971557617188e+00 -3.675192117691040039e+00 -9.218035936355590820e-01 -4.240184724330902100e-01 -1.133910343050956726e-01 1.796472668647766113e+00 -2.487029284238815308e-01 3.402289867401123047e+00
4.062352329492568970e-02 -1.551472902297973633e+00 -6.907722353935241699e-01 -1.266051650047302246e+00 -2.906251192092895508e+00 -1.156720519065856934e+00 1.719668865203857422e+00 1.638458371162414551e+00 -7.813286185264587402e-01 1.824825763702392578e+00 -3.012750148773193359e-01 5.019344687461853027e-01 1.294833540916442871e+00 -2.798126697540283203e+00 -6.426596641540527344e-01
8.865247964859008789e-01 2.144046127796173096e-01 -8.074202388525009155e-02 -2.397913455963134766e+00 -9.175245761871337891e-01 -1.127279281616210938e+00 1.534018993377685547e+00 7.179208397865295410e-01 -4.872095584869384766e-01 -1.625745296478271484e+00 -8.889665007591247559e-01 5.489358305931091309e-01 -1.433774709701538086e+00 -1.594505667686462402e+00 1.028484702110290527e+00
7.647003531455993652e-01 -2.098733425140380859e+00 -2.002573013305664062e+00 -3.152025222778320312e+00 -1.354172587394714355e+00 -4.173063755035400391e+00 8.006063699722290039e-01 4.926340579986572266e+00 -1.734543085098266602e+00 8.900159001350402832e-01 1.396981716156005859e+00 -4.089630842208862305e-01 1.866169720888137817e-01 1.796595007181167603e-01 2.228755950927734375e+00
6.775531917810440063e-02 -6.912412643432617188e-01 -4.402879774570465088e-01 -1.422459721565246582e+00 -4.778398275375366211e-01 -2.303100109100341797e+00 5.842568874359130859e+00 -3.251025080680847168e-01 1.629217863082885742e+00 1.365609645843505859e+00 2.495187520980834961e+00 -1.470418572425842285e+00 -4.075682163238525391e+00 9.407807588577270508e-01 1.834406614303588867e+00
-1.608256459236145020e+00 -2.168077230453491211e+00 -2.870009422302246094e+00 -6.709534525871276855e-01 -4.675144195556640625e+00 -2.470526695251464844e+00 5.904192924499511719e-01 8.467811942100524902e-01 -1.256142854690551758e+00 6.305032372474670410e-01 1.009646296501159668e+00 1.496172428131103516e+00 -1.769905924797058105e+00 1.718552231788635254e+00 -2.651113033294677734e+00
-3.322399139404296875e+00 1.762782335281372070e+00 -8.431202173233032227e-01 -2.530479431152343750e+00 -9.367706775665283203e-01 -2.543476819992065430e+00 3.022126913070678711e+00 4.532212734222412109e+00 -1.372471094131469727e+00 8.057709932327270508e-01 -1.195439416915178299e-02 -1.465688824653625488e+00 2.657064437866210938e+00 -1.226526141166687012e+00 2.563615322113037109e+00
2.466353416442871094e+00 2.776255309581756592e-01 -1.689939141273498535e+00 -1.120747208595275879e+00 -2.444505691528320312e-01 -4.223274588584899902e-01 3.682054281234741211e+00 2.576420545578002930e+00 -1.366617679595947266e+00 -5.839056372642517090e-01 -5.696646571159362793e-01 -1.786838620901107788e-01 -2.071581840515136719e+00 -3.532734215259552002e-01 3.629961013793945312e-01
1.152656555175781250e+00 -1.983246445655822754e+00 -2.970397472381591797e+00 -2.250489234924316406e+00 -1.256901383399963379e+00 -3.732481598854064941e-01 1.191606521606445312e+00 2.702661991119384766e+00 -6.837669610977172852e-01 -2.165737390518188477e+00 7.390266060829162598e-01 -1.371762156486511230e+00 3.089764356613159180e+00 -2.055769205093383789e+00 2.097208023071289062e+00
-6.935111284255981445e-01 5.439219251275062561e-02 -8.265232443809509277e-01 -8.818009495735168457e-01 -4.116306781768798828e+00 4.400343075394630432e-02 4.111464023590087891e+00 -2.640403509140014648e-01 -8.069705963134765625e-01 1.627988100051879883e+00 1.904925227165222168e+00 7.002406716346740723e-01 2.223639965057373047e+00 -9.147528409957885742e-01 -3.375857114791870117e+00
-1.025232434272766113e+00 -3.404254198074340820e+00 -2.010463714599609375e+00 -1.210999131202697754e+00 -6.409779548645019531e+00 -4.353612899780273438e+00 1.467705607414245605e+00 2.274573087692260742e+00 -8.207083493471145630e-02 2.923216104507446289e+00 1.538551807403564453e+00 -3.521920442581176758e+00 2.708171367645263672e+00 -6.321688890457153320e-01 -3.568077564239501953e+00
-1.248435601592063904e-01 -2.047079324722290039e+00 -3.543396711349487305e+00 -9.647344946861267090e-01 -3.772316694259643555e+00 -3.125403165817260742e+00 4.795762538909912109e+00 4.210004329681396484e+00 1.548730581998825073e-02 2.882981777191162109e+00 2.774410724639892578e+00 1.444830775260925293e+00 9.422364830970764160e-01 1.537696272134780884e-01 -2.267777442932128906e+00
-2.140191316604614258e+00 -2.620033979415893555e+00 -2.644619941711425781e+00 -1.104921698570251465e+00 -1.945706009864807129e+00 4.489277005195617676e-01 4.626318812370300293e-01 3.673730134963989258e+00 -2.521200895309448242e+00 3.363050699234008789e+00 -5.147376060485839844e-01 1.432568669319152832e+00 3.365909755229949951e-01 1.221505284309387207e+00 -1.691862583160400391e+00
6.264798045158386230e-01 -2.008189201354980469e+00 9.224842786788940430e-01 -1.516406297683715820e+00 -3.017585992813110352e+00 -2.244467496871948242e+00 4.985211849212646484e+00 2.386096954345703125e+00 -7.343614101409912109e-01 7.573654055595397949e-01 -7.591561675071716309e-01 5.478077530860900879e-01 4.956538379192352295e-01 1.571121335029602051e+00 -8.970582485198974609e-02
-8.432570099830627441e-01 -4.345568180084228516e+00 -3.978764295578002930e+00 -5.047631859779357910e-01 -4.692876338958740234e-01 -6.609998941421508789e-01 1.268029928207397461e+00 3.700611829757690430e+00 -1.651185870170593262e+00 2.467453956604003906e+00 1.492434501647949219e+00 5.069876313209533691e-01 1.554102540016174316e+00 2.718284368515014648e+00 -2.514563798904418945e+00
-2.257519483566284180e+00 -1.441098928451538086e+00 -4.281976699829101562e+00 2.188323438167572021e-01 -2.756995439529418945e+00 -4.169667720794677734e+00 1.337889194488525391e+00 2.408006429672241211e+00 1.086897253990173340e+00 1.335347056388854980e+00 1.444427251815795898e+00 7.210882902145385742e-01 -2.147340536117553711e+00 2.303176641464233398e+00 -4.037215709686279297e+00
3.358834087848663330e-01 -3.370170831680297852e+00 -1.103198409080505371e+00 -6.689112782478332520e-01 -4.127995491027832031e+00 -2.687469244003295898e+00 4.064399719238281250e+00 4.402019500732421875e+00 1.837438941001892090e-01 1.439414501190185547e+00 -1.050395846366882324e+00 5.115041732788085938e-01 -7.397642731666564941e-01 8.252381682395935059e-01 -2.226743221282958984e+00
-4.568266868591308594e+00 -8.547799587249755859e-01 -3.870588541030883789e+00 -1.077271819114685059e+00 -2.470882892608642578e+00 -7.391161322593688965e-01 2.219878435134887695e+00 1.015835762023925781e+00 1.136794447898864746e+00 1.910526752471923828e+00 -4.516771733760833740e-01 8.749349713325500488e-01 6.635892987251281738e-01 1.627487063407897949e+00 1.137135863304138184e+00
-6.863536834716796875e-01 8.989497423171997070e-01 -1.662023305892944336e+00 -2.354199409484863281e+00 -3.958426475524902344e+00 -1.946633934974670410e+00 3.635947704315185547e+00 4.553259849548339844e+00 -2.485337018966674805e+00 -1.689316332340240479e-02 -2.533509433269500732e-01 -1.173321530222892761e-01 3.683642864227294922e+00 -2.690524756908416748e-01 2.977772951126098633e-01
-2.425956964492797852e+00 -1.696916222572326660e+00 -1.606984615325927734e+00 -4.247595071792602539e-01 -3.332448005676269531e-01 -4.574603736400604248e-01 9.720873087644577026e-02 1.329447507858276367e+00 9.389252662658691406e-01 1.482946753501892090e+00 4.708519950509071350e-02 1.587991595268249512e+00 -1.114594340324401855e+00 -9.195532798767089844e-01 -1.253650486469268799e-01
3.737343251705169678e-01 1.164948821067810059e+00 2.981184422969818115e-01 -7.590000033378601074e-01 -1.003329753875732422e+00 7.122413516044616699e-01 3.741944551467895508e+00 -1.738136559724807739e-01 -2.473561763763427734e-01 2.432873010635375977e+00 -1.097198724746704102e+00 9.620406031608581543e-01 -2.732908725738525391e+00 -1.669847846031188965e+00 -3.423018157482147217e-01
-3.138379752635955811e-01 -7.388079762458801270e-01 -9.149327129125595093e-02 -2.574484609067440033e-02 -2.700594663619995117e+00 -2.866461277008056641e+00 4.647751808166503906e+00 1.854638099670410156e+00 -1.930206537246704102e+00 1.420708656311035156e+00 1.010092377662658691e+00 -3.730331361293792725e-01 2.496416091918945312e+00 -1.039980530738830566e+00 -1.976203024387359619e-01
-1.065039515495300293e+00 -2.354006528854370117e+00 -1.713705897331237793e+00 -1.586736738681793213e-01 -3.512907028198242188e-01 -3.294594883918762207e-01 3.186746358871459961e+00 1.339794874191284180e+00 -1.921008229255676270e-01 1.278347611427307129e+00 -5.956202149391174316e-01 1.591091752052307129e+00 -8.538172841072082520e-01 -1.178638450801372528e-02 -9.834963083267211914e-01
