1.614032983779907227e+00 -5.029004573822021484e+00 -4.187520503997802734e+00 8.755397796630859375e+00 5.006934165954589844e+00 -1.617493247985839844e+01 -3.512617588043212891e+00 -4.811213016510009766e+00 -8.165562629699707031e+00 3.883737564086914062e+00 -7.096192359924316406e+00 2.038263082504272461e+00 -4.945984363555908203e+00 -9.341563582420349121e-01 -7.089706420898437500e+00
1.357162594795227051e+00 -4.299304008483886719e+00 -3.467169523239135742e+00 7.318205356597900391e+00 4.227734088897705078e+00 -1.333839416503906250e+01 -3.038467407226562500e+00 -3.156046390533447266e+00 -7.186590194702148438e+00 2.499986886978149414e+00 -6.706606388092041016e+00 2.179331541061401367e+00 -4.632502079010009766e+00 -1.063031792640686035e+00 -6.364840030670166016e+00
1.088554859161376953e+00 -4.644155025482177734e+00 -2.839622735977172852e+00 6.362036228179931641e+00 -2.018763303756713867e+00 -1.217987060546875000e+01 -2.490909337997436523e+00 3.800463199615478516e+00 -1.074305152893066406e+01 2.314790248870849609e+00 -8.000218391418457031e+00 -3.419665813446044922e+00 -4.845499992370605469e+00 -5.003768205642700195e-01 1.677920222282409668e+00
2.474921941757202148e+00 -2.375368356704711914e+00 1.458616971969604492e+00 8.262701988220214844e+00 -2.164025068283081055e+00 -1.270941734313964844e+01 -5.478556632995605469e+00 -5.857448577880859375e-01 -6.284977912902832031e+00 8.004061698913574219e+00 -5.517278671264648438e+00 -1.344253182411193848e+00 -9.140925407409667969e+00 -2.594571590423583984e+00 -2.783577442169189453e+00
3.811214208602905273e+00 -6.375005245208740234e+00 2.900552034378051758e+00 4.818172931671142578e+00 2.469416856765747070e+00 -1.566773223876953125e+01 6.294009089469909668e-01 -2.975068807601928711e+00 -9.952636718750000000e+00 8.944562911987304688e+00 -1.098185628652572632e-01 9.116347432136535645e-01 -5.292790889739990234e+00 -9.926739692687988281e+00 2.516113042831420898e+00
5.480092525482177734e+00 -2.755366325378417969e+00 8.318470001220703125e+00 8.112691879272460938e+00 9.072706222534179688e+00 -1.135937213897705078e+01 2.781710863113403320e+00 -9.850401878356933594e+00 -6.014990329742431641e+00 -1.399815678596496582e+00 4.096135616302490234e+00 6.193779110908508301e-01 6.134552955627441406e-01 -7.875545024871826172e+00 -9.243746757507324219e+00
8.337098360061645508e-01 -3.446701049804687500e+00 -2.297979593276977539e+00 5.392162322998046875e+00 3.156512022018432617e+00 -1.488824844360351562e+01 -3.477226018905639648e+00 -4.284409046173095703e+00 -7.799965858459472656e+00 2.817808151245117188e+00 -7.621388912200927734e+00 1.934500098228454590e+00 -4.326519489288330078e+00 -3.375198543071746826e-01 -6.713743686676025391e+00
1.234817504882812500e+00 -5.383902072906494141e+00 1.841050744056701660e+00 6.210835456848144531e+00 -1.245265603065490723e+00 -1.140975379943847656e+01 3.883594274520874023e+00 1.901097595691680908e-01 -9.598887443542480469e+00 7.997066497802734375e+00 -9.603028297424316406e-01 1.584776163101196289e+00 -1.498968410491943359e+01 -6.016491413116455078e+00 -6.154297351837158203e+00
6.046869754791259766e+00 -2.672321796417236328e+00 9.148990631103515625e+00 8.698137283325195312e+00 1.038830375671386719e+01 -1.258911132812500000e+01 2.654552936553955078e+00 -9.877228736877441406e+00 -6.036100387573242188e+00 -3.160384297370910645e-02 3.958651542663574219e+00 2.093271762132644653e-01 1.439522862434387207e+00 -7.530151844024658203e+00 -8.797880172729492188e+00
5.900168895721435547e+00 -3.260475397109985352e+00 3.414261341094970703e+00 8.382346153259277344e+00 4.478714942932128906e+00 -1.443054580688476562e+01 -3.774138927459716797e+00 -5.764586448669433594e+00 -7.066915512084960938e+00 -2.829240083694458008e+00 -3.919078111648559570e+00 -1.698035120964050293e+00 -3.628419160842895508e+00 -6.368072986602783203e+00 -1.209563064575195312e+01
5.588646411895751953e+00 -7.960504531860351562e+00 2.440095663070678711e+00 4.657321929931640625e+00 1.108258438110351562e+01 -1.851981520652770996e+00 -4.480891227722167969e+00 -7.660223007202148438e+00 -7.300637722015380859e+00 6.593797206878662109e+00 3.582489728927612305e+00 -7.809850692749023438e+00 -8.507355690002441406e+00 -7.621639728546142578e+00 -1.528555989265441895e+00
4.278307437896728516e+00 -6.126300334930419922e+00 -1.046297073364257812e+00 6.602714061737060547e+00 6.265164375305175781e+00 -1.156939125061035156e+01 3.526556968688964844e+00 -8.787720680236816406e+00 -5.437698364257812500e+00 5.848996162414550781e+00 2.697924375534057617e+00 2.524306476116180420e-01 -5.174307823181152344e+00 -1.032460880279541016e+01 -7.262376308441162109e+00
1.604784369468688965e+00 -3.216311931610107422e+00 1.735857605934143066e+00 6.367811679840087891e+00 2.274258852005004883e+00 -8.495216369628906250e+00 -4.262797236442565918e-01 -3.933248519897460938e+00 -4.276560306549072266e+00 8.831881523132324219e+00 -3.594190776348114014e-01 -2.165248155593872070e+00 -8.621661186218261719e+00 -7.327416539192199707e-01 -1.080214118957519531e+01
1.110449910163879395e+00 -4.082229137420654297e+00 -3.073584079742431641e+00 6.624342441558837891e+00 3.563786745071411133e+00 -1.299442100524902344e+01 -3.334434509277343750e+00 -2.872854709625244141e+00 -7.100033760070800781e+00 2.384006261825561523e+00 -7.366237640380859375e+00 2.062403202056884766e+00 -4.080036640167236328e+00 -6.641927361488342285e-01 -6.643399715423583984e+00
2.338745832443237305e+00 -1.911305904388427734e+00 3.874118089675903320e+00 4.447748661041259766e+00 3.781898260116577148e+00 -1.198964500427246094e+01 2.455147027969360352e+00 -1.085806751251220703e+01 -6.718319416046142578e+00 3.070350587368011475e-01 3.642161846160888672e+00 3.739946782588958740e-01 8.142642974853515625e-01 -7.251474380493164062e+00 -9.171800613403320312e+00
2.554719924926757812e+00 -7.446849822998046875e+00 2.640556097030639648e+00 9.178573608398437500e+00 -2.103404521942138672e+00 -1.309567451477050781e+01 4.444432735443115234e+00 -1.058576822280883789e+00 -1.100751972198486328e+01 9.504428863525390625e+00 -1.328930377960205078e+00 1.179625391960144043e+00 -1.386454486846923828e+01 -4.786122322082519531e+00 -6.247449874877929688e+00
3.074843168258666992e+00 -1.500168681144714355e+00 1.098193764686584473e+00 7.805498600006103516e+00 -2.707450151443481445e+00 -1.277800750732421875e+01 -5.137734889984130859e+00 -1.077451407909393311e-01 -6.312319755554199219e+00 8.150987625122070312e+00 -6.719773769378662109e+00 -1.742619872093200684e+00 -8.968589782714843750e+00 -2.491406202316284180e+00 -2.183255434036254883e+00
4.134565353393554688e+00 -3.216580867767333984e+00 1.886286616325378418e+00 1.241108036041259766e+01 -3.907951593399047852e+00 -1.103880691528320312e+01 -4.914102554321289062e+00 -1.431629359722137451e-01 -5.982222080230712891e+00 7.398603439331054688e+00 -6.147279739379882812e+00 -1.619395017623901367e+00 -9.035073280334472656e+00 -2.417384147644042969e+00 -2.387293100357055664e+00
8.603885173797607422e-01 -6.948612689971923828e+00 1.685133099555969238e+00 5.984957695007324219e+00 3.161078453063964844e+00 -1.034267330169677734e+01 -6.987947940826416016e+00 -1.391418218612670898e+00 -9.702815055847167969e+00 3.911624431610107422e+00 -6.942763328552246094e+00 1.734503388404846191e+00 -3.358570337295532227e+00 -5.639683246612548828e+00 2.489408969879150391e+00
3.766502857208251953e+00 -6.027516841888427734e+00 -3.347539007663726807e-01 5.776030540466308594e+00 1.265571594238281250e+00 -6.563433647155761719e+00 -2.125742435455322266e+00 1.661767363548278809e+00 -8.002942085266113281e+00 8.449046134948730469e+00 3.298323631286621094e+00 -7.249541282653808594e+00 -2.399601221084594727e+00 -3.247741222381591797e+00 -4.938626289367675781e+00
4.204372882843017578e+00 -2.713601827621459961e+00 1.780290842056274414e+00 1.201155090332031250e+01 -4.174233436584472656e+00 -1.158326339721679688e+01 -5.854954719543457031e+00 5.942509174346923828e-01 -6.716447353363037109e+00 8.105363845825195312e+00 -6.206702232360839844e+00 -1.629223227500915527e+00 -8.905766487121582031e+00 -2.633612871170043945e+00 -2.136245250701904297e+00
4.613278865814208984e+00 -8.058876991271972656e+00 2.775908708572387695e+00 5.432079792022705078e+00 9.285064697265625000e+00 -5.240974426269531250e+00 -4.248003482818603516e+00 -8.363271713256835938e+00 -8.543251037597656250e+00 7.226910591125488281e+00 4.448418617248535156e+00 -7.398578643798828125e+00 -9.497022628784179688e+00 -7.541711330413818359e+00 -1.197720408439636230e+00
1.300279021263122559e+00 -5.048886299133300781e+00 1.601885914802551270e+00 5.744393825531005859e+00 -1.264895915985107422e+00 -1.207688236236572266e+01 4.112737178802490234e+00 -1.835450053215026855e+00 -9.945999145507812500e+00 8.152421951293945312e+00 -1.108206272125244141e+00 1.531616330146789551e+00 -1.454610157012939453e+01 -5.108098030090332031e+00 -6.550466060638427734e+00
1.971976876258850098e+00 -6.686340332031250000e+00 2.446914196014404297e+00 7.830443859100341797e+00 -2.061941385269165039e+00 -1.144131660461425781e+01 3.736730098724365234e+00 -5.819394588470458984e-01 -1.029177093505859375e+01 7.974498271942138672e+00 -9.642863273620605469e-01 1.068101525306701660e+00 -1.404245376586914062e+01 -5.090702056884765625e+00 -6.486380100250244141e+00
2.986061096191406250e+00 -5.822709083557128906e+00 1.960294246673583984e+00 4.116435527801513672e+00 5.748723983764648438e+00 -7.248236179351806641e+00 -4.343904495239257812e+00 -9.138628959655761719e+00 -9.874467849731445312e+00 7.655797958374023438e+00 3.948393583297729492e+00 -8.536036491394042969e+00 -7.541512966156005859e+00 -7.803947925567626953e+00 -1.999696969985961914e+00
7.183497905731201172e+00 -3.570881843566894531e+00 4.123517513275146484e+00 9.880529403686523438e+00 5.194136619567871094e+00 -1.619976806640625000e+01 -4.293340206146240234e+00 -6.087682247161865234e+00 -8.099287033081054688e+00 -2.378438949584960938e+00 -3.742042779922485352e+00 -1.993677020072937012e+00 -3.521094799041748047e+00 -6.181382179260253906e+00 -1.173173522949218750e+01
3.335357666015625000e+00 2.633669972419738770e-01 7.110841274261474609e-01 7.917015075683593750e+00 1.509095907211303711e+00 -1.010328102111816406e+01 -4.388587951660156250e+00 -5.636552333831787109e+00 -2.829349040985107422e+00 -5.371004343032836914e-02 -1.309568881988525391e+00 2.768182992935180664e+00 -6.558946371078491211e-01 1.834761023521423340e+00 -9.447077751159667969e+00
8.858624696731567383e-01 -7.567905902862548828e+00 2.057551860809326172e+00 6.499460220336914062e+00 3.244081020355224609e+00 -1.091912841796875000e+01 -8.163354873657226562e+00 -4.214667975902557373e-01 -9.221090316772460938e+00 3.112186431884765625e+00 -6.418414115905761719e+00 1.950787186622619629e+00 -2.921143054962158203e+00 -6.227144718170166016e+00 3.334784269332885742e+00
1.467292189598083496e+00 -6.237243175506591797e+00 2.149443626403808594e+00 7.179624557495117188e+00 -1.664303183555603027e+00 -1.246358871459960938e+01 4.260789394378662109e+00 -1.228492021560668945e+00 -9.938375473022460938e+00 7.941689491271972656e+00 -1.327076196670532227e+00 1.538200259208679199e+00 -1.401963996887207031e+01 -5.031168460845947266e+00 -6.657170295715332031e+00
6.743264675140380859e+00 -3.842927455902099609e+00 2.316729128360748291e-01 4.387345790863037109e+00 5.074151158332824707e-01 -7.566311836242675781e+00 -7.427740573883056641e+00 -2.206648826599121094e+00 -7.452462196350097656e+00 -3.344766616821289062e+00 -3.667016506195068359e+00 -4.494442462921142578e+00 -3.901469707489013672e-01 8.765078186988830566e-01 -7.762454509735107422e+00
1.478729367256164551e+00 -6.632048606872558594e+00 -3.396565437316894531e+00 9.483814239501953125e+00 -2.316134929656982422e+00 -1.234326744079589844e+01 -3.383021831512451172e+00 4.206014633178710938e+00 -1.122458648681640625e+01 1.730222105979919434e+00 -8.057208061218261719e+00 -3.302659511566162109e+00 -4.582530498504638672e+00 -8.615225553512573242e-01 1.524758815765380859e+00
3.726562738418579102e+00 -2.361449956893920898e+00 5.982952594757080078e+00 6.365755558013916016e+00 6.059436798095703125e+00 -1.241508769989013672e+01 2.486347675323486328e+00 -1.036341762542724609e+01 -5.918284416198730469e+00 -1.046315729618072510e-01 3.817960977554321289e+00 1.023374199867248535e+00 5.033235549926757812e-01 -7.588935852050781250e+00 -9.154829025268554688e+00
9.586592912673950195e-01 -8.467094421386718750e+00 1.974657893180847168e+00 7.222169399261474609e+00 3.766195058822631836e+00 -1.043384552001953125e+01 -7.514844894409179688e+00 1.108260452747344971e-01 -1.003684616088867188e+01 4.517123222351074219e+00 -6.383969306945800781e+00 1.384168505668640137e+00 -1.893226742744445801e+00 -6.581444740295410156e+00 2.807266473770141602e+00
1.964854836463928223e+00 -2.075314521789550781e+00 1.131347656250000000e+00 6.955898761749267578e+00 -1.869499683380126953e+00 -1.158029651641845703e+01 -4.863871097564697266e+00 -1.344818770885467529e-01 -5.944587707519531250e+00 7.168215751647949219e+00 -5.838212013244628906e+00 -1.503408193588256836e+00 -1.010442638397216797e+01 -2.533894300460815430e+00 -1.294255614280700684e+00
1.684416890144348145e+00 -6.751802921295166016e+00 -4.498130798339843750e+00 9.321887969970703125e+00 -3.393192768096923828e+00 -1.129532432556152344e+01 -3.137896060943603516e+00 3.992613554000854492e+00 -9.605816841125488281e+00 1.609161376953125000e+00 -7.256861209869384766e+00 -2.900452375411987305e+00 -6.026699066162109375e+00 -4.337255060672760010e-01 2.528606653213500977e+00
3.594463348388671875e+00 -5.280567169189453125e+00 -4.988071322441101074e-01 5.264012813568115234e+00 1.231295704841613770e+00 -7.390717983245849609e+00 -2.143615245819091797e+00 1.038161873817443848e+00 -9.364246368408203125e+00 8.057156562805175781e+00 4.621200561523437500e+00 -8.334650993347167969e+00 -1.873441100120544434e+00 -4.343165874481201172e+00 -4.553265571594238281e+00
1.673563718795776367e-01 -8.403850555419921875e+00 -1.513971537351608276e-01 4.640993595123291016e+00 -5.255506634712219238e-01 -1.013626861572265625e+01 -2.054086923599243164e+00 -5.487022876739501953e+00 -1.108962917327880859e+01 1.537075519561767578e+00 -8.689699172973632812e-01 4.661607742309570312e+00 -2.978054285049438477e+00 -1.116883563995361328e+01 -3.590457439422607422e+00
7.052800655364990234e+00 -3.568774700164794922e+00 3.306116163730621338e-01 4.567829608917236328e+00 -1.707577891647815704e-02 -7.017771244049072266e+00 -7.307526588439941406e+00 -6.823483705520629883e-01 -7.681696891784667969e+00 -3.283531904220581055e+00 -4.704824924468994141e+00 -4.668632984161376953e+00 -1.887671947479248047e-01 9.523952603340148926e-01 -7.527377605438232422e+00
3.004881620407104492e+00 -5.864470958709716797e+00 2.620172023773193359e+00 1.130338096618652344e+01 4.093873977661132812e+00 -1.119192028045654297e+01 -5.645410418510437012e-01 -3.698437690734863281e+00 -5.341486454010009766e+00 1.013793754577636719e+01 1.932358890771865845e-01 -1.742969036102294922e+00 -8.569473266601562500e+00 -8.088615536689758301e-01 -1.072096824645996094e+01
2.438495159149169922e+00 -4.389494061470031738e-01 7.892332673072814941e-01 6.379215240478515625e+00 9.380926489830017090e-01 -1.100954341888427734e+01 -4.916210651397705078e+00 -4.394126415252685547e+00 -2.410970687866210938e+00 2.457364201545715332e-01 -9.917562007904052734e-01 3.006551504135131836e+00 -4.632978439331054688e-01 1.799738287925720215e+00 -9.677360534667968750e+00
4.070970058441162109e+00 -5.828779220581054688e+00 2.761267423629760742e+00 4.543240070343017578e+00 2.251896619796752930e+00 -1.695974540710449219e+01 8.603705763816833496e-01 -2.597113847732543945e+00 -1.112329769134521484e+01 9.413490295410156250e+00 1.192115783691406250e+00 5.556715130805969238e-01 -4.809987545013427734e+00 -1.101634120941162109e+01 2.732744932174682617e+00
6.653797149658203125e+00 -2.849515914916992188e+00 3.490296363830566406e+00 8.668571472167968750e+00 4.635886192321777344e+00 -1.371659660339355469e+01 -3.261416435241699219e+00 -4.444399833679199219e+00 -6.926515102386474609e+00 -2.982159137725830078e+00 -3.978774785995483398e+00 -1.768753170967102051e+00 -3.423005580902099609e+00 -5.956051826477050781e+00 -1.124389839172363281e+01
4.056826829910278320e-01 -9.273369789123535156e+00 9.856263399124145508e-01 6.232535362243652344e+00 2.012970447540283203e-01 -9.684683799743652344e+00 -6.961465477943420410e-01 -6.241044521331787109e+00 -1.043889713287353516e+01 1.081843137741088867e+00 -1.267910480499267578e+00 4.227796077728271484e+00 -1.684056639671325684e+00 -1.044712162017822266e+01 -3.507664918899536133e+00
2.198066473007202148e+00 -2.640140533447265625e+00 1.268908381462097168e+00 7.612772464752197266e+00 -1.903558492660522461e+00 -1.159970474243164062e+01 -5.156817913055419922e+00 -1.360835731029510498e-01 -5.633203029632568359e+00 7.677664279937744141e+00 -6.011254310607910156e+00 -1.508131861686706543e+00 -9.522168159484863281e+00 -2.965692043304443359e+00 -2.758146047592163086e+00
8.453525543212890625e+00 -9.972448348999023438e+00 2.845541954040527344e+00 5.926311969757080078e+00 1.527596378326416016e+01 -4.671588420867919922e+00 -2.826382160186767578e+00 -9.355076789855957031e+00 -7.890568733215332031e+00 5.601860046386718750e+00 3.069977045059204102e+00 -7.614761352539062500e+00 -7.754170894622802734e+00 -6.893007755279541016e+00 -1.809223175048828125e+00
7.142451763153076172e+00 -3.986341476440429688e+00 3.396484255790710449e-01 4.751353740692138672e+00 4.276256859302520752e-01 -7.023561000823974609e+00 -6.829735755920410156e+00 -1.301964998245239258e+00 -7.154738426208496094e+00 -2.796317338943481445e+00 -4.230474472045898438e+00 -4.109622001647949219e+00 -1.742711067199707031e-01 1.060104131698608398e+00 -6.785652637481689453e+00
6.377723217010498047e+00 -7.877969741821289062e+00 3.998712062835693359e+00 5.779482364654541016e+00 3.325152158737182617e+00 -1.852676773071289062e+01 1.429203629493713379e+00 -5.169032096862792969e+00 -1.047033882141113281e+01 1.157797622680664062e+01 2.996076643466949463e-01 6.205177903175354004e-01 -6.150921344757080078e+00 -9.506766319274902344e+00 2.167947769165039062e+00
3.855137825012207031e+00 -5.180902957916259766e+00 -1.212474226951599121e+00 5.542505741119384766e+00 5.630785942077636719e+00 -1.142452907562255859e+01 3.589817047119140625e+00 -8.776339530944824219e+00 -5.053345680236816406e+00 4.382722377777099609e+00 2.048713922500610352e+00 -1.053221672773361206e-01 -4.416546344757080078e+00 -9.317317962646484375e+00 -6.946532249450683594e+00
4.640515327453613281e+00 -2.941833496093750000e+00 2.939807653427124023e+00 6.799511432647705078e+00 3.601625204086303711e+00 -1.397494888305664062e+01 -3.086643695831298828e+00 -5.148372173309326172e+00 -6.978006362915039062e+00 -3.470924377441406250e+00 -3.830564498901367188e+00 -2.019023418426513672e+00 -3.469221830368041992e+00 -5.996973037719726562e+00 -1.176064777374267578e+01
2.277975320816040039e+00 -4.294068336486816406e+00 -5.948452472686767578e+00 8.672922134399414062e+00 6.785331726074218750e+00 -1.567963790893554688e+01 -2.895876407623291016e+00 -3.853354454040527344e+00 -8.075642585754394531e+00 3.019590854644775391e+00 -6.274283885955810547e+00 2.346274375915527344e+00 -5.110666275024414062e+00 -1.575209140777587891e+00 -6.269827365875244141e+00
6.083060264587402344e+00 -7.894475936889648438e+00 4.074081897735595703e+00 5.883718967437744141e+00 3.352768659591674805e+00 -1.532706260681152344e+01 9.254853129386901855e-01 -2.299900054931640625e+00 -1.005859375000000000e+01 9.960512161254882812e+00 -2.005022615194320679e-01 9.808981418609619141e-01 -6.873191356658935547e+00 -1.096804904937744141e+01 2.113362789154052734e+00
3.638078212738037109e+00 7.140086293220520020e-01 8.207158446311950684e-01 8.034555435180664062e+00 1.488489508628845215e+00 -1.034341526031494141e+01 -4.703891277313232422e+00 -4.944243907928466797e+00 -3.514357328414916992e+00 7.359521389007568359e-01 -1.210650682449340820e+00 3.183628320693969727e+00 -6.804912090301513672e-01 1.479136586189270020e+00 -9.059369087219238281e+00
4.258930206298828125e+00 1.143049120903015137e+00 6.112267971038818359e-01 9.370479583740234375e+00 1.737215399742126465e+00 -1.343074035644531250e+01 -5.121697902679443359e+00 -6.096048831939697266e+00 -3.706425189971923828e+00 1.378983378410339355e+00 -1.408864974975585938e+00 3.168441534042358398e+00 -4.700362682342529297e-01 1.484515190124511719e+00 -9.027545928955078125e+00
2.512245655059814453e+00 -6.502827167510986328e+00 -5.989161014556884766e+00 9.090870857238769531e+00 -3.654224634170532227e+00 -1.193787956237792969e+01 -2.458102703094482422e+00 4.350683212280273438e+00 -1.087121677398681641e+01 1.126823306083679199e+00 -7.457481861114501953e+00 -2.984068155288696289e+00 -5.473929882049560547e+00 -3.719972670078277588e-01 2.016139268875122070e+00
4.742614269256591797e+00 -7.241202354431152344e+00 -4.698655903339385986e-01 7.022695541381835938e+00 1.415002703666687012e+00 -6.762706279754638672e+00 -1.985122442245483398e+00 1.831747770309448242e+00 -8.471293449401855469e+00 7.819587230682373047e+00 2.813608169555664062e+00 -7.987190246582031250e+00 -2.750290632247924805e+00 -3.779462337493896484e+00 -6.128515243530273438e+00
5.802289009094238281e+00 -3.642403602600097656e+00 8.438486099243164062e+00 8.936695098876953125e+00 9.110534667968750000e+00 -1.248058700561523438e+01 2.766682386398315430e+00 -1.170518016815185547e+01 -6.462588310241699219e+00 -6.183829307556152344e-01 3.977569818496704102e+00 8.477937579154968262e-01 1.697156667709350586e+00 -7.477465152740478516e+00 -8.868571281433105469e+00
1.762519121170043945e+00 -3.677783012390136719e+00 1.709382653236389160e+00 6.686872005462646484e+00 2.637294769287109375e+00 -9.332454681396484375e+00 -3.751030564308166504e-01 -2.741117477416992188e+00 -2.971573352813720703e+00 9.003200531005859375e+00 -8.427427709102630615e-02 -2.098479509353637695e+00 -8.657919883728027344e+00 -9.338674545288085938e-01 -1.114134025573730469e+01
1.019340157508850098e+00 -8.323520660400390625e+00 1.826002955436706543e+00 7.066284179687500000e+00 3.791823148727416992e+00 -9.452497482299804688e+00 -7.065981388092041016e+00 -4.296129643917083740e-01 -8.883527755737304688e+00 3.113538026809692383e+00 -6.712691783905029297e+00 1.995953440666198730e+00 -2.175942420959472656e+00 -6.964400768280029297e+00 2.591242313385009766e+00
4.939198970794677734e+00 -7.147422313690185547e+00 3.675265073776245117e+00 5.559243679046630859e+00 3.022389650344848633e+00 -1.578411960601806641e+01 9.709207415580749512e-01 -3.377715110778808594e+00 -9.881784439086914062e+00 8.521354675292968750e+00 -1.125628799200057983e-01 7.753380537033081055e-01 -5.749661922454833984e+00 -9.597452163696289062e+00 1.861168026924133301e+00
2.310937166213989258e+00 -7.956764698028564453e+00 2.795364379882812500e+00 9.466428756713867188e+00 -2.098827123641967773e+00 -1.306619358062744141e+01 4.535547733306884766e+00 -1.876506328582763672e+00 -1.040743350982666016e+01 8.348552703857421875e+00 -7.965648174285888672e-01 1.613622784614562988e+00 -1.416960144042968750e+01 -5.468243122100830078e+00 -5.963735103607177734e+00
4.584612369537353516e+00 1.039551854133605957e+00 8.155220150947570801e-01 1.002563190460205078e+01 1.700398564338684082e+00 -1.149333000183105469e+01 -5.898124217987060547e+00 -4.806224346160888672e+00 -4.019236087799072266e+00 1.368520498275756836e+00 -9.739413261413574219e-01 2.573364257812500000e+00 -7.720780372619628906e-02 1.442790269851684570e+00 -9.498138427734375000e+00
4.456100940704345703e+00 -7.196612834930419922e+00 2.453689336776733398e+00 4.626730918884277344e+00 8.606563568115234375e+00 -5.892818450927734375e+00 -4.414154529571533203e+00 -8.960726737976074219e+00 -9.343584060668945312e+00 7.530055999755859375e+00 3.987473726272583008e+00 -7.653005599975585938e+00 -8.383992195129394531e+00 -7.547614097595214844e+00 -1.272265076637268066e+00
7.839866161346435547e+00 -4.365803718566894531e+00 3.740104138851165771e-01 5.614636421203613281e+00 2.036743462085723877e-01 -7.627052307128906250e+00 -7.260618686676025391e+00 -2.311277687549591064e-01 -7.175436973571777344e+00 -3.243300914764404297e+00 -3.921668767929077148e+00 -4.396072864532470703e+00 -4.079782962799072266e-01 1.174615859985351562e+00 -7.108982086181640625e+00
2.514206171035766602e-01 -1.045761871337890625e+01 5.304597020149230957e-01 6.551887989044189453e+00 -7.584246993064880371e-02 -1.066095829010009766e+01 -2.162413358688354492e+00 -6.429052829742431641e+00 -1.186177062988281250e+01 2.598239421844482422e+00 -5.913670063018798828e-01 5.280650615692138672e+00 -2.252579927444458008e+00 -1.203209781646728516e+01 -3.289587259292602539e+00
6.380565166473388672e+00 -8.183874130249023438e+00 3.992975473403930664e+00 5.767082214355468750e+00 3.220849752426147461e+00 -1.466111183166503906e+01 1.233128905296325684e+00 -2.015962600708007812e+00 -8.766871452331542969e+00 9.090551376342773438e+00 1.259257942438125610e-01 5.528423190116882324e-01 -5.185801029205322266e+00 -9.763492584228515625e+00 1.956971764564514160e+00
2.039497137069702148e+00 -4.598627567291259766e+00 2.068287611007690430e+00 8.485206604003906250e+00 3.172898292541503906e+00 -1.155287456512451172e+01 -8.258865475654602051e-01 -4.338386535644531250e+00 -5.618846893310546875e+00 1.092993354797363281e+01 -1.240243762731552124e-01 -2.240136384963989258e+00 -8.874852180480957031e+00 -1.136092543601989746e+00 -1.089190101623535156e+01
4.541155815124511719e+00 -6.848262786865234375e+00 -8.190502524375915527e-01 7.259862899780273438e+00 6.619444847106933594e+00 -1.119076251983642578e+01 2.872919321060180664e+00 -8.452802658081054688e+00 -4.789861679077148438e+00 4.602501392364501953e+00 2.589754343032836914e+00 2.574829161167144775e-01 -5.023178577423095703e+00 -1.076635265350341797e+01 -6.794980525970458984e+00
4.242252111434936523e-01 -8.794126510620117188e+00 6.358578801155090332e-01 5.671178817749023438e+00 -2.744932174682617188e-01 -1.117670536041259766e+01 -1.644720435142517090e+00 -7.394403934478759766e+00 -1.081619739532470703e+01 3.215277194976806641e+00 -1.018970727920532227e+00 4.547964096069335938e+00 -2.243624687194824219e+00 -1.123645401000976562e+01 -3.416949033737182617e+00
4.616187810897827148e-01 -9.543786048889160156e+00 7.222713828086853027e-01 6.079439640045166016e+00 8.825138211250305176e-02 -1.094435882568359375e+01 -2.347347497940063477e+00 -7.147470951080322266e+00 -1.225710678100585938e+01 2.500103950500488281e+00 -9.615941047668457031e-01 4.535971641540527344e+00 -1.800372838973999023e+00 -1.176452922821044922e+01 -3.324018001556396484e+00
3.263729095458984375e+00 -2.486248970031738281e+00 2.261410236358642578e+00 5.085210323333740234e+00 2.460744142532348633e+00 -1.461199378967285156e+01 -4.251082420349121094e+00 -4.365461349487304688e+00 -7.869557380676269531e+00 -2.898962497711181641e+00 -4.231804847717285156e+00 -2.158275365829467773e+00 -2.490812301635742188e+00 -6.678367137908935547e+00 -1.155630016326904297e+01
2.777789115905761719e+00 -5.782042026519775391e+00 2.598300457000732422e+00 1.135656929016113281e+01 4.192079067230224609e+00 -9.620967864990234375e+00 -5.934528708457946777e-01 -2.605067253112792969e+00 -3.921470165252685547e+00 9.568727493286132812e+00 2.121303230524063110e-01 -1.327876687049865723e+00 -7.926212310791015625e+00 -6.465699076652526855e-01 -1.047236061096191406e+01
7.188973426818847656e-01 -6.528881549835205078e+00 1.359659790992736816e+00 5.680115222930908203e+00 3.052878618240356445e+00 -9.950535774230957031e+00 -7.806309700012207031e+00 -5.249235630035400391e-01 -9.024496078491210938e+00 3.638388156890869141e+00 -6.973468780517578125e+00 1.331723332405090332e+00 -2.859424114227294922e+00 -6.139368534088134766e+00 2.419373989105224609e+00
7.036043643951416016e+00 -3.420854330062866211e+00 2.802286744117736816e-01 4.448858737945556641e+00 -1.104235053062438965e-01 -8.073512077331542969e+00 -7.398562431335449219e+00 2.363294064998626709e-01 -8.776718139648437500e+00 -3.983751773834228516e+00 -4.042060375213623047e+00 -4.201663017272949219e+00 -4.016745090484619141e-01 1.562315940856933594e+00 -7.412218093872070312e+00
4.827755689620971680e-01 -9.374490737915039062e+00 5.593061447143554688e-01 5.816128253936767578e+00 1.367765478789806366e-02 -1.012266445159912109e+01 -1.797764182090759277e+00 -5.647733211517333984e+00 -1.208426666259765625e+01 1.949684023857116699e+00 -1.038502931594848633e+00 3.883578300476074219e+00 -1.304237246513366699e+00 -1.040487957000732422e+01 -3.124053239822387695e+00
6.207816600799560547e+00 -8.778029441833496094e+00 -7.935475707054138184e-01 8.991184234619140625e+00 2.165612220764160156e+00 -6.395755290985107422e+00 -1.778199791908264160e+00 9.246547222137451172e-01 -7.652573585510253906e+00 8.124595642089843750e+00 3.993863344192504883e+00 -8.653745651245117188e+00 -2.738406896591186523e+00 -3.685154438018798828e+00 -5.602628231048583984e+00
6.936406135559082031e+00 -9.815999984741210938e+00 -8.907039165496826172e-01 9.706545829772949219e+00 2.140882253646850586e+00 -6.630357265472412109e+00 -1.388936877250671387e+00 2.975905895233154297e+00 -9.222223281860351562e+00 8.027624130249023438e+00 4.436038970947265625e+00 -8.861640930175781250e+00 -1.624563574790954590e+00 -4.342788696289062500e+00 -4.459534168243408203e+00
2.004561901092529297e+00 -4.682895183563232422e+00 -5.224894523620605469e+00 9.052759170532226562e+00 6.074483871459960938e+00 -1.592696189880371094e+01 -4.374020099639892578e+00 -4.130751132965087891e+00 -7.689970016479492188e+00 3.357050180435180664e+00 -7.342507839202880859e+00 2.258118152618408203e+00 -4.938529014587402344e+00 -1.206092834472656250e+00 -6.925914287567138672e+00
3.931850671768188477e+00 -7.094099521636962891e+00 2.290958881378173828e+00 4.885555267333984375e+00 7.918778419494628906e+00 -5.459629535675048828e+00 -3.867664337158203125e+00 -1.049277591705322266e+01 -7.886077880859375000e+00 6.298568725585937500e+00 3.766994953155517578e+00 -7.305532932281494141e+00 -6.961966991424560547e+00 -7.116075038909912109e+00 -1.454348564147949219e+00
3.086766004562377930e-01 -1.013202667236328125e+01 3.882870078086853027e-01 6.243662834167480469e+00 -3.420896530151367188e-01 -1.020987129211425781e+01 -1.748609423637390137e+00 -5.473358154296875000e+00 -1.196912574768066406e+01 1.960448145866394043e+00 -9.147839546203613281e-01 4.228714942932128906e+00 -2.573583424091339111e-01 -1.066551780700683594e+01 -2.663601398468017578e+00
3.941689729690551758e+00 -6.329427242279052734e+00 -3.732641339302062988e-01 6.556969165802001953e+00 5.705092906951904297e+00 -1.108415222167968750e+01 4.134751796722412109e+00 -9.192735671997070312e+00 -5.639692306518554688e+00 4.690559387207031250e+00 2.514773845672607422e+00 -5.686525702476501465e-01 -6.030416965484619141e+00 -1.048363399505615234e+01 -7.585187435150146484e+00
5.513192415237426758e-01 -5.255768775939941406e+00 1.183957099914550781e+00 4.554872512817382812e+00 2.394634008407592773e+00 -7.629213809967041016e+00 -6.755472660064697266e+00 5.594031810760498047e-01 -7.930828094482421875e+00 2.288544178009033203e+00 -6.912269115447998047e+00 1.915628552436828613e+00 -3.188354730606079102e+00 -5.644134998321533203e+00 2.791848897933959961e+00
3.869511365890502930e+00 -1.842430114746093750e+00 6.188452720642089844e+00 6.188066005706787109e+00 6.167617797851562500e+00 -1.178814888000488281e+01 2.812908411026000977e+00 -9.082227706909179688e+00 -5.736596107482910156e+00 1.110566556453704834e-01 3.901841402053833008e+00 5.686119198799133301e-01 5.271031856536865234e-01 -7.565062046051025391e+00 -9.557741165161132812e+00
4.441734790802001953e+00 -7.761048316955566406e+00 2.674286365509033203e+00 5.085175991058349609e+00 9.081012725830078125e+00 -3.851930618286132812e+00 -2.573483943939208984e+00 -8.507317543029785156e+00 -7.767139434814453125e+00 6.168048858642578125e+00 3.925905466079711914e+00 -7.502699851989746094e+00 -8.957044601440429688e+00 -7.349646091461181641e+00 -1.374886512756347656e+00
7.555194854736328125e+00 -4.122572422027587891e+00 3.541907072067260742e-01 5.064311504364013672e+00 4.754919409751892090e-01 -7.886891841888427734e+00 -7.515405178070068359e+00 -7.397876977920532227e-01 -7.309686660766601562e+00 -3.611100912094116211e+00 -4.845094203948974609e+00 -4.719455242156982422e+00 1.611433029174804688e-01 8.519700765609741211e-01 -6.962211132049560547e+00
1.075253844261169434e+00 -4.359382629394531250e+00 -2.650743484497070312e+00 6.112218379974365234e+00 -1.770655512809753418e+00 -1.219246006011962891e+01 -2.210109710693359375e+00 3.861964702606201172e+00 -1.071928215026855469e+01 1.505785822868347168e+00 -8.055614471435546875e+00 -3.801853656768798828e+00 -5.134916782379150391e+00 1.513089388608932495e-01 1.278111338615417480e+00
7.885762691497802734e+00 -3.400423049926757812e+00 -1.461175084114074707e-01 3.930243730545043945e+00 -1.699664592742919922e-01 -6.779760837554931641e+00 -7.273125648498535156e+00 -1.402268052101135254e+00 -6.864671707153320312e+00 -2.730278491973876953e+00 -4.250902652740478516e+00 -3.947992324829101562e+00 4.867761135101318359e-01 1.338576793670654297e+00 -6.962476253509521484e+00
2.736356019973754883e+00 -2.036153793334960938e+00 1.277333617210388184e+00 8.049020767211914062e+00 -2.253958940505981445e+00 -1.208106517791748047e+01 -4.834502696990966797e+00 4.975589811801910400e-01 -6.424898147583007812e+00 8.060119628906250000e+00 -6.172406673431396484e+00 -1.589806199073791504e+00 -9.951624870300292969e+00 -2.488988161087036133e+00 -2.620622396469116211e+00
3.738644361495971680e+00 -5.645397186279296875e+00 3.001827239990234375e+00 4.413055896759033203e+00 2.392098188400268555e+00 -1.489894485473632812e+01 1.319411635398864746e+00 -2.413953781127929688e+00 -8.557357788085937500e+00 8.642894744873046875e+00 -1.765760034322738647e-01 5.747473835945129395e-01 -5.955681324005126953e+00 -9.517084121704101562e+00 1.865446805953979492e+00
2.983388185501098633e+00 -5.747259616851806641e+00 2.734982967376708984e+00 1.165568161010742188e+01 4.567679405212402344e+00 -7.597162723541259766e+00 -5.547814965248107910e-01 -3.372371912002563477e+00 -4.307071685791015625e+00 8.416929244995117188e+00 -2.221236079931259155e-01 -2.140081167221069336e+00 -8.158993721008300781e+00 -8.893700242042541504e-01 -1.020507621765136719e+01
8.053621053695678711e-01 -6.004544258117675781e+00 1.529210448265075684e+00 5.231068134307861328e+00 2.598929643630981445e+00 -1.015377426147460938e+01 -5.868787288665771484e+00 -5.193572044372558594e-01 -8.562171936035156250e+00 3.937296390533447266e+00 -7.010333061218261719e+00 1.527857661247253418e+00 -2.901265382766723633e+00 -6.682548046112060547e+00 2.878124475479125977e+00
3.923167467117309570e+00 -3.219779491424560547e+00 5.987183094024658203e+00 6.780582904815673828e+00 5.858518123626708984e+00 -1.448691368103027344e+01 2.228378295898437500e+00 -1.064974117279052734e+01 -5.886179447174072266e+00 -1.537144482135772705e-01 3.864650726318359375e+00 5.629279017448425293e-01 9.620709419250488281e-01 -7.499169826507568359e+00 -9.728295326232910156e+00
3.045853376388549805e+00 -5.593090057373046875e+00 -3.962355852127075195e-02 5.271425724029541016e+00 1.232219696044921875e+00 -8.341855049133300781e+00 -1.909195303916931152e+00 7.153906822204589844e-01 -9.261837005615234375e+00 7.865596771240234375e+00 3.179532766342163086e+00 -7.392546176910400391e+00 -2.116809129714965820e+00 -3.574091672897338867e+00 -5.185708045959472656e+00
2.772112846374511719e+00 -5.201735496520996094e+00 1.387713477015495300e-03 5.187275409698486328e+00 4.280317306518554688e+00 -9.119523048400878906e+00 5.245976448059082031e+00 -9.299540519714355469e+00 -5.679213523864746094e+00 3.519503593444824219e+00 2.958465814590454102e+00 2.529504001140594482e-01 -6.018841266632080078e+00 -1.053055572509765625e+01 -7.276786804199218750e+00
4.297160148620605469e+00 4.862560629844665527e-01 1.007595658302307129e+00 9.531190872192382812e+00 1.833601951599121094e+00 -9.847452163696289062e+00 -4.881876468658447266e+00 -3.216529846191406250e+00 -3.576655626296997070e+00 7.542936801910400391e-01 -1.136527776718139648e+00 2.467784404754638672e+00 -3.120346069335937500e-01 1.784077763557434082e+00 -1.015348625183105469e+01
4.843844413757324219e+00 1.187264442443847656e+00 8.392471075057983398e-01 1.063111591339111328e+01 1.818873524665832520e+00 -1.138612556457519531e+01 -5.342811584472656250e+00 -4.087599754333496094e+00 -3.934156179428100586e+00 1.337092757225036621e+00 -1.279004812240600586e+00 3.364560365676879883e+00 -7.169555425643920898e-01 1.434241771697998047e+00 -9.513131141662597656e+00
1.756983637809753418e+00 -4.232707977294921875e+00 -4.283105850219726562e+00 8.110568046569824219e+00 5.533600807189941406e+00 -1.616884231567382812e+01 -2.379776000976562500e+00 -4.935342311859130859e+00 -8.206045150756835938e+00 4.563996791839599609e+00 -7.226159095764160156e+00 1.891007781028747559e+00 -4.624629974365234375e+00 -2.469356060028076172e-01 -6.237478733062744141e+00
6.341953277587890625e+00 -3.194087982177734375e+00 3.494429111480712891e+00 8.673396110534667969e+00 4.626047611236572266e+00 -1.568853855133056641e+01 -4.761625289916992188e+00 -4.405435085296630859e+00 -7.499891757965087891e+00 -2.517889499664306641e+00 -3.867258310317993164e+00 -1.918427467346191406e+00 -5.995843887329101562e+00 -6.467436790466308594e+00 -1.194939041137695312e+01
1.603888869285583496e+00 -4.886342525482177734e+00 -3.807540178298950195e+00 6.875376701354980469e+00 -2.166682958602905273e+00 -1.309529304504394531e+01 -3.402554512023925781e+00 3.860624313354492188e+00 -1.199636840820312500e+01 2.199594974517822266e+00 -7.238677501678466797e+00 -3.242925167083740234e+00 -4.230014324188232422e+00 -4.505691826343536377e-01 1.635054349899291992e+00
2.778767347335815430e+00 -5.624586582183837891e+00 3.810929059982299805e-01 5.726378917694091797e+00 4.083434104919433594e+00 -9.016408920288085938e+00 4.328407764434814453e+00 -9.393889427185058594e+00 -4.629619598388671875e+00 3.102919578552246094e+00 2.421765565872192383e+00 4.269654452800750732e-01 -5.251580715179443359e+00 -1.005345249176025391e+01 -7.343487262725830078e+00
1.769037604331970215e+00 -4.047217369079589844e+00 1.620849370956420898e+00 6.294487953186035156e+00 2.653304100036621094e+00 -1.043898487091064453e+01 -9.983889460563659668e-01 -3.897491931915283203e+00 -5.008429527282714844e+00 1.068911361694335938e+01 3.162091076374053955e-01 -1.526342630386352539e+00 -8.354638099670410156e+00 -9.830959439277648926e-01 -1.115356731414794922e+01
