1.280784487724304199e+00 -9.689623832702636719e+00 -5.094493865966796875e+00 -1.635953545570373535e+00 -6.007876396179199219e+00 -3.424101829528808594e+00 6.122508049011230469e+00 9.686555862426757812e+00 1.107847332954406738e+00 1.305862998962402344e+01 2.010040998458862305e+00 8.709060549736022949e-01 -3.908837556838989258e+00 -1.620842695236206055e+00 1.095219707489013672e+01
1.060792088508605957e+00 -8.293273925781250000e+00 -4.307654380798339844e+00 -1.357175707817077637e+00 -4.953671455383300781e+00 -4.224085807800292969e+00 4.674056053161621094e+00 9.105361938476562500e+00 1.268794059753417969e+00 1.114080429077148438e+01 1.277608156204223633e+00 6.580598354339599609e-01 -4.137333869934082031e+00 -1.941381454467773438e+00 9.549216270446777344e+00
-1.418751120567321777e+00 -7.322281002998352051e-01 -6.131384372711181641e+00 -1.852922201156616211e+00 -3.866103172302246094e+00 1.147818088531494141e+00 6.860161781311035156e+00 1.603450012207031250e+01 -3.141201496124267578e+00 3.978474378585815430e+00 6.402027130126953125e+00 -2.625165462493896484e+00 -2.388726472854614258e+00 5.845712661743164062e+00 5.516094207763671875e+00
7.184473872184753418e-01 -3.969289779663085938e+00 -6.271478652954101562e+00 -2.416230678558349609e+00 -5.788493633270263672e+00 7.920092582702636719e+00 8.723329544067382812e+00 8.694675445556640625e+00 4.009480953216552734e+00 1.861481428146362305e+00 6.542575359344482422e+00 2.531773567199707031e+00 -7.065523862838745117e-01 3.132980108261108398e+00 7.850876808166503906e+00
1.942856431007385254e+00 -5.159257650375366211e-01 -7.311598300933837891e+00 -2.177064180374145508e+00 -4.784211158752441406e+00 5.923496723175048828e+00 8.320782661437988281e+00 1.373083019256591797e+01 -9.895073175430297852e-01 1.024477854371070862e-01 8.412553787231445312e+00 2.633511722087860107e-01 -3.427112579345703125e+00 3.989913940429687500e+00 1.718966841697692871e+00
-1.164519071578979492e+00 -1.804898142814636230e+00 -1.082472229003906250e+01 -5.359653472900390625e+00 1.097829818725585938e+00 3.549513578414916992e+00 1.055748462677001953e+01 1.220101928710937500e+01 7.274447441101074219e+00 6.078727245330810547e+00 9.663081765174865723e-01 3.341351270675659180e+00 -6.389380455017089844e+00 2.964652538299560547e+00 -8.749281167984008789e-01
7.345103621482849121e-01 -5.982500553131103516e+00 -3.331212520599365234e+00 -1.301324486732482910e+00 -3.741514921188354492e+00 -3.013644218444824219e+00 6.394845008850097656e+00 9.216431617736816406e+00 1.587347149848937988e+00 1.254558753967285156e+01 2.823122501373291016e+00 1.491730928421020508e+00 -4.187386512756347656e+00 -1.582381486892700195e+00 1.070576190948486328e+01
-2.339426517486572266e+00 -4.923900127410888672e+00 -4.495830535888671875e+00 -3.463313102722167969e+00 -4.836749553680419922e+00 5.116677284240722656e+00 3.179584980010986328e+00 1.185758113861083984e+01 -1.585228204727172852e+00 3.786275148391723633e+00 3.553280830383300781e+00 -2.889598011970520020e-01 1.033970236778259277e+00 4.569464683532714844e+00 1.405127620697021484e+01
-9.858555197715759277e-01 -2.379374504089355469e+00 -1.149267387390136719e+01 -5.796450614929199219e+00 1.780419707298278809e+00 2.077559471130371094e+00 9.793771743774414062e+00 1.180479907989501953e+01 7.342697620391845703e+00 6.272710323333740234e+00 6.840020418167114258e-01 2.421405792236328125e+00 -6.165958881378173828e+00 3.447423934936523438e+00 -1.134288549423217773e+00
2.892481803894042969e+00 -4.824839591979980469e+00 -6.980552673339843750e+00 -7.541386127471923828e+00 -4.020549774169921875e+00 -4.885816946625709534e-02 1.131607532501220703e+01 6.337141990661621094e+00 8.999286651611328125e+00 7.947480201721191406e+00 -3.678606510162353516e+00 -2.177623957395553589e-01 -2.857977151870727539e+00 9.569485664367675781e+00 2.920187711715698242e+00
3.806216716766357422e+00 -5.598938465118408203e+00 -8.930201530456542969e+00 -8.599253892898559570e-01 -6.126382946968078613e-01 4.966242313385009766e+00 2.636505126953125000e+00 1.294007682800292969e+01 -4.856333732604980469e-01 1.147803306579589844e+01 7.775520801544189453e+00 4.634675979614257812e+00 1.719261527061462402e+00 4.430814266204833984e+00 1.473142385482788086e+00
-9.625089168548583984e-01 -7.276550769805908203e+00 -6.367866992950439453e+00 -3.392176628112792969e+00 -1.616889834403991699e+00 -5.812177658081054688e-01 7.299713611602783203e+00 1.259604644775390625e+01 3.798380613327026367e+00 1.026646423339843750e+01 -2.300407409667968750e+00 4.028746604919433594e+00 -5.654279708862304688e+00 1.503128290176391602e+00 4.630788803100585938e+00
2.763400793075561523e+00 -1.917124032974243164e+00 -4.186025619506835938e+00 -3.158802270889282227e+00 -6.329394340515136719e+00 4.906113147735595703e+00 7.315924167633056641e+00 4.590834140777587891e+00 1.595242500305175781e+00 6.995786190032958984e+00 -2.230283498764038086e+00 -7.188257694244384766e+00 -4.254970550537109375e+00 3.837683916091918945e+00 1.627743124961853027e+00
1.070446610450744629e+00 -7.093176841735839844e+00 -3.871514320373535156e+00 -1.624728322029113770e+00 -4.646804809570312500e+00 -3.967388153076171875e+00 4.493118286132812500e+00 9.901956558227539062e+00 1.434916853904724121e+00 1.279142951965332031e+01 2.944446563720703125e+00 1.472163438796997070e+00 -4.129991531372070312e+00 -1.087174892425537109e+00 1.009311580657958984e+01
-7.513630986213684082e-01 -1.014611959457397461e+00 -5.208905696868896484e+00 -2.977049827575683594e+00 -5.832122266292572021e-02 3.435055017471313477e+00 1.033223247528076172e+01 1.319636917114257812e+01 7.354634284973144531e+00 6.488214969635009766e+00 9.627529382705688477e-01 2.383384704589843750e+00 -5.698700428009033203e+00 3.219974517822265625e+00 -1.276761531829833984e+00
-3.856930017471313477e+00 -7.059899330139160156e+00 -6.355807304382324219e+00 -3.770647287368774414e+00 -5.889147758483886719e+00 4.631911754608154297e+00 2.766206741333007812e+00 1.534290885925292969e+01 -1.782846450805664062e+00 5.515528202056884766e+00 3.437463998794555664e+00 -1.885949820280075073e-01 1.364365935325622559e+00 4.330371379852294922e+00 1.279382610321044922e+01
2.222244255244731903e-02 -4.474254608154296875e+00 -6.009493350982666016e+00 -1.533984780311584473e+00 -5.505773544311523438e+00 6.756458759307861328e+00 8.060906410217285156e+00 1.005333995819091797e+01 3.687166452407836914e+00 1.892546415328979492e+00 7.189158916473388672e+00 2.718029499053955078e+00 -1.034600734710693359e+00 3.117835998535156250e+00 8.064727783203125000e+00
6.186458468437194824e-01 -6.331361293792724609e+00 -9.853797912597656250e+00 -3.048101663589477539e+00 -8.709701538085937500e+00 6.999030590057373047e+00 6.541289329528808594e+00 9.422142982482910156e+00 3.494867563247680664e+00 2.977941751480102539e+00 7.004993915557861328e+00 2.962182283401489258e+00 -1.114888906478881836e+00 3.078948259353637695e+00 7.449709415435791016e+00
-1.409315228462219238e+00 -3.807158946990966797e+00 -4.325542926788330078e+00 -5.787455081939697266e+00 -3.980741500854492188e+00 9.201498031616210938e-01 6.259540557861328125e+00 1.126042366027832031e+01 -1.785884261131286621e+00 1.060021018981933594e+01 3.700144052505493164e+00 -7.093082427978515625e+00 8.784879446029663086e-01 4.111832618713378906e+00 7.038636207580566406e+00
-1.193159699440002441e+00 1.448052406311035156e+00 -6.261887073516845703e+00 -1.441767334938049316e+00 -6.672597885131835938e+00 6.182001590728759766e+00 3.300886631011962891e+00 6.931347846984863281e+00 3.240012168884277344e+00 8.795946121215820312e+00 1.768781900405883789e+00 -1.968593955039978027e+00 3.066442966461181641e+00 7.469598293304443359e+00 1.652374267578125000e-01
8.336941599845886230e-01 -6.531538009643554688e+00 -9.377824783325195312e+00 -2.914689064025878906e+00 -8.246262550354003906e+00 6.485394001007080078e+00 6.150243282318115234e+00 1.153689861297607422e+01 2.634449720382690430e+00 3.152680158615112305e+00 6.745320320129394531e+00 2.460159778594970703e+00 -1.170617818832397461e+00 3.201989650726318359e+00 7.582037448883056641e+00
2.857073307037353516e+00 -5.118694782257080078e+00 -8.375072479248046875e+00 -1.175198912620544434e+00 -7.249466776847839355e-01 6.088491916656494141e+00 3.493060827255249023e+00 1.390960597991943359e+01 -1.269245505332946777e+00 1.178489875793457031e+01 7.351394176483154297e+00 5.875217437744140625e+00 1.711899399757385254e+00 4.022000312805175781e+00 7.901920676231384277e-01
-2.565144062042236328e+00 -4.403228759765625000e+00 -4.127937793731689453e+00 -3.274597167968750000e+00 -4.008115768432617188e+00 5.291773796081542969e+00 3.150419712066650391e+00 1.326497554779052734e+01 -1.161276340484619141e+00 4.295230865478515625e+00 3.694104433059692383e+00 -5.547316670417785645e-01 1.932062983512878418e+00 4.442295551300048828e+00 1.406556987762451172e+01
-3.984959840774536133e+00 -5.927441596984863281e+00 -5.395609378814697266e+00 -3.971917629241943359e+00 -5.244781970977783203e+00 4.259759902954101562e+00 2.595302581787109375e+00 1.335462474822998047e+01 -1.730651259422302246e+00 4.639992237091064453e+00 2.503482103347778320e+00 1.568309962749481201e-04 1.588958621025085449e+00 4.101648330688476562e+00 1.312171268463134766e+01
1.681228280067443848e+00 -3.203950166702270508e+00 -5.786571979522705078e+00 -1.452890634536743164e+00 -1.475066065788269043e+00 6.057021141052246094e+00 4.537805557250976562e+00 1.415165042877197266e+01 -2.028584480285644531e+00 1.166883945465087891e+01 7.948946952819824219e+00 4.689025402069091797e+00 2.618883371353149414e+00 5.306485652923583984e+00 1.254873037338256836e+00
3.121855735778808594e+00 -5.858038902282714844e+00 -7.903685569763183594e+00 -8.860156059265136719e+00 -4.590964317321777344e+00 1.155980587005615234e+00 1.140290164947509766e+01 6.731524944305419922e+00 8.409894943237304688e+00 1.021010589599609375e+01 -4.041370868682861328e+00 -2.183348685503005981e-01 -2.819687604904174805e+00 9.478033065795898438e+00 1.803160190582275391e+00
-3.786772191524505615e-01 -2.453350067138671875e+00 -6.339550971984863281e+00 1.558539867401123047e+00 -4.206285476684570312e+00 5.894494533538818359e+00 8.053368568420410156e+00 4.784088134765625000e+00 7.752624988555908203e+00 3.472321748733520508e+00 7.489819526672363281e-01 3.555264234542846680e+00 1.310425549745559692e-01 4.543171882629394531e+00 -3.042401313781738281e+00
-1.371305704116821289e+00 -3.939893245697021484e+00 -5.059176921844482422e+00 -5.983565807342529297e+00 -4.818636894226074219e+00 -9.590006619691848755e-02 4.176893234252929688e+00 1.267770099639892578e+01 -2.345386028289794922e+00 1.163952255249023438e+01 3.883242368698120117e+00 -7.525928974151611328e+00 1.594334363937377930e+00 3.001664876937866211e+00 6.990862369537353516e+00
-2.924510478973388672e+00 -5.278573989868164062e+00 -5.219530582427978516e+00 -3.839402914047241211e+00 -4.964735507965087891e+00 4.344598293304443359e+00 2.514184951782226562e+00 1.295156955718994141e+01 -2.068759441375732422e+00 4.102631092071533203e+00 2.583824157714843750e+00 1.387583762407302856e-01 1.584064483642578125e+00 3.958096504211425781e+00 1.339631366729736328e+01
-4.225880146026611328e+00 -5.222816467285156250e-01 -5.557733058929443359e+00 4.541702270507812500e-01 -3.247604846954345703e+00 7.860527038574218750e-01 9.647099971771240234e-01 1.110190010070800781e+01 6.085008144378662109e+00 7.210862636566162109e+00 -8.653105795383453369e-02 6.566576480865478516e+00 3.128196001052856445e+00 4.792553424835205078e+00 4.823819160461425781e+00
-2.235349893569946289e+00 -1.626005411148071289e+00 -8.858705520629882812e+00 -2.917417049407958984e+00 -5.024845123291015625e+00 8.683886528015136719e-01 6.823596954345703125e+00 1.604019546508789062e+01 -3.553761243820190430e+00 5.118547916412353516e+00 6.011920928955078125e+00 -2.990795135498046875e+00 -2.488683462142944336e+00 5.682560443878173828e+00 5.685270309448242188e+00
-9.677682518959045410e-01 -1.403382301330566406e+00 -7.304114818572998047e+00 -3.865190982818603516e+00 5.528051257133483887e-01 3.054000377655029297e+00 1.145672893524169922e+01 1.186509990692138672e+01 8.100893020629882812e+00 5.627031803131103516e+00 1.478973865509033203e+00 3.373013019561767578e+00 -5.766919612884521484e+00 2.569379806518554688e+00 -1.063753485679626465e+00
-1.307857394218444824e+00 -4.444789886474609375e+00 -5.555849552154541016e+00 -7.177752017974853516e+00 -5.203501701354980469e+00 3.444290161132812500e-01 5.539806365966796875e+00 1.442574405670166016e+01 -2.668721675872802734e-01 1.147868061065673828e+01 3.461291551589965820e+00 -8.496114730834960938e+00 2.530267953872680664e+00 3.440950632095336914e+00 6.429958343505859375e+00
3.360605537891387939e-01 -3.244742631912231445e+00 -5.290914058685302734e+00 -2.225008010864257812e+00 -4.842711448669433594e+00 6.650539875030517578e+00 7.302788257598876953e+00 8.982028961181640625e+00 3.729066371917724609e+00 2.147843360900878906e+00 6.693918228149414062e+00 2.921788215637207031e+00 -1.589517474174499512e+00 2.636017799377441406e+00 7.575432300567626953e+00
-2.597383022308349609e+00 -1.342338442802429199e+00 -9.215196609497070312e+00 -2.360131263732910156e+00 -4.602945327758789062e+00 -7.138729840517044067e-02 6.287977218627929688e+00 1.558184528350830078e+01 -2.053231239318847656e+00 3.892782449722290039e+00 5.820706367492675781e+00 -2.132377147674560547e+00 -3.220824956893920898e+00 4.874992370605468750e+00 5.850638389587402344e+00
-7.379059195518493652e-01 1.636064291000366211e+00 -5.776672840118408203e+00 -8.848795890808105469e-01 -6.007876396179199219e+00 7.048644065856933594e+00 3.405668735504150391e+00 7.226774692535400391e+00 2.931605339050292969e+00 1.045702838897705078e+01 2.684943914413452148e+00 -1.858653306961059570e+00 2.522750139236450195e+00 8.419422149658203125e+00 2.175408601760864258e-01
-1.018151044845581055e+00 8.840995430946350098e-01 -5.709589481353759766e+00 -5.821802139282226562e+00 -4.825554370880126953e+00 1.579835414886474609e+00 1.087148380279541016e+01 1.380903148651123047e+01 1.795913815498352051e+00 5.345978260040283203e+00 2.778876066207885742e+00 3.600417375564575195e+00 -2.647332429885864258e+00 9.154484748840332031e+00 3.367846012115478516e+00
-4.734143257141113281e+00 -3.852810263633728027e-01 -5.559462070465087891e+00 9.643683433532714844e-01 -3.244493484497070312e+00 -1.199378013610839844e+00 1.398359537124633789e-01 1.137193489074707031e+01 5.179122924804687500e+00 7.091889858245849609e+00 9.101899266242980957e-01 6.712235450744628906e+00 4.015554428100585938e+00 4.580872535705566406e+00 5.116007804870605469e+00
5.170059680938720703e+00 -4.009930610656738281e+00 -7.422520160675048828e+00 -5.077519416809082031e+00 -1.132144355773925781e+01 5.148440837860107422e+00 8.047396659851074219e+00 5.025915622711181641e+00 3.833609819412231445e-01 6.062204837799072266e+00 -1.181575298309326172e+00 -7.199012756347656250e+00 -4.502900600433349609e+00 3.719543457031250000e+00 1.795113921165466309e+00
-3.128308355808258057e-01 -2.049844264984130859e+00 -4.906330108642578125e+00 7.401127815246582031e-01 -3.515489816665649414e+00 5.900413513183593750e+00 7.892115116119384766e+00 4.759065151214599609e+00 8.057632446289062500e+00 3.603840351104736328e+00 5.326976776123046875e-01 3.709164381027221680e+00 6.957579851150512695e-01 4.940599918365478516e+00 -3.346249580383300781e+00
2.773400545120239258e+00 -6.041700243949890137e-01 -7.099967479705810547e+00 -1.772016644477844238e+00 -4.269268035888671875e+00 6.039124965667724609e+00 8.693175315856933594e+00 1.534587001800537109e+01 -1.305072903633117676e+00 3.072779476642608643e-01 9.640896797180175781e+00 4.298391342163085938e-01 -2.890743494033813477e+00 4.032166481018066406e+00 1.703973293304443359e+00
3.689204692840576172e+00 -4.474658966064453125e+00 -7.092600345611572266e+00 -7.860714912414550781e+00 -4.428961753845214844e+00 -8.266391754150390625e-01 9.825338363647460938e+00 5.906221389770507812e+00 8.198480606079101562e+00 8.394759178161621094e+00 -2.966943502426147461e+00 -1.133617162704467773e-01 -2.428931474685668945e+00 9.438976287841796875e+00 3.007417440414428711e+00
-1.257257699966430664e+00 -2.097512036561965942e-01 -6.489277362823486328e+00 -6.588555812835693359e+00 -5.859801292419433594e+00 6.078348159790039062e-01 1.066452121734619141e+01 1.400100040435791016e+01 3.263672351837158203e+00 5.252236366271972656e+00 1.683281898498535156e+00 2.663836479187011719e+00 -2.827509164810180664e+00 8.461439132690429688e+00 2.671972513198852539e+00
1.257956475019454956e-01 -3.694522142410278320e+00 -5.811571598052978516e+00 -2.360281944274902344e+00 -5.392899513244628906e+00 7.568880558013916016e+00 6.593116760253906250e+00 8.232581138610839844e+00 2.820626974105834961e+00 2.775232076644897461e+00 7.044818401336669922e+00 3.094531059265136719e+00 -7.615997791290283203e-01 3.077731609344482422e+00 7.844706058502197266e+00
5.236368656158447266e+00 -8.594672203063964844e+00 -1.303725433349609375e+01 -4.551171064376831055e-01 -4.997414946556091309e-01 5.208173274993896484e+00 2.509419202804565430e+00 1.246197414398193359e+01 -1.558292269706726074e+00 1.073980712890625000e+01 7.343518257141113281e+00 4.475295543670654297e+00 1.808056116104125977e+00 4.938680171966552734e+00 9.876770973205566406e-01
-4.358253002166748047e+00 -4.949644207954406738e-01 -6.154932975769042969e+00 6.296356916427612305e-01 -3.721036195755004883e+00 -1.328215599060058594e-01 8.521328866481781006e-02 1.043078422546386719e+01 4.523647308349609375e+00 5.917725086212158203e+00 4.781865179538726807e-01 6.456895828247070312e+00 2.987937927246093750e+00 4.257515430450439453e+00 4.601223468780517578e+00
3.908814430236816406e+00 -7.455872297286987305e-01 -1.019755744934082031e+01 -1.486751914024353027e+00 -4.720347404479980469e+00 7.113462924957275391e+00 9.532456398010253906e+00 1.409221744537353516e+01 -7.521625757217407227e-01 3.366697132587432861e-01 9.171151161193847656e+00 8.998968601226806641e-01 -3.332215070724487305e+00 3.637397527694702148e+00 2.425948858261108398e+00
-8.839816451072692871e-01 -6.231031417846679688e+00 -5.495531082153320312e+00 -2.541520118713378906e+00 -1.197822213172912598e+00 -2.536248683929443359e+00 6.829384803771972656e+00 1.131278514862060547e+01 4.120109558105468750e+00 9.807449340820312500e+00 -2.939564228057861328e+00 3.817454814910888672e+00 -5.222098350524902344e+00 1.936106204986572266e+00 2.617356300354003906e+00
2.415309667587280273e+00 -3.725965261459350586e+00 -5.704401969909667969e+00 -5.695252418518066406e+00 -3.450468540191650391e+00 -3.038010597229003906e-01 1.043039989471435547e+01 7.137630939483642578e+00 9.256440162658691406e+00 8.798133850097656250e+00 -3.096705675125122070e+00 -1.933226361870765686e-02 -2.559033632278442383e+00 9.236413955688476562e+00 2.779741525650024414e+00
2.481041908264160156e+00 -1.134317111968994141e+01 -4.421428680419921875e+00 -7.186795473098754883e-01 -5.490800857543945312e+00 -4.739040374755859375e+00 5.916506767272949219e+00 9.630746841430664062e+00 1.860831618309020996e+00 1.246176528930664062e+01 1.275243639945983887e+00 3.557947278022766113e-01 -3.613826990127563477e+00 -1.285135746002197266e+00 1.048306941986083984e+01
3.794999599456787109e+00 -6.372432708740234375e-01 -9.599063873291015625e+00 -1.961428046226501465e+00 -4.926038265228271484e+00 5.930247783660888672e+00 7.483907699584960938e+00 1.492368984222412109e+01 3.878924846649169922e-01 5.942056775093078613e-01 9.342816352844238281e+00 1.616335988044738770e+00 -4.263467788696289062e+00 4.641747951507568359e+00 2.070710897445678711e+00
-5.258531868457794189e-02 -2.422034740447998047e+00 -6.397520542144775391e+00 1.711086869239807129e+00 -4.250295639038085938e+00 5.611261844635009766e+00 7.184216976165771484e+00 4.781184673309326172e+00 9.380016326904296875e+00 3.980113744735717773e+00 7.512643337249755859e-01 3.838312387466430664e+00 -1.587696820497512817e-01 5.097760677337646484e+00 -3.237449645996093750e+00
-1.313805729150772095e-01 -3.230073451995849609e+00 -7.617465972900390625e+00 1.991501808166503906e+00 -5.085646152496337891e+00 6.900082111358642578e+00 9.254889488220214844e+00 4.769904613494873047e+00 7.601944923400878906e+00 4.366156101226806641e+00 8.683502674102783203e-01 4.064081192016601562e+00 1.838164627552032471e-01 4.686575889587402344e+00 -3.340805292129516602e+00
-3.360223054885864258e+00 -6.338806152343750000e-01 -9.723357200622558594e+00 -1.583264470100402832e+00 -4.352457523345947266e+00 3.958284854888916016e-01 6.060491561889648438e+00 1.536634063720703125e+01 -3.985413312911987305e+00 4.310714721679687500e+00 6.068207740783691406e+00 -2.513195514678955078e+00 -3.209972143173217773e+00 5.298144817352294922e+00 5.710284233093261719e+00
-1.461373686790466309e+00 2.031638383865356445e+00 -7.487505912780761719e+00 -1.184337019920349121e+00 -8.194207191467285156e+00 6.767966270446777344e+00 2.684759616851806641e+00 6.961701869964599609e+00 2.800960540771484375e+00 8.678008079528808594e+00 3.139494180679321289e+00 -2.094015836715698242e+00 3.192504644393920898e+00 7.884141921997070312e+00 1.112710952758789062e+00
-1.336181282997131348e+00 -2.127285480499267578e+00 -1.101579380035400391e+01 -6.212559700012207031e+00 7.817632555961608887e-01 2.555551528930664062e+00 1.114132976531982422e+01 1.196203994750976562e+01 7.792549610137939453e+00 5.951532363891601562e+00 1.057478070259094238e+00 3.228328227996826172e+00 -6.024783134460449219e+00 3.193455696105957031e+00 -1.536580324172973633e+00
2.794031620025634766e+00 -1.668392419815063477e+00 -4.653318405151367188e+00 -3.405685424804687500e+00 -6.688096046447753906e+00 5.004032135009765625e+00 6.813047885894775391e+00 3.812405109405517578e+00 1.966322660446166992e+00 5.248003482818603516e+00 -1.508955717086791992e+00 -7.058965682983398438e+00 -4.205472469329833984e+00 4.695878505706787109e+00 1.932686924934387207e+00
-1.771141171455383301e+00 -4.668197631835937500e+00 -5.212654113769531250e+00 -6.903926372528076172e+00 -4.948469638824462891e+00 7.295446395874023438e-01 3.559607982635498047e+00 1.281368064880371094e+01 -1.047105550765991211e+00 1.119291400909423828e+01 3.779078722000122070e+00 -8.350253105163574219e+00 2.477846860885620117e+00 3.803336143493652344e+00 7.102686882019042969e+00
3.076964855194091797e+00 -8.666629195213317871e-01 -8.506608963012695312e+00 -2.210058450698852539e+00 -4.593675613403320312e+00 4.458000659942626953e+00 7.124843597412109375e+00 1.295152568817138672e+01 -1.683774590492248535e+00 -4.726381003856658936e-01 8.846832275390625000e+00 1.526978373527526855e+00 -3.414332628250122070e+00 3.897428512573242188e+00 1.752432227134704590e+00
-3.896752834320068359e+00 -7.706748485565185547e+00 -6.784414768218994141e+00 -4.676539421081542969e+00 -6.439134597778320312e+00 4.991312026977539062e+00 2.575186729431152344e+00 1.399364948272705078e+01 -2.354306697845458984e+00 4.419942378997802734e+00 3.456743001937866211e+00 -1.678663939237594604e-01 1.033603310585021973e+00 4.472878456115722656e+00 1.327346706390380859e+01
-2.477294355630874634e-01 -3.370978355407714844e+00 -8.206427574157714844e+00 2.417266368865966797e+00 -5.406437873840332031e+00 7.501154422760009766e+00 7.987392902374267578e+00 6.003126621246337891e+00 8.828065872192382812e+00 4.811807155609130859e+00 9.264438748359680176e-01 4.153973579406738281e+00 -1.000399217009544373e-01 4.342296123504638672e+00 -3.536872148513793945e+00
2.854825735092163086e+00 -4.731293201446533203e+00 -7.659760475158691406e+00 -1.158706784248352051e+00 -8.078390955924987793e-01 6.174935817718505859e+00 3.356358289718627930e+00 1.343182468414306641e+01 -2.198907613754272461e+00 1.210890388488769531e+01 7.786156654357910156e+00 4.940042972564697266e+00 1.980746626853942871e+00 4.371241092681884766e+00 8.872989416122436523e-01
-5.111433029174804688e+00 -9.441673755645751953e-01 -6.711573123931884766e+00 5.233572721481323242e-01 -4.185777187347412109e+00 -9.162926673889160156e-01 7.214103937149047852e-01 1.125973129272460938e+01 5.753597259521484375e+00 7.079771995544433594e+00 8.667596578598022461e-01 6.451081275939941406e+00 3.715698003768920898e+00 4.263330936431884766e+00 4.371188163757324219e+00
-1.174261689186096191e+00 8.127876520156860352e-01 -7.165944576263427734e+00 -7.635648727416992188e+00 -6.427074432373046875e+00 1.394069194793701172e+00 1.215582370758056641e+01 1.437062931060791016e+01 1.465204715728759766e+00 4.111591339111328125e+00 3.501621723175048828e+00 4.225009918212890625e+00 -2.344137191772460938e+00 1.040709018707275391e+01 3.018145799636840820e+00
3.999454975128173828e+00 -4.590483903884887695e-01 -1.060771942138671875e+01 -1.807078003883361816e+00 -5.362067699432373047e+00 5.019433498382568359e+00 7.076656818389892578e+00 1.219756793975830078e+01 -3.907380104064941406e-01 -3.081104457378387451e-01 8.695060729980468750e+00 1.473270177841186523e+00 -3.237770318984985352e+00 3.587252616882324219e+00 2.000083446502685547e+00
3.706107616424560547e+00 -2.596612930297851562e+00 -5.560006141662597656e+00 -4.207352638244628906e+00 -8.195849418640136719e+00 6.968718528747558594e+00 8.581209182739257812e+00 5.250076770782470703e+00 1.942114949226379395e+00 7.705268383026123047e+00 -2.421648502349853516e+00 -6.158336639404296875e+00 -5.343826293945312500e+00 4.807242870330810547e+00 1.318741202354431152e+00
-1.048168540000915527e+00 -7.178632736206054688e+00 -7.105269432067871094e+00 -3.684509515762329102e+00 -1.733949899673461914e+00 -2.902065277099609375e+00 6.613412857055664062e+00 9.742417335510253906e+00 3.074700355529785156e+00 8.126406669616699219e+00 -2.939654827117919922e+00 4.370379924774169922e+00 -5.711468696594238281e+00 2.196033000946044922e+00 3.743452548980712891e+00
-1.275436401367187500e+00 8.262168616056442261e-02 -6.037844181060791016e+00 -6.137228012084960938e+00 -5.144647121429443359e+00 1.479640960693359375e+00 1.290515136718750000e+01 1.191589832305908203e+01 1.634285926818847656e+00 4.080216407775878906e+00 2.310496330261230469e+00 3.014352083206176758e+00 -2.862925529479980469e+00 9.029837608337402344e+00 3.016811847686767578e+00
-9.376553893089294434e-01 1.607451289892196655e-01 -6.754221439361572266e+00 -6.867192268371582031e+00 -6.180024147033691406e+00 1.421202898025512695e+00 1.284110260009765625e+01 1.448750686645507812e+01 2.115619421005249023e+00 4.507421970367431641e+00 2.584728002548217773e+00 3.512598276138305664e+00 -2.741810083389282227e+00 9.215409278869628906e+00 2.808003902435302734e+00
1.385923504829406738e+00 -2.792609214782714844e+00 -4.610041141510009766e+00 -4.388897895812988281e+00 -3.069814920425415039e+00 1.263557910919189453e+00 1.030587482452392578e+01 5.593101978302001953e+00 8.082367897033691406e+00 9.139556884765625000e+00 -2.961787462234497070e+00 4.317184090614318848e-01 -2.533692121505737305e+00 1.036524200439453125e+01 2.850063562393188477e+00
5.368300437927246094e+00 -3.850838184356689453e+00 -7.430687427520751953e+00 -5.085306167602539062e+00 -1.136395359039306641e+01 5.586806774139404297e+00 7.761433601379394531e+00 5.296749591827392578e+00 2.036734342575073242e+00 6.112771511077880859e+00 -1.174609184265136719e+00 -6.893905639648437500e+00 -4.411277770996093750e+00 3.552192687988281250e+00 1.643310427665710449e+00
-1.483537077903747559e+00 -3.520199298858642578e+00 -4.052888393402099609e+00 -5.397592544555664062e+00 -3.845302820205688477e+00 3.230681419372558594e-01 5.234578609466552734e+00 1.124473381042480469e+01 -1.722601056098937988e+00 1.029787063598632812e+01 3.990279436111450195e+00 -7.824784278869628906e+00 1.473900675773620605e+00 4.079402923583984375e+00 6.626447677612304688e+00
-4.360849380493164062e+00 -4.876447916030883789e-01 -5.380433559417724609e+00 1.035510301589965820e+00 -3.397162437438964844e+00 -1.250669479370117188e+00 4.435042440891265869e-01 1.312729167938232422e+01 5.238147258758544922e+00 7.265109539031982422e+00 1.501711755990982056e-01 6.377850055694580078e+00 3.479643106460571289e+00 4.569602489471435547e+00 4.684661865234375000e+00
-1.074117422103881836e+00 4.867789745330810547e-01 -6.650830268859863281e+00 -6.921266555786132812e+00 -5.458693504333496094e+00 1.581169605255126953e+00 1.194447612762451172e+01 1.395014762878417969e+01 1.800805449485778809e+00 5.562733173370361328e+00 2.161052703857421875e+00 2.856153011322021484e+00 -3.532565116882324219e+00 7.824289798736572266e+00 2.529166936874389648e+00
-1.764564990997314453e+00 2.690283775329589844e+00 -9.698415756225585938e+00 -9.528425931930541992e-01 -9.710265159606933594e+00 6.591805458068847656e+00 2.262866497039794922e+00 6.767184257507324219e+00 2.784678936004638672e+00 8.960546493530273438e+00 2.741169929504394531e+00 -1.832748413085937500e+00 3.259514093399047852e+00 8.194956779479980469e+00 7.180861830711364746e-01
-2.041563987731933594e+00 3.151555776596069336e+00 -1.099176597595214844e+01 -1.329876780509948730e+00 -1.145912170410156250e+01 6.374436855316162109e+00 2.096189260482788086e+00 6.919496536254882812e+00 2.802930593490600586e+00 1.046559715270996094e+01 3.207559347152709961e+00 -1.452713727951049805e+00 3.304693937301635742e+00 8.152646064758300781e+00 3.439264893531799316e-01
2.334232807159423828e+00 -1.112438011169433594e+01 -4.749912738800048828e+00 -1.315542101860046387e+00 -6.103493213653564453e+00 -2.868409156799316406e+00 6.155556678771972656e+00 9.238158226013183594e+00 2.456274271011352539e+00 1.351938438415527344e+01 2.160202264785766602e+00 1.205233812332153320e+00 -4.741742610931396484e+00 -1.650765299797058105e+00 1.055746364593505859e+01
2.559519052505493164e+00 -4.719722270965576172e+00 -7.428375720977783203e+00 -1.321966528892517090e+00 -1.177749156951904297e+00 6.832492351531982422e+00 3.568413496017456055e+00 1.182496356964111328e+01 -2.937618017196655273e+00 1.167080974578857422e+01 7.407783031463623047e+00 4.177325725555419922e+00 2.327439069747924805e+00 4.424973011016845703e+00 1.623232126235961914e+00
-1.394343733787536621e+00 8.195901513099670410e-01 -6.976953029632568359e+00 -6.903146743774414062e+00 -5.874487400054931641e+00 2.053436279296875000e+00 1.139628696441650391e+01 1.461552333831787109e+01 1.741480827331542969e+00 5.158024311065673828e+00 2.534859657287597656e+00 3.090565919876098633e+00 -1.951174020767211914e+00 9.358616828918457031e+00 2.706125020980834961e+00
-1.000592708587646484e+00 -6.315404891967773438e+00 -6.224104404449462891e+00 -3.761167526245117188e+00 -2.124609470367431641e+00 -1.965820550918579102e+00 6.232485294342041016e+00 1.272311878204345703e+01 4.533055305480957031e+00 9.391430854797363281e+00 -3.259393215179443359e+00 4.011854171752929688e+00 -5.834204196929931641e+00 2.804544925689697266e+00 3.430646896362304688e+00
-1.033909797668457031e+00 -2.773329734802246094e+00 -3.247971534729003906e+00 -4.591832637786865234e+00 -3.674871921539306641e+00 -3.139426708221435547e-01 3.264967203140258789e+00 1.172175121307373047e+01 -1.469080328941345215e+00 8.683223724365234375e+00 3.572915315628051758e+00 -7.629971981048583984e+00 8.695954084396362305e-01 3.594014883041381836e+00 7.228456020355224609e+00
-9.337925314903259277e-01 -1.248758554458618164e+00 -7.561190605163574219e+00 -3.775375843048095703e+00 7.751163840293884277e-01 1.669410705566406250e+00 8.913491249084472656e+00 1.140801715850830078e+01 7.155841350555419922e+00 6.079303264617919922e+00 6.913323402404785156e-01 3.249437093734741211e+00 -6.277892112731933594e+00 3.258902788162231445e+00 -8.018823266029357910e-01
2.622444868087768555e+00 -4.781341552734375000e+00 -7.993496417999267578e+00 -1.316763520240783691e+00 -6.539409756660461426e-01 4.937425136566162109e+00 2.569210052490234375e+00 1.339831829071044922e+01 -1.147409439086914062e+00 1.088941764831542969e+01 7.627264499664306641e+00 4.725863933563232422e+00 1.905718684196472168e+00 4.432482242584228516e+00 1.505444049835205078e+00
-4.624405860900878906e+00 -1.077488422393798828e+00 -6.254124164581298828e+00 7.614744901657104492e-01 -3.525196075439453125e+00 -3.132359981536865234e-01 4.286887645721435547e-01 1.099273777008056641e+01 5.286063671112060547e+00 6.329602718353271484e+00 5.920795202255249023e-01 6.380497932434082031e+00 3.781424999237060547e+00 4.452389240264892578e+00 4.969730377197265625e+00
-1.612998127937316895e+00 -7.961780428886413574e-01 -5.857478618621826172e+00 -1.911108016967773438e+00 -3.517788171768188477e+00 1.641337871551513672e-01 6.602685928344726562e+00 1.541149997711181641e+01 -2.443111896514892578e+00 3.582814931869506836e+00 6.313581466674804688e+00 -2.259525060653686523e+00 -2.828727245330810547e+00 5.662271499633789062e+00 5.861042022705078125e+00
-5.219532966613769531e+00 -2.868593335151672363e-01 -5.085816860198974609e+00 1.877591729164123535e+00 -3.053824901580810547e+00 1.327772140502929688e-01 1.022520065307617188e+00 1.020372676849365234e+01 5.563847064971923828e+00 7.198726177215576172e+00 3.883138000965118408e-01 6.698334693908691406e+00 3.563938856124877930e+00 3.943877220153808594e+00 4.215003967285156250e+00
1.345854252576828003e-01 -4.051974773406982422e+00 -6.244057178497314453e+00 -2.111417293548583984e+00 -5.571099281311035156e+00 7.189807891845703125e+00 6.378135204315185547e+00 1.026516819000244141e+01 2.323675155639648438e+00 3.149973869323730469e+00 7.350086688995361328e+00 3.048003196716308594e+00 -9.696962833404541016e-01 3.124876499176025391e+00 7.515777587890625000e+00
2.594250440597534180e+00 -5.220887660980224609e-01 -7.106173515319824219e+00 -1.965712070465087891e+00 -4.195899963378906250e+00 5.249238491058349609e+00 7.340015411376953125e+00 1.285386753082275391e+01 -1.381107717752456665e-01 -1.023499011993408203e+00 8.453234672546386719e+00 1.499657869338989258e+00 -3.553200960159301758e+00 3.969862461090087891e+00 2.217748403549194336e+00
6.038398742675781250e+00 -3.924934864044189453e+00 -7.585045814514160156e+00 -5.046138763427734375e+00 -1.169176006317138672e+01 5.266008853912353516e+00 6.361878871917724609e+00 4.845449924468994141e+00 1.876809954643249512e+00 6.485557556152343750e+00 -1.386810421943664551e+00 -6.928041934967041016e+00 -4.376553058624267578e+00 3.848912477493286133e+00 1.979219675064086914e+00
-1.082033276557922363e+00 -3.011661529541015625e+00 -3.921582221984863281e+00 -5.045665740966796875e+00 -4.091521263122558594e+00 4.759073257446289062e-01 4.765831947326660156e+00 1.046944046020507812e+01 -1.900510907173156738e+00 7.963938713073730469e+00 4.208453178405761719e+00 -7.606738090515136719e+00 1.492896080017089844e+00 3.310002565383911133e+00 7.146820068359375000e+00
-1.099888801574707031e+00 -1.359808206558227539e+00 -8.159759521484375000e+00 -4.580116271972656250e+00 -2.953144907951354980e-01 3.093440055847167969e+00 1.121197509765625000e+01 1.178988742828369141e+01 7.395481586456298828e+00 5.557173252105712891e+00 9.175640940666198730e-01 3.541409969329833984e+00 -6.087965011596679688e+00 3.504704713821411133e+00 -9.297755956649780273e-01
-9.412692189216613770e-01 1.012341976165771484e+00 -5.836010932922363281e+00 -1.481131672859191895e+00 -6.144979476928710938e+00 8.232422828674316406e+00 2.682293415069580078e+00 6.683157444000244141e+00 1.688155651092529297e+00 8.335947990417480469e+00 2.654087543487548828e+00 -1.858654499053955078e+00 3.044447660446166992e+00 7.970218181610107422e+00 6.807818412780761719e-01
-8.346022367477416992e-01 -5.061070442199707031e+00 -4.658647537231445312e+00 -3.193863153457641602e+00 -1.859988093376159668e+00 -1.251443862915039062e+00 6.114254951477050781e+00 1.382106304168701172e+01 5.290090560913085938e+00 1.027612304687500000e+01 -2.306008815765380859e+00 4.709423065185546875e+00 -5.437086105346679688e+00 1.365089058876037598e+00 5.136126518249511719e+00
-5.004352331161499023e-01 -2.430694580078125000e+00 -7.794554710388183594e+00 1.748534083366394043e+00 -5.198429107666015625e+00 5.687154293060302734e+00 5.525834560394287109e+00 4.315438747406005859e+00 7.995609283447265625e+00 4.780581951141357422e+00 5.067573785781860352e-01 3.798093795776367188e+00 2.953746020793914795e-01 4.117713928222656250e+00 -3.004548311233520508e+00
-4.265306890010833740e-01 -3.327137708663940430e+00 -8.605134963989257812e+00 2.321009159088134766e+00 -5.130953788757324219e+00 5.601076126098632812e+00 7.108034610748291016e+00 4.501502037048339844e+00 7.265770912170410156e+00 4.418653488159179688e+00 5.726298093795776367e-01 3.992890119552612305e+00 -7.352035492658615112e-02 5.107183456420898438e+00 -3.654162406921386719e+00
1.733884334564208984e+00 -9.822204589843750000e+00 -4.244863033294677734e+00 -1.187802433967590332e+00 -5.217066764831542969e+00 -3.260780334472656250e+00 6.772370815277099609e+00 1.025266075134277344e+01 1.283200740814208984e+00 1.166832065582275391e+01 2.903235435485839844e+00 6.744627356529235840e-01 -3.896632909774780273e+00 -6.934672594070434570e-01 1.110567378997802734e+01
3.004075765609741211e+00 -4.704984188079833984e+00 -7.332411289215087891e+00 -7.187621116638183594e+00 -3.637700557708740234e+00 1.193285465240478516e+00 1.068432426452636719e+01 7.100634098052978516e+00 8.656666755676269531e+00 9.928064346313476562e+00 -4.000498294830322266e+00 -2.680076956748962402e-01 -3.532690525054931641e+00 8.940256118774414062e+00 3.701943397521972656e+00
-2.084032773971557617e+00 -6.768574714660644531e-01 -6.786105155944824219e+00 -1.470048308372497559e+00 -3.288028240203857422e+00 1.131206989288330078e+00 7.184106826782226562e+00 1.751733779907226562e+01 -3.024652957916259766e+00 5.146559238433837891e+00 6.093933105468750000e+00 -1.992575168609619141e+00 -2.637512922286987305e+00 5.269619464874267578e+00 5.318004608154296875e+00
-9.339124560356140137e-01 -4.729652404785156250e+00 -5.334388732910156250e+00 -3.351598739624023438e+00 -2.723677158355712891e+00 -1.834405422210693359e+00 7.410041332244873047e+00 1.309125328063964844e+01 5.095549106597900391e+00 9.302492141723632812e+00 -2.591080427169799805e+00 3.915820121765136719e+00 -5.769105911254882812e+00 1.740186572074890137e+00 4.138163566589355469e+00
2.240005970001220703e+00 -2.040349483489990234e+00 -4.576382637023925781e+00 -3.640443801879882812e+00 -6.336790084838867188e+00 7.273062229156494141e+00 7.978451251983642578e+00 4.650722026824951172e+00 1.986449837684631348e+00 7.050590991973876953e+00 -1.259189605712890625e+00 -6.798455238342285156e+00 -4.877029895782470703e+00 4.224260330200195312e+00 1.733032107353210449e+00
