2.048775553703308105e-01 -1.779145151376724243e-01 -6.643691658973693848e-02 5.080139040946960449e-01 -1.616658866405487061e-01 8.018846856430172920e-04 -9.929537773132324219e-02 -5.707327276468276978e-02 -2.308716326951980591e-01 1.120186597108840942e-01 7.116221636533737183e-02 1.685139834880828857e-01 5.248312950134277344e-01 -1.495505571365356445e-01 -3.404736816883087158e-01
2.499690204858779907e-01 -2.144442051649093628e-01 -5.331122502684593201e-02 3.850058913230895996e-01 -1.451079845428466797e-01 -1.804414540529251099e-01 -2.360861003398895264e-01 1.393576264381408691e-01 -1.667301058769226074e-01 1.300519257783889771e-01 3.345949202775955200e-02 1.466579735279083252e-01 3.432519137859344482e-01 -3.278742730617523193e-02 -1.880938112735748291e-01
2.661899328231811523e-01 -4.970813170075416565e-02 8.949089050292968750e-02 4.813945889472961426e-01 -2.580991387367248535e-01 1.405940204858779907e-01 2.934373319149017334e-01 3.307531028985977173e-02 -3.624188303947448730e-01 -1.715479195117950439e-01 -4.974291473627090454e-02 -1.330098211765289307e-01 -1.436802595853805542e-01 -3.342298865318298340e-01 2.924756407737731934e-01
5.363557860255241394e-02 -1.713596582412719727e-01 -3.541825711727142334e-01 4.064685404300689697e-01 -3.160540387034416199e-02 7.307262159883975983e-03 1.004080474376678467e-01 4.193994700908660889e-01 1.349294781684875488e-01 1.254691630601882935e-01 -1.290849745273590088e-01 3.775832951068878174e-01 -1.751173436641693115e-01 -2.525849342346191406e-01 -2.785874307155609131e-01
3.030249178409576416e-01 5.034764856100082397e-02 -4.217072948813438416e-02 4.326913654804229736e-01 -1.820424199104309082e-01 -2.516164481639862061e-01 2.128345370292663574e-01 1.235539093613624573e-01 3.427590429782867432e-01 -1.718436330556869507e-01 -1.801402568817138672e-01 1.188025102019309998e-01 7.609480619430541992e-02 -2.144814580678939819e-01 6.525139510631561279e-02
7.871802151203155518e-02 -1.377063989639282227e-01 2.980836033821105957e-01 6.623437404632568359e-01 -3.935514688491821289e-01 -4.828666448593139648e-01 5.444753170013427734e-01 2.215331941843032837e-01 -2.909806370735168457e-01 5.844194907695055008e-03 1.651381887495517731e-02 -1.094135120511054993e-01 6.459955126047134399e-02 -5.565624684095382690e-02 2.750203013420104980e-01
2.812852859497070312e-01 -1.306964159011840820e-01 -1.946064876392483711e-04 3.791364729404449463e-01 -1.350595355033874512e-01 -9.498678892850875854e-02 -1.855808645486831665e-01 8.840999007225036621e-02 -1.622731983661651611e-01 8.774916827678680420e-02 3.788235038518905640e-02 6.091998890042304993e-02 5.688766837120056152e-01 -1.146487444639205933e-01 -1.945985406637191772e-01
1.982430815696716309e-01 6.949795410037040710e-03 1.243751943111419678e-01 4.342283308506011963e-01 -1.894309520721435547e-01 -2.158202826976776123e-01 1.248951852321624756e-01 2.052971571683883667e-01 2.583326697349548340e-01 1.175386458635330200e-01 -7.728161662817001343e-02 1.655703634023666382e-01 1.402198821306228638e-01 -2.301524132490158081e-01 3.496509492397308350e-01
8.047809451818466187e-02 -9.849093854427337646e-02 2.760318219661712646e-01 6.222318410873413086e-01 -2.846274673938751221e-01 -5.045049190521240234e-01 5.150042176246643066e-01 2.172656804323196411e-01 -1.266618967056274414e-01 -3.527241572737693787e-02 -4.237001761794090271e-03 3.521289303898811340e-02 1.693623363971710205e-01 -6.892328709363937378e-02 1.876563429832458496e-01
1.656787693500518799e-01 -3.675138354301452637e-01 -2.430242113769054413e-02 4.921228587627410889e-01 -2.805757522583007812e-01 1.028337329626083374e-01 3.586557209491729736e-01 1.269255131483078003e-01 -2.692944109439849854e-01 4.747864231467247009e-02 5.411050468683242798e-02 -2.162012904882431030e-01 -9.734006226062774658e-02 -3.135659396648406982e-01 -4.966435488313436508e-03
1.551026701927185059e-01 -6.078275665640830994e-02 6.676335632801055908e-02 1.788098812103271484e-01 -1.068588346242904663e-01 -2.295615822076797485e-01 7.937836647033691406e-02 2.340514361858367920e-01 8.551342412829399109e-03 1.259717643260955811e-01 -2.474115490913391113e-01 -1.230352744460105896e-01 7.811937481164932251e-03 -1.052627265453338623e-01 -1.001329869031906128e-01
8.734918385744094849e-02 -2.244081497192382812e-01 -1.261345446109771729e-01 5.239102244377136230e-01 -3.461624979972839355e-01 -1.035660356283187866e-01 4.234189391136169434e-01 6.070470809936523438e-02 -1.346983909606933594e-01 -2.808453515172004700e-02 -2.324927598237991333e-01 -9.413424879312515259e-02 -1.000115573406219482e-01 -2.704952359199523926e-01 6.922993808984756470e-02
2.242825627326965332e-01 -4.874363914132118225e-02 -2.832062244415283203e-01 5.241170525550842285e-01 6.020580977201461792e-02 -1.323432922363281250e-01 2.143166959285736084e-01 1.236110776662826538e-01 1.549475491046905518e-01 -1.362897753715515137e-01 -2.134976387023925781e-01 3.409336507320404053e-01 1.342895030975341797e-01 -1.889138519763946533e-01 1.952567547559738159e-01
3.492958247661590576e-01 -4.947927594184875488e-02 -5.620535835623741150e-02 5.001804232597351074e-01 -2.441598176956176758e-01 -8.923715353012084961e-02 -1.575052738189697266e-01 -3.436896950006484985e-02 -1.446320563554763794e-01 -9.076851606369018555e-02 -3.575064986944198608e-02 1.550288945436477661e-01 5.156891345977783203e-01 1.221644785255193710e-02 -3.101491630077362061e-01
8.095659315586090088e-02 -1.584994196891784668e-01 -4.260310158133506775e-02 5.458799004554748535e-01 -1.225222125649452209e-01 -4.756169021129608154e-01 2.647560238838195801e-01 1.099946200847625732e-01 -4.407117143273353577e-02 -1.258130818605422974e-01 -1.808552145957946777e-01 6.076473370194435120e-02 2.773769944906234741e-02 -8.823193609714508057e-02 2.620544731616973877e-01
2.375848889350891113e-01 -8.232256025075912476e-02 1.413860619068145752e-01 2.972154617309570312e-01 -1.711845695972442627e-01 -2.695074379444122314e-01 1.368942558765411377e-01 1.448425203561782837e-01 3.073182404041290283e-01 1.995940059423446655e-01 -2.751219272613525391e-01 3.823440372943878174e-01 1.696738451719284058e-01 -3.953424096107482910e-01 2.693617641925811768e-01
-2.904569264501333237e-03 -2.607494294643402100e-01 -2.508392333984375000e-01 5.310782790184020996e-01 -2.013607770204544067e-01 -2.717305533587932587e-02 3.676635026931762695e-02 2.165928184986114502e-01 8.011578023433685303e-02 1.559806615114212036e-01 -1.931575834751129150e-01 3.541404902935028076e-01 -5.999632552266120911e-02 -5.710276961326599121e-02 -3.562666475772857666e-01
2.974796593189239502e-01 -9.030168503522872925e-02 -2.076647132635116577e-01 6.649104356765747070e-01 -2.606287002563476562e-01 1.273657232522964478e-01 5.601874738931655884e-02 2.861167490482330322e-01 -5.814769491553306580e-02 2.270822077989578247e-01 -5.273551493883132935e-02 3.351203799247741699e-01 1.537574827671051025e-01 -7.209015637636184692e-02 -2.962942719459533691e-01
1.348345912992954254e-02 -1.601892113685607910e-01 -1.213526353240013123e-01 4.989586770534515381e-01 -2.368146926164627075e-01 -8.750641345977783203e-02 -1.759975254535675049e-01 -1.161169856786727905e-01 -1.412185877561569214e-01 -2.857937812805175781e-01 -1.863027364015579224e-01 1.008025482296943665e-01 2.478476762771606445e-01 1.381750255823135376e-01 -4.170670211315155029e-01
1.226365342736244202e-01 3.466665372252464294e-02 7.051438838243484497e-02 -1.051478460431098938e-01 -1.406283527612686157e-01 1.170683652162551880e-01 -2.110194265842437744e-01 1.974347084760665894e-01 3.403406441211700439e-01 -2.115662246942520142e-01 -2.879770100116729736e-01 -1.100129261612892151e-01 -4.088012501597404480e-02 1.159278396517038345e-02 -2.836623601615428925e-02
2.437459230422973633e-01 -7.041624188423156738e-02 -2.353504002094268799e-01 5.881465077400207520e-01 -2.838417887687683105e-01 1.308748573064804077e-01 -6.373712420463562012e-02 3.808146417140960693e-01 7.767611742019653320e-02 7.047757506370544434e-02 -1.327877789735794067e-01 3.087567985057830811e-01 1.081994175910949707e-01 6.757370382547378540e-02 -5.253504514694213867e-01
2.047016918659210205e-01 3.728752955794334412e-03 1.493942439556121826e-01 2.043814212083816528e-01 -1.033503189682960510e-01 -1.292224377393722534e-01 6.077707558870315552e-02 2.224471122026443481e-01 2.581253945827484131e-01 2.391086146235466003e-02 -1.924084275960922241e-01 -1.674250699579715729e-02 6.833182275295257568e-02 -1.090410798788070679e-01 -1.177450865507125854e-01
4.489943012595176697e-02 1.441234606318175793e-03 3.881218843162059784e-03 4.528674483299255371e-01 -2.908479571342468262e-01 -5.141775012016296387e-01 1.252329796552658081e-01 3.896113038063049316e-01 2.293088734149932861e-01 1.681602150201797485e-01 -2.575936913490295410e-01 4.485671222209930420e-01 2.808165848255157471e-01 -1.929515600204467773e-01 2.213266193866729736e-01
2.206346541643142700e-01 -1.903175115585327148e-01 -2.985639683902263641e-02 4.318800568580627441e-01 -1.950590610504150391e-01 -4.339403808116912842e-01 1.565467268228530884e-01 2.910428345203399658e-01 1.383472979068756104e-01 1.266191899776458740e-01 3.482160717248916626e-02 2.328036576509475708e-01 9.970407187938690186e-02 -2.295501679182052612e-01 1.162106841802597046e-01
-1.945196650922298431e-02 -5.704696476459503174e-02 3.206871449947357178e-01 2.179282531142234802e-02 -2.106217145919799805e-01 -1.809933781623840332e-01 6.614638864994049072e-02 1.251155883073806763e-01 2.634457647800445557e-01 -1.084646955132484436e-02 -2.041931301355361938e-01 -6.184081546962261200e-03 8.559806644916534424e-02 -3.463109582662582397e-02 -1.458350718021392822e-01
3.370672464370727539e-01 -3.839675784111022949e-01 -1.861053258180618286e-01 6.689754724502563477e-01 -1.999135911464691162e-01 2.553005702793598175e-03 3.441638946533203125e-01 1.965189725160598755e-01 -3.112021684646606445e-01 1.741222739219665527e-01 9.446475654840469360e-02 -7.251185923814773560e-02 7.129934430122375488e-02 -2.675884962081909180e-01 9.812072664499282837e-02
-1.622108519077301025e-01 3.029531426727771759e-02 6.225377693772315979e-02 -3.589769452810287476e-02 2.062860727310180664e-01 1.067945733666419983e-01 4.960795342922210693e-01 1.883511394262313843e-01 3.096668422222137451e-01 4.031608626246452332e-02 -6.038253754377365112e-02 8.354221470654010773e-03 -3.449105024337768555e-01 -1.331928372383117676e-01 -1.090940646827220917e-02
2.186593115329742432e-01 -1.063082963228225708e-01 -1.653140932321548462e-01 5.080281496047973633e-01 -3.047903776168823242e-01 -1.395759135484695435e-01 -2.188096642494201660e-01 -5.499230325222015381e-02 -1.905487030744552612e-01 -2.818359136581420898e-01 -1.292239725589752197e-01 1.454330980777740479e-01 2.950018942356109619e-01 1.461230963468551636e-01 -3.481795787811279297e-01
2.043363451957702637e-01 -5.706210434436798096e-02 4.029871895909309387e-02 5.322726368904113770e-01 -3.234483599662780762e-01 -4.512904882431030273e-01 -2.496597357094287872e-02 2.031094878911972046e-01 1.285810321569442749e-01 2.145242691040039062e-01 -1.364422291517257690e-01 2.754427194595336914e-01 2.577045857906341553e-01 -1.958892643451690674e-01 2.952981889247894287e-01
2.238724082708358765e-01 -1.743175238370895386e-01 2.830738015472888947e-02 4.200767576694488525e-01 -2.373418360948562622e-01 2.365935035049915314e-02 3.854421079158782959e-01 2.909465432167053223e-01 -8.775672316551208496e-02 7.606817781925201416e-02 9.447395056486129761e-02 4.359479621052742004e-02 1.293030008673667908e-02 -4.294069707393646240e-01 3.411748707294464111e-01
2.474160194396972656e-01 -3.622264787554740906e-02 -3.178120777010917664e-02 4.000526070594787598e-01 -2.710299491882324219e-01 2.550860047340393066e-01 1.876123994588851929e-01 1.471956968307495117e-01 -3.760359585285186768e-01 -1.025020843371748924e-03 -1.777213662862777710e-01 8.282613940536975861e-03 -2.526043355464935303e-01 -2.008772343397140503e-01 -8.053503930568695068e-02
5.901808384805917740e-03 -2.128069400787353516e-01 8.591539412736892700e-02 5.703465342521667480e-01 -2.378043383359909058e-01 -4.581757187843322754e-01 2.595368921756744385e-01 4.156152904033660889e-02 2.441853098571300507e-02 -8.068092167377471924e-02 -1.137508824467658997e-01 6.929018348455429077e-02 1.634877026081085205e-01 -1.468523293733596802e-01 2.221290320158004761e-01
4.117314219474792480e-01 -2.618564069271087646e-01 -2.558479607105255127e-01 4.009062647819519043e-01 -1.807126253843307495e-01 -1.855412125587463379e-01 -2.532648146152496338e-01 4.888013377785682678e-02 -3.377907574176788330e-01 -2.782036066055297852e-01 -1.371500045061111450e-01 1.270965039730072021e-01 2.159178853034973145e-01 1.947219073772430420e-01 -2.229263931512832642e-01
9.994862228631973267e-02 -7.496409118175506592e-02 -3.363839983940124512e-01 4.841103553771972656e-01 -1.124261841177940369e-01 -1.315597146749496460e-01 -5.189547687768936157e-02 2.721743881702423096e-01 -1.883076317608356476e-02 1.629439592361450195e-01 -1.786213368177413940e-01 3.887276351451873779e-01 -1.505937054753303528e-02 -3.654453030321747065e-05 -1.799283772706985474e-01
9.385960549116134644e-02 -5.833449214696884155e-02 -3.969351947307586670e-02 4.917214810848236084e-01 -3.377775251865386963e-01 2.118665575981140137e-01 3.388881087303161621e-01 1.954154521226882935e-01 -3.623162209987640381e-01 -7.063473761081695557e-02 -1.924517899751663208e-01 -7.932708412408828735e-02 -3.604606389999389648e-01 -9.477604180574417114e-02 1.379398852586746216e-01
2.177060246467590332e-01 6.239483505487442017e-02 7.718742638826370239e-02 2.135017514228820801e-02 -1.556738913059234619e-01 1.721067726612091064e-01 3.219823352992534637e-03 1.503326892852783203e-01 3.910587728023529053e-01 -3.121210932731628418e-01 -2.025126069784164429e-01 -7.540316134691238403e-02 6.584099680185317993e-02 -6.523638963699340820e-02 9.318115189671516418e-03
5.897286161780357361e-02 -1.591115444898605347e-01 -7.461429387331008911e-02 4.954370260238647461e-01 -1.140793859958648682e-01 -2.018140554428100586e-01 2.337965965270996094e-01 -3.688339889049530029e-02 2.730599343776702881e-01 -1.465513557195663452e-01 -2.026518434286117554e-01 -2.779764868319034576e-02 1.425940394401550293e-01 -2.341971695423126221e-01 1.828906498849391937e-02
3.044188022613525391e-01 -2.660753428936004639e-01 1.919283270835876465e-01 4.531418085098266602e-01 -2.561815977096557617e-01 1.258454937487840652e-02 3.263388574123382568e-01 1.214981973171234131e-01 1.527766883373260498e-01 -6.412938237190246582e-02 -2.433772757649421692e-02 -1.601396054029464722e-01 -1.796820759773254395e-01 -4.298538565635681152e-01 1.876454651355743408e-01
3.829863071441650391e-01 8.229175582528114319e-03 -2.783801257610321045e-01 6.089810729026794434e-01 -1.934095621109008789e-01 -1.200439333915710449e-01 2.429834008216857910e-01 5.102158337831497192e-02 1.550375372171401978e-01 -8.261682838201522827e-02 -1.768359392881393433e-01 3.298239707946777344e-01 2.772352099418640137e-01 -2.355752885341644287e-01 1.453558057546615601e-01
-9.316343814134597778e-02 -1.268740147352218628e-01 -1.152148563414812088e-02 -8.166574686765670776e-02 2.975481152534484863e-01 7.179846614599227905e-02 4.922705590724945068e-01 1.903713941574096680e-01 3.911881744861602783e-01 1.591500127688050270e-03 -1.914186179637908936e-01 1.586845815181732178e-01 -4.329960346221923828e-01 -3.593424856662750244e-01 4.459514096379280090e-02
2.138346731662750244e-01 1.614866964519023895e-02 -1.749380826950073242e-01 3.397794067859649658e-01 -9.911351650953292847e-02 -1.943551152944564819e-01 4.807758927345275879e-01 2.388518303632736206e-01 3.683956563472747803e-01 -3.752747178077697754e-01 -1.610982865095138550e-01 1.117631271481513977e-01 -1.170663237571716309e-01 -1.029155775904655457e-01 -7.165153324604034424e-02
2.003764957189559937e-01 -2.868621349334716797e-01 -1.626277863979339600e-01 5.675883293151855469e-01 -1.842532902956008911e-01 8.776576817035675049e-02 4.093160331249237061e-01 1.615591645240783691e-01 -3.766810894012451172e-01 1.279284954071044922e-01 8.093226701021194458e-02 -1.350969821214675903e-01 -1.676079258322715759e-02 -2.723704576492309570e-01 5.682091787457466125e-02
7.764706760644912720e-02 -1.266721189022064209e-01 -2.033533304929733276e-01 5.010017156600952148e-01 -1.230578646063804626e-01 -3.185783326625823975e-01 2.577528655529022217e-01 -4.524631053209304810e-02 1.410627365112304688e-01 -2.321223020553588867e-01 -2.465575486421585083e-01 1.441808193922042847e-01 2.341620326042175293e-01 -2.709037065505981445e-01 -1.110531203448772430e-02
4.928728565573692322e-02 -1.915065795183181763e-01 -3.616347014904022217e-01 4.612529277801513672e-01 -9.850286692380905151e-02 -5.418497323989868164e-02 1.076301839202642441e-02 2.419093400239944458e-01 5.959964916110038757e-02 1.147180199623107910e-01 -1.619621813297271729e-01 4.552178382873535156e-01 -5.004299804568290710e-02 -7.116543501615524292e-02 -4.481373131275177002e-01
1.017135605216026306e-01 -9.811583161354064941e-02 2.502441108226776123e-01 2.757886052131652832e-01 -1.654995977878570557e-01 -2.623041868209838867e-01 -1.705804653465747833e-02 1.368246227502822876e-01 6.538890302181243896e-02 1.471245735883712769e-01 -6.234285980463027954e-02 -1.261883378028869629e-01 1.899334788322448730e-01 1.380628496408462524e-01 -1.701742857694625854e-01
4.055043756961822510e-01 -1.230595186352729797e-01 1.693932861089706421e-01 4.125014543533325195e-01 -2.812299132347106934e-01 1.083249151706695557e-01 2.149654924869537354e-01 1.024216860532760620e-01 -1.348437857814133167e-03 -4.630968347191810608e-02 8.421221375465393066e-02 -1.708929985761642456e-01 -1.019816622138023376e-01 -4.641634225845336914e-01 3.412220776081085205e-01
3.542119562625885010e-01 1.599091477692127228e-02 1.692508608102798462e-01 3.578424751758575439e-01 -2.853600084781646729e-01 -1.429078429937362671e-01 3.748790919780731201e-01 5.362062156200408936e-02 3.462487459182739258e-01 -4.387319982051849365e-01 -8.911847323179244995e-02 -4.032066091895103455e-02 6.752370297908782959e-02 -2.718153893947601318e-01 2.571521885693073273e-02
3.547371625900268555e-01 -2.254950553178787231e-01 3.586700931191444397e-02 7.392739653587341309e-01 -2.482357025146484375e-01 -3.585399314761161804e-02 2.741643190383911133e-01 7.498870790004730225e-02 -3.463249802589416504e-01 -3.515396034345030785e-03 1.089269593358039856e-01 -2.398761063814163208e-01 1.951236575841903687e-01 -2.286929190158843994e-01 2.300660610198974609e-01
7.250190526247024536e-02 -3.217928707599639893e-01 -5.170338973402976990e-02 3.794378638267517090e-01 -1.222894266247749329e-01 1.120521649718284607e-01 4.580706655979156494e-01 1.324808001518249512e-01 -1.964446455240249634e-01 -1.167363822460174561e-01 1.832763291895389557e-02 -1.623381823301315308e-01 -1.399360001087188721e-01 -3.641837835311889648e-01 -5.508828908205032349e-02
3.770627379417419434e-01 -1.825734525918960571e-01 -1.239200159907341003e-01 5.274090170860290527e-01 -7.755816727876663208e-02 -6.528107821941375732e-02 -1.480908840894699097e-01 1.186978071928024292e-01 -2.202083170413970947e-01 1.325948536396026611e-01 6.853487342596054077e-02 -1.238385867327451706e-02 4.908565580844879150e-01 -6.767729669809341431e-02 -1.784040629863739014e-01
1.775838434696197510e-01 -7.406319677829742432e-02 3.167670592665672302e-02 2.439388036727905273e-01 -2.332419008016586304e-01 -9.750532358884811401e-02 4.607683718204498291e-01 2.296973913908004761e-01 4.654845893383026123e-01 -2.049106210470199585e-01 -1.015782132744789124e-01 1.904479861259460449e-01 5.944915115833282471e-03 -2.013264149427413940e-01 -1.433458738029003143e-02
-1.249630972743034363e-01 -1.785763911902904510e-02 7.716196775436401367e-02 -1.476499438285827637e-01 1.119576171040534973e-01 1.771785020828247070e-01 4.801881015300750732e-01 2.208491116762161255e-01 3.637520968914031982e-01 3.813978517428040504e-03 -1.810805946588516235e-01 3.106882097199559212e-03 -3.796568214893341064e-01 -1.825761497020721436e-01 -1.316902935504913330e-01
-4.527388885617256165e-02 -7.061057537794113159e-02 2.680961489677429199e-01 3.648487478494644165e-02 1.464204788208007812e-01 7.295005954802036285e-03 5.835283398628234863e-01 4.783571511507034302e-02 3.008935153484344482e-01 1.502230018377304077e-01 -9.222697466611862183e-02 1.107152476906776428e-01 -4.283270835876464844e-01 -3.434096574783325195e-01 2.657786905765533447e-01
2.687095105648040771e-01 5.099403113126754761e-02 -2.416857890784740448e-02 5.813698768615722656e-01 -2.545416951179504395e-01 3.686471283435821533e-01 2.652865648269653320e-01 1.874728351831436157e-01 -4.292194247245788574e-01 -6.187887862324714661e-02 -3.634601086378097534e-02 -1.823950558900833130e-01 -3.140878379344940186e-01 -1.153950467705726624e-01 2.954289615154266357e-01
2.187401205301284790e-01 -4.781243624165654182e-04 5.468370765447616577e-02 -6.591302156448364258e-02 -1.439671218395233154e-01 1.701044887304306030e-01 -2.609958946704864502e-01 2.814734578132629395e-01 2.483057677745819092e-01 -1.571055203676223755e-01 -2.474249005317687988e-01 1.131718326359987259e-02 1.099130511283874512e-01 -1.127520725131034851e-01 4.741669073700904846e-02
2.543415315449237823e-02 -1.436026990413665771e-01 1.000189632177352905e-01 5.300526618957519531e-01 -2.125608921051025391e-01 -4.088854491710662842e-01 4.949586391448974609e-01 2.307332009077072144e-01 -1.863357126712799072e-01 1.438689529895782471e-01 7.108429446816444397e-03 1.291966289281845093e-01 1.432491242885589600e-01 -2.691899240016937256e-01 3.059676587581634521e-01
8.611170947551727295e-02 -3.700778633356094360e-02 -2.708931267261505127e-01 2.559722065925598145e-01 7.516865618526935577e-03 -1.199543252587318420e-01 4.158625900745391846e-01 5.631388723850250244e-02 2.318876385688781738e-01 -1.884733289480209351e-01 -3.126901388168334961e-01 2.848671674728393555e-01 2.140576019883155823e-02 -2.437348961830139160e-01 7.022762298583984375e-02
2.718766927719116211e-01 -2.395966649055480957e-01 -1.428585350513458252e-01 4.970148205757141113e-01 -1.661555171012878418e-01 -1.631547808647155762e-01 -3.606597483158111572e-01 5.064212530851364136e-02 -2.155337184667587280e-01 -9.884475171566009521e-02 2.486715093255043030e-03 9.637223929166793823e-02 2.746231555938720703e-01 2.520680129528045654e-01 -1.851488649845123291e-01
2.059207856655120850e-01 -5.218936130404472351e-03 -8.445794880390167236e-02 2.845658659934997559e-01 -2.029140740633010864e-01 -1.867635548114776611e-01 3.893966078758239746e-01 1.539938002824783325e-01 2.817784845829010010e-01 -2.715368866920471191e-01 -1.257376521825790405e-01 4.218529537320137024e-02 6.305439025163650513e-02 -1.879881024360656738e-01 5.120625719428062439e-02
2.141371965408325195e-01 -4.850713163614273071e-02 1.727656126022338867e-01 4.462054967880249023e-01 -2.763152122497558594e-01 -2.671283483505249023e-01 1.892381757497787476e-01 9.900642931461334229e-02 3.105810284614562988e-01 7.488556206226348877e-02 1.525005139410495758e-02 2.392643541097640991e-01 2.243826687335968018e-01 -1.768487393856048584e-01 1.687266975641250610e-01
4.767176136374473572e-02 -1.181632094085216522e-02 2.968202717602252960e-02 1.103931292891502380e-01 5.189372226595878601e-02 2.154135555028915405e-01 4.349315464496612549e-01 8.660164475440979004e-02 2.941432595252990723e-01 2.581564188003540039e-01 -8.809260278940200806e-02 1.313184052705764771e-01 -4.026336371898651123e-01 -2.802204489707946777e-01 1.401059925556182861e-01
2.406459450721740723e-01 5.708021298050880432e-02 1.080890148878097534e-01 1.681153178215026855e-01 -2.360277771949768066e-01 -1.983830183744430542e-01 7.504552602767944336e-02 1.967852711677551270e-01 2.447469159960746765e-03 -4.795976355671882629e-02 -2.754099667072296143e-01 -2.150536030530929565e-01 8.619298040866851807e-02 -1.082147564738988876e-02 -1.396510303020477295e-01
3.333620131015777588e-01 -1.811855882406234741e-01 5.969421938061714172e-02 4.101018905639648438e-01 -2.804895937442779541e-01 -1.431057509034872055e-02 3.533080220222473145e-01 1.898997575044631958e-01 6.725607812404632568e-02 -6.972876191139221191e-02 -3.467431291937828064e-03 -4.887495562434196472e-02 -1.104781478643417358e-01 -4.320445656776428223e-01 2.708035409450531006e-01
-1.832867227494716644e-02 -1.825781017541885376e-01 3.301392868161201477e-02 4.249761998653411865e-01 -2.496932744979858398e-01 -1.075511053204536438e-01 3.279482722282409668e-01 -9.407010674476623535e-02 1.442076861858367920e-01 -3.032475709915161133e-01 -2.506695389747619629e-01 -1.651310920715332031e-01 -3.405802324414253235e-02 -8.002675324678421021e-02 -2.177503407001495361e-01
2.123599946498870850e-01 -7.015076698735356331e-04 -2.830090932548046112e-02 2.846830189228057861e-01 -2.577883005142211914e-01 -1.653941124677658081e-01 3.457424044609069824e-01 1.125508248805999756e-01 3.594110310077667236e-01 -2.632808685302734375e-01 -1.016342714428901672e-01 -4.794166609644889832e-02 1.761263608932495117e-02 -5.871111154556274414e-02 -1.445550322532653809e-01
1.107321605086326599e-01 -2.567498199641704559e-02 -2.860713899135589600e-01 3.890792429447174072e-01 -4.478890821337699890e-02 -1.824039071798324585e-01 2.593137323856353760e-01 1.195824593305587769e-01 1.886548660695552826e-02 -2.098720148205757141e-02 -1.579695791006088257e-01 2.246137261390686035e-01 8.427974581718444824e-02 -2.489812076091766357e-01 1.951531022787094116e-01
2.851967811584472656e-01 -1.117371618747711182e-01 8.070792257785797119e-02 5.566777586936950684e-01 -3.260357379913330078e-01 -1.133401766419410706e-01 3.369185626506805420e-01 1.454899162054061890e-01 -1.103126406669616699e-01 -2.990500256419181824e-02 2.097972668707370758e-02 -1.928684860467910767e-01 1.208628118038177490e-01 -2.832843363285064697e-01 1.502066403627395630e-01
6.608427315950393677e-02 -2.164236009120941162e-01 -1.235756874084472656e-01 4.711539745330810547e-01 -6.644162535667419434e-02 -2.259899228811264038e-01 2.832275032997131348e-01 -1.061607301235198975e-01 2.007911503314971924e-01 -2.517750561237335205e-01 -1.746828109025955200e-01 -2.320867218077182770e-02 1.289359182119369507e-01 -1.763392984867095947e-01 -1.496424823999404907e-01
1.075884625315666199e-01 -8.765962719917297363e-02 -8.949650079011917114e-02 5.641315579414367676e-01 -2.032603621482849121e-01 -1.471287310123443604e-01 3.298795223236083984e-01 -2.158741652965545654e-02 7.339525967836380005e-02 -1.924365013837814331e-01 -3.015340268611907959e-01 5.827059037983417511e-03 1.316973939538002014e-02 -2.232943177223205566e-01 -8.668437600135803223e-02
9.765470772981643677e-02 -2.108270823955535889e-01 -1.465542316436767578e-01 3.123809695243835449e-01 -3.699586540460586548e-02 -6.695305928587913513e-03 2.182140052318572998e-01 1.174873709678649902e-01 -1.393332630395889282e-01 1.315664732828736305e-03 -2.194627188146114349e-02 -1.846451498568058014e-02 -1.259821951389312744e-01 -3.072245717048645020e-01 6.209994480013847351e-02
3.565842211246490479e-01 -1.102150082588195801e-01 -2.662401199340820312e-01 4.616517424583435059e-01 -1.807497143745422363e-01 -1.059287339448928833e-01 2.885369360446929932e-01 8.902271836996078491e-02 4.027610644698143005e-02 -7.572805881500244141e-02 -1.520322114229202271e-01 2.212329357862472534e-01 1.675493270158767700e-01 -1.445570141077041626e-01 4.541530832648277283e-02
1.074155196547508240e-01 -2.104769945144653320e-01 -1.868560612201690674e-01 4.483051896095275879e-01 -2.114848494529724121e-01 -1.343584507703781128e-01 -1.198125705122947693e-01 3.166225552558898926e-02 -1.925988793373107910e-01 -2.407200932502746582e-01 7.486817985773086548e-02 6.065935268998146057e-02 2.656357586383819580e-01 1.172351017594337463e-01 -2.689845561981201172e-01
2.728646695613861084e-01 -8.167949318885803223e-02 2.070687115192413330e-01 2.926162183284759521e-01 -2.167554795742034912e-01 8.839851617813110352e-02 2.901457548141479492e-01 -7.033426780253648758e-03 1.601415276527404785e-01 -1.324360817670822144e-01 -2.112319879233837128e-02 -1.964608579874038696e-01 -1.983253359794616699e-01 -4.249139726161956787e-01 2.146805375814437866e-01
4.049586877226829529e-02 -1.498977243900299072e-01 -1.568762362003326416e-01 5.140539407730102539e-01 -8.462979644536972046e-02 -2.220604270696640015e-01 3.082443177700042725e-01 -5.769430473446846008e-02 1.965624988079071045e-01 -3.362769484519958496e-01 -1.515760272741317749e-01 -2.960277535021305084e-02 2.180233597755432129e-01 -1.680053919553756714e-01 -2.059964537620544434e-01
2.957989275455474854e-01 -3.911518678069114685e-02 1.210494786500930786e-01 6.010456383228302002e-02 -2.571582198143005371e-01 1.766865253448486328e-01 -1.953018903732299805e-01 1.807426661252975464e-01 2.667568027973175049e-01 -3.556055426597595215e-01 -2.436955422163009644e-01 -1.295420527458190918e-01 -1.492992416024208069e-02 6.358654797077178955e-02 -7.298570126295089722e-02
3.801968097686767578e-01 1.205890104174613953e-01 6.411727517843246460e-02 5.573064833879470825e-02 -2.380410134792327881e-01 5.495461821556091309e-02 -3.642923533916473389e-01 3.037900924682617188e-01 2.326841056346893311e-01 -2.856229245662689209e-01 -1.605032533407211304e-01 -1.447598189115524292e-01 1.626059412956237793e-01 3.356978297233581543e-02 1.200047321617603302e-02
2.761270999908447266e-01 -1.117016971111297607e-01 -1.937833987176418304e-02 5.173058509826660156e-01 -1.774488687515258789e-01 -6.023053824901580811e-02 2.178853601217269897e-01 6.750404834747314453e-02 1.914619654417037964e-02 1.213775724172592163e-01 3.481534123420715332e-02 6.174973025918006897e-02 3.664675354957580566e-01 -1.733637154102325439e-01 -2.123005092144012451e-01
9.792240709066390991e-02 3.533382713794708252e-02 2.030447721481323242e-01 1.162895262241363525e-01 -1.181565746665000916e-01 -2.309590876102447510e-01 8.981801569461822510e-02 3.158736824989318848e-01 3.365576639771461487e-02 1.216217577457427979e-01 -8.099044114351272583e-02 -1.102777794003486633e-01 9.261702001094818115e-02 -1.122914180159568787e-01 -9.937667846679687500e-02
1.710211671888828278e-02 -4.064407944679260254e-02 1.645111362449824810e-03 4.887078404426574707e-01 -2.318741381168365479e-01 -2.099932283163070679e-01 2.626951038837432861e-01 -5.844374746084213257e-02 1.097080111503601074e-01 -1.147676631808280945e-01 -2.162672728300094604e-01 -6.605587154626846313e-02 2.475183457136154175e-01 -1.522227227687835693e-01 -8.121712505817413330e-02
8.691491931676864624e-02 -1.582612991333007812e-01 2.304192818701267242e-02 5.157697796821594238e-01 -3.295541405677795410e-01 -1.638478785753250122e-01 2.939814031124114990e-01 1.679108738899230957e-01 -1.104580238461494446e-01 8.580911159515380859e-02 -1.491513103246688843e-01 -1.021354123950004578e-01 8.135994896292686462e-03 -1.857767999172210693e-01 -1.942324452102184296e-02
1.253651380538940430e-01 -2.202910184860229492e-01 -1.979562342166900635e-01 4.937287569046020508e-01 -1.570982038974761963e-01 -8.361031860113143921e-02 -2.103659808635711670e-01 -2.514267340302467346e-02 -1.734917014837265015e-01 -1.782803684473037720e-01 2.357953228056430817e-02 1.737028807401657104e-01 2.107673287391662598e-01 2.780187502503395081e-02 -2.177925407886505127e-01
1.674618124961853027e-01 -3.290449380874633789e-01 1.404298692941665649e-01 5.912615656852722168e-01 -2.100045680999755859e-01 -4.264139831066131592e-01 4.977200925350189209e-01 3.339514136314392090e-02 2.253719717264175415e-01 -2.277106344699859619e-01 -3.433509916067123413e-02 1.267661154270172119e-01 2.005811929702758789e-01 -2.132246941328048706e-01 1.197269037365913391e-01
2.117501385509967804e-02 -3.961954638361930847e-02 2.676050066947937012e-01 2.784485369920730591e-02 -6.161605939269065857e-02 -1.981693655252456665e-01 2.689243555068969727e-01 2.732645869255065918e-01 2.871780395507812500e-01 9.179976582527160645e-02 -1.957553476095199585e-01 -9.544084779918193817e-03 -5.182717368006706238e-02 -1.529460251331329346e-01 -5.447017773985862732e-02
2.687788009643554688e-01 -9.304706752300262451e-02 1.321327984333038330e-01 4.498350620269775391e-01 -3.664616346359252930e-01 1.926478184759616852e-02 2.416757047176361084e-01 3.330922722816467285e-01 -1.651237905025482178e-01 8.392088115215301514e-02 2.095247358083724976e-01 -1.888281553983688354e-01 -4.319587023928761482e-04 -4.223767518997192383e-01 3.461074531078338623e-01
4.269385039806365967e-01 -9.274911880493164062e-02 9.431649744510650635e-02 4.788611531257629395e-01 -2.518696188926696777e-01 1.333258450031280518e-01 -8.607902564108371735e-03 1.122162714600563049e-01 -2.025159597396850586e-01 -1.099974885582923889e-01 -1.184443309903144836e-01 -9.652956575155258179e-02 -5.949572473764419556e-02 -2.983583509922027588e-01 1.800211071968078613e-01
4.047732949256896973e-01 -1.490777283906936646e-01 8.950746059417724609e-02 5.866079926490783691e-01 -2.767507433891296387e-01 4.746726155281066895e-02 1.952530443668365479e-01 9.716862440109252930e-02 -4.939736798405647278e-03 -7.420206069946289062e-02 9.564636647701263428e-02 -1.817831099033355713e-01 -3.502636775374412537e-02 -4.075112640857696533e-01 3.299007713794708252e-01
2.588076889514923096e-01 -2.512385547161102295e-01 -2.911954820156097412e-01 5.942105650901794434e-01 -3.524018451571464539e-02 6.435154378414154053e-02 8.734284900128841400e-03 2.165140658617019653e-01 1.231634095311164856e-01 3.749098861590027809e-03 -2.731669247150421143e-01 2.537957727909088135e-01 -4.142191261053085327e-03 -1.455345600843429565e-01 -3.533758819103240967e-01
1.722300797700881958e-01 3.601399436593055725e-02 8.701384067535400391e-02 3.481358587741851807e-01 -1.019025295972824097e-01 -8.788579702377319336e-02 3.029129207134246826e-01 1.127063930034637451e-01 4.168524444103240967e-01 -2.097578197717666626e-01 -2.188185900449752808e-01 2.127505093812942505e-01 -1.071356353349983692e-03 -1.769726872444152832e-01 1.037516146898269653e-01
2.567094564437866211e-01 -2.823515422642230988e-02 -6.499610841274261475e-02 4.417507052421569824e-01 -1.874278783798217773e-01 -2.328723073005676270e-01 2.702593207359313965e-01 1.198080927133560181e-01 4.748181626200675964e-02 -2.007752805948257446e-01 -8.825089782476425171e-02 1.106730923056602478e-01 2.941330075263977051e-01 -1.063298061490058899e-01 -6.719584017992019653e-02
1.610339283943176270e-01 -1.203235164284706116e-01 -1.524440944194793701e-01 5.504493117332458496e-01 -2.836443483829498291e-01 -1.711116880178451538e-01 -7.538738101720809937e-02 1.474875304847955704e-02 -1.822887957096099854e-01 -2.866594195365905762e-01 -1.169177666306495667e-01 1.892242282629013062e-01 2.553871273994445801e-01 3.634664416313171387e-02 -2.316258698701858521e-01
-5.991469696164131165e-02 -7.830985635519027710e-02 9.772425144910812378e-02 5.142322182655334473e-01 -6.455553323030471802e-02 -4.799087047576904297e-01 4.764229059219360352e-01 1.107297539710998535e-01 2.033067308366298676e-02 2.553459629416465759e-02 -1.383150666952133179e-01 2.107022255659103394e-01 1.164052337408065796e-01 -1.176233366131782532e-01 2.173532992601394653e-01
2.165116071701049805e-01 1.028140820562839508e-02 6.538407504558563232e-02 -1.693847775459289551e-02 -9.463619440793991089e-02 1.614914238452911377e-01 -1.465849429368972778e-01 7.810305804014205933e-02 3.503097295761108398e-01 -2.189272493124008179e-01 -2.902670800685882568e-01 -9.628476947546005249e-02 -4.577893763780593872e-03 -1.865361034870147705e-01 1.126422584056854248e-01
1.761285811662673950e-01 -1.497200131416320801e-01 5.946694687008857727e-02 3.464677035808563232e-01 -2.782612740993499756e-01 1.089770346879959106e-01 2.789421379566192627e-01 1.552337408065795898e-01 -3.868303075432777405e-02 -4.960359260439872742e-02 -2.343433052301406860e-01 -2.021346837282180786e-01 -1.272585988044738770e-01 -2.591782808303833008e-01 5.698130652308464050e-02
-5.160302296280860901e-02 -6.048237532377243042e-02 2.200533747673034668e-01 -3.446775674819946289e-02 1.173802837729454041e-01 7.490269839763641357e-02 4.557763040065765381e-01 8.756034076213836670e-02 3.005756139755249023e-01 1.281191855669021606e-01 -2.128502354025840759e-03 -1.218754276633262634e-01 -3.791796267032623291e-01 -2.097202539443969727e-01 5.876183882355690002e-02
-1.073110774159431458e-01 -5.656016990542411804e-03 1.152101829648017883e-01 4.158762469887733459e-02 -5.738366767764091492e-02 5.065443739295005798e-02 5.519080758094787598e-01 2.715986222028732300e-02 1.034224927425384521e-01 2.474304521456360817e-03 -3.138629347085952759e-02 -1.519008427858352661e-01 -3.799410164356231689e-01 -1.993984133005142212e-01 -9.163963049650192261e-02
2.654688991606235504e-02 -1.749151647090911865e-01 -1.156849879771471024e-02 4.115037620067596436e-01 -1.767971813678741455e-01 -1.442852467298507690e-01 5.558144301176071167e-02 3.671334311366081238e-02 -9.304139018058776855e-02 1.051507890224456787e-01 1.031583473086357117e-01 2.034921199083328247e-01 4.205208122730255127e-01 -6.047388911247253418e-02 -2.339646816253662109e-01
2.902669608592987061e-01 -3.195022344589233398e-01 -6.453170627355575562e-02 5.594812631607055664e-01 -2.428997755050659180e-01 3.349485993385314941e-02 3.548724651336669922e-01 1.237545683979988098e-01 -1.578117907047271729e-01 5.712096020579338074e-02 -2.135118469595909119e-03 -5.318751931190490723e-02 4.172022268176078796e-02 -2.959023416042327881e-01 1.715500354766845703e-01
3.442470729351043701e-01 -3.984404355287551880e-02 -6.667505204677581787e-02 4.818191528320312500e-01 -1.876733452081680298e-01 2.719489336013793945e-01 -9.847370535135269165e-02 1.452089846134185791e-01 -3.209079205989837646e-01 -1.207043826580047607e-01 -9.281894564628601074e-02 -2.498768717050552368e-01 -2.494811415672302246e-01 -1.423310637474060059e-01 1.231402754783630371e-01
2.002429664134979248e-01 -3.051314353942871094e-01 6.212594918906688690e-03 5.151049494743347168e-01 -3.183087706565856934e-01 -1.052557379007339478e-01 4.363928139209747314e-01 1.510510742664337158e-01 3.291507437825202942e-02 3.227571770548820496e-02 -3.262182176113128662e-01 1.900337487459182739e-01 -1.419199854135513306e-01 -4.242999553680419922e-01 2.111477255821228027e-01
1.014397516846656799e-01 -6.456311047077178955e-02 -2.178193628787994385e-01 2.400463223457336426e-01 -5.647254362702369690e-02 -6.878993660211563110e-02 1.741696894168853760e-01 2.286672126501798630e-03 7.727334648370742798e-02 -9.588646888732910156e-02 -1.610782593488693237e-01 9.447743743658065796e-02 1.811897009611129761e-02 -3.250443637371063232e-01 9.157695621252059937e-02
