-4.388400554656982422e+00 -2.101118415594100952e-01 3.491377830505371094e+00 2.357672452926635742e+00 2.639140367507934570e+00 -4.053458690643310547e+00 5.661017417907714844e+00 -2.547480583190917969e+00 6.490767002105712891e+00 -6.495739936828613281e+00
-2.611206054687500000e+00 7.346366345882415771e-02 1.971199035644531250e+00 5.925198078155517578e+00 -4.207171499729156494e-01 -1.638224005699157715e+00 6.585731506347656250e+00 -2.312110424041748047e+00 -4.908211708068847656e+00 -2.528799533843994141e+00
-3.398523807525634766e+00 -2.832912683486938477e+00 2.504256725311279297e+00 4.644386768341064453e+00 2.144868850708007812e+00 5.083039283752441406e+00 3.231246471405029297e+00 1.158345937728881836e+00 6.463901996612548828e+00 2.197129487991333008e+00
-2.699892044067382812e+00 4.006312370300292969e+00 -2.777660846710205078e+00 6.904708385467529297e+00 1.881601661443710327e-01 3.184682369232177734e+00 6.215153694152832031e+00 2.950127601623535156e+00 3.666402578353881836e+00 -7.858171463012695312e+00
-4.220433235168457031e+00 3.173158407211303711e+00 3.345870256423950195e+00 5.975376129150390625e+00 -1.660467624664306641e+00 -5.080861568450927734e+00 2.724989175796508789e+00 -8.015116453170776367e-01 -1.192695856094360352e+00 -8.701336860656738281e+00
-3.012169361114501953e+00 -1.479610323905944824e+00 2.121598720550537109e+00 3.646578311920166016e+00 2.583097934722900391e+00 4.523876190185546875e+00 3.198407888412475586e+00 1.245811343193054199e+00 6.850438594818115234e+00 1.685430645942687988e+00
-1.707877218723297119e-02 3.800885677337646484e+00 1.791103601455688477e+00 9.284317016601562500e+00 -6.032277584075927734e+00 2.374477237462997437e-01 2.146149873733520508e+00 6.205676078796386719e+00 -3.770758390426635742e+00 -5.879388809204101562e+00
-3.198034763336181641e+00 -2.071686506271362305e+00 2.222734212875366211e+00 4.153747081756591797e+00 1.494398236274719238e+00 4.559691905975341797e+00 3.545022249221801758e+00 1.213177084922790527e+00 6.784152030944824219e+00 1.653499364852905273e+00
3.276377916336059570e-01 3.628014326095581055e+00 1.206786394119262695e+00 8.431165695190429688e+00 -5.603015422821044922e+00 8.361186981201171875e-01 7.996285557746887207e-01 6.407589435577392578e+00 -3.499153852462768555e+00 -5.682812690734863281e+00
-6.848113059997558594e+00 -5.088980793952941895e-01 2.054856777191162109e+00 4.386877536773681641e+00 -2.714265584945678711e+00 4.204679012298583984e+00 1.310314416885375977e+00 2.528426647186279297e+00 6.595426082611083984e+00 -4.207676887512207031e+00
-3.661817073822021484e+00 2.049067467451095581e-01 1.732563495635986328e+00 9.693434715270996094e+00 -1.548934936523437500e+00 -9.240033626556396484e-01 5.681867122650146484e+00 -1.402539968490600586e+00 -4.902715206146240234e+00 -3.169297456741333008e+00
-8.053597450256347656e+00 -7.751681208610534668e-01 6.471548557281494141e+00 2.235738515853881836e+00 3.028460741043090820e+00 -3.034198522567749023e+00 6.095345973968505859e+00 -2.335761547088623047e+00 6.380579471588134766e+00 -6.180179595947265625e+00
-2.029861927032470703e+00 1.198436975479125977e+00 6.583847999572753906e+00 4.650395393371582031e+00 -3.817117214202880859e+00 -1.682120800018310547e+00 -3.374034643173217773e+00 -5.055421352386474609e+00 8.691549897193908691e-01 6.384619474411010742e-01
-3.605272293090820312e+00 -3.087279081344604492e+00 2.854574918746948242e+00 5.064809322357177734e+00 2.132145166397094727e+00 5.246057987213134766e+00 3.428108453750610352e+00 1.223698973655700684e+00 6.997879505157470703e+00 1.956120014190673828e+00
-2.522545099258422852e+00 1.177925318479537964e-01 1.774908900260925293e+00 5.319528102874755859e+00 -1.655483484268188477e+00 -1.434546947479248047e+00 6.667287349700927734e+00 -1.980783820152282715e+00 -5.200451374053955078e+00 -3.122220277786254883e+00
-3.814872741699218750e+00 4.779832065105438232e-01 1.670395374298095703e+00 1.145357131958007812e+01 -2.425980091094970703e+00 -1.033899664878845215e+00 6.628250598907470703e+00 -2.567399501800537109e+00 -5.073863983154296875e+00 -3.125348091125488281e+00
-3.132091522216796875e+00 2.054847478866577148e+00 2.675271332263946533e-01 5.870211124420166016e+00 2.631116151809692383e+00 1.367929935455322266e+00 4.559504508972167969e+00 1.262153744697570801e+00 4.926530838012695312e+00 -1.424280524253845215e+00
-2.808158397674560547e-01 3.070358753204345703e+00 1.643606424331665039e+00 7.650313854217529297e+00 -5.133540153503417969e+00 4.573856592178344727e-01 4.950246214866638184e-01 6.195096015930175781e+00 -4.005961418151855469e+00 -5.681737899780273438e+00
-1.012070029973983765e-01 3.013725996017456055e+00 1.552740812301635742e+00 7.531120300292968750e+00 -5.823905467987060547e+00 5.651996135711669922e-01 2.586147308349609375e+00 5.345636844635009766e+00 -3.045784711837768555e+00 -5.830115318298339844e+00
-2.369956970214843750e+00 1.075097918510437012e+00 4.829281330108642578e+00 4.468511581420898438e+00 -3.763169765472412109e+00 -1.007088422775268555e+00 -3.600034236907958984e+00 -4.834294795989990234e+00 8.786466717720031738e-01 7.422300577163696289e-01
-7.325319945812225342e-02 3.578551530838012695e+00 1.441743850708007812e+00 8.278390884399414062e+00 -4.612170696258544922e+00 5.472719669342041016e-01 1.558284521102905273e+00 5.825004577636718750e+00 -3.562112092971801758e+00 -5.931204795837402344e+00
-2.901348590850830078e+00 -7.799763977527618408e-02 1.953275203704833984e+00 7.405524730682373047e+00 -2.171341657638549805e+00 -1.082988858222961426e+00 6.645615577697753906e+00 -1.763332724571228027e+00 -5.174359798431396484e+00 -3.602242231369018555e+00
-4.431629657745361328e+00 -2.132309228181838989e-01 3.574686527252197266e+00 2.481442213058471680e+00 3.015622377395629883e+00 -3.409704685211181641e+00 5.821791648864746094e+00 -2.425778865814208984e+00 6.190552234649658203e+00 -6.030624866485595703e+00
2.858680486679077148e-01 4.056641101837158203e+00 1.473439693450927734e+00 9.668801307678222656e+00 -5.778383731842041016e+00 2.200915664434432983e-01 3.017790555953979492e+00 5.303514003753662109e+00 -3.338003873825073242e+00 -5.852430343627929688e+00
-2.919989109039306641e+00 -1.977511882781982422e+00 1.947158336639404297e+00 3.763751745223999023e+00 2.413612365722656250e+00 4.126551151275634766e+00 3.322868108749389648e+00 1.072045922279357910e+00 6.459536075592041016e+00 2.052369832992553711e+00
-3.352502346038818359e+00 2.865943431854248047e+00 2.760779619216918945e+00 5.722152233123779297e+00 -9.298866987228393555e-01 -4.998569011688232422e+00 9.977026581764221191e-01 -1.589311122894287109e+00 -1.854961037635803223e+00 -8.483876228332519531e+00
-3.058787107467651367e+00 -1.338230013847351074e+00 1.996099233627319336e+00 3.603462934494018555e+00 3.032303333282470703e+00 4.390388011932373047e+00 3.368930578231811523e+00 1.102552652359008789e+00 6.436394214630126953e+00 1.720831513404846191e+00
-2.301369905471801758e+00 3.625169038772583008e+00 -2.617043495178222656e+00 6.064897537231445312e+00 5.463525056838989258e-01 2.600002527236938477e+00 6.012044906616210938e+00 3.110109329223632812e+00 3.857563734054565430e+00 -7.909607887268066406e+00
-7.598971843719482422e+00 -4.844934344291687012e-01 6.091070175170898438e+00 2.533287286758422852e+00 2.924477338790893555e+00 -4.546678066253662109e+00 6.918510913848876953e+00 -2.642395973205566406e+00 6.592555046081542969e+00 -6.064945220947265625e+00
-3.055168151855468750e+00 -1.144058853387832642e-01 1.583295822143554688e+00 7.113460540771484375e+00 -2.722036242485046387e-01 -1.475247144699096680e+00 6.931879997253417969e+00 -1.770980715751647949e+00 -4.961217403411865234e+00 -3.231008529663085938e+00
-2.403095483779907227e+00 3.273088455200195312e+00 -1.854990243911743164e+00 5.662737369537353516e+00 -7.634996175765991211e-01 3.563640832901000977e+00 5.906514644622802734e+00 3.056346654891967773e+00 3.864582777023315430e+00 -7.538183689117431641e+00
-9.555403709411621094e+00 -1.216990351676940918e+00 7.750196456909179688e+00 1.698591828346252441e+00 3.317229986190795898e+00 -3.542661666870117188e+00 6.230556488037109375e+00 -2.413053989410400391e+00 6.510217666625976562e+00 -5.633282661437988281e+00
-6.357834339141845703e+00 -4.262183010578155518e-01 5.024082183837890625e+00 2.451592206954956055e+00 2.631672143936157227e+00 -4.431497097015380859e+00 5.910995960235595703e+00 -2.578570842742919922e+00 7.004161357879638672e+00 -6.369242191314697266e+00
-4.359964847564697266e+00 3.379054784774780273e+00 3.393355369567871094e+00 6.207816123962402344e+00 -1.032608866691589355e+00 -4.446549892425537109e+00 1.536630511283874512e+00 -1.519874930381774902e+00 -1.496281623840332031e+00 -8.896754264831542969e+00
-2.122988700866699219e+00 1.088751912117004395e+00 6.565631389617919922e+00 4.779507637023925781e+00 -4.017986774444580078e+00 -1.228913784027099609e+00 -3.110488176345825195e+00 -4.142250061035156250e+00 4.613591432571411133e-01 1.315201401710510254e+00
-5.518439769744873047e+00 2.213290452957153320e+00 3.213749408721923828e+00 2.648446798324584961e+00 -5.651576995849609375e+00 -3.511826753616333008e+00 -2.299396991729736328e-01 -4.036197185516357422e+00 1.775870323181152344e+00 -3.504165887832641602e+00
-4.237490177154541016e+00 1.525867462158203125e+00 2.785996437072753906e+00 2.101687431335449219e+00 -5.261273384094238281e+00 -3.219211816787719727e+00 -7.987232804298400879e-01 -3.734627008438110352e+00 2.187491416931152344e+00 -2.671176195144653320e+00
-3.531894683837890625e+00 2.973300218582153320e+00 2.516287803649902344e+00 5.310577869415283203e+00 -1.658890366554260254e+00 -5.002199649810791016e+00 2.477968454360961914e+00 -1.240227818489074707e+00 -1.867193222045898438e+00 -8.880863189697265625e+00
-5.792288303375244141e+00 2.271013498306274414e+00 3.748756408691406250e+00 1.912803649902343750e+00 -5.355527877807617188e+00 -3.824953556060791016e+00 -1.008809208869934082e+00 -4.058152675628662109e+00 1.769396901130676270e+00 -3.275523662567138672e+00
-3.546465873718261719e+00 1.859077662229537964e-01 1.643337249755859375e+00 9.409554481506347656e+00 -1.440461277961730957e+00 -9.942739009857177734e-01 5.792279720306396484e+00 -1.482886910438537598e+00 -5.333613872528076172e+00 -2.888386011123657227e+00
-7.899606227874755859e+00 -9.686325192451477051e-01 2.350097656250000000e+00 4.327983379364013672e+00 -2.141580104827880859e+00 4.652091979980468750e+00 1.033411502838134766e+00 2.436329841613769531e+00 6.169267177581787109e+00 -3.898731946945190430e+00
-3.241366863250732422e+00 2.923668146133422852e+00 2.827654838562011719e+00 5.900784492492675781e+00 -2.138926744461059570e+00 -5.470341205596923828e+00 2.880554914474487305e+00 -1.148733139038085938e+00 -1.483879804611206055e+00 -8.552432060241699219e+00
-3.798781394958496094e+00 2.959374666213989258e+00 3.269391298294067383e+00 5.464645862579345703e+00 -1.526377797126770020e+00 -4.969871520996093750e+00 2.436277866363525391e+00 -1.475682377815246582e+00 -1.046259641647338867e+00 -8.504966735839843750e+00
-2.227736949920654297e+00 1.033217787742614746e+00 4.908591747283935547e+00 3.958482503890991211e+00 -4.094223976135253906e+00 -1.520406961441040039e+00 -3.449260234832763672e+00 -5.036929607391357422e+00 9.156776070594787598e-01 8.686550259590148926e-01
-5.736649036407470703e+00 2.303526878356933594e+00 3.698740720748901367e+00 2.101665496826171875e+00 -5.205445766448974609e+00 -3.840303182601928711e+00 -5.685378313064575195e-01 -4.236308574676513672e+00 2.081002950668334961e+00 -3.190537214279174805e+00
-3.969097137451171875e+00 -3.730711460113525391e+00 2.855343341827392578e+00 5.507512569427490234e+00 1.865538358688354492e+00 4.474446773529052734e+00 4.027150630950927734e+00 1.235286593437194824e+00 6.923970222473144531e+00 1.790604352951049805e+00
-3.595653533935546875e+00 2.246407717466354370e-01 1.923460483551025391e+00 9.328896522521972656e+00 -2.456143379211425781e+00 -1.721717953681945801e+00 6.018233299255371094e+00 -1.574852585792541504e+00 -5.080893039703369141e+00 -3.251521825790405273e+00
7.866934537887573242e-01 5.855944633483886719e+00 1.394738674163818359e+00 1.342179203033447266e+01 -5.449310779571533203e+00 4.080333709716796875e-01 1.682818293571472168e+00 6.649557590484619141e+00 -3.739295482635498047e+00 -6.032098293304443359e+00
-3.586814165115356445e+00 -3.807958126068115234e+00 2.746359825134277344e+00 4.824290752410888672e+00 1.991002678871154785e+00 4.287418842315673828e+00 2.894700288772583008e+00 1.258439064025878906e+00 6.936927795410156250e+00 1.689401507377624512e+00
-2.558151245117187500e+00 9.856070876121520996e-01 5.005282878875732422e+00 4.447949886322021484e+00 -3.810810327529907227e+00 -9.703589677810668945e-01 -3.681783437728881836e+00 -4.307993412017822266e+00 4.634565711021423340e-01 1.116810679435729980e+00
-6.324908733367919922e+00 2.947716951370239258e+00 3.794723987579345703e+00 2.363741397857666016e+00 -4.978206634521484375e+00 -3.763670682907104492e+00 9.338908195495605469e-01 -3.855528593063354492e+00 2.020459175109863281e+00 -2.378973960876464844e+00
-2.459903955459594727e+00 3.616296052932739258e+00 -2.824680328369140625e+00 6.175082683563232422e+00 4.037951231002807617e-01 3.025739431381225586e+00 5.627456665039062500e+00 2.694225072860717773e+00 3.348026037216186523e+00 -7.343339920043945312e+00
-3.382082939147949219e+00 -1.564891636371612549e-02 1.904137372970581055e+00 8.232202529907226562e+00 8.284787833690643311e-02 -1.472043275833129883e+00 7.023444175720214844e+00 -1.875309705734252930e+00 -5.330857753753662109e+00 -3.264808416366577148e+00
-3.626794815063476562e+00 2.479130983352661133e+00 2.984832286834716797e+00 5.131477355957031250e+00 -1.223040223121643066e+00 -5.190396785736083984e+00 1.421864032745361328e+00 -9.668833613395690918e-01 -1.899568319320678711e+00 -8.956057548522949219e+00
-3.571614027023315430e+00 -3.222178697586059570e+00 2.589303255081176758e+00 4.723676204681396484e+00 1.581391692161560059e+00 4.622474193572998047e+00 3.341350317001342773e+00 1.498660206794738770e+00 7.014256000518798828e+00 1.766473293304443359e+00
-2.592151165008544922e+00 4.377694606781005859e+00 -3.378870725631713867e+00 7.198951244354248047e+00 -5.890569686889648438e-01 2.814007282257080078e+00 6.053642272949218750e+00 2.936164855957031250e+00 3.882773160934448242e+00 -8.115315437316894531e+00
-3.359056234359741211e+00 -5.916680395603179932e-02 2.335463285446166992e+00 7.795335292816162109e+00 -1.211501836776733398e+00 -1.627277374267578125e+00 7.020444869995117188e+00 -2.152026891708374023e+00 -5.252555370330810547e+00 -3.623844861984252930e+00
-6.429476261138916016e+00 -7.455867528915405273e-01 1.751748561859130859e+00 3.991502285003662109e+00 -2.760960340499877930e+00 4.257802963256835938e+00 1.654878258705139160e+00 2.490001201629638672e+00 6.622497558593750000e+00 -4.140937805175781250e+00
-6.306179523468017578e+00 2.389263868331909180e+00 3.785202264785766602e+00 2.073049306869506836e+00 -5.213939666748046875e+00 -3.525408983230590820e+00 -4.971595406532287598e-01 -4.114340305328369141e+00 2.118231058120727539e+00 -3.420636892318725586e+00
6.200882792472839355e-02 4.208299160003662109e+00 1.710356235504150391e+00 9.781853675842285156e+00 -5.104712486267089844e+00 8.593477010726928711e-01 6.041089892387390137e-01 5.606266498565673828e+00 -3.092205047607421875e+00 -5.529519081115722656e+00
-3.463691711425781250e+00 -5.552257597446441650e-02 1.754530429840087891e+00 8.297215461730957031e+00 -4.181853532791137695e-01 -1.653849005699157715e+00 6.457756996154785156e+00 -2.441509246826171875e+00 -4.922765254974365234e+00 -2.925936937332153320e+00
-2.914474010467529297e+00 -1.795508980751037598e+00 2.060384035110473633e+00 3.808257341384887695e+00 1.781750917434692383e+00 3.989877700805664062e+00 2.105902910232543945e+00 8.485294580459594727e-01 6.383874416351318359e+00 2.112539529800415039e+00
-5.234599113464355469e+00 -3.691174089908599854e-02 4.259788513183593750e+00 2.350224256515502930e+00 3.526353120803833008e+00 -3.792388439178466797e+00 5.234527587890625000e+00 -2.334090232849121094e+00 6.745746612548828125e+00 -6.191054821014404297e+00
-8.490702629089355469e+00 -8.137343525886535645e-01 6.914431095123291016e+00 2.243357419967651367e+00 2.448601961135864258e+00 -4.491602420806884766e+00 6.045898437500000000e+00 -2.355742931365966797e+00 6.649980068206787109e+00 -5.933490753173828125e+00
9.650551080703735352e-01 5.272836208343505859e+00 1.367281913757324219e+00 1.206219100952148438e+01 -5.793027400970458984e+00 1.077729105949401855e+00 8.646048903465270996e-01 6.496664524078369141e+00 -3.943204164505004883e+00 -5.184618949890136719e+00
-4.868843555450439453e+00 8.033154606819152832e-01 1.912638187408447266e+00 1.446213245391845703e+01 -2.093932390213012695e+00 -1.382108092308044434e+00 5.910374641418457031e+00 -2.248651981353759766e+00 -5.433785915374755859e+00 -3.002369165420532227e+00
-3.308379173278808594e+00 -3.603221654891967773e+00 2.711788654327392578e+00 4.903468608856201172e+00 1.644866824150085449e+00 4.395061016082763672e+00 3.359814882278442383e+00 1.420842528343200684e+00 7.115855216979980469e+00 1.845905423164367676e+00
-4.166604995727539062e+00 3.898823976516723633e+00 3.640456199645996094e+00 6.485817909240722656e+00 -1.564797282218933105e+00 -5.346404075622558594e+00 5.435534119606018066e-01 -1.242960572242736816e+00 -1.349272012710571289e+00 -8.379041671752929688e+00
-2.825722217559814453e+00 1.793730705976486206e-01 1.695337533950805664e+00 7.174516201019287109e+00 -2.034067869186401367e+00 -9.903132915496826172e-01 4.675800323486328125e+00 -1.941213011741638184e+00 -5.208688735961914062e+00 -3.082436800003051758e+00
-6.006865978240966797e+00 -7.562234401702880859e-01 1.749258041381835938e+00 3.723603248596191406e+00 -2.194845199584960938e+00 4.714076042175292969e+00 2.027364492416381836e+00 2.491754770278930664e+00 6.407091617584228516e+00 -4.402595996856689453e+00
-2.723432779312133789e+00 -2.417511492967605591e-01 2.059052944183349609e+00 6.720397472381591797e+00 -1.288880407810211182e-01 -1.457567214965820312e+00 5.734225749969482422e+00 -2.010878086090087891e+00 -5.244822025299072266e+00 -3.074720144271850586e+00
1.020308971405029297e+00 4.972039699554443359e+00 8.518458008766174316e-01 1.127119827270507812e+01 -5.039368152618408203e+00 1.036861181259155273e+00 2.004868745803833008e+00 5.742410182952880859e+00 -3.907431364059448242e+00 -5.849761962890625000e+00
-3.581197738647460938e+00 -2.849163055419921875e+00 2.493465662002563477e+00 4.823585510253906250e+00 2.583805561065673828e+00 4.894881248474121094e+00 3.352302789688110352e+00 1.215136170387268066e+00 6.647853374481201172e+00 1.929339885711669922e+00
-3.309781551361083984e+00 -3.966904163360595703e+00 2.494718551635742188e+00 5.005403995513916016e+00 1.855468392372131348e+00 4.660229682922363281e+00 2.371820688247680664e+00 8.786655664443969727e-01 6.808859348297119141e+00 1.908753991127014160e+00
-3.500626087188720703e+00 2.776703119277954102e+00 2.324226349592208862e-01 6.594453334808349609e+00 -7.563491463661193848e-01 2.536091327667236328e+00 1.106028079986572266e+00 1.395887970924377441e+00 5.179998874664306641e+00 -1.506447196006774902e+00
-4.010468482971191406e+00 -2.332504034042358398e+00 2.759856700897216797e+00 5.010347843170166016e+00 2.524859189987182617e+00 4.577711582183837891e+00 4.098564624786376953e+00 1.166095733642578125e+00 6.942070007324218750e+00 2.013943910598754883e+00
-2.309620857238769531e+00 1.815161347389221191e+00 -8.873423933982849121e-01 4.136703968048095703e+00 -9.661189317703247070e-01 2.890928506851196289e+00 5.356168746948242188e+00 2.814625263214111328e+00 3.304137229919433594e+00 -7.085375785827636719e+00
-2.294968605041503906e+00 4.164655208587646484e+00 -3.276187419891357422e+00 7.019630908966064453e+00 -1.975907944142818451e-03 3.585129976272583008e+00 6.368473052978515625e+00 3.300959587097167969e+00 3.457570552825927734e+00 -8.016897201538085938e+00
-3.171615362167358398e+00 -1.691040158271789551e+00 2.201966524124145508e+00 3.948584794998168945e+00 2.273324251174926758e+00 4.373492717742919922e+00 3.765333890914916992e+00 9.890390634536743164e-01 6.606324672698974609e+00 1.594227910041809082e+00
-3.702856063842773438e+00 -3.436546564102172852e+00 2.799822330474853516e+00 4.896784305572509766e+00 3.409790992736816406e+00 3.647569417953491211e+00 2.669506549835205078e+00 1.012521624565124512e+00 6.628655433654785156e+00 2.051626920700073242e+00
-2.457532405853271484e+00 4.540187835693359375e+00 -3.565540790557861328e+00 7.629869461059570312e+00 2.322125881910324097e-01 2.683524370193481445e+00 5.350569248199462891e+00 3.412607192993164062e+00 3.844023466110229492e+00 -8.749815940856933594e+00
-3.492486715316772461e+00 3.107972860336303711e+00 2.710740566253662109e+00 5.948135375976562500e+00 -2.035494804382324219e+00 -5.345096588134765625e+00 2.918731927871704102e+00 -1.325232028961181641e+00 -1.734452009201049805e+00 -9.001072883605957031e+00
-9.413746833801269531e+00 3.708747386932373047e+00 5.093836784362792969e+00 2.952450275421142578e+00 -5.070755004882812500e+00 -3.709603309631347656e+00 7.809826731681823730e-01 -4.279722690582275391e+00 2.059110403060913086e+00 -2.950561761856079102e+00
-8.368569374084472656e+00 -7.750119566917419434e-01 1.745186090469360352e+00 4.811055660247802734e+00 -3.036698818206787109e+00 4.473713874816894531e+00 1.632840514183044434e+00 2.480819702148437500e+00 6.297667026519775391e+00 -4.315331935882568359e+00
-2.971034049987792969e+00 -1.902819871902465820e+00 1.983577728271484375e+00 3.957909584045410156e+00 2.027632713317871094e+00 4.751765727996826172e+00 2.764305830001831055e+00 1.453249096870422363e+00 7.180236339569091797e+00 1.661577224731445312e+00
-3.753181457519531250e+00 -3.117856502532958984e+00 2.698930740356445312e+00 4.995959758758544922e+00 2.280423879623413086e+00 4.890776157379150391e+00 3.443800687789916992e+00 8.142753243446350098e-01 6.134753227233886719e+00 1.933729529380798340e+00
8.893936276435852051e-01 7.966561794281005859e+00 9.791918396949768066e-01 1.769005393981933594e+01 -5.993467807769775391e+00 6.139538288116455078e-01 1.076143622398376465e+00 5.648545265197753906e+00 -3.276346683502197266e+00 -5.562303543090820312e+00
-5.925415992736816406e+00 -3.402232229709625244e-01 4.561275482177734375e+00 2.643966913223266602e+00 2.840761661529541016e+00 -3.346824884414672852e+00 6.564632415771484375e+00 -2.479378700256347656e+00 6.299361228942871094e+00 -6.136812686920166016e+00
-2.599480867385864258e+00 3.403200387954711914e+00 -1.938942193984985352e+00 6.157182216644287109e+00 -2.309264242649078369e-02 3.255050420761108398e+00 5.825912475585937500e+00 2.676311969757080078e+00 3.270205497741699219e+00 -7.393358707427978516e+00
-3.291825294494628906e+00 -2.575368404388427734e+00 2.459637165069580078e+00 4.404479503631591797e+00 1.923505187034606934e+00 4.944034576416015625e+00 3.111111879348754883e+00 1.279652237892150879e+00 6.655425548553466797e+00 2.031606674194335938e+00
-3.558859825134277344e+00 4.443459212779998779e-02 2.027262210845947266e+00 8.004137039184570312e+00 -1.009977340698242188e+00 -1.299613237380981445e+00 6.716532707214355469e+00 -1.786790013313293457e+00 -5.435802936553955078e+00 -3.344001770019531250e+00
-3.163740038871765137e-03 3.511551618576049805e+00 1.445218801498413086e+00 8.749268531799316406e+00 -5.647172927856445312e+00 8.715676069259643555e-01 3.652110695838928223e-01 5.800411701202392578e+00 -3.236073970794677734e+00 -6.058386802673339844e+00
-7.509275913238525391e+00 -8.733211755752563477e-01 6.068820476531982422e+00 2.061137199401855469e+00 3.154191017150878906e+00 -3.462261915206909180e+00 7.376613616943359375e+00 -2.248863697052001953e+00 6.375778675079345703e+00 -6.047118186950683594e+00
-1.872435331344604492e+00 1.324877738952636719e+00 8.012226104736328125e+00 5.113860130310058594e+00 -3.374194145202636719e+00 -7.146455049514770508e-01 -3.566489696502685547e+00 -4.632108211517333984e+00 6.350764036178588867e-01 1.054518461227416992e+00
-6.716250777244567871e-01 2.879122972488403320e+00 1.862553119659423828e+00 7.437068462371826172e+00 -5.033267021179199219e+00 9.147725105285644531e-01 3.376701772212982178e-01 6.065124511718750000e+00 -3.718888759613037109e+00 -5.474545478820800781e+00
-2.390774250030517578e+00 1.021031975746154785e+00 5.518668174743652344e+00 4.917427539825439453e+00 -4.472952842712402344e+00 -1.592429041862487793e+00 -4.153785705566406250e+00 -4.792834758758544922e+00 8.142514824867248535e-01 1.144838333129882812e+00
-2.224039554595947266e+00 4.377432823181152344e+00 -3.281892776489257812e+00 7.291085720062255859e+00 -3.331585526466369629e-01 2.628004789352416992e+00 5.382000923156738281e+00 3.196568965911865234e+00 3.087496042251586914e+00 -7.630221366882324219e+00
-3.343961238861083984e+00 -2.576259613037109375e+00 2.270941019058227539e+00 4.325968265533447266e+00 1.820944547653198242e+00 4.544812202453613281e+00 3.437695980072021484e+00 1.287778377532958984e+00 6.990022182464599609e+00 2.050700902938842773e+00
-3.457266330718994141e+00 2.913157701492309570e+00 3.041222572326660156e+00 5.356346607208251953e+00 -1.708796143531799316e+00 -5.429327964782714844e+00 2.410777807235717773e+00 -9.897921085357666016e-01 -1.894100666046142578e+00 -8.721247673034667969e+00
-6.485640048980712891e+00 2.809576749801635742e+00 3.826860904693603516e+00 2.210263490676879883e+00 -5.146657943725585938e+00 -3.531949758529663086e+00 -3.056603074073791504e-01 -4.203628063201904297e+00 2.054278135299682617e+00 -3.274662733078002930e+00
