1.810819506645202637e+00 -3.545525074005126953e+00 -1.009879827499389648e+00 -2.411059856414794922e+00 -2.521130561828613281e+00 3.183794021606445312e+00 -4.228429496288299561e-02 1.227940082550048828e+00 1.482307553291320801e+00 1.898751258850097656e+00
-9.160825610160827637e-01 -8.447312712669372559e-01 2.266120910644531250e+00 -2.298496723175048828e+00 -3.333276510238647461e+00 1.923405051231384277e+00 1.385718584060668945e+00 -3.302160739898681641e+00 5.796381831169128418e-01 -8.216728568077087402e-01
-3.775784671306610107e-01 -1.983193874359130859e+00 3.543485403060913086e+00 2.885972499847412109e+00 -8.126394152641296387e-01 1.720345914363861084e-01 5.150010585784912109e-01 1.183586478233337402e+00 -9.386523813009262085e-02 2.055269718170166016e+00
-3.369272470474243164e+00 5.940595269203186035e-01 4.817824065685272217e-01 4.587901830673217773e-01 2.748006582260131836e-01 2.835433244705200195e+00 5.164607763290405273e-01 1.967427730560302734e+00 -3.652148246765136719e+00 -1.083537936210632324e+00
-1.054746985435485840e+00 4.613178730010986328e+00 1.278572916984558105e+00 1.784905076026916504e+00 2.180217981338500977e+00 3.539009809494018555e+00 1.811305165290832520e+00 -1.662624597549438477e+00 3.226667404174804688e+00 3.359294414520263672e+00
-6.508900225162506104e-02 -2.192904949188232422e+00 2.889635086059570312e+00 2.292735576629638672e+00 -1.242339968681335449e+00 1.182955861091613770e+00 1.827873229980468750e+00 1.288415193557739258e+00 1.772669315338134766e+00 8.718994259834289551e-01
-3.664674997329711914e+00 8.504441976547241211e-01 -1.089836955070495605e+00 8.995264172554016113e-01 -4.154288768768310547e+00 1.139513731002807617e+00 4.337566196918487549e-01 -1.427510380744934082e+00 2.833849906921386719e+00 3.981595039367675781e+00
-8.942365050315856934e-01 -2.476523637771606445e+00 3.058683633804321289e+00 2.793647527694702148e+00 -8.678139448165893555e-01 1.367367744445800781e+00 1.265284776687622070e+00 -8.020099252462387085e-02 1.456856489181518555e+00 1.608450174331665039e+00
-3.945904016494750977e+00 -2.293222397565841675e-01 -1.209747791290283203e+00 1.160001039505004883e+00 -3.445580959320068359e+00 1.667655110359191895e+00 -4.052096903324127197e-01 -1.175399065017700195e+00 2.052940607070922852e+00 2.842793703079223633e+00
4.728496968746185303e-01 2.039401054382324219e+00 -9.314093589782714844e-01 5.396319031715393066e-01 -3.350526571273803711e+00 5.396318912506103516e+00 -4.547190964221954346e-01 -2.376932650804519653e-01 -8.600791096687316895e-01 1.637318253517150879e+00
-6.245933175086975098e-01 -1.798195391893386841e-01 3.092849493026733398e+00 -9.225171208381652832e-01 -1.768731713294982910e+00 2.737389326095581055e+00 -7.354947328567504883e-01 -3.444343566894531250e+00 2.214466780424118042e-01 -2.453875303268432617e+00
1.871403574943542480e+00 -8.605130314826965332e-01 -1.313868045806884766e+00 -4.505410671234130859e+00 -6.974082589149475098e-01 3.226449489593505859e+00 -3.188212215900421143e-01 2.089795112609863281e+00 5.230512022972106934e-01 3.185504913330078125e+00
-1.166658520698547363e+00 -2.407165050506591797e+00 8.429279327392578125e-01 -1.193400382995605469e+00 1.555038213729858398e+00 5.761770725250244141e+00 -1.640682458877563477e+00 -5.079221725463867188e+00 1.389819741249084473e+00 1.555805802345275879e+00
-3.386903405189514160e-01 -1.280027747154235840e+00 3.091613531112670898e+00 4.051240444183349609e+00 -2.705814838409423828e-01 1.022336602210998535e+00 4.626709520816802979e-01 1.229006052017211914e+00 2.017549723386764526e-01 2.673765659332275391e+00
-5.917630791664123535e-01 -1.481012344360351562e+00 1.963344097137451172e+00 -2.088134050369262695e+00 -3.648374795913696289e+00 2.358316421508789062e+00 9.372493028640747070e-01 -2.345833301544189453e+00 9.723135828971862793e-01 -1.036051511764526367e+00
-1.212549567222595215e+00 -1.473870426416397095e-01 3.868555784225463867e+00 -2.317615270614624023e+00 -1.786969065666198730e+00 2.923429727554321289e+00 -2.248420000076293945e+00 -3.174694538116455078e+00 2.481848448514938354e-01 -1.733419775962829590e+00
-3.065919280052185059e-01 3.062142372131347656e+00 4.374481201171875000e+00 -1.766435265541076660e+00 1.239864081144332886e-01 3.491321325302124023e+00 1.127950668334960938e+00 1.435037493705749512e+00 1.456055760383605957e+00 3.830185413360595703e+00
-2.361303091049194336e+00 3.253537714481353760e-01 -1.760697245597839355e+00 1.144214272499084473e+00 -4.022560119628906250e+00 1.948287725448608398e+00 3.065411150455474854e-01 -1.360400080680847168e+00 2.843893527984619141e+00 2.925047874450683594e+00
-3.907766342163085938e+00 4.616535604000091553e-01 -3.657037019729614258e-01 7.812798768281936646e-02 -4.093591213226318359e+00 1.127549052238464355e+00 1.256942629814147949e+00 -9.330084323883056641e-01 2.296792030334472656e+00 3.549155950546264648e+00
-1.126862764358520508e+00 -2.094851255416870117e+00 1.016977310180664062e+00 -9.018226265907287598e-01 -1.306167960166931152e+00 4.619584560394287109e+00 -2.677266299724578857e-01 -4.177016735076904297e+00 5.926551222801208496e-01 3.446398735046386719e+00
-3.074041843414306641e+00 1.727900981903076172e+00 -1.192372083663940430e+00 8.703143000602722168e-01 -3.714405298233032227e+00 1.925150156021118164e+00 1.057524681091308594e+00 -7.388179898262023926e-01 2.747809648513793945e+00 3.024765014648437500e+00
-4.400165379047393799e-01 -1.421706199645996094e+00 2.735147714614868164e+00 -1.864867091178894043e+00 -2.780918598175048828e+00 2.351960182189941406e+00 -6.853713989257812500e-01 -2.350888252258300781e+00 2.607602179050445557e-01 -1.667533516883850098e+00
2.412055492401123047e+00 -2.650381088256835938e+00 -1.855554461479187012e+00 -2.396177530288696289e+00 -1.933105468750000000e+00 3.250440835952758789e+00 2.554722726345062256e-01 1.290308475494384766e+00 1.069188117980957031e+00 1.718155264854431152e+00
-3.976361036300659180e+00 9.797154664993286133e-01 -3.859925866127014160e-01 -7.023069858551025391e-01 -4.333584308624267578e+00 1.405358433723449707e+00 7.051974534988403320e-01 -5.933343172073364258e-01 2.551037311553955078e+00 4.181669712066650391e+00
8.584421873092651367e-02 -1.734349727630615234e+00 2.965812444686889648e+00 2.820890426635742188e+00 -7.632586956024169922e-01 8.109285831451416016e-01 1.024268865585327148e+00 1.225924253463745117e+00 9.317231178283691406e-01 5.065913796424865723e-01
-5.033188685774803162e-02 3.092700242996215820e+00 5.576824545860290527e-01 9.985410571098327637e-01 2.356522798538208008e+00 3.475370168685913086e+00 2.414604187011718750e+00 -2.732601881027221680e+00 2.184792995452880859e+00 2.169172525405883789e+00
3.198614418506622314e-01 -2.928321361541748047e+00 2.068561077117919922e+00 2.466788530349731445e+00 -1.398292422294616699e+00 7.870639562606811523e-01 1.788405179977416992e+00 2.396773099899291992e+00 7.461249232292175293e-01 9.388999342918395996e-01
-2.136277675628662109e+00 1.137011289596557617e+00 1.286173105239868164e+00 2.443941980600357056e-01 1.690528750419616699e+00 2.680236339569091797e+00 7.322663068771362305e-01 1.446479201316833496e+00 -3.686594486236572266e+00 -1.611829876899719238e+00
1.777282595634460449e+00 -1.235054731369018555e+00 -1.275974750518798828e+00 -3.374696493148803711e+00 -1.203908085823059082e+00 3.145030736923217773e+00 -6.094365119934082031e-01 2.506606101989746094e+00 6.572894454002380371e-01 3.837266445159912109e+00
-3.604897558689117432e-01 -3.946684300899505615e-01 2.593292236328125000e+00 -1.804060101509094238e+00 -3.273631334304809570e+00 1.992431521415710449e+00 5.259412527084350586e-01 -3.239907503128051758e+00 5.927610993385314941e-01 -7.733969092369079590e-01
-2.646624088287353516e+00 -4.343524277210235596e-01 3.963561654090881348e-01 -6.438635587692260742e-01 6.355385482311248779e-02 2.944365262985229492e+00 1.579106092453002930e+00 1.013917326927185059e+00 -3.673345088958740234e+00 -8.184944987297058105e-01
2.833201408386230469e+00 -4.887401163578033447e-01 -1.085609912872314453e+00 -3.215810775756835938e+00 -2.938511781394481659e-02 3.531455993652343750e+00 -2.803605079650878906e+00 2.537528991699218750e+00 1.193090558052062988e+00 3.629652976989746094e+00
1.468405485153198242e+00 -2.713833332061767578e+00 -3.793701529502868652e-01 -3.973765373229980469e+00 -2.033945560455322266e+00 3.220308065414428711e+00 -7.217816710472106934e-01 1.241834521293640137e+00 6.228029131889343262e-01 2.789684772491455078e+00
1.294950246810913086e-01 3.878455162048339844e+00 6.033654808998107910e-01 9.379704594612121582e-01 3.219580888748168945e+00 4.226523876190185547e+00 1.625179767608642578e+00 -2.580129861831665039e+00 1.537241935729980469e+00 3.060233116149902344e+00
-1.311810970306396484e+00 -1.682276725769042969e+00 1.831043243408203125e+00 -1.042257666587829590e+00 1.975137442350387573e-01 4.140706539154052734e+00 -3.860636651515960693e-01 -5.432247161865234375e+00 -3.563216626644134521e-01 3.915247201919555664e+00
4.403333961963653564e-01 -1.623973488807678223e+00 -1.430698394775390625e+00 7.978095412254333496e-01 2.980696260929107666e-01 5.458755970001220703e+00 9.035803675651550293e-01 1.563293457031250000e+00 2.305433511734008789e+00 -6.630877852439880371e-01
1.750436425209045410e+00 -1.107110977172851562e+00 -2.843105077743530273e+00 1.732826113700866699e+00 6.822881102561950684e-01 3.978977918624877930e+00 2.126860618591308594e+00 1.243749856948852539e+00 8.406345248222351074e-01 -9.797868132591247559e-01
-1.581916511058807373e-01 3.803589344024658203e+00 6.102099418640136719e-01 1.286451697349548340e+00 1.920616865158081055e+00 3.993242740631103516e+00 1.562484145164489746e+00 -1.646961212158203125e+00 2.110099792480468750e+00 3.325931549072265625e+00
9.748549461364746094e-01 -1.472187757492065430e+00 -2.041247129440307617e+00 1.083472132682800293e+00 1.551157116889953613e+00 5.126980304718017578e+00 6.099572181701660156e-01 1.350458621978759766e+00 1.367563366889953613e+00 -6.983726620674133301e-01
-1.069173336029052734e+00 -9.368332475423812866e-02 3.618134260177612305e+00 -1.071128606796264648e+00 -2.088505506515502930e+00 2.273998498916625977e+00 -1.586085408926010132e-01 -3.418878078460693359e+00 1.464926451444625854e-01 -1.881851077079772949e+00
1.218849778175354004e+00 2.315373897552490234e+00 -1.609275817871093750e+00 2.013338804244995117e+00 -2.803110361099243164e+00 5.636210441589355469e+00 -9.428639411926269531e-01 -5.042720437049865723e-01 -9.845519661903381348e-01 8.493846058845520020e-01
-7.717569470405578613e-01 4.320989131927490234e+00 1.548564434051513672e+00 2.291962146759033203e+00 1.630072712898254395e+00 2.958494901657104492e+00 2.924322128295898438e+00 -2.848397970199584961e+00 2.751360654830932617e+00 3.352847576141357422e+00
1.247709095478057861e-01 2.909262418746948242e+00 4.339239597320556641e-01 2.276617527008056641e+00 2.217839241027832031e+00 4.011449337005615234e+00 1.805320501327514648e+00 -3.275120973587036133e+00 1.433199405670166016e+00 3.212498664855957031e+00
-3.935333192348480225e-01 -2.396273374557495117e+00 3.823236227035522461e-01 -4.304164350032806396e-01 -4.105470776557922363e-01 5.045042037963867188e+00 -6.905642151832580566e-01 -5.042024612426757812e+00 1.061713814735412598e+00 2.583504676818847656e+00
1.444513440132141113e+00 -6.275359392166137695e-01 -2.210055828094482422e+00 1.613045930862426758e+00 1.643819451332092285e+00 4.744539737701416016e+00 6.452684998512268066e-01 1.476012945175170898e+00 1.037409543991088867e+00 -6.583633422851562500e-01
-1.148826956748962402e+00 -1.861241221427917480e+00 3.872403621673583984e+00 3.307741403579711914e+00 -5.769713521003723145e-01 2.308560609817504883e-01 -6.193729043006896973e-01 9.068112969398498535e-01 -5.017952322959899902e-01 3.217760086059570312e+00
-8.473458886146545410e-01 -7.201766371726989746e-01 4.034409523010253906e+00 -2.774515628814697266e+00 -2.210902452468872070e+00 2.717287540435791016e+00 -1.100272655487060547e+00 -2.659820318222045898e+00 2.571230232715606689e-01 -7.724843621253967285e-01
-4.771996021270751953e+00 1.333230972290039062e+00 -7.753534317016601562e-01 1.452618718147277832e+00 -3.501089572906494141e+00 1.253900408744812012e+00 -1.279349565505981445e+00 -1.552012205123901367e+00 2.122902154922485352e+00 4.196389675140380859e+00
-4.876116812229156494e-01 -2.242110490798950195e+00 4.576095104217529297e+00 2.639815568923950195e+00 5.935373306274414062e-01 1.020364642143249512e+00 -4.257399737834930420e-01 -4.215734899044036865e-01 7.367189526557922363e-01 3.039415836334228516e+00
-5.443599820137023926e-01 -2.672581911087036133e+00 1.021376848220825195e+00 -2.431850880384445190e-02 -1.068218469619750977e+00 4.713860034942626953e+00 -1.101754784584045410e+00 -4.367787361145019531e+00 2.543806135654449463e-01 2.761350631713867188e+00
1.351202607154846191e+00 -5.448046922683715820e-01 -1.794190645217895508e+00 2.381142139434814453e+00 2.128726720809936523e+00 4.749807834625244141e+00 1.388148404657840729e-03 1.350551366806030273e+00 8.255237936973571777e-01 -9.505957365036010742e-01
-1.684100031852722168e+00 1.064281702041625977e+00 9.723921418190002441e-01 2.864246964454650879e-01 1.230544209480285645e+00 2.197728395462036133e+00 4.046066701412200928e-01 1.672601222991943359e+00 -4.560389041900634766e+00 -1.204690217971801758e+00
-9.499219059944152832e-02 -3.099244087934494019e-02 2.658964157104492188e+00 -1.896213293075561523e+00 -2.318601369857788086e+00 2.395624160766601562e+00 6.643436551094055176e-01 -3.936347007751464844e+00 2.031133621931076050e-01 -2.145559072494506836e+00
1.452685892581939697e-01 3.472746849060058594e+00 8.780774474143981934e-01 2.202414512634277344e+00 1.645052909851074219e+00 3.332462549209594727e+00 2.701201677322387695e+00 -2.761406898498535156e+00 2.667964935302734375e+00 3.141455173492431641e+00
-2.244795560836791992e-01 -7.259593605995178223e-01 3.791071176528930664e+00 3.637447357177734375e+00 -8.680743575096130371e-01 4.227107763290405273e-01 4.353004395961761475e-01 7.212460041046142578e-01 -2.690264284610748291e-01 1.807166457176208496e+00
-2.756456375122070312e+00 5.460595488548278809e-01 1.398801803588867188e+00 -6.481512784957885742e-01 1.460551857948303223e+00 3.754466295242309570e+00 -8.333572745323181152e-02 1.021299481391906738e+00 -3.381857633590698242e+00 -1.152660250663757324e+00
-3.420071005821228027e-01 -1.828729748725891113e+00 2.487666368484497070e+00 -2.822914361953735352e+00 -3.632345438003540039e+00 2.822059392929077148e+00 -5.565665960311889648e-01 -2.693366050720214844e+00 4.867378771305084229e-01 -1.361736178398132324e+00
-4.258584603667259216e-02 1.005600929260253906e+00 -4.356060624122619629e-01 7.188097834587097168e-01 -3.609038829803466797e+00 4.738884925842285156e+00 -7.396605014801025391e-01 3.124095499515533447e-01 -1.626315236091613770e+00 1.254258871078491211e+00
1.345591902732849121e+00 -1.350623607635498047e+00 -2.173451900482177734e+00 7.140081524848937988e-01 1.597784757614135742e+00 5.325021743774414062e+00 5.505786538124084473e-01 1.856460690498352051e+00 1.063659787178039551e+00 -7.915259003639221191e-01
-4.344420433044433594e+00 1.117076396942138672e+00 -7.243553400039672852e-01 2.907205224037170410e-01 -3.339640855789184570e+00 2.553195714950561523e+00 1.500542908906936646e-01 -6.665729284286499023e-01 2.492488384246826172e+00 2.754934787750244141e+00
5.667570605874061584e-02 -7.157648801803588867e-01 1.887349128723144531e+00 -1.133924245834350586e+00 -2.976235866546630859e+00 3.076633453369140625e+00 -3.477558791637420654e-01 -3.279151916503906250e+00 1.526923775672912598e+00 -2.584844827651977539e+00
1.094357013702392578e+00 -6.804953217506408691e-01 2.900156259536743164e+00 3.570419788360595703e+00 -4.601190090179443359e-01 5.269075632095336914e-01 2.076918125152587891e+00 9.480403661727905273e-01 1.259077191352844238e+00 -3.831892013549804688e-01
2.218392848968505859e+00 -2.857932567596435547e+00 -1.234554052352905273e+00 -3.208871364593505859e+00 -1.773379445075988770e+00 2.934663057327270508e+00 7.656498551368713379e-01 8.081487417221069336e-01 6.172013878822326660e-01 2.239113092422485352e+00
2.146420001983642578e+00 -1.334206819534301758e+00 -6.752232909202575684e-01 -3.999876499176025391e+00 -1.093782067298889160e+00 3.387267351150512695e+00 -1.678529500961303711e+00 1.736059904098510742e+00 3.195036947727203369e-01 3.401566267013549805e+00
-4.949938297271728516e+00 4.283592700958251953e-01 -8.524166345596313477e-01 1.645224213600158691e+00 -3.353043079376220703e+00 1.187636256217956543e+00 -1.183098435401916504e+00 -1.333524227142333984e+00 1.659777402877807617e+00 3.691315174102783203e+00
-1.917147397994995117e+00 1.486902117729187012e+00 5.323580265045166016e+00 -2.532241344451904297e+00 3.887891173362731934e-01 3.143081426620483398e+00 -3.061206340789794922e+00 -4.294445991516113281e+00 3.289019167423248291e-01 -2.604311466217041016e+00
-1.284478545188903809e+00 -5.079334974288940430e-01 4.083695888519287109e+00 4.092530250549316406e+00 1.621779650449752808e-01 2.762525975704193115e-01 -8.210936784744262695e-01 7.854630351066589355e-01 2.036328166723251343e-01 1.844844341278076172e+00
4.968162178993225098e-01 4.087377071380615234e+00 9.516361355781555176e-01 1.902216553688049316e+00 3.750951528549194336e+00 3.381701469421386719e+00 6.217095255851745605e-01 -3.190894126892089844e+00 1.551367759704589844e+00 2.864844083786010742e+00
-8.532690405845642090e-01 -1.134937524795532227e+00 2.506078481674194336e+00 -1.527500033378601074e+00 -2.887449502944946289e+00 2.005902528762817383e+00 -6.019300818443298340e-01 -2.556801557540893555e+00 3.653312623500823975e-01 -1.401410222053527832e+00
1.348132014274597168e+00 1.383684396743774414e+00 -1.520056486129760742e+00 1.071332812309265137e+00 -2.868614196777343750e+00 4.937988758087158203e+00 3.744585812091827393e-02 -4.742467105388641357e-01 -1.975742578506469727e+00 5.935313701629638672e-01
-2.958183586597442627e-01 -9.091727733612060547e-01 2.704210996627807617e+00 -2.056372642517089844e+00 -2.676321268081665039e+00 2.192535400390625000e+00 6.493268013000488281e-01 -3.010202407836914062e+00 7.353977560997009277e-01 -1.409465074539184570e+00
-3.749937295913696289e+00 1.691511154174804688e+00 -2.381750792264938354e-01 -1.799299567937850952e-01 -3.822158336639404297e+00 1.138970136642456055e+00 -7.554272413253784180e-01 -5.173944681882858276e-02 1.584792375564575195e+00 4.764417648315429688e+00
-2.328583002090454102e-01 -2.375061035156250000e+00 3.069053173065185547e+00 3.185385227203369141e+00 -1.089153289794921875e+00 7.961189746856689453e-01 -1.254485696554183960e-01 1.376629352569580078e+00 2.581082880496978760e-01 1.891142725944519043e+00
2.261371016502380371e-01 -1.964342355728149414e+00 4.259900569915771484e+00 2.872933864593505859e+00 7.469559311866760254e-01 -9.254773855209350586e-01 -6.170016527175903320e-01 3.718884289264678955e-01 -7.637255191802978516e-01 2.618435144424438477e+00
-9.817506074905395508e-01 3.548582553863525391e+00 5.254726409912109375e+00 -1.551807522773742676e+00 1.004375815391540527e+00 4.322418212890625000e+00 -1.072231531143188477e+00 1.253482341766357422e+00 1.880338311195373535e+00 3.809342622756958008e+00
-1.161734938621520996e+00 -2.248135328292846680e+00 2.578003644943237305e+00 3.361364364624023438e+00 -1.378789663314819336e+00 4.352926015853881836e-01 1.167021512985229492e+00 2.015698909759521484e+00 -4.423008859157562256e-01 1.665707588195800781e+00
-1.154825806617736816e+00 -1.068440198898315430e+00 -2.568976879119873047e-01 3.598743081092834473e-01 -1.035923719406127930e+00 1.479675412178039551e+00 9.056617021560668945e-01 2.450469970703125000e+00 -4.320744037628173828e+00 -1.814761757850646973e+00
-2.213034152984619141e+00 1.204528570175170898e+00 1.239382147789001465e+00 -1.656858175992965698e-01 1.423807144165039062e+00 2.783929586410522461e+00 1.096207052469253540e-01 1.559161424636840820e+00 -4.381681919097900391e+00 -1.055162310600280762e+00
-1.178712844848632812e-01 -1.817581534385681152e+00 2.505930423736572266e+00 2.960538387298583984e+00 -1.192920088768005371e+00 1.572613596916198730e+00 1.551967024803161621e+00 1.341788530349731445e+00 1.625799179077148438e+00 7.836182713508605957e-01
4.871501028537750244e-01 -2.241950273513793945e+00 3.391113758087158203e+00 3.143513679504394531e+00 -5.664421617984771729e-02 4.475809633731842041e-01 -1.652242898941040039e+00 2.357522726058959961e+00 -8.133864998817443848e-01 1.220916032791137695e+00
-2.653029441833496094e+00 1.627241373062133789e+00 1.628942370414733887e+00 3.237683326005935669e-02 2.486935615539550781e+00 3.462407827377319336e+00 1.118448972702026367e-01 9.632952809333801270e-01 -3.739896774291992188e+00 -1.375633120536804199e+00
-6.904737949371337891e-01 4.368460178375244141e+00 7.982697486877441406e-01 1.326796889305114746e+00 2.021682262420654297e+00 3.821070909500122070e+00 1.581218242645263672e+00 -1.696119189262390137e+00 2.292079448699951172e+00 3.208177089691162109e+00
4.343415200710296631e-01 1.345073223114013672e+00 -1.135465621948242188e+00 2.874089956283569336e+00 2.330647706985473633e+00 6.057246685028076172e+00 -1.556105613708496094e+00 2.842843770980834961e+00 2.286884784698486328e+00 -4.537420868873596191e-01
6.086159124970436096e-02 2.822103023529052734e+00 -7.056107521057128906e-01 1.278204798698425293e+00 -3.113898515701293945e+00 5.726608753204345703e+00 -1.710551738739013672e+00 3.100529015064239502e-01 -1.508055806159973145e+00 1.255942106246948242e+00
6.322897672653198242e-01 -1.812151193618774414e+00 3.281253814697265625e+00 2.071004390716552734e+00 -5.105379223823547363e-01 3.710652887821197510e-01 2.638479948043823242e+00 6.538467407226562500e-01 7.025266885757446289e-01 2.188613414764404297e+00
8.244338035583496094e-01 -4.647955596446990967e-01 2.887607574462890625e+00 4.797660350799560547e+00 -7.530199885368347168e-01 5.508248209953308105e-01 -4.629789888858795166e-01 1.211329579353332520e+00 5.575634241104125977e-01 1.968633770942687988e+00
-5.409919261932373047e+00 3.322989225387573242e+00 7.427772283554077148e-01 4.841250479221343994e-01 -2.775011301040649414e+00 2.208036184310913086e+00 -4.111170768737792969e+00 -8.726218342781066895e-01 2.167545318603515625e+00 5.435053348541259766e+00
1.090791225433349609e+00 -2.883398294448852539e+00 -1.003694653511047363e+00 -2.872578144073486328e+00 -2.498924493789672852e+00 2.740201711654663086e+00 -4.575715959072113037e-02 2.348623037338256836e+00 9.843189120292663574e-01 2.989273071289062500e+00
-2.064218521118164062e+00 6.733903288841247559e-01 -2.054136246442794800e-01 6.369230747222900391e-01 2.553077042102813721e-01 2.330274343490600586e+00 1.377102136611938477e+00 1.798545598983764648e+00 -4.194601535797119141e+00 -1.793910861015319824e+00
9.784760884940624237e-03 -1.950664997100830078e+00 3.319156169891357422e+00 2.738633155822753906e+00 -4.014288187026977539e-01 -1.459413468837738037e-01 1.996511220932006836e+00 9.038969278335571289e-01 8.376906067132949829e-02 1.903324246406555176e+00
-4.454266428947448730e-01 -1.181869864463806152e+00 2.768800735473632812e+00 -2.405885219573974609e+00 -2.368916988372802734e+00 2.273502588272094727e+00 5.014865994453430176e-01 -3.867577075958251953e+00 -5.325271487236022949e-01 -1.947902560234069824e+00
-3.350530385971069336e+00 1.533254534006118774e-01 -1.031423330307006836e+00 1.685513138771057129e+00 -3.360841035842895508e+00 2.388448476791381836e+00 -7.551738023757934570e-01 -7.214940190315246582e-01 2.802153825759887695e+00 2.743791580200195312e+00
1.041469454765319824e+00 -1.808647274971008301e+00 -6.747657656669616699e-01 -4.239046573638916016e+00 -1.735172152519226074e+00 2.783020496368408203e+00 -6.181405186653137207e-01 2.545881271362304688e+00 1.599611490964889526e-01 3.755450248718261719e+00
-1.533468842506408691e+00 -1.987859010696411133e+00 1.902472257614135742e+00 -8.506012558937072754e-01 2.325263977050781250e+00 5.468899250030517578e+00 -3.000345468521118164e+00 -5.616313457489013672e+00 -3.635016381740570068e-01 2.155270576477050781e+00
-2.489533424377441406e+00 -1.170971151441335678e-02 -1.484214901924133301e+00 1.021496176719665527e+00 -4.203207492828369141e+00 1.901816368103027344e+00 7.758424282073974609e-01 -1.183765411376953125e+00 2.541045665740966797e+00 2.834208726882934570e+00
-3.216483294963836670e-01 -2.587325572967529297e+00 3.627954721450805664e-01 4.090380072593688965e-01 -6.307404041290283203e-01 5.375418186187744141e+00 -1.621666431427001953e+00 -5.003005981445312500e+00 7.668403983116149902e-01 2.380917310714721680e+00
-2.157845735549926758e+00 6.786844134330749512e-01 1.049528002738952637e+00 -1.695346683263778687e-01 1.363882660865783691e+00 2.282913208007812500e+00 -6.987421214580535889e-02 1.656186103820800781e+00 -4.434082984924316406e+00 -1.177633643150329590e+00
-1.038825869560241699e+00 -1.793020009994506836e+00 3.568644762039184570e+00 3.307193279266357422e+00 -4.839438796043395996e-01 4.435146450996398926e-01 1.231142997741699219e+00 5.904780030250549316e-01 3.445846736431121826e-01 1.114615559577941895e+00
-2.905012667179107666e-01 4.207823753356933594e+00 9.237807393074035645e-01 2.437955379486083984e+00 2.036531209945678711e+00 3.102042198181152344e+00 2.013963937759399414e+00 -2.638805389404296875e+00 2.911873102188110352e+00 3.205729484558105469e+00
9.232867360115051270e-01 -8.193631172180175781e-01 -1.751026630401611328e+00 1.012856960296630859e+00 1.623121023178100586e+00 5.163967609405517578e+00 -2.543110772967338562e-02 2.071703433990478516e+00 1.257688760757446289e+00 -4.338542222976684570e-01
