2.220889180898666382e-01 3.440930843353271484e-01 2.062413543462753296e-01 -1.008018702268600464e-01 2.099747397005558014e-02
-7.235133647918701172e-02 -9.991917759180068970e-02 -5.548338592052459717e-02 1.377965807914733887e-01 -2.528272271156311035e-01
3.104108013212680817e-02 -3.012205362319946289e-01 2.150352001190185547e-01 2.219955250620841980e-02 3.446181118488311768e-01
3.101439177989959717e-01 1.308282762765884399e-01 -3.242805302143096924e-01 2.696781158447265625e-01 1.848479509353637695e-01
-1.041239425539970398e-01 -1.134829744696617126e-01 -2.750683724880218506e-01 7.296728901565074921e-03 -1.096548959612846375e-01
1.189623773097991943e-01 -1.613212823867797852e-01 1.316175702959299088e-02 1.682663336396217346e-02 2.200424522161483765e-01
-1.915065497159957886e-01 -2.557660043239593506e-01 -1.718729035928845406e-03 -1.326356679201126099e-01 -1.486715674400329590e-01
2.013719230890274048e-01 -2.383299618959426880e-01 2.005775272846221924e-01 -1.477723661810159683e-02 3.733951449394226074e-01
-2.001053541898727417e-01 -2.304281145334243774e-01 1.415910720825195312e-01 -1.454210728406906128e-01 -2.412085533142089844e-01
7.416879385709762573e-02 7.536154240369796753e-02 2.195595651865005493e-01 -7.420696318149566650e-02 -1.656118333339691162e-01
-1.326688677072525024e-01 -8.036612719297409058e-02 -2.723025530576705933e-02 3.957295790314674377e-02 3.816581889986991882e-02
-1.240210724063217640e-03 1.987275332212448120e-01 1.062192618846893311e-01 -7.878023199737071991e-03 7.418933510780334473e-02
-2.845973670482635498e-01 -9.167564660310745239e-02 -2.555686831474304199e-01 2.616913318634033203e-01 1.947507858276367188e-01
1.591982096433639526e-01 -5.812651664018630981e-02 9.605572558939456940e-03 -7.908666878938674927e-02 2.735783457756042480e-01
2.442280761897563934e-02 -8.814348280429840088e-02 -5.582121014595031738e-02 1.299669593572616577e-01 5.149530712515115738e-03
-1.671110279858112335e-02 -6.074465438723564148e-02 -8.038317412137985229e-02 -1.310421992093324661e-02 -5.732579156756401062e-02
1.101186424493789673e-01 6.536350399255752563e-02 -1.528032273054122925e-01 1.516980081796646118e-01 -3.695554435253143311e-01
-1.258925348520278931e-01 -2.334477454423904419e-01 2.397957146167755127e-01 -2.905623912811279297e-01 -2.552978992462158203e-01
-2.467382103204727173e-01 -2.029943317174911499e-01 1.244016066193580627e-01 1.043472588062286377e-01 -1.152212917804718018e-01
1.060303598642349243e-01 -3.271488100290298462e-02 -1.515402048826217651e-01 7.591406814754009247e-03 -9.189205616712570190e-02
5.382353439927101135e-02 -5.812726169824600220e-02 -5.620676279067993164e-02 -2.854922041296958923e-02 -1.330849528312683105e-01
-1.642898172140121460e-01 -7.085105031728744507e-02 -1.305362582206726074e-01 3.721613064408302307e-02 -3.443787619471549988e-02
1.315884143114089966e-01 3.842552304267883301e-01 -6.497764587402343750e-02 -3.417356312274932861e-02 8.193211629986763000e-03
-5.088188126683235168e-02 -9.233961254358291626e-02 -1.249778196215629578e-01 1.571567505598068237e-01 -5.736139416694641113e-02
-1.566618122160434723e-02 -2.411633580923080444e-01 1.607707887887954712e-01 -1.204825416207313538e-01 2.563059031963348389e-01
-1.226565241813659668e-01 -1.325576305389404297e-01 -3.167323768138885498e-01 -4.850057139992713928e-02 -1.012124270200729370e-01
2.476562112569808960e-01 -1.827624291181564331e-01 2.343883663415908813e-01 -4.088376462459564209e-02 2.222126275300979614e-01
2.785405144095420837e-03 -5.541420727968215942e-02 -3.182959556579589844e-01 2.326092422008514404e-01 1.595106124877929688e-01
-7.078232616186141968e-02 3.917493522167205811e-01 -1.894935220479965210e-02 -3.484632968902587891e-01 -1.861390769481658936e-01
-7.754220068454742432e-02 7.903093099594116211e-02 -2.290108799934387207e-01 3.049475252628326416e-01 5.339710507541894913e-03
3.565347790718078613e-01 4.864513128995895386e-02 -2.450281232595443726e-01 3.154207170009613037e-01 1.654721647500991821e-01
-2.322367280721664429e-01 2.324979156255722046e-01 -5.412138253450393677e-02 -2.821882367134094238e-01 -3.948916494846343994e-02
1.915886402130126953e-01 3.365001976490020752e-01 1.020724698901176453e-01 -2.025681287050247192e-01 -9.183323010802268982e-03
-5.338521674275398254e-03 -9.977739304304122925e-03 -3.336481153964996338e-01 8.620999753475189209e-02 5.110403522849082947e-02
1.101661995053291321e-01 -1.954310387372970581e-02 -2.221318334341049194e-01 5.114216729998588562e-02 -6.625689566135406494e-02
5.601118206977844238e-01 4.714054465293884277e-01 1.424368768930435181e-01 3.443024158477783203e-01 2.182255685329437256e-01
3.510247468948364258e-01 4.531414210796356201e-01 -1.389583200216293335e-01 4.734896421432495117e-01 1.804291605949401855e-01
-1.717159640975296497e-03 4.500029981136322021e-02 -4.412227869033813477e-01 5.897567048668861389e-02 -1.041440665721893311e-01
3.251645267009735107e-01 3.464184105396270752e-01 -1.071177944540977478e-01 4.100340604782104492e-01 2.977680563926696777e-01
-2.458085566759109497e-01 -2.912102639675140381e-01 -1.186442449688911438e-01 4.944588989019393921e-02 -3.721624985337257385e-02
-3.483108803629875183e-02 1.352860480546951294e-01 2.838817536830902100e-01 -2.062872946262359619e-01 -3.719217330217361450e-02
2.434711717069149017e-02 4.486831277608871460e-02 -3.126021623611450195e-01 -5.414289422333240509e-03 -7.112372666597366333e-02
1.701544672250747681e-01 1.961997151374816895e-02 -2.235912531614303589e-01 9.063256531953811646e-02 -1.095347255468368530e-01
5.558942630887031555e-02 -8.206415921449661255e-02 -2.908176928758621216e-02 6.584672629833221436e-02 -8.707145601511001587e-02
4.136360883712768555e-01 3.684304058551788330e-01 -1.334455162286758423e-01 5.052121281623840332e-01 2.940825819969177246e-01
6.339369714260101318e-02 -1.541157811880111694e-01 -7.594689261168241501e-03 -6.020408496260643005e-02 1.731650978326797485e-01
-1.986211091279983521e-01 -2.253173589706420898e-01 1.029976410791277885e-03 -2.609002962708473206e-02 -1.952200233936309814e-01
-4.926563203334808350e-01 -3.508349359035491943e-01 -2.536274120211601257e-02 -2.433615177869796753e-01 -3.274408578872680664e-01
-9.110134094953536987e-02 -2.298347502946853638e-01 6.092400103807449341e-02 -1.060082316398620605e-01 1.835947781801223755e-01
2.285137623548507690e-01 9.748924523591995239e-02 -1.723666787147521973e-01 9.792598336935043335e-02 -1.214393973350524902e-01
1.991789489984512329e-01 2.849199771881103516e-01 -9.317894279956817627e-02 5.442504882812500000e-01 2.820718586444854736e-01
1.892749518156051636e-01 1.612372249364852905e-01 -2.235469073057174683e-01 2.112115174531936646e-01 5.859318748116493225e-02
-2.380142658948898315e-01 -4.820380359888076782e-02 -2.376022040843963623e-01 8.382162451744079590e-02 -1.339032649993896484e-01
4.292822256684303284e-02 -1.104696914553642273e-01 -2.513890862464904785e-01 -1.114955265074968338e-02 -1.706412285566329956e-01
1.188632771372795105e-01 -1.169753447175025940e-01 8.399311453104019165e-02 -1.364407837390899658e-01 1.609199941158294678e-01
1.692969948053359985e-01 9.632407873868942261e-02 -3.671809136867523193e-01 2.907468080520629883e-01 2.190351486206054688e-01
-4.640826955437660217e-03 -1.320750713348388672e-01 -7.289681583642959595e-02 1.471912115812301636e-01 -7.113962620496749878e-02
5.803972110152244568e-02 1.508847624063491821e-01 3.023864626884460449e-01 -2.115569710731506348e-01 -1.625350117683410645e-01
4.147230684757232666e-01 4.835225939750671387e-01 -4.329146444797515869e-02 5.674969553947448730e-01 3.293088376522064209e-01
-2.581077516078948975e-01 -3.410868644714355469e-01 3.602373972535133362e-02 -2.490158751606941223e-02 -1.988553702831268311e-01
-6.964579969644546509e-02 -2.094591110944747925e-01 4.854107648134231567e-02 2.570928335189819336e-01 -1.045077592134475708e-01
-1.421927660703659058e-01 -2.195946276187896729e-01 2.158444523811340332e-01 -9.032331407070159912e-02 1.172260940074920654e-01
7.653212174773216248e-03 3.837238550186157227e-01 1.808900386095046997e-01 3.576631657779216766e-03 -2.166640758514404297e-01
-5.832592025399208069e-02 3.305585980415344238e-01 -2.110496163368225098e-02 -9.940432757139205933e-02 -4.886906221508979797e-02
-3.690499365329742432e-01 -2.874134182929992676e-01 1.284240931272506714e-01 -2.003983408212661743e-01 -1.630449891090393066e-01
-3.705863356590270996e-01 -1.893300712108612061e-01 -2.151804566383361816e-01 -8.300886303186416626e-02 -1.830179393291473389e-01
-1.155328191816806793e-02 -2.398557066917419434e-01 9.738810360431671143e-02 -3.364093974232673645e-02 3.780732750892639160e-01
-1.374810636043548584e-01 -4.536975175142288208e-02 -3.191602528095245361e-01 2.571165189146995544e-02 -9.906655550003051758e-02
-7.370601594448089600e-02 -8.447641134262084961e-02 -5.365700274705886841e-02 1.846425980329513550e-01 -3.097139485180377960e-02
7.225966453552246094e-02 1.147457882761955261e-01 2.643097937107086182e-01 -5.345379188656806946e-02 8.787127211689949036e-03
-1.543699391186237335e-02 -1.831118464469909668e-01 -1.042355224490165710e-01 2.223182171583175659e-01 -1.154890730977058411e-01
-3.751799166202545166e-01 -3.186105787754058838e-01 2.073430223390460014e-03 2.302788570523262024e-02 5.525172874331474304e-02
2.812573872506618500e-02 -2.443517595529556274e-01 2.444873005151748657e-01 -1.785910427570343018e-01 2.195490300655364990e-01
-2.136660963296890259e-01 -3.160187602043151855e-01 2.676977217197418213e-01 -1.700602918863296509e-01 4.134968221187591553e-01
4.877146705985069275e-02 1.223446428775787354e-01 -2.594619244337081909e-02 1.045554876327514648e-01 -5.046990513801574707e-01
1.966529935598373413e-01 -1.676128655672073364e-01 1.328123956918716431e-01 -9.721190435811877251e-04 3.976534008979797363e-01
4.132973551750183105e-01 1.163683459162712097e-01 -2.861508429050445557e-01 3.066227734088897705e-01 1.438135951757431030e-01
3.021243512630462646e-01 1.234914287924766541e-01 -3.641783297061920166e-01 4.422698020935058594e-01 6.377010047435760498e-02
1.174864694476127625e-01 -1.596090942621231079e-01 1.158041134476661682e-01 2.916112542152404785e-02 2.706120610237121582e-01
-7.840137183666229248e-02 -2.478988021612167358e-01 9.386793710291385651e-03 -8.876556903123855591e-02 4.031381607055664062e-01
1.526038162410259247e-02 -2.554372698068618774e-02 -3.044674694538116455e-01 2.794466018676757812e-01 1.515622437000274658e-01
9.094345569610595703e-02 1.022346690297126770e-01 -2.962273657321929932e-01 6.423019617795944214e-02 -4.211153388023376465e-01
2.396428734064102173e-01 3.907772600650787354e-01 -2.693048417568206787e-01 4.149387478828430176e-01 2.440061718225479126e-01
8.663254976272583008e-02 2.104068249464035034e-01 2.797963023185729980e-01 -2.474493831396102905e-01 -9.656985104084014893e-02
1.797472834587097168e-01 -1.926157623529434204e-01 2.728465497493743896e-01 -1.708743572235107422e-01 1.675124317407608032e-01
-4.566404595971107483e-02 -1.569958627223968506e-01 5.596522614359855652e-02 -4.597056284546852112e-02 1.430107802152633667e-01
-6.241999268531799316e-01 -2.777015566825866699e-01 -2.559193372726440430e-01 3.088575229048728943e-02 -1.354126930236816406e-01
1.913117915391921997e-01 3.981692790985107422e-01 1.033547893166542053e-01 -1.763138324022293091e-01 -4.732938855886459351e-02
3.764725923538208008e-01 7.443799823522567749e-02 -1.756895780563354492e-01 4.847972095012664795e-01 2.934618387371301651e-03
1.045195013284683228e-01 -1.688181310892105103e-01 3.546240031719207764e-01 -6.776724755764007568e-02 2.516510784626007080e-01
-9.950803220272064209e-02 -1.111541017889976501e-01 -5.738975852727890015e-02 1.384209543466567993e-01 3.817600011825561523e-02
1.712339371442794800e-01 -1.813914626836776733e-01 1.572125405073165894e-01 -7.085528923198580742e-04 -9.894219785928726196e-02
4.182947799563407898e-02 4.275283217430114746e-01 -1.322570592164993286e-01 -7.790647447109222412e-02 -1.726050376892089844e-01
1.370885036885738373e-02 -5.769975949078798294e-03 -2.342327088117599487e-01 1.921312063932418823e-01 3.150090202689170837e-02
4.681295156478881836e-02 -2.821969389915466309e-01 4.429435729980468750e-02 8.963969349861145020e-02 -1.401882618665695190e-01
1.313029527664184570e-01 1.567444950342178345e-02 -1.686757355928421021e-01 4.144972935318946838e-02 -9.702238440513610840e-02
8.151727914810180664e-02 -3.534958511590957642e-02 -3.876232802867889404e-01 2.051157206296920776e-01 1.108819395303726196e-01
1.751285642385482788e-01 -1.609085053205490112e-01 1.058046892285346985e-01 -1.554933260194957256e-03 2.259438335895538330e-01
-1.961493678390979767e-02 4.522643517702817917e-03 -2.057628184556961060e-01 -1.455084830522537231e-01 -1.916878968477249146e-01
3.403665423393249512e-01 2.445706129074096680e-01 -8.520898967981338501e-02 4.967306852340698242e-01 2.977918386459350586e-01
