-1.794500201940536499e-01 2.753995060920715332e-01 1.709836162626743317e-02 1.352497935295104980e-01 -1.533191744238138199e-02 2.101701050996780396e-01 -2.376895099878311157e-01 -1.699639558792114258e-01 2.423090040683746338e-01 -2.871991395950317383e-01 -4.995512068271636963e-01 2.211850136518478394e-01 1.196741163730621338e-01 2.605083584785461426e-01 2.303205877542495728e-01
2.994235157966613770e-01 1.911985687911510468e-02 -3.171762824058532715e-01 2.228586822748184204e-01 -3.426724374294281006e-01 9.447068721055984497e-02 -4.207643121480941772e-02 3.399773314595222473e-02 1.903741657733917236e-01 -1.573671102523803711e-01 -3.474328815937042236e-01 1.947542876005172729e-01 -2.688282728195190430e-01 4.005544185638427734e-01 -1.969136297702789307e-01
-8.013206720352172852e-02 3.247233927249908447e-01 1.230799332261085510e-01 -5.334553867578506470e-02 1.916376054286956787e-01 1.108523383736610413e-01 1.057629287242889404e-01 -3.879370987415313721e-01 -1.975170373916625977e-01 1.426527798175811768e-01 1.363076176494359970e-02 2.810194790363311768e-01 -8.421416580677032471e-02 1.079449802637100220e-01 -1.840775161981582642e-01
-5.387561321258544922e-01 1.464146971702575684e-01 -7.877448946237564087e-02 2.449224330484867096e-02 4.259795546531677246e-01 -3.115340508520603180e-02 -2.279980331659317017e-01 -1.317972838878631592e-01 -1.518271565437316895e-01 1.598754078149795532e-01 -1.561877578496932983e-01 -2.019738703966140747e-01 4.033371210098266602e-01 -7.341654598712921143e-02 2.748032212257385254e-01
1.315435916185379028e-01 -2.537252604961395264e-01 -1.898794323205947876e-01 2.128901779651641846e-01 -8.884107321500778198e-02 2.593723535537719727e-01 2.601631358265876770e-02 2.240464985370635986e-01 -1.521471291780471802e-01 5.358640477061271667e-02 -3.073250055313110352e-01 -4.280740767717361450e-02 3.654693439602851868e-02 2.946178019046783447e-01 1.948375403881072998e-01
5.604602023959159851e-02 1.137233674526214600e-01 2.049999982118606567e-01 -3.603938966989517212e-02 -3.470321418717503548e-03 1.103905513882637024e-01 2.941846847534179688e-02 -2.180138081312179565e-01 -1.234153732657432556e-01 1.083390861749649048e-01 -8.210158348083496094e-02 3.413995206356048584e-01 -7.930697500705718994e-02 1.559614241123199463e-01 -1.025981977581977844e-01
3.013093471527099609e-01 1.741926521062850952e-01 2.598013915121555328e-02 -4.119390994310379028e-02 -2.470452487468719482e-01 -8.282303065061569214e-02 -2.379508316516876221e-02 -1.837710738182067871e-01 3.292515128850936890e-02 1.084090769290924072e-01 -1.544855386018753052e-01 1.636741310358047485e-01 -7.523629069328308105e-02 2.453361451625823975e-01 -1.015328392386436462e-01
2.853048145771026611e-01 9.357063472270965576e-02 1.757697165012359619e-01 2.474291063845157623e-02 4.107579588890075684e-02 1.708417534828186035e-01 1.066319569945335388e-01 -2.801907062530517578e-01 -9.462016075849533081e-02 1.583614945411682129e-01 -1.861756145954132080e-01 3.561859428882598877e-01 -1.875182688236236572e-01 1.834847629070281982e-01 -1.741512119770050049e-01
9.166701138019561768e-02 3.229822218418121338e-01 -1.385504603385925293e-01 -5.061129480600357056e-02 -1.291410923004150391e-01 -1.346838772296905518e-01 -1.287330687046051025e-01 -2.936243712902069092e-01 -2.105590105056762695e-01 1.618606150150299072e-01 1.380368471145629883e-01 -6.625200062990188599e-02 1.103627085685729980e-01 2.648234665393829346e-01 -2.153858691453933716e-01
1.476429700851440430e-01 2.787270843982696533e-01 5.873883888125419617e-02 -3.373863548040390015e-02 -1.941031813621520996e-01 -1.282919049263000488e-01 -2.014492452144622803e-02 2.311238646507263184e-01 -1.552296131849288940e-01 -1.579784154891967773e-01 -4.633282721042633057e-01 4.318343102931976318e-02 -1.729820370674133301e-01 2.465006262063980103e-01 -1.481005996465682983e-01
5.034039616584777832e-01 3.659484907984733582e-02 -4.226867556571960449e-01 3.006563484668731689e-01 -4.148315787315368652e-01 2.932099066674709320e-02 6.412700563669204712e-02 1.848031878471374512e-01 1.661023050546646118e-01 -1.649167239665985107e-01 -5.074223279953002930e-01 2.016909271478652954e-01 -3.511400520801544189e-01 5.442015528678894043e-01 -1.476978659629821777e-01
-2.042359411716461182e-01 2.644436061382293701e-01 2.043941766023635864e-01 -2.658108435571193695e-02 3.575879335403442383e-01 -2.810206711292266846e-01 3.528185188770294189e-02 -2.096085995435714722e-01 2.713716924190521240e-01 6.273021548986434937e-02 -6.605190038681030273e-01 1.868180036544799805e-01 5.025471001863479614e-02 1.114309579133987427e-01 2.688064277172088623e-01
1.537756435573101044e-02 1.885982006788253784e-01 6.801053136587142944e-02 7.186319679021835327e-02 -1.043130606412887573e-01 -3.787925094366073608e-02 3.452108800411224365e-01 9.335979074239730835e-02 -1.252842694520950317e-01 -1.782312691211700439e-01 -2.631429731845855713e-01 7.692717015743255615e-02 -1.653680950403213501e-02 6.070266291499137878e-02 -1.671880036592483521e-01
-2.630578875541687012e-01 2.768993973731994629e-01 9.916157275438308716e-02 4.523561149835586548e-02 1.826863437891006470e-01 1.368670165538787842e-01 2.180782705545425415e-01 -4.160279631614685059e-01 -1.962521970272064209e-01 2.562043964862823486e-01 -1.642714291810989380e-01 2.137053757905960083e-01 -3.216527402400970459e-02 2.213308401405811310e-02 -2.298777848482131958e-01
3.708701431751251221e-01 2.790232654660940170e-03 -4.016125798225402832e-01 3.016669154167175293e-01 -3.920270204544067383e-01 1.638045459985733032e-01 -1.296749860048294067e-01 1.283436566591262817e-01 2.387573122978210449e-01 -2.695675790309906006e-01 -4.537812173366546631e-01 2.212764173746109009e-01 -4.249138832092285156e-01 4.330041408538818359e-01 -1.049383357167243958e-01
4.122749567031860352e-01 1.912327706813812256e-01 -3.985460400581359863e-01 4.101634025573730469e-01 -2.906219065189361572e-01 -1.400102972984313965e-01 1.740854084491729736e-01 1.516984701156616211e-01 1.650516688823699951e-01 -1.820936203002929688e-01 -5.493115782737731934e-01 1.688352674245834351e-01 -3.334894776344299316e-01 5.936402678489685059e-01 -1.320975869894027710e-01
-1.035549491643905640e-01 1.320746988058090210e-01 1.272653192281723022e-01 -2.127145789563655853e-02 -1.496770652011036873e-03 1.020335033535957336e-01 -2.237949818372726440e-01 -2.389512360095977783e-01 -3.995311856269836426e-01 3.240005970001220703e-01 -6.535255350172519684e-03 -6.640658713877201080e-03 2.931925952434539795e-01 -1.578044295310974121e-01 1.149282231926918030e-01
8.699735999107360840e-02 2.877432405948638916e-01 -1.329541206359863281e-01 -5.909918993711471558e-02 -3.325645327568054199e-01 4.712080210447311401e-02 -1.486405581235885620e-01 -1.929964423179626465e-01 -1.176931783556938171e-01 1.551845818758010864e-01 4.782973229885101318e-02 1.086336672306060791e-01 1.109899580478668213e-02 1.453999429941177368e-01 -1.766386777162551880e-01
1.955572068691253662e-01 1.951819211244583130e-01 9.471067041158676147e-02 -8.509018272161483765e-02 -1.042915359139442444e-01 2.078326605260372162e-02 -4.940197616815567017e-02 -1.324776858091354370e-01 4.149457067251205444e-02 1.653248220682144165e-01 -1.342481970787048340e-01 2.624540030956268311e-02 5.295893177390098572e-02 2.282458841800689697e-01 3.393414989113807678e-02
1.521548330783843994e-01 1.544009894132614136e-01 -9.579856880009174347e-03 3.906752914190292358e-02 -1.355382651090621948e-01 1.403931081295013428e-01 2.917071580886840820e-01 4.720307141542434692e-02 6.166591495275497437e-02 -1.407050490379333496e-01 -3.697682917118072510e-01 1.842600852251052856e-01 -1.893900036811828613e-01 1.371108293533325195e-01 -1.797113865613937378e-01
4.898486658930778503e-02 1.684124618768692017e-01 3.144295141100883484e-02 -1.326934844255447388e-01 -1.407009810209274292e-01 -1.011850610375404358e-01 -9.202234447002410889e-02 -1.601077020168304443e-01 -2.137565519660711288e-03 2.993968129158020020e-01 -1.184885874390602112e-01 3.730272501707077026e-02 8.411564677953720093e-02 6.590370833873748779e-02 -1.705306395888328552e-02
4.032718539237976074e-01 1.928801089525222778e-01 -4.797927141189575195e-01 3.073510825634002686e-01 -3.104587793350219727e-01 1.296751499176025391e-01 3.098298609256744385e-02 -9.504026919603347778e-02 3.423980772495269775e-01 -3.512870073318481445e-01 -5.897920131683349609e-01 2.816036641597747803e-01 -3.434244096279144287e-01 5.821228027343750000e-01 -4.560270532965660095e-02
-3.419466689229011536e-02 2.728966772556304932e-01 -2.288107760250568390e-03 5.957525223493576050e-02 -9.502886980772018433e-02 7.042509317398071289e-02 -5.811378359794616699e-02 -1.318144798278808594e-01 1.452258527278900146e-01 -1.615320146083831787e-01 -5.907734632492065430e-01 1.171904951333999634e-01 5.642151832580566406e-02 1.201639324426651001e-01 1.336526125669479370e-01
9.811341762542724609e-02 1.039388105273246765e-01 2.798808552324771881e-02 4.331179708242416382e-02 -1.084092482924461365e-01 -5.385895818471908569e-02 2.814158052206039429e-02 -1.407815515995025635e-01 1.447693705558776855e-01 1.910662353038787842e-01 -2.345594465732574463e-01 3.968096338212490082e-03 8.926855027675628662e-02 1.851108521223068237e-01 1.604671031236648560e-01
2.345985770225524902e-01 2.537897527217864990e-01 1.022382900118827820e-01 3.249894827604293823e-02 5.190913751721382141e-02 1.727948486804962158e-01 1.657572835683822632e-01 -3.153992295265197754e-01 6.084855645895004272e-02 9.994938224554061890e-02 -2.051868289709091187e-01 3.615940213203430176e-01 -1.560879945755004883e-01 3.259893655776977539e-01 3.079210594296455383e-02
3.506306931376457214e-02 -2.375225536525249481e-02 -1.336739510297775269e-01 9.019338339567184448e-02 1.281140744686126709e-01 1.754452288150787354e-01 1.661127656698226929e-01 5.549496784806251526e-02 -2.078791148960590363e-02 9.032521396875381470e-02 -4.332749545574188232e-01 -1.328100115060806274e-01 1.262709945440292358e-01 1.938689500093460083e-01 4.547775387763977051e-01
6.358781456947326660e-02 2.780912816524505615e-01 7.002908736467361450e-02 -1.014110371470451355e-01 1.254743635654449463e-01 1.923620402812957764e-01 1.232862472534179688e-01 -1.935260444879531860e-01 -1.402562558650970459e-01 5.960425734519958496e-02 -4.264479875564575195e-02 2.816366553306579590e-01 2.592146629467606544e-03 1.769370436668395996e-01 -7.374661415815353394e-02
-6.360364556312561035e-01 7.489321287721395493e-03 -7.919757813215255737e-02 9.372288733720779419e-02 5.334717631340026855e-01 -1.549293696880340576e-01 -1.694872230291366577e-01 -1.091668754816055298e-02 -2.003526389598846436e-01 1.445198357105255127e-01 -2.215967178344726562e-01 -4.191448390483856201e-01 3.592527806758880615e-01 -2.075054347515106201e-01 3.074846267700195312e-01
-1.529885828495025635e-01 2.047879248857498169e-01 1.963193565607070923e-01 -5.432502180337905884e-02 2.660934925079345703e-01 -2.217166721820831299e-01 1.415251195430755615e-01 -2.124978601932525635e-01 1.070723608136177063e-01 1.650172770023345947e-01 -5.223956704139709473e-01 1.557746678590774536e-01 1.035077124834060669e-01 1.264209747314453125e-01 2.655456662178039551e-01
4.921368956565856934e-01 1.669742316007614136e-01 -4.808161854743957520e-01 3.000265061855316162e-01 -4.048492908477783203e-01 1.504526138305664062e-01 3.046629428863525391e-01 -1.383714824914932251e-01 1.352001130580902100e-01 -1.719981878995895386e-01 -4.185986220836639404e-01 1.579452604055404663e-01 -2.570236623287200928e-01 3.419612646102905273e-01 -1.896883249282836914e-01
-6.391990780830383301e-01 7.263644784688949585e-02 -1.702549122273921967e-02 3.091026283800601959e-02 4.498090744018554688e-01 1.941306889057159424e-01 -2.813374102115631104e-01 -1.235615089535713196e-01 -1.102724596858024597e-01 1.240716800093650818e-01 -1.534691601991653442e-01 -5.026642605662345886e-02 3.743672668933868408e-01 -1.074465140700340271e-01 1.944236755371093750e-01
-1.615732163190841675e-01 1.996350437402725220e-01 -2.198650501668453217e-02 1.112493500113487244e-01 1.468623429536819458e-01 -2.928414642810821533e-01 1.990726888179779053e-01 -1.432399749755859375e-01 7.152903825044631958e-02 1.157130971550941467e-01 -5.440046787261962891e-01 1.139734908938407898e-01 9.090387821197509766e-02 2.289546430110931396e-01 2.402579635381698608e-01
-2.252799868583679199e-01 2.971839606761932373e-01 6.131429597735404968e-02 1.868616975843906403e-02 2.242783308029174805e-01 -7.713180035352706909e-02 -4.667328298091888428e-02 -1.886560320854187012e-01 1.909519284963607788e-01 -1.244199499487876892e-01 -4.996262490749359131e-01 1.170178651809692383e-01 1.418223083019256592e-01 1.282083541154861450e-01 1.245271191000938416e-01
2.869381904602050781e-01 -1.686488538980484009e-01 -2.662777900695800781e-01 1.073853299021720886e-01 -2.585128881037235260e-02 1.088275089859962463e-01 1.711569875478744507e-01 9.632749855518341064e-02 -2.689031660556793213e-01 -3.116767620667815208e-04 -2.129014730453491211e-01 -1.018319725990295410e-01 3.457789868116378784e-02 1.640803813934326172e-01 2.824997901916503906e-01
1.096743419766426086e-01 1.695390790700912476e-01 -1.126265451312065125e-01 1.464469879865646362e-01 -1.665740460157394409e-01 2.098324745893478394e-01 4.033906459808349609e-01 1.272136867046356201e-01 5.127459019422531128e-02 -1.069710180163383484e-01 -3.088772594928741455e-01 1.879979074001312256e-01 -2.068220525979995728e-01 1.274281889200210571e-01 -3.194166421890258789e-01
2.025535702705383301e-01 9.286856278777122498e-03 -9.000106900930404663e-02 6.636388599872589111e-02 -3.998684883117675781e-01 1.867776215076446533e-01 2.584410607814788818e-01 1.483052372932434082e-01 6.754680722951889038e-02 -8.651238679885864258e-02 -4.550409615039825439e-01 -2.176086604595184326e-02 -4.449416697025299072e-01 4.550596475601196289e-01 -4.591367021203041077e-02
1.145911030471324921e-02 -1.443714089691638947e-02 -1.068018842488527298e-02 2.616045065224170685e-02 -2.109026014804840088e-01 5.904573947191238403e-02 3.089095652103424072e-02 -1.808978319168090820e-01 5.148655269294977188e-03 -1.582993380725383759e-02 -1.470562815666198730e-01 3.960816934704780579e-02 -9.526991844177246094e-02 2.384509742259979248e-01 -5.134192854166030884e-02
1.290881931781768799e-01 -4.973744973540306091e-02 -3.050068020820617676e-01 1.401974260807037354e-01 2.785241929814219475e-03 2.136984467506408691e-01 4.631283134222030640e-02 5.892912298440933228e-02 -1.782533824443817139e-01 2.233849093317985535e-02 -2.890799045562744141e-01 -1.796439737081527710e-01 2.295516664162278175e-03 1.954282224178314209e-01 2.787024676799774170e-01
1.758195161819458008e-01 -1.041427180171012878e-01 -1.084911450743675232e-01 -8.167600259184837341e-03 -4.320582151412963867e-01 1.137539818882942200e-01 1.609335690736770630e-01 6.321340054273605347e-02 -1.494540870189666748e-01 -8.131294697523117065e-02 -2.706532776355743408e-01 -1.469528228044509888e-01 -2.442594021558761597e-01 3.543858826160430908e-01 -2.529078349471092224e-02
4.715272188186645508e-01 1.760681625455617905e-03 -2.411892712116241455e-01 3.061262369155883789e-01 -2.758110165596008301e-01 -5.025052279233932495e-02 -3.098298609256744385e-02 1.950887292623519897e-01 2.878679335117340088e-01 -1.451870352029800415e-01 -5.167651176452636719e-01 1.501001268625259399e-01 -3.357425034046173096e-01 4.461575150489807129e-01 -1.278667598962783813e-01
5.079646706581115723e-01 1.926953047513961792e-01 5.909874662756919861e-02 3.925205022096633911e-02 -2.814740538597106934e-01 4.416787624359130859e-02 1.421159356832504272e-01 2.026918232440948486e-01 5.786260217428207397e-02 -7.506607472896575928e-02 -7.106641530990600586e-01 1.922464817762374878e-01 -1.783005893230438232e-01 3.046677410602569580e-01 -7.457415014505386353e-02
2.180045098066329956e-01 -1.466293931007385254e-01 -1.730363816022872925e-01 3.590466221794486046e-03 9.822628647089004517e-02 1.874210238456726074e-01 1.395570188760757446e-01 9.537028521299362183e-02 -1.160280779004096985e-01 1.450371742248535156e-01 -4.448042809963226318e-01 -7.965403050184249878e-02 1.384154409170150757e-01 1.566069573163986206e-01 2.635991275310516357e-01
1.528297513723373413e-01 -8.559644222259521484e-02 -2.392579019069671631e-01 4.729003459215164185e-02 2.270988188683986664e-02 3.413943946361541748e-01 1.014805436134338379e-01 1.737238764762878418e-01 -8.080334961414337158e-02 4.432077333331108093e-02 -5.347255468368530273e-01 8.579186978749930859e-04 4.711708426475524902e-02 2.737824916839599609e-01 3.574013113975524902e-01
5.836228653788566589e-02 2.489208132028579712e-01 -1.734085232019424438e-01 2.403549402952194214e-01 -2.039167582988739014e-01 1.909053474664688110e-01 1.797347515821456909e-01 5.354639142751693726e-02 1.225186958909034729e-01 -3.043786585330963135e-01 -3.803283870220184326e-01 5.787255987524986267e-02 -7.700850814580917358e-02 2.711256444454193115e-01 -1.728459149599075317e-01
4.780093207955360413e-02 -1.360275037586688995e-02 -4.276155307888984680e-02 6.269162148237228394e-02 -1.989704221487045288e-01 1.896536052227020264e-01 2.401724010705947876e-01 -9.014338999986648560e-02 -3.985187411308288574e-02 -3.986850753426551819e-02 -2.422869801521301270e-01 3.413292020559310913e-02 -3.465990126132965088e-01 2.754675447940826416e-01 -1.103398576378822327e-01
8.894968032836914062e-02 3.062374889850616455e-01 6.593108922243118286e-02 3.867980092763900757e-02 1.679258644580841064e-01 1.957736164331436157e-01 1.968072205781936646e-01 -3.026920557022094727e-01 -7.153763622045516968e-02 1.729145348072052002e-01 -1.640958636999130249e-01 4.885224997997283936e-01 -1.871492862701416016e-01 1.619556695222854614e-01 -2.031188309192657471e-01
5.514762997627258301e-01 -3.378182277083396912e-02 -4.348843693733215332e-01 4.545077383518218994e-01 -3.933518528938293457e-01 1.102158352732658386e-01 8.400812745094299316e-02 1.548040956258773804e-01 2.399394512176513672e-01 -1.160136759281158447e-01 -6.770644187927246094e-01 7.730941474437713623e-02 -4.075748920440673828e-01 6.031166315078735352e-01 -1.906538456678390503e-01
1.250451505184173584e-01 1.737980097532272339e-01 -8.646900206804275513e-02 6.551443785429000854e-02 -2.317446768283843994e-01 -7.131671160459518433e-02 5.798986554145812988e-02 -1.804152131080627441e-01 -1.973834335803985596e-01 3.175716996192932129e-01 -1.984874755144119263e-01 9.421153925359249115e-03 -9.060308337211608887e-03 3.037529289722442627e-01 -7.897638529539108276e-02
9.399010241031646729e-02 2.043621987104415894e-01 5.310238525271415710e-02 -3.109744051471352577e-03 -2.761276997625827789e-02 2.001964747905731201e-01 1.965104639530181885e-01 -4.390116930007934570e-01 -1.708415001630783081e-01 1.494716703891754150e-01 -2.415207624435424805e-01 4.731060564517974854e-01 -1.352772712707519531e-01 1.629897356033325195e-01 -2.431261986494064331e-01
1.431021392345428467e-01 2.520957291126251221e-01 -9.330525249242782593e-02 7.075078040361404419e-02 -2.040769755840301514e-01 1.095591261982917786e-01 2.074080556631088257e-01 7.776042819023132324e-02 -8.499904721975326538e-02 -3.821194469928741455e-01 -3.268848657608032227e-01 8.080007135868072510e-02 -1.927201449871063232e-01 2.368658781051635742e-01 -5.340619012713432312e-02
1.393151879310607910e-01 -5.700490623712539673e-02 -2.335177361965179443e-01 2.516078390181064606e-02 -2.692259550094604492e-01 2.147283107042312622e-01 2.426477819681167603e-01 1.497492045164108276e-01 -5.823262035846710205e-02 -1.999763026833534241e-02 -4.155564606189727783e-01 -1.637617200613021851e-01 -3.865446150302886963e-01 4.099864661693572998e-01 -5.100372061133384705e-02
-4.471692144870758057e-01 -2.765860967338085175e-02 -4.300679638981819153e-02 8.521018177270889282e-02 3.820597231388092041e-01 6.716987583786249161e-03 -1.630756109952926636e-01 -1.061356663703918457e-01 -2.111452072858810425e-01 1.929120123386383057e-01 -2.458615899085998535e-01 -1.461091786623001099e-01 3.633986413478851318e-01 -1.089385598897933960e-01 1.166531369090080261e-01
5.027284026145935059e-01 9.844695776700973511e-02 -3.971537351608276367e-01 1.319330781698226929e-01 -4.259627759456634521e-01 7.093482464551925659e-02 1.694571971893310547e-01 1.807091683149337769e-01 9.023303538560867310e-02 -2.167790532112121582e-01 -5.323172807693481445e-01 1.076497137546539307e-01 -4.170402288436889648e-01 4.335434734821319580e-01 -2.792555689811706543e-01
2.188800573348999023e-01 -2.160492092370986938e-01 -1.622584760189056396e-01 4.252973943948745728e-02 -2.981098927557468414e-02 3.205185830593109131e-01 2.890866696834564209e-01 9.541544318199157715e-02 -2.129585444927215576e-01 9.365670382976531982e-02 -4.259577691555023193e-01 -1.898725330829620361e-02 -6.450188811868429184e-04 2.522664964199066162e-01 3.574963510036468506e-01
7.795707881450653076e-02 2.206117957830429077e-01 6.431023590266704559e-03 -7.154002040624618530e-02 -8.914467878639698029e-03 1.523798257112503052e-01 1.939034909009933472e-01 -3.106327652931213379e-01 -1.723894178867340088e-01 1.002532541751861572e-01 -1.116847991943359375e-01 4.365444481372833252e-01 -1.424064487218856812e-01 1.784686446189880371e-01 -3.154837787151336670e-01
-5.685995221138000488e-01 5.949218198657035828e-02 -1.028340980410575867e-01 2.897582352161407471e-01 5.482819676399230957e-01 -6.307428330183029175e-02 -2.526270747184753418e-01 -7.229790836572647095e-02 -8.700430626049637794e-04 2.797382473945617676e-01 -3.141547143459320068e-01 -2.340191006660461426e-01 3.527816832065582275e-01 -2.922393614426255226e-04 4.460381567478179932e-01
4.983960986137390137e-01 8.042991161346435547e-02 -4.170732498168945312e-01 3.601228296756744385e-01 -3.810999393463134766e-01 4.054223746061325073e-02 1.538150310516357422e-01 8.520759642124176025e-03 1.730822920799255371e-01 -1.367251574993133545e-01 -4.398136436939239502e-01 1.357294768095016479e-01 -3.941533565521240234e-01 5.541489720344543457e-01 -1.107273176312446594e-01
4.447788298130035400e-01 1.474089175462722778e-01 1.014500036835670471e-01 1.639299988746643066e-01 -4.876934289932250977e-01 2.049017511308193207e-02 3.522270917892456055e-02 2.520353794097900391e-01 -3.587016370147466660e-03 -2.157842665910720825e-01 -5.419633388519287109e-01 1.261340230703353882e-01 -2.940517365932464600e-01 4.290346801280975342e-01 -3.218474090099334717e-01
9.439794719219207764e-02 -8.974983543157577515e-02 -1.340224593877792358e-01 9.354833513498306274e-02 -3.723396360874176025e-01 1.849134862422943115e-01 2.399431020021438599e-01 -6.240529567003250122e-02 -2.130157351493835449e-01 1.625947305001318455e-03 -3.123694360256195068e-01 1.158167943358421326e-01 -4.259752631187438965e-01 4.390632212162017822e-01 -1.343261003494262695e-01
-3.271844983100891113e-02 5.578622594475746155e-02 1.822690106928348541e-02 1.948832869529724121e-01 -2.995767593383789062e-01 -6.348910182714462280e-02 -5.304689332842826843e-02 -1.114320456981658936e-01 9.381461888551712036e-02 1.801999211311340332e-01 -2.084967792034149170e-01 9.448057413101196289e-02 -1.159818619489669800e-01 2.207346558570861816e-01 -8.967859297990798950e-02
3.648128807544708252e-01 -3.983385488390922546e-02 -5.607436895370483398e-01 4.197792112827301025e-01 -3.372857272624969482e-01 1.344673186540603638e-01 1.592222154140472412e-01 1.893812566995620728e-01 2.411487102508544922e-01 -1.732389479875564575e-01 -4.206806123256683350e-01 1.009843870997428894e-01 -4.580330252647399902e-01 5.833402872085571289e-01 -7.109101861715316772e-02
2.165002971887588501e-01 2.486749589443206787e-01 -7.445808500051498413e-02 -8.564705401659011841e-02 -1.601905561983585358e-02 1.357610374689102173e-01 1.632979661226272583e-01 -2.825244367122650146e-01 -5.618634074926376343e-02 9.677258878946304321e-02 -1.556191742420196533e-01 3.283329010009765625e-01 -9.719985723495483398e-02 2.463850975036621094e-01 -5.267864838242530823e-02
-3.530112504959106445e-01 3.747622072696685791e-01 1.835753954946994781e-02 3.463322063907980919e-03 3.085107803344726562e-01 -6.164624541997909546e-02 -1.087018772959709167e-01 -2.576138973236083984e-01 1.065029427409172058e-01 5.101421102881431580e-02 -5.049152374267578125e-01 3.272510319948196411e-02 3.647070229053497314e-01 -3.098222427070140839e-02 3.308575153350830078e-01
-1.444801241159439087e-01 3.593773841857910156e-01 1.325862109661102295e-01 9.424703568220138550e-02 1.798560619354248047e-01 -1.963568329811096191e-01 1.349271684885025024e-01 -2.230322211980819702e-01 1.403338909149169922e-01 1.343468725681304932e-01 -4.600876271724700928e-01 6.393980979919433594e-02 5.369854718446731567e-02 3.198537528514862061e-01 2.987648248672485352e-01
6.771645694971084595e-02 2.957285046577453613e-01 -1.142692938446998596e-01 -3.519243746995925903e-02 -1.074826866388320923e-01 -2.734897471964359283e-02 8.511945605278015137e-03 -3.685674071311950684e-01 -2.158413827419281006e-01 2.497069686651229858e-01 -4.187980666756629944e-04 1.027923356741666794e-02 1.620139479637145996e-01 2.278241813182830811e-01 -1.115458235144615173e-01
4.883998036384582520e-01 -5.954214558005332947e-02 -5.111018419265747070e-01 4.092081487178802490e-01 -3.273432552814483643e-01 -1.787937879562377930e-01 1.442949920892715454e-01 3.700426220893859863e-01 1.976952254772186279e-01 -5.778839066624641418e-02 -5.423688888549804688e-01 1.614946573972702026e-01 -4.708929359912872314e-01 5.380224585533142090e-01 -9.026367217302322388e-02
1.969234943389892578e-01 3.650159537792205811e-01 1.963681131601333618e-01 1.227460242807865143e-02 1.101022586226463318e-01 9.054767340421676636e-02 1.165564358234405518e-01 -3.405714035034179688e-01 -1.039233133196830750e-01 9.407903999090194702e-02 -1.880065202713012695e-01 3.515281379222869873e-01 -1.963326036930084229e-01 3.420012891292572021e-01 -1.565952748060226440e-01
2.103692293167114258e-01 -7.761547714471817017e-02 -1.990009993314743042e-01 1.475063264369964600e-01 1.311954706907272339e-01 1.544442623853683472e-01 2.695136964321136475e-01 1.266029477119445801e-01 -1.662678569555282593e-01 -1.311681792140007019e-02 -4.937825500965118408e-01 -2.830700576305389404e-02 -4.634612053632736206e-02 3.639392554759979248e-01 3.380248546600341797e-01
3.907153010368347168e-01 6.369761377573013306e-02 -4.072304069995880127e-01 2.739758491516113281e-01 -1.802839487791061401e-01 -2.083971537649631500e-02 1.256003230810165405e-02 8.261441439390182495e-02 1.906286627054214478e-01 -1.705994009971618652e-01 -3.498382866382598877e-01 1.805197745561599731e-01 -2.180058807134628296e-01 5.248329043388366699e-01 -1.002391800284385681e-01
3.136114478111267090e-01 1.705672293901443481e-01 -1.186391785740852356e-01 1.381752938032150269e-01 -3.534085154533386230e-01 -3.144823759794235229e-02 -1.096003949642181396e-01 6.461324542760848999e-02 6.503807753324508667e-02 -2.647248506546020508e-01 -5.594068169593811035e-01 1.132277622818946838e-01 -7.674977183341979980e-02 3.295537829399108887e-01 -5.927884206175804138e-02
4.349888563156127930e-01 6.241425871849060059e-02 -3.379501402378082275e-01 1.321693807840347290e-01 -3.284307420253753662e-01 6.440681964159011841e-02 -5.362879484891891479e-02 1.817299425601959229e-01 1.489231586456298828e-01 -2.513070404529571533e-01 -4.853602945804595947e-01 1.891194880008697510e-01 -3.429708182811737061e-01 5.504720807075500488e-01 -1.452789604663848877e-01
2.533107697963714600e-01 1.570075303316116333e-01 2.099949121475219727e-01 -1.141828820109367371e-01 -1.800366491079330444e-01 -3.107235766947269440e-02 2.262233197689056396e-02 -2.712409496307373047e-01 -6.331726163625717163e-02 2.550935745239257812e-01 -1.796059459447860718e-01 -3.386451303958892822e-02 3.300676494836807251e-02 2.846634089946746826e-01 -7.055439054965972900e-02
-5.161863937973976135e-02 4.453367888927459717e-01 1.049193814396858215e-01 -9.701467305421829224e-02 1.338746696710586548e-01 9.948954731225967407e-02 1.081523150205612183e-01 -3.783500790596008301e-01 -2.119339853525161743e-01 1.747705787420272827e-02 -1.506744027137756348e-01 3.019013106822967529e-01 -4.127497971057891846e-02 1.951187700033187866e-01 -1.802040636539459229e-01
8.044482767581939697e-02 4.252079427242279053e-01 1.072295680642127991e-01 -9.187669306993484497e-02 1.340393126010894775e-01 2.062672078609466553e-01 2.258963435888290405e-01 -4.956604540348052979e-01 -1.722226291894912720e-01 1.056172996759414673e-01 -1.837602704763412476e-01 3.725921213626861572e-01 -1.025913655757904053e-01 2.321507036685943604e-01 -1.779576092958450317e-01
-6.511833518743515015e-02 2.552014887332916260e-01 1.811992824077606201e-01 -5.341572314500808716e-02 3.740280121564865112e-02 1.522910408675670624e-02 -1.778070181608200073e-01 -1.894801855087280273e-01 -2.227039784193038940e-01 2.242365777492523193e-01 -1.220295801758766174e-01 -4.446978121995925903e-02 2.308551669120788574e-01 8.853100007399916649e-04 6.453987956047058105e-02
-4.848623648285865784e-02 3.694653213024139404e-01 1.383007615804672241e-01 -9.611854702234268188e-02 2.099064886569976807e-01 4.282096773386001587e-02 5.523315072059631348e-02 -2.010290026664733887e-01 -2.541093826293945312e-01 7.188048958778381348e-02 -1.821856945753097534e-02 3.200437128543853760e-01 -8.628071844577789307e-02 2.957952208817005157e-02 -1.638686358928680420e-01
-1.706184595823287964e-01 -2.421554364264011383e-02 -2.390905916690826416e-01 1.569687277078628540e-01 1.142256632447242737e-01 2.272052168846130371e-01 -8.939228206872940063e-02 -1.085858717560768127e-01 -3.970407694578170776e-02 1.311050057411193848e-01 -2.343449890613555908e-01 -5.251390114426612854e-02 2.497728765010833740e-01 2.706599421799182892e-02 2.341725677251815796e-01
-4.142277836799621582e-01 4.583914205431938171e-02 -2.545053958892822266e-01 -2.854860387742519379e-02 3.954386413097381592e-01 -1.438326239585876465e-01 -1.433011442422866821e-01 -3.236188739538192749e-02 -2.491088956594467163e-01 1.534655988216400146e-01 -2.987681925296783447e-01 -2.851962745189666748e-01 2.971580326557159424e-01 -3.484744951128959656e-02 3.009327054023742676e-01
6.741064786911010742e-02 1.912124603986740112e-01 5.690939351916313171e-02 3.218748420476913452e-02 4.619739204645156860e-02 1.674505174160003662e-01 2.051218599081039429e-01 -2.259795367717742920e-01 -1.141050979495048523e-01 -3.724109847098588943e-03 -2.355524152517318726e-02 2.267871499061584473e-01 -1.692658215761184692e-01 1.489541232585906982e-01 -1.745333224534988403e-01
-1.858893223106861115e-02 3.585377931594848633e-01 1.513883322477340698e-01 7.664828747510910034e-02 1.601400226354598999e-01 -2.145112492144107819e-02 1.946249455213546753e-01 -3.860194087028503418e-01 -2.123638391494750977e-01 9.644792973995208740e-02 -2.389325201511383057e-01 3.605880439281463623e-01 -2.834849059581756592e-01 3.151254951953887939e-01 -1.711345165967941284e-01
-5.483804345130920410e-01 1.349513046443462372e-02 -8.585112541913986206e-02 1.027897670865058899e-01 4.434709548950195312e-01 -1.420379877090454102e-01 -1.490627974271774292e-01 -2.136879563331604004e-01 1.128282211720943451e-02 1.938637644052505493e-01 -3.472826778888702393e-01 -2.340855449438095093e-01 3.626821637153625488e-01 1.950669474899768829e-02 2.939807176589965820e-01
3.441894054412841797e-01 -1.175630092620849609e-01 -1.481606215238571167e-01 3.273422271013259888e-02 -1.108500435948371887e-01 1.745789051055908203e-01 1.914243996143341064e-01 1.219486370682716370e-01 -1.879921555519104004e-01 -9.854658693075180054e-02 -3.605080544948577881e-01 6.950630247592926025e-02 6.140046752989292145e-05 2.934667468070983887e-01 1.323232203722000122e-01
3.882501646876335144e-02 -1.240576878190040588e-01 -5.067058280110359192e-02 -7.263850420713424683e-02 -3.593791723251342773e-01 1.079251542687416077e-01 9.607882797718048096e-02 1.749863624572753906e-01 -2.235020995140075684e-01 3.198580816388130188e-02 -3.993272185325622559e-01 -1.481706742197275162e-02 -3.417362570762634277e-01 4.817657172679901123e-01 -1.871262043714523315e-01
4.326817989349365234e-01 9.405165910720825195e-02 8.868650346994400024e-02 3.423064202070236206e-02 -2.777116894721984863e-01 -1.144898869097232819e-02 -4.887020587921142578e-02 2.492527663707733154e-01 -9.413634985685348511e-02 -2.249226570129394531e-01 -4.709320068359375000e-01 2.056203037500381470e-01 -2.872056663036346436e-01 5.156579017639160156e-01 -3.467634916305541992e-01
-1.157424598932266235e-01 3.541062772274017334e-01 2.296085096895694733e-02 -1.036756113171577454e-01 1.005786657333374023e-01 2.424958348274230957e-01 7.777068018913269043e-02 -4.502855241298675537e-01 -2.673647105693817139e-01 1.100467219948768616e-01 -1.232076138257980347e-01 3.420250713825225830e-01 3.549547493457794189e-02 1.800957024097442627e-01 -1.674389094114303589e-01
-1.721237041056156158e-02 3.216709196567535400e-01 -2.452715300023555756e-02 1.303767599165439606e-02 2.511220239102840424e-02 2.172717899084091187e-01 2.871317267417907715e-01 -3.692531287670135498e-01 -1.643334329128265381e-01 1.901828944683074951e-01 -2.264222055673599243e-01 3.043282330036163330e-01 -1.055912226438522339e-01 2.222276329994201660e-01 -1.307376176118850708e-01
2.281726449728012085e-01 4.148052260279655457e-02 4.322947189211845398e-02 1.132892593741416931e-01 -3.041224777698516846e-01 -6.049328297376632690e-02 2.102289348840713501e-01 -2.437344193458557129e-01 -1.668399721384048462e-01 2.341587990522384644e-01 -1.658358275890350342e-01 1.305982917547225952e-01 -7.071509957313537598e-02 4.411169588565826416e-01 -3.011513054370880127e-01
-1.422738581895828247e-01 2.360616922378540039e-01 1.007461622357368469e-01 1.718027330935001373e-02 1.184490844607353210e-01 -9.427499026060104370e-02 -3.853416442871093750e-02 -2.253971528261899948e-03 3.165391981601715088e-01 -1.927707940340042114e-01 -6.321268677711486816e-01 1.327084600925445557e-01 -7.980200648307800293e-02 3.256490230560302734e-01 2.662041187286376953e-01
-6.039535999298095703e-01 6.365474313497543335e-02 -9.862657636404037476e-02 -1.790304034948348999e-01 5.774301290512084961e-01 -5.237548798322677612e-02 -6.957283616065979004e-02 -6.396134942770004272e-02 -1.895942389965057373e-01 8.800741285085678101e-02 -1.818842291831970215e-01 -2.437556236982345581e-01 4.413230121135711670e-01 -1.855716705322265625e-01 2.569074630737304688e-01
-4.114463552832603455e-02 2.620575129985809326e-01 -5.453704670071601868e-02 -4.753600805997848511e-02 2.525933980941772461e-01 2.483088374137878418e-01 2.716892361640930176e-01 -3.843944966793060303e-01 -2.232438027858734131e-01 1.377061307430267334e-01 -1.582026481628417969e-02 1.869327872991561890e-01 3.248840570449829102e-02 1.860965490341186523e-01 -9.323168545961380005e-02
6.109232902526855469e-01 1.028230413794517517e-01 -3.972303271293640137e-01 2.042796164751052856e-01 -3.844048380851745605e-01 2.883567474782466888e-02 1.912445724010467529e-01 -8.721701800823211670e-03 2.357832156121730804e-02 -1.239163950085639954e-01 -4.363224804401397705e-01 1.071020662784576416e-01 -2.496059834957122803e-01 5.528070330619812012e-01 -1.599972099065780640e-01
1.560231596231460571e-01 2.121835798025131226e-01 -1.883204430341720581e-01 9.779281914234161377e-02 -2.587180137634277344e-01 -8.999332040548324585e-02 -3.056508600711822510e-01 -2.098216563463211060e-01 -6.732731312513351440e-02 1.581279635429382324e-01 -8.300101757049560547e-02 5.061277002096176147e-02 -4.880142956972122192e-02 2.815187871456146240e-01 -1.094397082924842834e-01
-1.689613163471221924e-01 2.898836433887481689e-01 1.612286083400249481e-03 4.242961853742599487e-02 7.478194683790206909e-02 -1.153997704386711121e-01 -4.822485148906707764e-03 -4.612030833959579468e-02 9.887493401765823364e-02 -4.334336146712303162e-02 -5.095745325088500977e-01 4.704779386520385742e-02 6.471298635005950928e-03 1.341003775596618652e-01 1.851293444633483887e-01
1.188982576131820679e-01 2.127995640039443970e-01 -4.868100956082344055e-02 5.035967379808425903e-02 -1.624611467123031616e-01 1.160046551376581192e-03 3.364855945110321045e-01 4.402435570955276489e-02 -1.480859518051147461e-01 -2.938249409198760986e-01 -2.642056047916412354e-01 1.630382426083087921e-02 -1.160521805286407471e-02 4.694043472409248352e-02 -2.122682183980941772e-01
1.489621102809906006e-01 2.506465613842010498e-01 -2.029698155820369720e-02 -7.298664003610610962e-02 -2.259683012962341309e-01 4.373481124639511108e-02 -6.651288270950317383e-02 -1.193992272019386292e-01 3.434664104133844376e-03 1.011602878570556641e-01 -1.298844218254089355e-01 1.070519909262657166e-01 -7.670537382364273071e-02 1.400502622127532959e-01 -4.366908594965934753e-02
-6.545393168926239014e-02 1.495883017778396606e-01 -6.483706086874008179e-02 9.338124841451644897e-02 -1.371697038412094116e-01 7.258481532335281372e-02 5.907006561756134033e-02 9.529275447130203247e-02 -1.390530169010162354e-01 -3.812164962291717529e-01 -2.883839905261993408e-01 2.050693035125732422e-01 1.125457584857940674e-01 1.672522276639938354e-01 -9.543851763010025024e-02
-5.509708523750305176e-01 -5.791447684168815613e-02 -4.401271417737007141e-02 1.125743761658668518e-01 4.516283273696899414e-01 -1.228764578700065613e-01 -2.103838175535202026e-01 -4.476287215948104858e-02 -5.544093251228332520e-02 2.924662828445434570e-01 -2.518599331378936768e-01 -2.442857176065444946e-01 2.479508370161056519e-01 1.476187258958816528e-01 1.071731969714164734e-01
-4.484933987259864807e-02 2.330326884984970093e-01 1.993446499109268188e-01 -3.086208365857601166e-02 2.222096025943756104e-01 1.530349813401699066e-02 6.255954504013061523e-02 -2.127979099750518799e-01 -6.941474974155426025e-02 1.736757755279541016e-01 -1.492202132940292358e-01 2.002876698970794678e-01 -1.061392128467559814e-01 1.158788651227951050e-01 -1.577751636505126953e-01
3.383582234382629395e-01 -2.935305237770080566e-01 -7.959481328725814819e-02 9.403286874294281006e-02 -1.786043643951416016e-01 3.252444863319396973e-01 2.163847535848617554e-01 6.189858168363571167e-02 -2.089639902114868164e-01 7.874193787574768066e-02 -3.756510317325592041e-01 -9.166276454925537109e-02 -8.268375694751739502e-02 2.663474678993225098e-01 2.876500785350799561e-01
-4.762390628457069397e-02 -8.216046541929244995e-02 -1.758733987808227539e-01 3.536472469568252563e-02 -2.678151428699493408e-01 2.438699305057525635e-01 1.292989104986190796e-01 -8.332634717226028442e-02 -1.013872399926185608e-01 -1.545679196715354919e-02 -2.643289864063262939e-01 -5.180190503597259521e-02 -3.978144228458404541e-01 3.790546655654907227e-01 -1.153776943683624268e-01
