2.399717569351196289e+00 1.416864037513732910e+00 1.387895584106445312e+00 7.071943879127502441e-01 7.497581243515014648e-01 1.173191308975219727e+00 3.336033821105957031e-01 2.521074056625366211e+00 -2.620186209678649902e-01 1.386220335960388184e+00 -8.350355625152587891e-01 -2.948362231254577637e-01 -8.781512379646301270e-01 -8.538337796926498413e-02 -1.864406466484069824e+00
5.587807670235633850e-02 -9.261441230773925781e-02 -5.973382592201232910e-01 -1.304525732994079590e+00 -2.927717864513397217e-01 1.936815619468688965e+00 -3.158215433359146118e-02 -1.725746631622314453e+00 4.782878160476684570e-01 -4.336110949516296387e-01 1.417306303977966309e+00 1.145493313670158386e-01 9.072406888008117676e-01 1.323948800563812256e-01 1.018765091896057129e+00
2.871729731559753418e-01 -3.174622952938079834e-01 9.781122803688049316e-01 2.075228452682495117e+00 1.111267328262329102e+00 -5.350096225738525391e-01 -7.649428397417068481e-02 2.559335827827453613e-01 -3.732718825340270996e-01 -7.183677554130554199e-01 -5.489379167556762695e-01 1.566269516944885254e+00 -7.466705441474914551e-01 2.049072265625000000e+00 -4.531068503856658936e-01
4.127323329448699951e-01 -4.313799738883972168e-01 -1.108221530914306641e+00 -1.112859368324279785e+00 -3.745643198490142822e-01 7.650405764579772949e-01 1.833024382591247559e+00 6.696382164955139160e-01 1.752550959587097168e+00 1.745911687612533569e-01 -8.121720552444458008e-01 3.488710522651672363e-01 8.961272835731506348e-01 -2.959276139736175537e-01 -1.116331219673156738e+00
-2.383856534957885742e+00 -1.506500840187072754e+00 1.456905454397201538e-01 -2.282622307538986206e-01 -4.426515996456146240e-01 -1.870211124420166016e+00 -4.584633558988571167e-02 -3.784289956092834473e-01 8.748957514762878418e-01 -1.801860570907592773e+00 4.653739035129547119e-01 9.968673586845397949e-01 7.203521132469177246e-01 -8.621618151664733887e-01 2.674362994730472565e-02
3.316762149333953857e-01 -2.715092301368713379e-01 1.304156064987182617e+00 2.088321924209594727e+00 1.147901654243469238e+00 -4.342158734798431396e-01 8.726080507040023804e-02 1.184171795845031738e+00 -4.089015126228332520e-01 -4.151968657970428467e-01 -5.546523332595825195e-01 1.310312986373901367e+00 -5.879842638969421387e-01 1.587368369102478027e+00 -5.552385449409484863e-01
-7.075346112251281738e-01 -1.802574396133422852e-01 -4.721746593713760376e-02 4.806192517280578613e-01 8.474205136299133301e-01 -2.211933434009552002e-01 5.069193840026855469e-01 -1.990128397941589355e+00 1.624569058418273926e+00 1.361458301544189453e+00 -6.729874610900878906e-01 -1.903968602418899536e-01 -6.243670582771301270e-01 -1.951421380043029785e+00 -5.491034388542175293e-01
2.653400301933288574e-01 -3.552575409412384033e-01 8.951370120048522949e-01 2.066365718841552734e+00 9.479290246963500977e-01 -4.843071997165679932e-01 1.383941024541854858e-01 7.820605635643005371e-01 -3.389512896537780762e-01 -7.058784365653991699e-01 -4.099404513835906982e-01 1.633151769638061523e+00 -3.588353693485260010e-01 1.945110321044921875e+00 -2.252718806266784668e-01
-5.975127220153808594e-01 3.467035293579101562e-02 -7.411012798547744751e-02 4.537470936775207520e-01 8.716907501220703125e-01 -4.720964282751083374e-02 4.672573804855346680e-01 -2.036264181137084961e+00 1.498494505882263184e+00 1.565432548522949219e+00 -6.953734159469604492e-01 -3.742498755455017090e-01 -7.962481379508972168e-01 -2.010963916778564453e+00 -4.083637297153472900e-01
-1.211800098419189453e+00 -4.604135453701019287e-01 6.016424298286437988e-01 -3.232674598693847656e-01 9.596596956253051758e-01 3.080850839614868164e-01 6.329694390296936035e-01 5.044317841529846191e-01 5.593717098236083984e-01 -4.134831428527832031e-01 -1.008165001869201660e+00 -6.557424068450927734e-01 -1.337640881538391113e+00 -1.106417417526245117e+00 -9.196631312370300293e-01
-4.540422260761260986e-01 -3.179613947868347168e-01 -5.687821507453918457e-01 -1.655499577522277832e+00 -1.124580055475234985e-01 2.350706577301025391e+00 6.401487439870834351e-02 -2.003182411193847656e+00 7.447206974029541016e-01 -6.950312256813049316e-01 1.788763999938964844e+00 2.982931584119796753e-02 1.260474681854248047e+00 -5.939003080129623413e-02 9.469156861305236816e-01
2.328571319580078125e+00 1.654526591300964355e+00 1.829620599746704102e+00 8.691074848175048828e-01 7.425783872604370117e-01 1.132100105285644531e+00 1.319592446088790894e-01 2.909419298171997070e+00 -5.733847618103027344e-03 1.421496033668518066e+00 -9.988920092582702637e-01 -6.700431704521179199e-01 -1.602055072784423828e+00 -2.974457442760467529e-01 -2.383660793304443359e+00
-2.357826232910156250e+00 2.090466976165771484e+00 -8.463851213455200195e-01 7.232362031936645508e-01 -7.656623125076293945e-01 5.202735662460327148e-01 -1.818382024765014648e+00 1.148612424731254578e-02 -1.501850605010986328e+00 -1.037274479866027832e+00 5.153590440750122070e-01 8.504562824964523315e-02 -5.671232342720031738e-01 -2.610295534133911133e+00 7.747046351432800293e-01
1.639847457408905029e-01 -3.384544253349304199e-01 1.146524667739868164e+00 2.199373006820678711e+00 1.095598101615905762e+00 -5.605602860450744629e-01 -1.439450234174728394e-01 4.262518286705017090e-01 -3.401015698909759521e-01 -8.967926502227783203e-01 -4.741675555706024170e-01 1.652924180030822754e+00 -5.776644349098205566e-01 2.137029647827148438e+00 -3.387437462806701660e-01
3.635856881737709045e-02 -4.553152322769165039e-01 -5.703165531158447266e-01 -1.083453178405761719e+00 -2.121843248605728149e-01 1.784599781036376953e+00 8.697273582220077515e-02 -1.376524925231933594e+00 3.789643645286560059e-01 -5.509331822395324707e-01 1.183928132057189941e+00 3.199875950813293457e-01 8.109015822410583496e-01 -3.834890574216842651e-02 9.942514896392822266e-01
-3.062461316585540771e-01 -2.868687510490417480e-01 -6.068282723426818848e-01 -1.539908766746520996e+00 -4.555978253483772278e-02 2.381913900375366211e+00 3.979869931936264038e-02 -2.145382881164550781e+00 6.539151668548583984e-01 -6.212502121925354004e-01 1.645518898963928223e+00 1.036411449313163757e-01 1.155893087387084961e+00 -2.223899364471435547e-01 1.042136788368225098e+00
-8.358542919158935547e-01 -6.775104999542236328e-02 1.948276042938232422e+00 1.231592059135437012e+00 1.838792204856872559e+00 -8.959324359893798828e-01 -5.292066931724548340e-01 -2.527467608451843262e-01 -1.766992211341857910e-01 1.493626087903976440e-02 -5.795660018920898438e-01 3.809916973114013672e-01 -1.664268970489501953e+00 -1.148962855339050293e+00 -9.551369547843933105e-01
-3.961645662784576416e-01 -3.363732993602752686e-02 3.214027732610702515e-02 3.955035805702209473e-01 9.349159002304077148e-01 -2.241629064083099365e-01 4.676104784011840820e-01 -1.872139573097229004e+00 1.545599222183227539e+00 1.414533972740173340e+00 -7.366153597831726074e-01 -1.371843367815017700e-01 -6.892378926277160645e-01 -1.669867753982543945e+00 -6.862900853157043457e-01
-5.804617404937744141e-01 -1.641700267791748047e-01 -1.431802362203598022e-01 2.752410471439361572e-01 7.977142930030822754e-01 -2.894970029592514038e-02 6.177543401718139648e-01 -1.751981019973754883e+00 1.511838436126708984e+00 1.445985913276672363e+00 -7.602198719978332520e-01 -2.220752984285354614e-01 -5.403639674186706543e-01 -1.984150886535644531e+00 -5.391145348548889160e-01
-1.839137315750122070e+00 1.682457804679870605e+00 -6.861683130264282227e-01 5.320494771003723145e-01 -4.729821383953094482e-01 6.345772743225097656e-01 -1.378330469131469727e+00 -2.306681126356124878e-01 -1.341246604919433594e+00 -6.491862535476684570e-01 4.577857255935668945e-01 -1.167876366525888443e-02 -6.788917183876037598e-01 -2.478684425354003906e+00 6.328258514404296875e-01
-2.743536531925201416e-01 -7.220685482025146484e-02 -8.436658419668674469e-03 3.990550935268402100e-01 8.787548542022705078e-01 -1.593672931194305420e-01 6.692573428153991699e-01 -1.849033951759338379e+00 1.608930110931396484e+00 1.635807156562805176e+00 -8.718537092208862305e-01 -2.513801455497741699e-01 -6.730430722236633301e-01 -1.732908487319946289e+00 -6.953274607658386230e-01
3.579673543572425842e-02 -3.776229619979858398e-01 -5.857011079788208008e-01 -1.315093159675598145e+00 -1.929985433816909790e-01 2.033291339874267578e+00 1.421680115163326263e-02 -1.669853448867797852e+00 4.567844271659851074e-01 -5.649707913398742676e-01 1.429849863052368164e+00 2.674726843833923340e-01 1.010656118392944336e+00 -2.000614441931247711e-02 9.619151949882507324e-01
2.330681085586547852e+00 1.332061648368835449e+00 1.351221203804016113e+00 8.232972621917724609e-01 7.760002613067626953e-01 9.157457947731018066e-01 2.890658378601074219e-01 2.609939098358154297e+00 -2.298113703727722168e-01 1.418815255165100098e+00 -7.885223031044006348e-01 -2.801278233528137207e-01 -8.713284134864807129e-01 -1.194146499037742615e-01 -2.107949256896972656e+00
-4.057896435260772705e-01 -1.293448209762573242e-01 -2.065580338239669800e-01 4.489576518535614014e-01 9.523495435714721680e-01 -4.927226155996322632e-02 6.754808425903320312e-01 -1.940715432167053223e+00 1.494792103767395020e+00 1.483365893363952637e+00 -8.873617053031921387e-01 -4.836601763963699341e-02 -6.187718510627746582e-01 -1.922888040542602539e+00 -5.196384787559509277e-01
1.757885515689849854e-01 -3.399702310562133789e-01 1.141263127326965332e+00 2.053683757781982422e+00 1.143660902976989746e+00 -6.032961606979370117e-01 6.892343983054161072e-03 5.954793095588684082e-01 -4.172495007514953613e-01 -6.441529989242553711e-01 -4.588331878185272217e-01 1.482918620109558105e+00 -5.224224925041198730e-01 1.713504076004028320e+00 -3.539245724678039551e-01
-2.142505168914794922e+00 -1.466920971870422363e+00 5.633308738470077515e-02 -5.906139016151428223e-01 -5.482863187789916992e-01 -1.448091864585876465e+00 -2.247921563684940338e-02 -3.093829751014709473e-01 9.188957214355468750e-01 -1.682447433471679688e+00 4.491069614887237549e-01 6.648860573768615723e-01 5.749050974845886230e-01 -1.000502109527587891e+00 1.118780896067619324e-01
4.845377206802368164e-01 -3.621855378150939941e-02 9.633872509002685547e-01 1.832490324974060059e+00 1.011183738708496094e+00 -9.423270076513290405e-02 9.666209667921066284e-02 7.062923908233642578e-01 -1.214484572410583496e-01 -4.228740632534027100e-01 -4.530064761638641357e-01 1.270264148712158203e+00 -4.578035175800323486e-01 1.822956919670104980e+00 -3.701258003711700439e-01
4.656110703945159912e-01 -5.642197132110595703e-01 -1.041001677513122559e+00 -7.872655391693115234e-01 -3.353765308856964111e-01 5.864523649215698242e-01 2.071296453475952148e+00 1.373008966445922852e+00 1.520638108253479004e+00 9.770905226469039917e-02 -8.037829399108886719e-01 3.672594428062438965e-01 1.153667688369750977e+00 -1.571069657802581787e-01 -1.097977042198181152e+00
2.410523414611816406e+00 1.481583595275878906e+00 1.613469839096069336e+00 7.364183664321899414e-01 7.886496782302856445e-01 9.403998851776123047e-01 2.550258040428161621e-01 2.623569250106811523e+00 1.452783346176147461e-01 1.515552520751953125e+00 -9.540278911590576172e-01 -4.680156111717224121e-01 -1.408654928207397461e+00 -2.686917483806610107e-01 -2.355517625808715820e+00
1.200161948800086975e-01 -1.658270359039306641e-01 -5.720270872116088867e-01 -1.141480922698974609e+00 -2.098908573389053345e-01 1.966100096702575684e+00 -8.128140121698379517e-02 -1.646013855934143066e+00 4.453504681587219238e-01 -5.115879774093627930e-01 1.338869214057922363e+00 2.921379208564758301e-01 8.777571320533752441e-01 -4.371922463178634644e-02 1.024589300155639648e+00
3.515958487987518311e-01 -6.300736665725708008e-01 -1.159219622611999512e+00 -8.896263241767883301e-01 -5.683782100677490234e-01 7.359163165092468262e-01 2.049496889114379883e+00 1.253598690032958984e+00 1.557907819747924805e+00 3.521429747343063354e-02 -6.570460796356201172e-01 3.031958341598510742e-01 1.171745777130126953e+00 -1.138934120535850525e-01 -1.068441987037658691e+00
2.354497194290161133e+00 1.466738462448120117e+00 1.426732182502746582e+00 1.096530914306640625e+00 6.350142955780029297e-01 8.128701448440551758e-01 1.631983965635299683e-01 2.905921459197998047e+00 -3.346502780914306641e-02 1.380589962005615234e+00 -9.750077724456787109e-01 -3.559613823890686035e-01 -1.329569816589355469e+00 -2.877732217311859131e-01 -2.531294345855712891e+00
2.586297273635864258e+00 1.564712524414062500e+00 1.420413613319396973e+00 6.489571332931518555e-01 6.678658723831176758e-01 1.096733331680297852e+00 1.255763620138168335e-01 2.384981393814086914e+00 -3.065290451049804688e-01 1.588688015937805176e+00 -8.619396686553955078e-01 -3.223260045051574707e-01 -1.131156206130981445e+00 -2.068777978420257568e-01 -2.138751506805419922e+00
-2.277832984924316406e+00 -1.658998131752014160e+00 -1.287453323602676392e-01 -4.592930078506469727e-01 -6.871836185455322266e-01 -1.750520110130310059e+00 -2.089170552790164948e-02 -1.986179798841476440e-01 8.780280351638793945e-01 -1.783143997192382812e+00 5.548831224441528320e-01 9.650344252586364746e-01 8.963610529899597168e-01 -9.424412250518798828e-01 8.877878636121749878e-02
-2.146052837371826172e+00 1.777419924736022949e+00 -7.251406311988830566e-01 5.884429812431335449e-01 -5.672883987426757812e-01 5.817366838455200195e-01 -1.620262145996093750e+00 -4.207130074501037598e-01 -1.352662563323974609e+00 -9.386424422264099121e-01 4.910048842430114746e-01 3.814976662397384644e-02 -6.111696362495422363e-01 -2.503618717193603516e+00 8.008664250373840332e-01
-9.423086643218994141e-01 1.331705451011657715e-01 5.513182878494262695e-01 1.435267567634582520e+00 1.000417351722717285e+00 -8.580602407455444336e-01 1.515615105628967285e+00 3.157042026519775391e+00 1.199474930763244629e-01 -5.975771695375442505e-02 -9.702453017234802246e-01 6.355021595954895020e-01 4.463684260845184326e-01 -1.839766144752502441e+00 -7.821910381317138672e-01
-8.947265148162841797e-01 -1.300400402396917343e-02 7.049432992935180664e-01 1.601070761680603027e+00 1.025196194648742676e+00 -7.758491039276123047e-01 1.478096485137939453e+00 3.433415412902832031e+00 4.866456985473632812e-02 -1.982844024896621704e-01 -9.333605766296386719e-01 6.887962222099304199e-01 4.862472712993621826e-01 -1.700714468955993652e+00 -7.395809292793273926e-01
-2.147643327713012695e+00 -1.343648433685302734e+00 -1.606865972280502319e-01 -4.257210493087768555e-01 -5.120528340339660645e-01 -1.667510271072387695e+00 9.047352522611618042e-02 -3.766955733299255371e-01 9.177480936050415039e-01 -1.578813791275024414e+00 4.388842880725860596e-01 8.096054196357727051e-01 7.296432852745056152e-01 -9.348606467247009277e-01 7.685398310422897339e-02
-8.040435314178466797e-01 9.989285469055175781e-02 6.870880722999572754e-01 1.464305758476257324e+00 1.213033676147460938e+00 -7.074685096740722656e-01 1.652666568756103516e+00 3.226227760314941406e+00 2.812420129776000977e-01 8.587311953306198120e-02 -1.252713799476623535e+00 6.480622887611389160e-01 3.964862525463104248e-01 -1.897564768791198730e+00 -1.007297992706298828e+00
-5.568574666976928711e-01 -4.398944377899169922e-01 -5.042464733123779297e-01 -1.203934073448181152e+00 -1.321733146905899048e-01 1.731295466423034668e+00 6.201963871717453003e-02 -1.852176070213317871e+00 5.230452418327331543e-01 -8.354657888412475586e-01 1.630190968513488770e+00 3.052766323089599609e-01 1.157528758049011230e+00 -3.244674801826477051e-01 1.026030063629150391e+00
-1.475907325744628906e+00 -6.212135553359985352e-01 5.526121854782104492e-01 -8.586506545543670654e-02 8.517651557922363281e-01 -9.230198711156845093e-02 5.411267280578613281e-01 7.226599454879760742e-01 4.150275588035583496e-01 -7.486579418182373047e-01 -8.733382821083068848e-01 -4.079974293708801270e-01 -1.218507170677185059e+00 -9.182806015014648438e-01 -7.792732119560241699e-01
-2.227204084396362305e+00 -1.646252274513244629e+00 1.186996921896934509e-01 -3.041782379150390625e-01 -6.852166652679443359e-01 -1.811788797378540039e+00 1.276606023311614990e-01 -1.623198240995407104e-01 9.013172388076782227e-01 -1.859652042388916016e+00 4.176949560642242432e-01 8.277441859245300293e-01 7.656113505363464355e-01 -1.012585401535034180e+00 2.014978826045989990e-01
-2.210109710693359375e+00 -1.533460736274719238e+00 -2.754024565219879150e-01 -4.750590920448303223e-01 -8.638133406639099121e-01 -1.709959506988525391e+00 2.822864614427089691e-02 -6.192169785499572754e-01 1.067291617393493652e+00 -1.594220995903015137e+00 7.405002117156982422e-01 8.640215992927551270e-01 9.628354907035827637e-01 -1.080875635147094727e+00 1.376785039901733398e-01
-2.050099611282348633e+00 1.891006469726562500e+00 -8.229575157165527344e-01 5.743367671966552734e-01 -4.575729072093963623e-01 7.289383411407470703e-01 -1.516323804855346680e+00 -3.630207180976867676e-01 -1.342546582221984863e+00 -7.583267092704772949e-01 3.841670751571655273e-01 1.360322684049606323e-01 -6.288536190986633301e-01 -2.719092845916748047e+00 8.152564167976379395e-01
-9.969658851623535156e-01 1.827156543731689453e-02 5.230405926704406738e-01 1.576508760452270508e+00 1.028426289558410645e+00 -8.395740985870361328e-01 1.594103336334228516e+00 3.259263038635253906e+00 1.433265209197998047e-01 -2.829802781343460083e-02 -1.047199606895446777e+00 5.948329567909240723e-01 5.124527812004089355e-01 -1.928535461425781250e+00 -7.474880218505859375e-01
2.553639113903045654e-01 -3.339396715164184570e-01 8.912013173103332520e-01 2.135231733322143555e+00 1.112115740776062012e+00 -6.812168359756469727e-01 1.838943213224411011e-01 2.982866168022155762e-01 -1.688009202480316162e-01 -9.138267040252685547e-01 -6.921743750572204590e-01 1.835665583610534668e+00 -6.556295752525329590e-01 2.012532234191894531e+00 -4.257574379444122314e-01
-2.874221503734588623e-01 -1.821005940437316895e-01 -5.773841738700866699e-01 -1.641431570053100586e+00 -1.983948498964309692e-01 2.296774387359619141e+00 -1.983688212931156158e-02 -1.940932750701904297e+00 5.668067932128906250e-01 -6.052300930023193359e-01 1.711796522140502930e+00 1.038354560732841492e-01 1.078770637512207031e+00 -1.321496665477752686e-01 1.089270710945129395e+00
-8.042539358139038086e-01 -6.562602519989013672e-02 -7.332096248865127563e-02 5.250928401947021484e-01 1.006461501121520996e+00 -4.865800440311431885e-01 4.095409512519836426e-01 -2.418501377105712891e+00 1.727295398712158203e+00 1.329386830329895020e+00 -8.402003645896911621e-01 -7.141704112291336060e-02 -8.330641388893127441e-01 -1.904252767562866211e+00 -7.194507122039794922e-01
2.078681886196136475e-01 -2.722270786762237549e-01 9.825287461280822754e-01 2.267149925231933594e+00 1.082185506820678711e+00 -6.467668414115905762e-01 -5.258215218782424927e-02 2.380866557359695435e-01 -3.978092670440673828e-01 -9.621964097023010254e-01 -4.609845578670501709e-01 1.818217992782592773e+00 -6.343134045600891113e-01 2.168768405914306641e+00 -1.137811318039894104e-01
-2.028014898300170898e+00 1.818647027015686035e+00 -8.184505701065063477e-01 3.569236993789672852e-01 -5.494598150253295898e-01 5.537892580032348633e-01 -1.601548314094543457e+00 -4.450659155845642090e-01 -1.188972949981689453e+00 -6.712927818298339844e-01 6.560945510864257812e-01 -9.783489257097244263e-02 -4.556012451648712158e-01 -2.410962581634521484e+00 7.403528094291687012e-01
-1.056920766830444336e+00 1.856932044029235840e-02 4.468876421451568604e-01 1.488906860351562500e+00 1.011880993843078613e+00 -9.480668306350708008e-01 1.557354092597961426e+00 3.070082902908325195e+00 2.270925045013427734e-01 5.270027369260787964e-02 -1.089047908782958984e+00 7.753263115882873535e-01 6.907433867454528809e-01 -1.936303615570068359e+00 -9.188573956489562988e-01
5.127582550048828125e-01 -5.670591592788696289e-01 -9.067028760910034180e-01 -8.874640464782714844e-01 -2.550483047962188721e-01 7.624220848083496094e-01 2.155223608016967773e+00 1.327065587043762207e+00 1.606723308563232422e+00 9.300541132688522339e-02 -1.001458644866943359e+00 2.718990445137023926e-01 9.472365975379943848e-01 -7.095428556203842163e-02 -1.234488129615783691e+00
-3.504519164562225342e-01 -4.998196959495544434e-01 -4.969891011714935303e-01 -1.210880160331726074e+00 -1.596404463052749634e-01 1.749453425407409668e+00 6.064557284116744995e-02 -1.459059953689575195e+00 4.955583512783050537e-01 -8.752915859222412109e-01 1.378518700599670410e+00 3.168117403984069824e-01 1.045233726501464844e+00 -1.938963830471038818e-01 9.339361786842346191e-01
-2.152296781539916992e+00 -1.729519605636596680e+00 8.995404094457626343e-02 -3.799759745597839355e-01 -7.285669445991516113e-01 -1.719320774078369141e+00 5.474444478750228882e-04 -1.077250689268112183e-01 8.865485191345214844e-01 -1.936534881591796875e+00 2.489245086908340454e-01 8.690267205238342285e-01 6.766986250877380371e-01 -6.884761452674865723e-01 7.460366934537887573e-02
-1.074450835585594177e-01 -5.098195672035217285e-01 1.220759153366088867e+00 2.128453493118286133e+00 1.215383172035217285e+00 -7.250747680664062500e-01 -5.027339607477188110e-02 3.983015418052673340e-01 -4.525757133960723877e-01 -9.822113513946533203e-01 -4.341267645359039307e-01 1.652009606361389160e+00 -7.016256451606750488e-01 1.950963377952575684e+00 -2.723940014839172363e-01
3.180769383907318115e-01 -5.501159429550170898e-01 -1.154935359954833984e+00 -1.226604104042053223e+00 -5.306649208068847656e-01 7.563311457633972168e-01 2.116080045700073242e+00 1.038910269737243652e+00 1.696552276611328125e+00 4.188768565654754639e-03 -7.227991819381713867e-01 3.096873164176940918e-01 1.145587921142578125e+00 -4.175015985965728760e-01 -1.088373184204101562e+00
3.359744325280189514e-02 -1.820847988128662109e-01 -5.336747765541076660e-01 -1.344462513923645020e+00 -1.733284145593643188e-01 2.088678121566772461e+00 -7.515195757150650024e-02 -1.846043467521667480e+00 4.920047819614410400e-01 -5.962198972702026367e-01 1.468220114707946777e+00 2.535204887390136719e-01 1.082746505737304688e+00 -1.923684030771255493e-04 1.085255026817321777e+00
-1.261045217514038086e+00 -4.827161133289337158e-01 6.938511729240417480e-01 -3.886572718620300293e-01 7.537388801574707031e-01 3.035909831523895264e-01 5.794163346290588379e-01 6.910080313682556152e-01 4.681150019168853760e-01 -6.631503105163574219e-01 -9.271537065505981445e-01 -6.398526430130004883e-01 -1.335684061050415039e+00 -1.050704240798950195e+00 -6.535975337028503418e-01
-7.047739028930664062e-01 1.820171475410461426e-01 7.313795089721679688e-01 1.601485848426818848e+00 1.256831049919128418e+00 -7.752239704132080078e-01 1.712104082107543945e+00 3.277047634124755859e+00 1.418101191520690918e-01 1.942941993474960327e-01 -1.242801070213317871e+00 7.635295987129211426e-01 4.431242644786834717e-01 -1.984238505363464355e+00 -1.039910912513732910e+00
-6.984207034111022949e-01 -1.692049205303192139e-01 -1.468873471021652222e-01 4.558387696743011475e-01 9.319108724594116211e-01 -2.894469201564788818e-01 3.560872077941894531e-01 -2.049592971801757812e+00 1.445197701454162598e+00 1.218919754028320312e+00 -7.165266871452331543e-01 -2.768570929765701294e-02 -6.771054863929748535e-01 -1.737949252128601074e+00 -5.313365459442138672e-01
-3.479493558406829834e-01 -3.716981410980224609e-01 -7.045717835426330566e-01 -1.208063244819641113e+00 -2.525738775730133057e-01 1.944815516471862793e+00 9.856318682432174683e-02 -1.806293606758117676e+00 5.043664574623107910e-01 -8.564666509628295898e-01 1.531615972518920898e+00 1.935632675886154175e-01 1.175720214843750000e+00 -2.591696381568908691e-01 1.079122900962829590e+00
2.665582001209259033e-01 -4.126517176628112793e-01 1.120594978332519531e+00 2.030808925628662109e+00 1.024246573448181152e+00 -4.499147236347198486e-01 -1.206384077668190002e-01 8.678454756736755371e-01 -4.010481536388397217e-01 -6.424663066864013672e-01 -5.187824368476867676e-01 1.450324296951293945e+00 -5.308819413185119629e-01 1.814303159713745117e+00 -3.371170461177825928e-01
2.692385196685791016e+00 1.615479230880737305e+00 1.767896175384521484e+00 7.640419006347656250e-01 7.995259761810302734e-01 1.144957304000854492e+00 1.756511181592941284e-01 2.881340265274047852e+00 -3.951545357704162598e-01 1.393157720565795898e+00 -9.192003011703491211e-01 -5.143539309501647949e-01 -1.108416557312011719e+00 -8.816107362508773804e-02 -2.056505918502807617e+00
2.541896343231201172e+00 1.566614389419555664e+00 1.416745305061340332e+00 6.251406669616699219e-01 6.822642087936401367e-01 1.077093124389648438e+00 1.685257405042648315e-01 2.450912475585937500e+00 3.308296436443924904e-03 1.498360514640808105e+00 -9.925450086593627930e-01 -3.609651923179626465e-01 -1.363905429840087891e+00 -2.447104156017303467e-01 -2.443994283676147461e+00
-7.967480421066284180e-01 -1.710270643234252930e-01 -1.542862504720687866e-01 4.619406461715698242e-01 9.139297008514404297e-01 -3.604769408702850342e-01 4.541729688644409180e-01 -2.331858158111572266e+00 1.739302277565002441e+00 1.429777383804321289e+00 -6.069397330284118652e-01 -2.027455121278762817e-01 -5.958707928657531738e-01 -1.903856754302978516e+00 -4.837026894092559814e-01
-5.528984665870666504e-01 -3.490332365036010742e-01 -6.664126515388488770e-01 -1.602600216865539551e+00 -1.572975069284439087e-01 2.297938585281372070e+00 -6.353432685136795044e-02 -2.314526081085205078e+00 5.186849832534790039e-01 -6.834310889244079590e-01 1.962623357772827148e+00 1.863232702016830444e-01 1.277034759521484375e+00 -2.635960876941680908e-01 1.102416396141052246e+00
2.470866143703460693e-01 -3.345053791999816895e-01 1.008314967155456543e+00 2.328692913055419922e+00 1.130803942680358887e+00 -8.626210093498229980e-01 -1.130976453423500061e-01 2.582691311836242676e-01 -3.457540869712829590e-01 -8.305091261863708496e-01 -5.772547125816345215e-01 1.966848015785217285e+00 -6.690861582756042480e-01 2.116058349609375000e+00 -5.079587101936340332e-01
-2.467272758483886719e+00 -1.891637325286865234e+00 1.767491921782493591e-04 -3.961312770843505859e-01 -8.212276697158813477e-01 -1.953088760375976562e+00 5.443742498755455017e-03 2.929718419909477234e-02 8.578987121582031250e-01 -2.028179407119750977e+00 4.632425606250762939e-01 9.344747662544250488e-01 9.284006953239440918e-01 -1.021165728569030762e+00 -2.262521348893642426e-02
1.307574212551116943e-01 -1.754009723663330078e-01 -5.507723689079284668e-01 -1.521532177925109863e+00 -2.272598296403884888e-01 2.342802047729492188e+00 -8.978153020143508911e-02 -1.862451672554016113e+00 5.176760554313659668e-01 -3.488758206367492676e-01 1.557664036750793457e+00 3.959303349256515503e-02 9.838908314704895020e-01 2.616835199296474457e-02 1.069374799728393555e+00
-1.283002972602844238e+00 -5.980544090270996094e-01 5.282890200614929199e-01 -3.440611362457275391e-01 6.447741985321044922e-01 2.637337148189544678e-01 8.323573470115661621e-01 1.172829747200012207e+00 3.625026345252990723e-01 -6.859067678451538086e-01 -9.225156307220458984e-01 -7.359271049499511719e-01 -1.047507643699645996e+00 -1.050544261932373047e+00 -7.490095496177673340e-01
1.231450811028480530e-01 -2.198438048362731934e-01 -4.684725701808929443e-01 -1.183046221733093262e+00 -2.252883464097976685e-01 2.015278339385986328e+00 -4.291544109582901001e-02 -1.604262232780456543e+00 5.642525553703308105e-01 -6.075756549835205078e-01 1.439974904060363770e+00 2.598227858543395996e-01 9.849639534950256348e-01 1.620368659496307373e-01 1.057395815849304199e+00
-7.965685129165649414e-01 -2.370350658893585205e-01 -7.481757551431655884e-02 5.664910078048706055e-01 9.987225532531738281e-01 -4.401493966579437256e-01 4.259477257728576660e-01 -1.971652626991271973e+00 1.600694775581359863e+00 1.294781684875488281e+00 -7.631861567497253418e-01 -1.826126128435134888e-02 -6.794493794441223145e-01 -1.877184271812438965e+00 -7.297607660293579102e-01
2.766595184803009033e-01 -3.326711952686309814e-01 9.477091431617736816e-01 2.114193201065063477e+00 1.116684198379516602e+00 -4.926721751689910889e-01 1.560387462377548218e-01 5.481771826744079590e-01 -3.016618490219116211e-01 -7.508831620216369629e-01 -6.336966753005981445e-01 1.571993112564086914e+00 -5.998533368110656738e-01 1.822016954421997070e+00 -4.607435464859008789e-01
4.380022585391998291e-01 -1.793912649154663086e-01 9.043135046958923340e-01 2.316621780395507812e+00 1.180357694625854492e+00 -6.562825441360473633e-01 -3.499124199151992798e-02 2.169550210237503052e-01 -5.174596309661865234e-01 -8.488935232162475586e-01 -7.009257078170776367e-01 1.923324346542358398e+00 -7.409591078758239746e-01 2.176609992980957031e+00 -4.306376874446868896e-01
-1.159636974334716797e+00 2.539235353469848633e-02 2.005089759826660156e+00 1.552962422370910645e+00 1.893878817558288574e+00 -1.364375710487365723e+00 -6.609183549880981445e-01 -9.339192509651184082e-01 -1.326457858085632324e-01 5.618297308683395386e-02 -3.923958241939544678e-01 4.547674059867858887e-01 -1.841445684432983398e+00 -1.516195654869079590e+00 -7.904525995254516602e-01
2.975067794322967529e-01 -1.245535016059875488e-01 9.493053555488586426e-01 1.880919694900512695e+00 9.899348616600036621e-01 -2.299679815769195557e-01 -1.906997412443161011e-01 3.307271599769592285e-01 -8.965978026390075684e-02 -4.979811608791351318e-01 -3.290230333805084229e-01 1.297370195388793945e+00 -8.240146040916442871e-01 1.844078660011291504e+00 -3.757385909557342529e-01
4.717368781566619873e-01 -5.981760025024414062e-01 -9.146988987922668457e-01 -8.398835659027099609e-01 -3.226408064365386963e-01 6.107213497161865234e-01 2.046543359756469727e+00 1.665071845054626465e+00 1.327952027320861816e+00 -7.866872102022171021e-02 -7.681249380111694336e-01 2.814617753028869629e-01 1.157868623733520508e+00 -9.586747735738754272e-02 -1.096727132797241211e+00
4.527496993541717529e-01 -4.825848340988159180e-01 -1.221800565719604492e+00 -1.128848910331726074e+00 -4.888823330402374268e-01 7.354967594146728516e-01 1.962899208068847656e+00 6.758758425712585449e-01 1.763179302215576172e+00 1.327413171529769897e-01 -8.168125152587890625e-01 3.417467474937438965e-01 1.001441121101379395e+00 -2.550857961177825928e-01 -1.178144931793212891e+00
3.068445622920989990e-01 -2.353971600532531738e-01 1.207453727722167969e+00 1.956786990165710449e+00 1.087181925773620605e+00 -2.422679960727691650e-01 8.176002651453018188e-02 1.071664214134216309e+00 -3.506897687911987305e-01 -6.509249210357666016e-01 -4.640464484691619873e-01 1.400898814201354980e+00 -5.387454628944396973e-01 1.632967352867126465e+00 -3.377903401851654053e-01
3.633257448673248291e-01 -3.789444267749786377e-01 9.634702801704406738e-01 2.108989238739013672e+00 1.085793256759643555e+00 -4.366705119609832764e-01 1.050470992922782898e-01 5.605264306068420410e-01 -4.066677093505859375e-01 -9.457869529724121094e-01 -5.918514132499694824e-01 1.735082507133483887e+00 -5.770905613899230957e-01 2.125478506088256836e+00 -2.855551838874816895e-01
3.352747857570648193e-01 -5.917667746543884277e-01 -1.084478616714477539e+00 -1.128400683403015137e+00 -5.208963155746459961e-01 7.109044790267944336e-01 1.997615337371826172e+00 7.982880473136901855e-01 1.823661565780639648e+00 2.454971522092819214e-02 -8.934326171875000000e-01 2.286709398031234741e-01 9.466406702995300293e-01 -2.826252877712249756e-01 -1.130397796630859375e+00
-2.285317659378051758e+00 -1.714167594909667969e+00 3.795232623815536499e-02 -3.779041767120361328e-01 -6.033798456192016602e-01 -1.838665962219238281e+00 9.604496508836746216e-02 3.401524946093559265e-02 7.904120683670043945e-01 -1.786520838737487793e+00 4.029170572757720947e-01 8.629427552223205566e-01 7.620427012443542480e-01 -8.948574662208557129e-01 6.357269734144210815e-02
-1.165625095367431641e+00 1.265204045921564102e-02 5.206252932548522949e-01 1.609715461730957031e+00 1.147740125656127930e+00 -1.077917098999023438e+00 1.580870389938354492e+00 3.082139730453491211e+00 3.802577257156372070e-01 1.114143058657646179e-01 -1.237963199615478516e+00 7.673346400260925293e-01 4.980609118938446045e-01 -2.134778499603271484e+00 -1.005140542984008789e+00
-1.616155624389648438e+00 -7.381755113601684570e-01 6.364675760269165039e-01 -2.665835618972778320e-01 8.563294410705566406e-01 2.152228057384490967e-01 5.674139857292175293e-01 4.464338421821594238e-01 6.603852510452270508e-01 -7.227332592010498047e-01 -9.839882850646972656e-01 -6.671530008316040039e-01 -1.341727256774902344e+00 -1.197485089302062988e+00 -7.553204894065856934e-01
4.373594522476196289e-01 -1.811612844467163086e-01 1.123065233230590820e+00 2.166759014129638672e+00 9.987745285034179688e-01 -3.586377799510955811e-01 -1.165176853537559509e-01 8.209280371665954590e-01 -4.490440785884857178e-01 -6.645031571388244629e-01 -6.024181842803955078e-01 1.389885663986206055e+00 -6.854452490806579590e-01 1.994110107421875000e+00 -3.906290829181671143e-01
2.779099047183990479e-01 -2.842281460762023926e-01 1.029651880264282227e+00 2.083769083023071289e+00 1.021501421928405762e+00 -5.488070249557495117e-01 -3.858865052461624146e-02 3.624647259712219238e-01 -2.915228605270385742e-01 -9.932960271835327148e-01 -5.995075702667236328e-01 1.760389089584350586e+00 -6.831629872322082520e-01 2.205951690673828125e+00 -3.300356566905975342e-01
-1.113720178604125977e+00 -2.668797671794891357e-01 -2.721908986568450928e-01 6.947789192199707031e-01 1.035047650337219238e+00 -9.637516736984252930e-01 3.746014833450317383e-01 -2.663475036621093750e+00 1.905504822731018066e+00 1.287088632583618164e+00 -6.720656752586364746e-01 1.659568995237350464e-01 -7.629531025886535645e-01 -2.103220462799072266e+00 -7.941779494285583496e-01
2.994207859039306641e+00 1.853945255279541016e+00 1.492198109626770020e+00 6.718559265136718750e-01 8.276137113571166992e-01 1.378399133682250977e+00 1.356331557035446167e-01 2.138664245605468750e+00 -1.889359951019287109e-01 1.843612909317016602e+00 -9.968708157539367676e-01 -3.157936930656433105e-01 -1.219382762908935547e+00 -7.255931943655014038e-02 -2.098763704299926758e+00
5.668462514877319336e-01 -6.326720714569091797e-01 -1.084505081176757812e+00 -9.908995628356933594e-01 -4.547062218189239502e-01 7.077835202217102051e-01 2.038667678833007812e+00 1.259314894676208496e+00 1.568615913391113281e+00 1.276478618383407593e-01 -7.351373434066772461e-01 3.703402876853942871e-01 1.204036355018615723e+00 -4.772397130727767944e-02 -1.100048899650573730e+00
2.294292747974395752e-01 -3.115904033184051514e-01 1.084847807884216309e+00 2.242749929428100586e+00 1.045928120613098145e+00 -5.277419686317443848e-01 -1.523604243993759155e-01 6.354267001152038574e-01 -4.899935126304626465e-01 -8.638377785682678223e-01 -5.293124914169311523e-01 1.624388456344604492e+00 -5.774287581443786621e-01 2.127690792083740234e+00 -2.631621658802032471e-01
-8.748366683721542358e-02 -1.899662613868713379e-01 -6.342391371726989746e-01 -1.665672659873962402e+00 -2.600665390491485596e-01 2.458465814590454102e+00 5.231281369924545288e-02 -1.909071803092956543e+00 5.930004119873046875e-01 -7.552732825279235840e-01 1.728606462478637695e+00 6.269221752882003784e-02 1.063768148422241211e+00 1.102720275521278381e-01 1.119766592979431152e+00
-5.482841730117797852e-01 -4.460588097572326660e-02 -7.439158111810684204e-02 4.112353920936584473e-01 9.293611645698547363e-01 -1.650584638118743896e-01 5.228723883628845215e-01 -1.961491942405700684e+00 1.590164542198181152e+00 1.293018341064453125e+00 -6.514202356338500977e-01 -1.715986281633377075e-01 -6.692454218864440918e-01 -1.635014057159423828e+00 -4.747786223888397217e-01
2.476308822631835938e+00 1.405274152755737305e+00 1.523747324943542480e+00 7.313411235809326172e-01 7.272902727127075195e-01 1.108540534973144531e+00 3.807118535041809082e-01 2.886991262435913086e+00 -4.514920711517333984e-02 1.413930892944335938e+00 -1.058706045150756836e+00 -3.157491087913513184e-01 -1.195451974868774414e+00 -1.223216876387596130e-01 -2.352512598037719727e+00
-2.270943164825439453e+00 2.303539752960205078e+00 -9.266491532325744629e-01 8.604442477226257324e-01 -5.119605660438537598e-01 5.190855860710144043e-01 -1.996799468994140625e+00 -5.675999522209167480e-01 -1.520535469055175781e+00 -8.558939695358276367e-01 4.662809371948242188e-01 7.443099468946456909e-02 -7.804034352302551270e-01 -2.608197212219238281e+00 7.693313956260681152e-01
-3.454518616199493408e-01 -9.381259977817535400e-02 -5.415324121713638306e-02 3.147730827331542969e-01 8.633499145507812500e-01 2.903161197900772095e-02 5.522950887680053711e-01 -1.579177856445312500e+00 1.499128580093383789e+00 1.309709787368774414e+00 -7.526006698608398438e-01 -1.807682067155838013e-01 -6.277191042900085449e-01 -1.617621660232543945e+00 -5.733808279037475586e-01
-2.131496191024780273e+00 1.947052001953125000e+00 -8.626293540000915527e-01 5.236538648605346680e-01 -5.732977986335754395e-01 7.805832624435424805e-01 -1.641588687896728516e+00 -4.180261492729187012e-01 -1.290519356727600098e+00 -8.244900107383728027e-01 5.078528523445129395e-01 -1.120308116078376770e-01 -6.331189274787902832e-01 -2.668512105941772461e+00 7.718555927276611328e-01
3.283986747264862061e-01 -6.969984769821166992e-01 -1.113438844680786133e+00 -1.069530606269836426e+00 -5.081624984741210938e-01 5.776615142822265625e-01 2.038223981857299805e+00 1.078899502754211426e+00 1.670630574226379395e+00 -2.248395234346389771e-02 -8.348069787025451660e-01 4.214957356452941895e-01 1.201604366302490234e+00 -2.349678874015808105e-01 -1.114012360572814941e+00
2.269613146781921387e-01 -4.805983901023864746e-01 1.085318326950073242e+00 2.125314712524414062e+00 1.201569318771362305e+00 -5.479721426963806152e-01 1.625960469245910645e-01 8.746926188468933105e-01 -4.041078090667724609e-01 -8.934749364852905273e-01 -5.017592310905456543e-01 1.718976736068725586e+00 -5.055915713310241699e-01 1.935359358787536621e+00 -3.071458339691162109e-01
-2.304210186004638672e+00 -1.723053097724914551e+00 1.261893063783645630e-01 -3.008644282817840576e-01 -6.332809925079345703e-01 -2.020435333251953125e+00 5.865352600812911987e-02 -2.784608006477355957e-01 8.385192155838012695e-01 -1.782842874526977539e+00 4.312942326068878174e-01 9.063096642494201660e-01 8.494839072227478027e-01 -8.259341120719909668e-01 7.972792536020278931e-02
-1.151100158691406250e+00 5.577671527862548828e-02 6.349018216133117676e-01 1.617180466651916504e+00 1.122181653976440430e+00 -8.658837676048278809e-01 1.649047136306762695e+00 3.463898658752441406e+00 1.349561810493469238e-01 -2.393604069948196411e-02 -1.101540207862854004e+00 5.732445120811462402e-01 5.374988913536071777e-01 -2.178267002105712891e+00 -8.884449005126953125e-01
