8.997871279716491699e-01 1.472434282302856445e+00 -4.624092578887939453e-01 2.504260465502738953e-02 2.160098791122436523e+00 -1.582432985305786133e+00 -1.158656954765319824e+00 -2.530712783336639404e-01 -1.220456957817077637e+00 -2.066083431243896484e+00
8.168858885765075684e-01 -3.524274826049804688e-01 5.612729787826538086e-01 -4.520185887813568115e-01 1.730883359909057617e+00 7.517722994089126587e-02 -1.772080540657043457e+00 -1.031531929969787598e+00 7.077645063400268555e-01 1.190965414047241211e+00
3.245959281921386719e-01 2.641309022903442383e+00 -3.529152274131774902e-01 -2.830209493637084961e+00 2.613156557083129883e+00 2.757168710231781006e-01 -9.315948486328125000e-01 -1.561656117439270020e+00 -1.301053285598754883e+00 -4.370747804641723633e-01
-5.958992838859558105e-01 9.027397632598876953e-01 -2.031181454658508301e-01 9.144209623336791992e-01 -1.327990174293518066e+00 9.549770504236221313e-02 -1.383809804916381836e+00 1.230869531631469727e+00 3.994221985340118408e-01 -5.479207038879394531e-01
-1.019911408424377441e+00 1.399903893470764160e-01 -2.787590920925140381e-01 8.763614296913146973e-01 8.053728193044662476e-02 3.296897560358047485e-02 9.999130964279174805e-01 -1.174298048019409180e+00 2.209845542907714844e+00 1.402177333831787109e+00
2.088242322206497192e-01 2.280778646469116211e+00 -3.867606222629547119e-01 -2.636619329452514648e+00 2.491503715515136719e+00 2.213098704814910889e-01 -6.379184722900390625e-01 -1.337009549140930176e+00 -1.261685729026794434e+00 -4.801753461360931396e-01
-2.792161107063293457e-01 -1.513598799705505371e+00 2.316237054765224457e-02 -1.524497151374816895e+00 4.960398972034454346e-01 -1.250083208084106445e+00 -9.628807306289672852e-01 -2.093481302261352539e+00 3.205747902393341064e-01 2.260376811027526855e-01
1.770119667053222656e-01 2.422744035720825195e+00 -4.331569671630859375e-01 -2.690016984939575195e+00 2.485100030899047852e+00 3.198244273662567139e-01 -5.904127955436706543e-01 -1.395628809928894043e+00 -1.130769014358520508e+00 -3.746800422668457031e-01
-1.908291727304458618e-01 -1.519892573356628418e+00 -1.275264658033847809e-02 -1.266594648361206055e+00 4.972240626811981201e-01 -1.026569604873657227e+00 -6.759122014045715332e-01 -1.932255268096923828e+00 3.029324710369110107e-01 -4.811435937881469727e-04
1.310423374176025391e+00 3.659520745277404785e-01 -7.168883681297302246e-01 -5.706753730773925781e-01 -1.043628714978694916e-02 -1.279252469539642334e-01 -2.581508159637451172e+00 -4.902203977108001709e-01 -7.000018358230590820e-01 -2.463311910629272461e+00
8.954761028289794922e-01 -5.329400300979614258e-01 5.163801908493041992e-01 -3.615464568138122559e-01 1.891360998153686523e+00 3.463162481784820557e-01 -2.491553544998168945e+00 -1.232937335968017578e+00 7.837408185005187988e-01 1.709760665893554688e+00
1.049405455589294434e+00 1.809692978858947754e+00 -4.361254572868347168e-01 -3.345086574554443359e-01 2.717215299606323242e+00 -2.120978355407714844e+00 -2.077968597412109375e+00 -5.961679220199584961e-01 -1.490548729896545410e+00 -2.112083196640014648e+00
9.135562777519226074e-01 2.075072526931762695e-01 1.135203599929809570e+00 2.425488382577896118e-01 1.601947546005249023e+00 5.384255051612854004e-01 -4.034845530986785889e-01 -2.723016023635864258e+00 1.482106924057006836e+00 -8.762096166610717773e-01
4.358139634132385254e-01 2.633278369903564453e+00 -4.524959325790405273e-01 -2.951724290847778320e+00 2.457314014434814453e+00 3.508892953395843506e-01 -1.038926005363464355e+00 -1.716542482376098633e+00 -1.436628580093383789e+00 -4.865999817848205566e-01
8.072097897529602051e-01 -4.976176023483276367e-01 3.978079557418823242e-01 -4.317704737186431885e-01 1.640978217124938965e+00 2.028976380825042725e-01 -1.808058023452758789e+00 -1.035782337188720703e+00 6.371830105781555176e-01 1.304308176040649414e+00
8.638278245925903320e-01 -3.715075254440307617e-01 6.902807354927062988e-01 -3.756310939788818359e-01 2.038816928863525391e+00 2.387073338031768799e-01 -2.720058917999267578e+00 -1.451758623123168945e+00 8.111300468444824219e-01 1.458686351776123047e+00
9.888148903846740723e-01 9.173981547355651855e-01 -2.503375709056854248e-01 -7.071193456649780273e-01 4.492923021316528320e-01 1.485429704189300537e-01 -2.351175069808959961e+00 -1.333416938781738281e+00 -9.137251228094100952e-02 -8.377082943916320801e-01
-1.920187622308731079e-01 -1.288965582847595215e+00 -1.065865084528923035e-01 -1.425983667373657227e+00 4.740685820579528809e-01 -1.085136890411376953e+00 -8.371978998184204102e-01 -1.687038421630859375e+00 2.284356653690338135e-01 5.300758779048919678e-02
-2.411671429872512817e-01 -1.373618245124816895e+00 5.114883929491043091e-02 -1.383573174476623535e+00 4.382598400115966797e-01 -1.117091894149780273e+00 -6.214272975921630859e-01 -1.848065853118896484e+00 2.937106192111968994e-01 2.089985013008117676e-01
8.621781468391418457e-01 1.333385109901428223e-01 9.119139313697814941e-01 4.108856897801160812e-03 1.515056133270263672e+00 3.774381577968597412e-01 -4.128175675868988037e-01 -2.281325578689575195e+00 1.118575930595397949e+00 -6.879212856292724609e-01
-3.541124165058135986e-01 -1.355764031410217285e+00 -3.242378681898117065e-02 -1.449456810951232910e+00 5.187340974807739258e-01 -1.151492714881896973e+00 -8.470881581306457520e-01 -1.764932751655578613e+00 1.871850192546844482e-01 2.661625742912292480e-01
8.129854798316955566e-01 -5.217510461807250977e-01 5.060550570487976074e-01 -3.424852788448333740e-01 1.802555084228515625e+00 2.549920380115509033e-01 -2.141664981842041016e+00 -1.118655562400817871e+00 6.376039981842041016e-01 1.402168750762939453e+00
9.368295073509216309e-01 1.568372130393981934e+00 -4.856076538562774658e-01 -1.603578180074691772e-01 2.226401329040527344e+00 -1.732332468032836914e+00 -1.323434591293334961e+00 -2.086138874292373657e-01 -1.327852606773376465e+00 -2.120240926742553711e+00
-3.880326449871063232e-01 -1.388622045516967773e+00 6.099934130907058716e-02 -1.380485177040100098e+00 5.211979150772094727e-01 -1.155741930007934570e+00 -8.321561813354492188e-01 -1.934129834175109863e+00 3.825362622737884521e-01 2.657742798328399658e-01
1.960992068052291870e-01 2.335695981979370117e+00 -3.561224043369293213e-01 -2.591330766677856445e+00 2.416606426239013672e+00 2.771042287349700928e-01 -6.213626861572265625e-01 -1.308025836944580078e+00 -1.214954495429992676e+00 -4.156558215618133545e-01
-7.902214527130126953e-01 2.263703346252441406e-01 -2.532253265380859375e-01 6.086770296096801758e-01 2.770568132400512695e-01 3.438568860292434692e-02 9.459804296493530273e-01 -1.167393088340759277e+00 1.912217140197753906e+00 1.200976848602294922e+00
1.835105270147323608e-01 2.271763563156127930e+00 -3.225240111351013184e-01 -2.595027685165405273e+00 2.258276939392089844e+00 2.397765815258026123e-01 -7.093594670295715332e-01 -1.191716074943542480e+00 -1.204518318176269531e+00 -4.258246719837188721e-01
-6.035717725753784180e-01 1.042822003364562988e+00 -2.323188483715057373e-01 8.571066856384277344e-01 -1.215029239654541016e+00 6.336501985788345337e-02 -1.309413671493530273e+00 1.145004987716674805e+00 3.949043452739715576e-01 -4.859842956066131592e-01
1.073397636413574219e+00 1.832788586616516113e+00 -4.033659100532531738e-01 -7.461660355329513550e-02 2.575217723846435547e+00 -2.065253973007202148e+00 -1.823731899261474609e+00 -4.343641102313995361e-01 -1.351188898086547852e+00 -2.204845666885375977e+00
9.107276201248168945e-01 -3.451389074325561523e-01 5.200273394584655762e-01 -4.713546037673950195e-01 1.814330101013183594e+00 1.915831267833709717e-01 -2.145997524261474609e+00 -1.198672652244567871e+00 7.014434933662414551e-01 1.314458370208740234e+00
-5.468889474868774414e-01 9.534174203872680664e-01 -1.420472711324691772e-01 7.685883045196533203e-01 -9.688621163368225098e-01 4.291391931474208832e-03 -1.205538272857666016e+00 9.726617336273193359e-01 2.817530333995819092e-01 -4.522425830364227295e-01
1.264186978340148926e+00 1.963562846183776855e+00 -4.140811562538146973e-01 -1.675816029310226440e-01 2.712740659713745117e+00 -2.279467582702636719e+00 -2.292394638061523438e+00 -4.284914135932922363e-01 -1.713200330734252930e+00 -2.471300363540649414e+00
1.184716343879699707e+00 1.624342441558837891e+00 -4.680654406547546387e-01 2.790410444140434265e-02 2.175694704055786133e+00 -1.954344391822814941e+00 -1.666056871414184570e+00 -2.145345658063888550e-01 -1.420141816139221191e+00 -2.347892522811889648e+00
-7.992295026779174805e-01 2.381858229637145996e-01 -3.700464367866516113e-01 8.851017951965332031e-01 5.576565116643905640e-02 1.651580631732940674e-01 1.055625438690185547e+00 -1.106203794479370117e+00 2.170637607574462891e+00 1.304750442504882812e+00
9.218681454658508301e-01 1.882600784301757812e-01 1.232575058937072754e+00 -4.689227417111396790e-02 1.694337606430053711e+00 1.310108006000518799e-01 -5.668205022811889648e-01 -2.606529951095581055e+00 1.195829391479492188e+00 -4.954445064067840576e-01
5.596665740013122559e-01 -1.482229828834533691e-01 3.530604392290115356e-02 1.229043960571289062e+00 4.969133734703063965e-01 1.468103229999542236e-01 6.467235088348388672e-01 -2.383714467287063599e-01 1.042695999145507812e+00 -1.746824264526367188e+00
6.545814871788024902e-01 -7.590389810502529144e-03 -6.548529118299484253e-02 1.205671191215515137e+00 4.661799073219299316e-01 1.876739412546157837e-02 3.980222046375274658e-01 -1.867764145135879517e-01 7.432690262794494629e-01 -1.610790967941284180e+00
-8.165900111198425293e-01 3.161168098449707031e-01 -2.799235880374908447e-01 8.090394139289855957e-01 1.025810912251472473e-01 1.158253327012062073e-01 9.536025524139404297e-01 -1.050191164016723633e+00 2.094064235687255859e+00 1.233606100082397461e+00
7.648614048957824707e-01 -2.319610677659511566e-03 1.250873208045959473e-01 1.218025684356689453e+00 5.884326696395874023e-01 1.395860612392425537e-01 5.170321464538574219e-01 -4.043098986148834229e-01 8.870818614959716797e-01 -1.780249357223510742e+00
9.290779829025268555e-01 -2.946754097938537598e-01 5.947756767272949219e-01 -5.359917283058166504e-01 1.995404481887817383e+00 2.441192567348480225e-01 -2.503155946731567383e+00 -1.273279428482055664e+00 7.315768003463745117e-01 1.560914516448974609e+00
1.469015836715698242e+00 3.473935425281524658e-01 -1.031208395957946777e+00 -7.454633712768554688e-01 -1.545100063085556030e-01 -2.070203125476837158e-01 -2.946955442428588867e+00 -3.985474407672882080e-01 -9.793466329574584961e-01 -2.791647672653198242e+00
-9.246312379837036133e-01 6.534885615110397339e-02 -3.199608623981475830e-01 6.494953036308288574e-01 1.379173099994659424e-01 3.982392698526382446e-02 1.123735904693603516e+00 -1.203265190124511719e+00 2.177572727203369141e+00 1.366471052169799805e+00
-7.006352543830871582e-01 2.102631330490112305e-01 -2.928432822227478027e-01 8.212465047836303711e-01 1.351592876017093658e-02 9.316454082727432251e-02 9.557854533195495605e-01 -1.013183355331420898e+00 1.867138266563415527e+00 9.129033684730529785e-01
8.619458675384521484e-01 1.987481117248535156e-01 1.063075065612792969e+00 2.433587238192558289e-02 1.437723159790039062e+00 3.789966404438018799e-01 -2.503220140933990479e-01 -2.310115337371826172e+00 1.097445726394653320e+00 -7.189258933067321777e-01
6.854185461997985840e-01 1.208199188113212585e-01 2.345169149339199066e-02 1.167107582092285156e+00 5.863109827041625977e-01 8.701352030038833618e-02 4.741110503673553467e-01 -2.610070109367370605e-01 6.914296746253967285e-01 -1.731704473495483398e+00
2.074397355318069458e-01 2.919068574905395508e+00 -3.267715871334075928e-01 -3.018209457397460938e+00 2.661012411117553711e+00 3.967228829860687256e-01 -9.776059985160827637e-01 -1.642452716827392578e+00 -1.323443889617919922e+00 -4.584284424781799316e-01
1.080190420150756836e+00 -5.587661862373352051e-01 6.313795447349548340e-01 -2.467686980962753296e-01 1.870790958404541016e+00 3.318062722682952881e-01 -2.528085231781005859e+00 -1.204222679138183594e+00 7.319709062576293945e-01 1.670575141906738281e+00
-3.443049490451812744e-01 -1.787435293197631836e+00 1.164101436734199524e-01 -1.446905016899108887e+00 5.705228447914123535e-01 -1.363832116127014160e+00 -1.190738439559936523e+00 -2.499285459518432617e+00 6.377040147781372070e-01 4.019427299499511719e-01
3.586173653602600098e-01 2.869237661361694336e+00 -3.754596710205078125e-01 -2.974844932556152344e+00 2.508389949798583984e+00 4.653707444667816162e-01 -8.953540325164794922e-01 -1.633647203445434570e+00 -1.389479875564575195e+00 -4.694086313247680664e-01
8.155137300491333008e-01 1.084765121340751648e-01 1.026553630828857422e+00 6.776202470064163208e-02 1.472771763801574707e+00 3.596750795841217041e-01 -3.576884567737579346e-01 -2.349129915237426758e+00 1.093988895416259766e+00 -7.469583749771118164e-01
6.448633074760437012e-01 -8.770523220300674438e-02 3.662688285112380981e-02 1.367998957633972168e+00 5.042285919189453125e-01 2.218424975872039795e-01 6.220117807388305664e-01 -3.669108450412750244e-01 9.577560424804687500e-01 -1.682246923446655273e+00
-5.045243501663208008e-01 1.014317154884338379e+00 -9.639709442853927612e-02 6.828680634498596191e-01 -1.164930582046508789e+00 -8.098985999822616577e-02 -1.490163564682006836e+00 1.081724882125854492e+00 8.602032810449600220e-02 -6.897604465484619141e-01
8.014798164367675781e-01 -2.923604249954223633e-01 6.060662865638732910e-01 -3.453299105167388916e-01 1.867274641990661621e+00 2.507215440273284912e-01 -2.271309852600097656e+00 -1.283013582229614258e+00 8.162583112716674805e-01 1.449254035949707031e+00
-9.197537302970886230e-01 2.625028491020202637e-01 -3.042924702167510986e-01 6.701385974884033203e-01 1.600785404443740845e-01 3.096876293420791626e-02 1.054356694221496582e+00 -1.062695264816284180e+00 1.948997020721435547e+00 1.281828403472900391e+00
2.825038433074951172e-01 2.722347497940063477e+00 -3.338024616241455078e-01 -2.790332555770874023e+00 2.760305643081665039e+00 3.785623013973236084e-01 -7.915547490119934082e-01 -1.750922679901123047e+00 -1.284252405166625977e+00 -4.576392769813537598e-01
-6.540446281433105469e-01 9.082835912704467773e-01 -6.162100285291671753e-02 1.142686009407043457e+00 -1.313391447067260742e+00 1.532202661037445068e-01 -1.358686923980712891e+00 1.200665116310119629e+00 4.686327278614044189e-01 -5.307051539421081543e-01
9.643483757972717285e-01 -3.897187709808349609e-01 4.899528920650482178e-01 -4.683163762092590332e-01 1.784265041351318359e+00 1.634516119956970215e-01 -2.236915826797485352e+00 -1.292927980422973633e+00 6.149979829788208008e-01 1.301886558532714844e+00
1.288915634155273438e+00 7.836545258760452271e-02 -6.209796071052551270e-01 -6.363525986671447754e-01 -2.258246988058090210e-01 9.021589905023574829e-02 -2.528383016586303711e+00 -3.963860869407653809e-01 -5.597910881042480469e-01 -2.392718553543090820e+00
8.120043277740478516e-01 7.832481712102890015e-02 -5.881112068891525269e-02 1.447253942489624023e+00 5.735391378402709961e-01 2.162478119134902954e-02 3.598289787769317627e-01 -2.235518246889114380e-01 6.304467916488647461e-01 -2.093465566635131836e+00
-3.959701359272003174e-01 -1.334818840026855469e+00 8.332443982362747192e-02 -1.300766825675964355e+00 6.291181445121765137e-01 -1.007634401321411133e+00 -8.866918087005615234e-01 -1.892629146575927734e+00 4.203086793422698975e-01 3.002202510833740234e-02
8.868801593780517578e-01 -1.313350200653076172e-01 5.341115593910217285e-01 -3.740035891532897949e-01 1.825500965118408203e+00 1.507247090339660645e-01 -2.196199893951416016e+00 -1.286403059959411621e+00 6.870197057723999023e-01 1.257161378860473633e+00
2.741163969039916992e-01 2.285554409027099609e+00 -3.550199866294860840e-01 -2.594603300094604492e+00 2.569176197052001953e+00 2.809076011180877686e-01 -6.134159564971923828e-01 -1.425057172775268555e+00 -1.248081803321838379e+00 -4.326649904251098633e-01
1.068271279335021973e+00 1.519315600395202637e+00 -4.353066682815551758e-01 -4.152338579297065735e-02 2.236623764038085938e+00 -1.857821226119995117e+00 -1.496473550796508789e+00 -3.002189397811889648e-01 -1.342445969581604004e+00 -2.201664924621582031e+00
1.213449478149414062e+00 1.893942952156066895e+00 -4.781117439270019531e-01 -8.620511740446090698e-02 2.657383918762207031e+00 -2.223402500152587891e+00 -2.049644231796264648e+00 -3.167460262775421143e-01 -1.702283740043640137e+00 -2.519545793533325195e+00
-2.791486978530883789e-01 -1.558006405830383301e+00 1.066948249936103821e-01 -1.459097027778625488e+00 6.416834592819213867e-01 -1.250650405883789062e+00 -1.187233805656433105e+00 -2.386024236679077148e+00 5.143132209777832031e-01 1.421833783388137817e-01
8.942731618881225586e-01 -1.883156299591064453e-01 8.455348014831542969e-01 -2.878497838973999023e-01 2.200090169906616211e+00 3.383179605007171631e-01 -3.166159152984619141e+00 -1.545839309692382812e+00 9.675341844558715820e-01 1.749553203582763672e+00
3.559089303016662598e-01 2.813917160034179688e+00 -3.553631901741027832e-01 -2.928477287292480469e+00 2.759373664855957031e+00 3.250121772289276123e-01 -9.798923730850219727e-01 -1.798290967941284180e+00 -1.375086903572082520e+00 -4.947398304939270020e-01
-8.936871290206909180e-01 1.558539867401123047e-01 -3.324628770351409912e-01 7.731784582138061523e-01 1.702145934104919434e-01 5.041895061731338501e-02 1.050326347351074219e+00 -1.265845298767089844e+00 2.150687932968139648e+00 1.325970172882080078e+00
7.347732186317443848e-01 -6.044049263000488281e-01 4.792301058769226074e-01 -3.090255558490753174e-01 1.751962423324584961e+00 2.595779597759246826e-01 -2.092072725296020508e+00 -1.026298761367797852e+00 6.393795609474182129e-01 1.382879018783569336e+00
1.341845154762268066e+00 2.885779142379760742e-01 -8.079000711441040039e-01 -6.021555066108703613e-01 -1.326402276754379272e-01 -1.444093883037567139e-01 -2.567691087722778320e+00 -3.241648972034454346e-01 -7.060866355895996094e-01 -2.579107999801635742e+00
8.914812207221984863e-01 -9.091795235872268677e-02 5.405048727989196777e-01 -5.467652678489685059e-01 1.901252150535583496e+00 5.097512155771255493e-02 -2.060690879821777344e+00 -1.177203536033630371e+00 6.140115261077880859e-01 1.159626483917236328e+00
-2.962298393249511719e-01 -1.397991418838500977e+00 1.015992835164070129e-01 -1.444664835929870605e+00 4.774497747421264648e-01 -1.185879588127136230e+00 -1.014177203178405762e+00 -2.096836566925048828e+00 5.372322797775268555e-01 9.141662716865539551e-02
2.558909058570861816e-01 2.776852369308471680e+00 -4.454081654548645020e-01 -3.106578826904296875e+00 2.570228576660156250e+00 3.447830379009246826e-01 -9.171378612518310547e-01 -1.482870459556579590e+00 -1.414613008499145508e+00 -4.391848146915435791e-01
4.766908884048461914e-01 2.973542451858520508e+00 -4.916477203369140625e-01 -3.434510469436645508e+00 2.794412136077880859e+00 3.114263713359832764e-01 -1.196650624275207520e+00 -1.795072555541992188e+00 -1.778948068618774414e+00 -5.731754899024963379e-01
9.731302857398986816e-01 9.030780792236328125e-01 -1.548740267753601074e-01 -3.219658136367797852e-01 2.441041618585586548e-01 2.634187638759613037e-01 -2.542648553848266602e+00 -1.280848503112792969e+00 -1.310273706912994385e-01 -9.806006550788879395e-01
2.259672731161117554e-01 2.618281841278076172e+00 -3.500663340091705322e-01 -2.838487386703491211e+00 2.626842021942138672e+00 3.262262046337127686e-01 -7.568780779838562012e-01 -1.530828952789306641e+00 -1.222167253494262695e+00 -3.812722563743591309e-01
-4.707353115081787109e-01 7.795376777648925781e-01 -2.726635038852691650e-01 5.031238198280334473e-01 -8.052053451538085938e-01 -6.239690631628036499e-02 -9.372321367263793945e-01 8.876674771308898926e-01 7.555762678384780884e-02 -5.580673813819885254e-01
-5.629979968070983887e-01 1.014637112617492676e+00 -1.076666042208671570e-01 9.345910549163818359e-01 -1.325536251068115234e+00 -2.876665443181991577e-02 -1.674680829048156738e+00 1.005084872245788574e+00 3.708944916725158691e-01 -5.513139963150024414e-01
1.276932209730148315e-01 2.249330282211303711e+00 -2.451459169387817383e-01 -2.435088634490966797e+00 2.393256187438964844e+00 3.385207355022430420e-01 -5.295929312705993652e-01 -1.353198528289794922e+00 -9.884257912635803223e-01 -3.431293964385986328e-01
3.822180628776550293e-01 2.894216775894165039e+00 -3.105769753456115723e-01 -2.886355161666870117e+00 2.666838169097900391e+00 3.656706511974334717e-01 -9.648350477218627930e-01 -1.659020900726318359e+00 -1.319114685058593750e+00 -4.840164184570312500e-01
-6.227846741676330566e-01 1.194429397583007812e+00 -2.496107220649719238e-01 1.037379860877990723e+00 -1.448593258857727051e+00 8.667088113725185394e-03 -1.787438154220581055e+00 1.369957447052001953e+00 2.993941605091094971e-01 -7.732073664665222168e-01
-9.021994471549987793e-01 2.578576803207397461e-01 -2.971619069576263428e-01 6.548727154731750488e-01 2.695573270320892334e-01 1.489803791046142578e-01 1.032080173492431641e+00 -1.127977132797241211e+00 2.081050395965576172e+00 1.343942880630493164e+00
6.436721682548522949e-01 -6.751406937837600708e-02 -1.316081918776035309e-02 1.488327622413635254e+00 5.207025408744812012e-01 2.207284867763519287e-01 3.990198671817779541e-01 -3.712731897830963135e-01 1.045223355293273926e+00 -1.975783109664916992e+00
1.575163483619689941e+00 4.051451683044433594e-01 -8.536657094955444336e-01 -6.712823510169982910e-01 -1.485752910375595093e-01 -1.201577410101890564e-01 -3.050128221511840820e+00 -5.251581072807312012e-01 -7.746487259864807129e-01 -2.503415346145629883e+00
2.422061711549758911e-01 2.552638530731201172e+00 -3.454633057117462158e-01 -2.847229957580566406e+00 2.506581544876098633e+00 2.392209470272064209e-01 -7.405371069908142090e-01 -1.404978752136230469e+00 -1.447048425674438477e+00 -4.536977112293243408e-01
4.172833561897277832e-01 2.835458993911743164e+00 -3.860134780406951904e-01 -3.025346517562866211e+00 2.755907297134399414e+00 3.911937177181243896e-01 -9.719546437263488770e-01 -1.781842947006225586e+00 -1.456120252609252930e+00 -4.996272325515747070e-01
-1.419578045606613159e-01 -1.783897042274475098e+00 3.457091450691223145e-01 -1.302692294120788574e+00 7.332829833030700684e-01 -1.263846993446350098e+00 -1.610532045364379883e+00 -3.037979602813720703e+00 8.671202659606933594e-01 -1.352471560239791870e-01
1.009333968162536621e+00 1.633292198181152344e+00 -4.232404232025146484e-01 -2.872412204742431641e-01 2.391161441802978516e+00 -1.811743855476379395e+00 -1.470677137374877930e+00 -3.581611216068267822e-01 -1.291468143463134766e+00 -2.185979127883911133e+00
-5.723770260810852051e-01 8.763090968132019043e-01 -1.655416488647460938e-01 7.478097081184387207e-01 -1.203175544738769531e+00 -2.242483943700790405e-02 -1.317422270774841309e+00 9.177518486976623535e-01 9.470660239458084106e-02 -5.762616991996765137e-01
2.440684884786605835e-01 2.624185085296630859e+00 -3.332169651985168457e-01 -2.828406333923339844e+00 2.503569126129150391e+00 3.029397428035736084e-01 -7.510421276092529297e-01 -1.445821523666381836e+00 -1.284635782241821289e+00 -4.446638822555541992e-01
8.451655507087707520e-01 -3.657355904579162598e-01 5.838091969490051270e-01 -5.208387970924377441e-01 1.932348251342773438e+00 1.753599941730499268e-01 -2.109944343566894531e+00 -1.311845302581787109e+00 7.394472360610961914e-01 1.429803371429443359e+00
-1.816594153642654419e-01 -1.466724157333374023e+00 -1.554244197905063629e-02 -1.406462073326110840e+00 5.649478435516357422e-01 -1.095308542251586914e+00 -8.327692747116088867e-01 -1.869660735130310059e+00 1.387561261653900146e-01 -8.780598640441894531e-02
1.072108149528503418e+00 1.615854144096374512e+00 -3.902750015258789062e-01 -1.203696802258491516e-02 2.341498851776123047e+00 -2.051872014999389648e+00 -1.882231712341308594e+00 -3.652226924896240234e-01 -1.484929561614990234e+00 -2.350325107574462891e+00
6.822181344032287598e-01 3.296065330505371094e-01 1.198422551155090332e+00 1.511461883783340454e-01 1.894717454910278320e+00 5.695570707321166992e-01 -4.811346232891082764e-01 -2.858173847198486328e+00 1.341797828674316406e+00 -8.080628514289855957e-01
-2.514797449111938477e-01 -9.567319154739379883e-01 1.170938834547996521e-03 -1.496433258056640625e+00 6.315851211547851562e-01 -9.941345453262329102e-01 -8.370355367660522461e-01 -1.658316016197204590e+00 1.769606769084930420e-01 8.811214566230773926e-02
8.654128313064575195e-01 1.297720670700073242e-01 1.064713239669799805e+00 7.101923972368240356e-02 1.496205449104309082e+00 4.198303520679473877e-01 -3.804421722888946533e-01 -2.440442800521850586e+00 1.078485965728759766e+00 -8.373215794563293457e-01
-5.536013245582580566e-01 8.239130973815917969e-01 -1.743520647287368774e-01 8.961334824562072754e-01 -1.342749357223510742e+00 -1.163872424513101578e-02 -1.646040558815002441e+00 1.187534570693969727e+00 3.657099306583404541e-01 -4.495983123779296875e-01
2.595176100730895996e-01 2.596717119216918945e+00 -3.436602056026458740e-01 -2.767615556716918945e+00 2.616024732589721680e+00 3.150345385074615479e-01 -6.759769916534423828e-01 -1.602902770042419434e+00 -1.162672400474548340e+00 -3.365522325038909912e-01
-9.095572233200073242e-01 6.855540722608566284e-02 -3.215489983558654785e-01 7.035114169120788574e-01 -4.745285958051681519e-02 1.069797482341527939e-02 1.081121444702148438e+00 -1.210498809814453125e+00 2.044239044189453125e+00 1.439831495285034180e+00
7.168159484863281250e-01 4.391632229089736938e-02 -3.300523012876510620e-02 1.424597144126892090e+00 5.076377391815185547e-01 1.655956208705902100e-01 4.892107546329498291e-01 -1.233083456754684448e-01 8.104941844940185547e-01 -2.028731107711791992e+00
