2.320173263549804688e+00 -3.370260238647460938e+00 -3.513756275177001953e+00 1.032570266723632812e+01 8.107669830322265625e+00 2.421840429306030273e+00 1.456576108932495117e+00 -4.386172592639923096e-01 -3.745236158370971680e+00 6.186429977416992188e+00
-2.881529569625854492e+00 -3.071706295013427734e-01 -4.208686351776123047e-01 5.728649616241455078e+00 8.985896110534667969e+00 1.752747297286987305e+00 -3.962499856948852539e+00 2.789862155914306641e+00 -1.337142109870910645e+00 8.968771934509277344e+00
-1.416253924369812012e+00 -7.395268917083740234e+00 -2.970493793487548828e+00 2.993854761123657227e+00 5.257299423217773438e+00 6.475493431091308594e+00 -3.295948028564453125e+00 4.452998161315917969e+00 3.222584724426269531e+00 -8.989438414573669434e-01
-5.492534637451171875e+00 -3.941430568695068359e+00 1.022849321365356445e+00 1.856645494699478149e-01 6.603346467018127441e-01 -4.872193336486816406e+00 -4.986622035503387451e-01 7.423565387725830078e+00 -2.817117691040039062e+00 -1.241595864295959473e+00
-3.198043584823608398e+00 -3.271599769592285156e+00 -4.374530315399169922e-01 4.111303329467773438e+00 5.536230564117431641e+00 1.111411333084106445e+00 4.808278083801269531e+00 -9.849964976310729980e-01 1.896832346916198730e+00 6.241798400878906250e+00
-3.131090104579925537e-01 -2.790039300918579102e+00 -1.153482198715209961e+00 6.024040222167968750e+00 8.446081161499023438e+00 2.874138832092285156e+00 1.731704592704772949e+00 -5.992770195007324219e-01 -3.837412595748901367e+00 6.267005920410156250e+00
-1.733888149261474609e+00 -4.788367748260498047e+00 -1.440251350402832031e+00 2.696301937103271484e+00 4.811807632446289062e+00 6.477967262268066406e+00 -1.686859130859375000e+00 4.397747039794921875e+00 2.835200071334838867e+00 -6.887205243110656738e-01
-1.927721261978149414e+00 -7.788588047027587891e+00 -2.906270980834960938e+00 3.426656961441040039e+00 5.289947032928466797e+00 6.352554798126220703e+00 -1.907859086990356445e+00 4.456247806549072266e+00 3.055872440338134766e+00 -7.047113180160522461e-01
-3.447283506393432617e+00 -3.075874328613281250e+00 -5.650239944458007812e+00 5.795394420623779297e+00 3.890935420989990234e+00 5.134781360626220703e+00 3.475424289703369141e+00 8.714754581451416016e-01 5.123934268951416016e+00 1.094120860099792480e+00
-4.441841542720794678e-01 -2.741091012954711914e+00 -1.137702703475952148e+00 5.212366580963134766e+00 8.063472747802734375e+00 2.633332252502441406e+00 1.543443441390991211e+00 -7.248616814613342285e-01 -3.915853500366210938e+00 6.242685317993164062e+00
-2.887620687484741211e+00 -3.424636363983154297e+00 -9.572594426572322845e-04 4.046376228332519531e+00 5.447682380676269531e+00 1.019342184066772461e+00 4.895967483520507812e+00 -1.116450309753417969e+00 1.651227474212646484e+00 6.003497600555419922e+00
-3.929922103881835938e+00 -4.205554485321044922e+00 -5.861756801605224609e-01 5.422796726226806641e+00 3.384089946746826172e+00 5.802066326141357422e-01 4.327093124389648438e+00 -9.302171468734741211e-01 1.786753058433532715e+00 6.217263698577880859e+00
-8.339383125305175781e+00 2.646189928054809570e+00 -1.473325490951538086e+00 4.923081874847412109e+00 2.944396495819091797e+00 -2.737517595291137695e+00 2.552793025970458984e+00 7.026920795440673828e+00 2.976679325103759766e+00 6.427320003509521484e+00
-1.798174619674682617e+00 -5.053238868713378906e+00 -1.547619342803955078e+00 2.709820032119750977e+00 5.236105442047119141e+00 6.223998069763183594e+00 -1.775090098381042480e+00 4.370398521423339844e+00 3.202854871749877930e+00 -8.966338634490966797e-01
-3.099818229675292969e+00 -2.859967947006225586e+00 -4.112358570098876953e+00 4.883091926574707031e+00 3.389922380447387695e+00 4.671735763549804688e+00 3.568224668502807617e+00 2.972903847694396973e-01 5.435516357421875000e+00 1.023934707045555115e-01
-3.500807523727416992e+00 -3.241169929504394531e+00 -6.136543750762939453e-01 4.207910060882568359e+00 5.157848834991455078e+00 5.460020303726196289e-01 4.427679538726806641e+00 -8.144826292991638184e-01 1.972226738929748535e+00 6.319569587707519531e+00
-2.792767047882080078e+00 8.558779954910278320e-01 4.147484779357910156e+00 7.769464015960693359e+00 4.805110454559326172e+00 -3.289245128631591797e+00 -4.628586769104003906e+00 6.321424961090087891e+00 -1.781858086585998535e+00 5.947381973266601562e+00
-1.801023185253143311e-01 -5.077049732208251953e-01 2.856796979904174805e+00 3.781346082687377930e+00 7.450520992279052734e+00 -1.291499376296997070e+00 6.010702252388000488e-01 3.472126722335815430e+00 5.693697452545166016e+00 7.120255470275878906e+00
-3.275853157043457031e+00 -1.590450167655944824e+00 1.801202654838562012e+00 2.283722639083862305e+00 5.974165797233581543e-01 -1.389907747507095337e-01 -6.859449863433837891e+00 1.003209495544433594e+01 5.719015002250671387e-01 3.544269561767578125e+00
-3.103415012359619141e+00 -1.550846099853515625e+00 1.988351106643676758e+00 2.124274969100952148e+00 1.667873501777648926e+00 -1.789700031280517578e+00 -8.438153266906738281e+00 9.279207229614257812e+00 4.502455294132232666e-01 3.787729978561401367e+00
-6.406132698059082031e+00 -4.425746917724609375e+00 1.290565252304077148e+00 2.513068914413452148e-01 -1.330927252769470215e+00 -4.757821559906005859e+00 -1.469490885734558105e+00 7.640373706817626953e+00 -2.623671531677246094e+00 -1.244243264198303223e+00
-4.267958641052246094e+00 5.632827281951904297e-01 -1.176033496856689453e+00 8.995925903320312500e+00 9.160110473632812500e+00 1.087955713272094727e+00 -4.218441963195800781e+00 2.990599632263183594e+00 -1.478386998176574707e+00 8.817731857299804688e+00
-1.881824493408203125e+00 -6.405439376831054688e+00 -2.211870670318603516e+00 3.262346506118774414e+00 5.085073947906494141e+00 6.399583339691162109e+00 -1.803051590919494629e+00 4.651724815368652344e+00 2.740031719207763672e+00 -1.009946584701538086e+00
-6.142163753509521484e+00 -4.306850433349609375e+00 8.484450578689575195e-01 -2.913304567337036133e-01 6.359152197837829590e-01 -4.414540767669677734e+00 -1.712524771690368652e+00 7.307710170745849609e+00 -3.139717817306518555e+00 -1.465112805366516113e+00
-4.864394664764404297e+00 -3.759628772735595703e+00 9.124382734298706055e-01 4.352926015853881836e-01 3.574248850345611572e-01 -4.368184566497802734e+00 -9.245182275772094727e-01 7.225234985351562500e+00 -2.561465740203857422e+00 -8.773865699768066406e-01
-6.759818553924560547e+00 -6.761224269866943359e+00 -1.232353925704956055e+00 8.486375808715820312e+00 5.127362728118896484e+00 6.398798823356628418e-01 4.696700572967529297e+00 -9.983133673667907715e-01 1.627818465232849121e+00 6.594596862792968750e+00
-1.134999275207519531e+01 6.333456516265869141e+00 -2.771632194519042969e+00 6.193150520324707031e+00 3.453470945358276367e+00 -3.482761144638061523e+00 2.930595874786376953e+00 7.780807018280029297e+00 3.267397165298461914e+00 6.829843044281005859e+00
-3.340119361877441406e+00 -3.030065774917602539e+00 -4.673136711120605469e+00 5.236183643341064453e+00 2.525996685028076172e+00 4.190502643585205078e+00 3.857250928878784180e+00 1.039951205253601074e+00 5.375470638275146484e+00 7.872038483619689941e-01
-2.067388534545898438e+00 -8.150763511657714844e+00 -3.111501455307006836e+00 3.253149032592773438e+00 5.051902294158935547e+00 6.549859046936035156e+00 -2.716761589050292969e+00 3.035176277160644531e+00 3.504582881927490234e+00 -2.042245626449584961e+00
-5.053050041198730469e+00 -1.725322604179382324e+00 3.158754825592041016e+00 2.714759111404418945e+00 2.328821897506713867e+00 6.814540624618530273e-01 -8.257062911987304688e+00 9.652723312377929688e+00 4.732352793216705322e-01 3.528731584548950195e+00
1.450477123260498047e+00 5.161933898925781250e-01 5.820016860961914062e+00 8.138666152954101562e+00 6.383933544158935547e+00 -1.473744750022888184e+00 4.311580955982208252e-01 3.267235279083251953e+00 5.545363426208496094e+00 6.669982433319091797e+00
-6.155366897583007812e+00 -1.813016414642333984e+00 3.972572803497314453e+00 3.385140180587768555e+00 2.098008394241333008e+00 -2.002310037612915039e+00 -6.687929153442382812e+00 9.175278663635253906e+00 6.701433062553405762e-01 3.252043724060058594e+00
1.938615798950195312e+00 9.545032978057861328e-01 6.132976531982421875e+00 8.602202415466308594e+00 6.364007949829101562e+00 -2.051002740859985352e+00 8.781012296676635742e-01 3.282011747360229492e+00 5.442709445953369141e+00 6.640634059906005859e+00
-7.121283531188964844e+00 -4.938875198364257812e+00 1.185189723968505859e+00 -1.573772281408309937e-01 -6.429017186164855957e-01 -4.234725475311279297e+00 3.960167169570922852e-01 7.541647911071777344e+00 -3.222290515899658203e+00 -1.358417630195617676e+00
-3.324119567871093750e+00 -3.181870460510253906e+00 -5.518326759338378906e+00 5.752682209014892578e+00 4.344046115875244141e+00 5.076475620269775391e+00 2.746582508087158203e+00 5.673439502716064453e-01 5.073153018951416016e+00 8.879836201667785645e-01
-7.636867046356201172e+00 -2.610010623931884766e+00 4.343330860137939453e+00 4.039573192596435547e+00 1.768191695213317871e+00 -5.043930411338806152e-01 -7.689129829406738281e+00 8.752134323120117188e+00 6.241742521524429321e-02 3.295185804367065430e+00
-4.281500279903411865e-01 -1.230738759040832520e+00 3.736663341522216797e+00 5.699595451354980469e+00 6.763443946838378906e+00 -1.851538181304931641e+00 1.365292191505432129e+00 3.340041160583496094e+00 5.769577503204345703e+00 6.442048549652099609e+00
-9.762159347534179688e+00 3.331338167190551758e+00 -2.020009517669677734e+00 5.228144168853759766e+00 3.279321193695068359e+00 -3.479912757873535156e+00 2.809470176696777344e+00 7.721831798553466797e+00 3.372018575668334961e+00 6.981553554534912109e+00
-1.642122387886047363e+00 1.240577697753906250e+00 2.825803279876708984e+00 5.388533592224121094e+00 6.474205970764160156e+00 -4.157138824462890625e+00 -4.151246547698974609e+00 6.070530891418457031e+00 -1.737529397010803223e+00 5.781892299652099609e+00
-4.775992333889007568e-01 -8.591083288192749023e-01 2.896984815597534180e+00 4.281146526336669922e+00 6.444568634033203125e+00 -1.442433595657348633e+00 -7.131050527095794678e-02 2.863802909851074219e+00 5.434750556945800781e+00 6.080107212066650391e+00
-4.475401401519775391e+00 -1.779538035392761230e+00 2.784207344055175781e+00 3.656442880630493164e+00 2.600023031234741211e+00 -9.146066009998321533e-02 -7.394938945770263672e+00 9.103541374206542969e+00 6.151241660118103027e-01 3.852077722549438477e+00
-3.799886226654052734e+00 5.477472305297851562e+00 6.867107391357421875e+00 1.347721004486083984e+01 4.902169227600097656e+00 -2.746757268905639648e+00 -3.798248767852783203e+00 6.614925861358642578e+00 -1.979445576667785645e+00 6.305857181549072266e+00
8.444810509681701660e-01 2.309477329254150391e-01 4.597971439361572266e+00 6.361180305480957031e+00 6.668949127197265625e+00 -1.577064037322998047e+00 -7.250456511974334717e-02 3.843067169189453125e+00 5.885795116424560547e+00 6.964162349700927734e+00
-2.006581306457519531e+00 1.192458152770996094e+00 3.154464483261108398e+00 6.135016918182373047e+00 4.134709358215332031e+00 -3.238970041275024414e+00 -4.110788345336914062e+00 6.162158012390136719e+00 -1.802214503288269043e+00 5.811143398284912109e+00
-4.196667194366455078e+00 -4.079532623291015625e+00 -6.932113170623779297e-01 4.929398059844970703e+00 4.724911212921142578e+00 6.094656586647033691e-01 4.172461509704589844e+00 -1.035318136215209961e+00 1.979680180549621582e+00 6.875105381011962891e+00
-8.620576858520507812e+00 -2.015665531158447266e+00 5.642780303955078125e+00 3.514945745468139648e+00 2.838823318481445312e+00 5.019683241844177246e-01 -8.394430160522460938e+00 9.204128265380859375e+00 1.576959192752838135e-01 3.940143823623657227e+00
-3.639794111251831055e+00 5.692075490951538086e-01 -9.248712062835693359e-01 7.782738208770751953e+00 8.277672767639160156e+00 2.992664098739624023e+00 -3.691017150878906250e+00 2.766933441162109375e+00 -1.453053593635559082e+00 8.610681533813476562e+00
2.879203855991363525e-01 -3.073591232299804688e+00 -1.951556205749511719e+00 7.107450962066650391e+00 8.984272956848144531e+00 2.873039484024047852e+00 1.763048052787780762e+00 -7.121274471282958984e-01 -3.679713249206542969e+00 5.996630668640136719e+00
-5.436571240425109863e-01 -2.271862030029296875e+00 -5.516388416290283203e-01 4.339017391204833984e+00 8.304279327392578125e+00 3.521651506423950195e+00 2.424160003662109375e+00 -9.274225831031799316e-01 -4.154075145721435547e+00 5.157516956329345703e+00
-6.804407119750976562e+00 -4.812197685241699219e+00 1.337784171104431152e+00 -4.382304549217224121e-01 -7.100783586502075195e-01 -4.646407604217529297e+00 -9.264075756072998047e-01 7.771128654479980469e+00 -2.864020586013793945e+00 -1.199004292488098145e+00
-3.316785573959350586e+00 -3.506348848342895508e+00 -4.486835002899169922e-01 4.703824996948242188e+00 3.815398216247558594e+00 1.084745526313781738e-01 4.866896152496337891e+00 -1.117427468299865723e+00 1.881403446197509766e+00 7.009559154510498047e+00
-1.395398080348968506e-01 -7.695355415344238281e-01 4.374974250793457031e+00 6.842703342437744141e+00 6.997782230377197266e+00 -2.132774591445922852e+00 1.350914835929870605e+00 2.773644685745239258e+00 5.324696063995361328e+00 5.621183872222900391e+00
-2.164922237396240234e+00 6.380537748336791992e-01 3.031376361846923828e+00 6.256051540374755859e+00 6.618823051452636719e+00 -3.105648517608642578e+00 -4.500170707702636719e+00 6.742900371551513672e+00 -1.840044498443603516e+00 5.843150138854980469e+00
-6.390532493591308594e+00 -4.399889945983886719e+00 9.442925453186035156e-01 -2.427987903356552124e-01 8.914938569068908691e-01 -5.696356773376464844e+00 -1.589085012674331665e-01 7.166228294372558594e+00 -2.874659061431884766e+00 -9.423808455467224121e-01
-1.765437126159667969e+00 -4.401829719543457031e+00 -1.194723367691040039e+00 2.694456815719604492e+00 5.126999378204345703e+00 5.755417823791503906e+00 -2.731894493103027344e+00 3.874567747116088867e+00 3.033936023712158203e+00 -1.510917782783508301e+00
-5.776414394378662109e+00 -1.835313081741333008e+00 3.579952955245971680e+00 3.537024497985839844e+00 2.712233781814575195e+00 -1.232893586158752441e+00 -7.578689575195312500e+00 9.885780334472656250e+00 6.676504015922546387e-01 3.461714744567871094e+00
-1.859416365623474121e+00 -1.796230077743530273e-01 2.341322422027587891e+00 5.151945590972900391e+00 4.536472320556640625e+00 -3.100566148757934570e+00 -3.672518730163574219e+00 6.555645465850830078e+00 -1.871473670005798340e+00 6.387590885162353516e+00
-8.465519905090332031e+00 2.908980369567871094e+00 -1.847980976104736328e+00 4.843057632446289062e+00 3.376700878143310547e+00 -2.731997489929199219e+00 2.984180927276611328e+00 7.917895793914794922e+00 3.679026126861572266e+00 6.949872970581054688e+00
-5.189803123474121094e+00 -3.845046758651733398e+00 9.181547164916992188e-01 1.487309485673904419e-01 -7.699953913688659668e-01 -4.919524669647216797e+00 5.940003991127014160e-01 7.228150844573974609e+00 -3.376116752624511719e+00 -1.283542394638061523e+00
-6.484089851379394531e+00 -4.618333816528320312e+00 1.168875932693481445e+00 -3.533030152320861816e-01 -3.737750351428985596e-01 -4.828667163848876953e+00 1.028177887201309204e-01 7.375548362731933594e+00 -3.057762145996093750e+00 -1.253795742988586426e+00
-8.216840744018554688e+00 2.300342559814453125e+00 -1.473346710205078125e+00 4.990327835083007812e+00 2.932720184326171875e+00 -3.358267545700073242e+00 2.899713277816772461e+00 7.587179660797119141e+00 3.578348159790039062e+00 6.919829845428466797e+00
-5.686556339263916016e+00 -4.146145343780517578e+00 9.212343096733093262e-01 3.886382579803466797e-01 1.039949208498001099e-01 -4.911057949066162109e+00 -3.652665913105010986e-01 7.410227775573730469e+00 -3.314221858978271484e+00 -1.383061766624450684e+00
7.687751650810241699e-01 -3.524694681167602539e+00 -2.272475242614746094e+00 8.635695457458496094e+00 7.538592338562011719e+00 2.674229860305786133e+00 1.968572974205017090e+00 -7.176851034164428711e-01 -3.831539630889892578e+00 5.827524662017822266e+00
-2.177267074584960938e+00 5.283783674240112305e-01 2.960064411163330078e+00 6.335134506225585938e+00 5.491297245025634766e+00 -2.762702465057373047e+00 -3.435771703720092773e+00 7.228549957275390625e+00 -1.602765440940856934e+00 6.566881179809570312e+00
-3.393193185329437256e-01 -6.377220153808593750e-01 3.117534875869750977e+00 4.453997611999511719e+00 6.887900352478027344e+00 -1.783952951431274414e+00 -2.973894476890563965e-01 3.622426986694335938e+00 5.619800090789794922e+00 6.735302448272705078e+00
-1.769728183746337891e+00 7.904746532440185547e-01 2.854285478591918945e+00 5.422821521759033203e+00 5.438357830047607422e+00 -3.020196676254272461e+00 -3.584201097488403320e+00 6.347163200378417969e+00 -1.595440983772277832e+00 5.889228820800781250e+00
-6.481413841247558594e+00 -4.419911384582519531e+00 1.321888446807861328e+00 2.034710794687271118e-01 2.590384781360626221e-01 -4.630944728851318359e+00 -6.116710901260375977e-01 7.532711029052734375e+00 -2.848787784576416016e+00 -1.010081648826599121e+00
-6.259021282196044922e+00 7.047204971313476562e-01 -1.117268323898315430e+00 4.334844112396240234e+00 2.221928834915161133e+00 -2.688169240951538086e+00 3.583346366882324219e+00 7.753930091857910156e+00 3.475501775741577148e+00 7.541779994964599609e+00
1.294935703277587891e+00 3.846528530120849609e-01 4.862010955810546875e+00 6.858164310455322266e+00 6.835120201110839844e+00 -2.108993053436279297e+00 -7.418839633464813232e-02 3.602305412292480469e+00 5.931683540344238281e+00 6.694163322448730469e+00
-6.949154853820800781e+00 -4.820425033569335938e+00 9.832523465156555176e-01 -1.099885940551757812e+00 4.648673236370086670e-01 -5.157362461090087891e+00 -2.982223749160766602e+00 7.341875076293945312e+00 -2.969424724578857422e+00 -1.259332776069641113e+00
-3.374525070190429688e+00 -3.367398262023925781e+00 -6.194612979888916016e+00 6.290905475616455078e+00 3.273611307144165039e+00 4.397457122802734375e+00 3.681053638458251953e+00 5.686347484588623047e-01 5.258049964904785156e+00 9.080162644386291504e-01
-4.290940761566162109e+00 -3.218558788299560547e+00 7.936708927154541016e-01 3.747385740280151367e-01 -3.499462008476257324e-01 -4.527080535888671875e+00 2.325551956892013550e-01 7.538666725158691406e+00 -2.777611255645751953e+00 -7.178210020065307617e-01
9.989210963249206543e-01 -3.337969303131103516e+00 -2.376966238021850586e+00 8.488363265991210938e+00 8.014823913574218750e+00 2.644333839416503906e+00 2.455458641052246094e+00 -7.592911124229431152e-01 -3.801961421966552734e+00 5.825516700744628906e+00
-4.002510547637939453e+00 -3.933769464492797852e+00 -3.346464633941650391e-01 5.345864295959472656e+00 4.434386730194091797e+00 3.470420539379119873e-01 4.739111900329589844e+00 -1.004936337471008301e+00 1.795708179473876953e+00 6.334681034088134766e+00
-4.199931144714355469e+00 -1.558637619018554688e+00 2.667233943939208984e+00 2.594442605972290039e+00 1.689763545989990234e+00 -2.223661184310913086e+00 -7.501664638519287109e+00 9.341517448425292969e+00 3.966170847415924072e-01 4.049057483673095703e+00
-3.052635192871093750e+00 -3.076766252517700195e+00 -4.560403347015380859e+00 5.027630329132080078e+00 4.152470111846923828e+00 4.986579418182373047e+00 1.928793311119079590e+00 5.968005657196044922e-01 5.445516586303710938e+00 5.572617650032043457e-01
-1.785260081291198730e+00 -7.361729145050048828e-01 1.995139360427856445e+00 4.428424358367919922e+00 4.248307228088378906e+00 -3.349021673202514648e+00 -3.980590581893920898e+00 6.628004074096679688e+00 -1.624304175376892090e+00 6.180152416229248047e+00
1.118791341781616211e+00 3.941817283630371094e-01 4.891704559326171875e+00 6.562932014465332031e+00 6.800460815429687500e+00 -1.179588556289672852e+00 2.336946874856948853e-01 3.809278488159179688e+00 5.950674533843994141e+00 6.830903530120849609e+00
-2.211822509765625000e+00 1.248595237731933594e+00 3.506623983383178711e+00 7.138314723968505859e+00 6.182868957519531250e+00 -3.387370586395263672e+00 -4.616065025329589844e+00 6.048291683197021484e+00 -1.557393193244934082e+00 5.844299793243408203e+00
7.066590189933776855e-01 -3.175638914108276367e+00 -1.942410945892333984e+00 7.703114986419677734e+00 6.488510131835937500e+00 2.312462091445922852e+00 1.159669399261474609e+00 -5.869139432907104492e-01 -3.805799007415771484e+00 6.841644763946533203e+00
-1.710535049438476562e+00 -6.905073642730712891e+00 -2.267928838729858398e+00 2.760070562362670898e+00 4.612761020660400391e+00 7.012563228607177734e+00 -4.711155891418457031e+00 4.357858180999755859e+00 3.188843965530395508e+00 -7.297019362449645996e-01
-2.960118770599365234e+00 -2.615547180175781250e+00 -4.268340587615966797e+00 4.670514106750488281e+00 4.492451667785644531e+00 5.377549648284912109e+00 3.563741683959960938e+00 1.151195764541625977e+00 5.220381259918212891e+00 1.127443909645080566e+00
-2.115040779113769531e+00 -5.901209831237792969e+00 -1.955981492996215820e+00 3.456506013870239258e+00 4.268658638000488281e+00 6.149426937103271484e+00 -4.087584495544433594e+00 4.565608501434326172e+00 3.060047388076782227e+00 -8.178520202636718750e-01
-5.319392204284667969e+00 2.232646346092224121e-01 -9.860619306564331055e-01 3.836860895156860352e+00 3.237142086029052734e+00 -3.680468797683715820e+00 2.822810649871826172e+00 8.061303138732910156e+00 3.793065547943115234e+00 7.501237392425537109e+00
-3.012168645858764648e+00 -3.079144477844238281e+00 -2.842378616333007812e-01 4.264329910278320312e+00 3.502245426177978516e+00 2.640205919742584229e-01 4.665678977966308594e+00 -9.681788086891174316e-01 1.519015669822692871e+00 6.487058162689208984e+00
-6.902750730514526367e-01 -2.311947345733642578e+00 -5.848710536956787109e-01 4.429013729095458984e+00 8.580855369567871094e+00 2.933709383010864258e+00 1.262437224388122559e+00 -8.391997218132019043e-01 -3.817716836929321289e+00 6.611814022064208984e+00
-8.918388366699218750e+00 2.750778913497924805e+00 -2.000684738159179688e+00 5.271491050720214844e+00 3.145863294601440430e+00 -2.980899095535278320e+00 2.728666782379150391e+00 7.771458148956298828e+00 3.083769798278808594e+00 7.030486106872558594e+00
-7.856773853302001953e+00 1.572668075561523438e+00 -1.265174865722656250e+00 5.090315341949462891e+00 2.291311025619506836e+00 -3.005561828613281250e+00 3.502632141113281250e+00 7.919660091400146484e+00 3.872415542602539062e+00 6.919331073760986328e+00
-5.478729248046875000e+00 1.073722243309020996e+00 -1.184280157089233398e+00 3.643917798995971680e+00 2.789926290512084961e+00 -3.088068246841430664e+00 3.496193408966064453e+00 7.666218280792236328e+00 3.336910724639892578e+00 6.836653232574462891e+00
-6.340642452239990234e+00 -6.065783500671386719e+00 -1.246975421905517578e+00 7.518411636352539062e+00 3.443754673004150391e+00 -3.919996023178100586e-01 4.813471794128417969e+00 -1.019978046417236328e+00 1.797689199447631836e+00 6.066662788391113281e+00
-5.079485893249511719e+00 -3.660349369049072266e+00 1.020385503768920898e+00 6.483449041843414307e-02 2.768538892269134521e-01 -5.036777973175048828e+00 -1.179035067558288574e+00 7.905577659606933594e+00 -2.737243890762329102e+00 -1.144607663154602051e+00
-2.581640720367431641e+00 -4.754891395568847656e-01 -2.070620208978652954e-01 5.315311908721923828e+00 8.644963264465332031e+00 2.236763238906860352e+00 -4.554969310760498047e+00 3.408380985260009766e+00 -7.642084956169128418e-01 1.003008365631103516e+01
-3.412459611892700195e+00 -3.419721126556396484e+00 -6.261299133300781250e+00 6.219136714935302734e+00 4.858251571655273438e+00 4.992610931396484375e+00 2.594253540039062500e+00 7.605786323547363281e-01 5.277074813842773438e+00 1.141113877296447754e+00
-6.348510742187500000e+00 -4.398148059844970703e+00 1.399303555488586426e+00 3.442227244377136230e-01 -5.705686211585998535e-01 -4.331248283386230469e+00 -9.557542204856872559e-01 7.129536151885986328e+00 -3.041620731353759766e+00 -1.412170529365539551e+00
-2.537365436553955078e+00 -7.610194683074951172e-01 -9.258223325014114380e-02 5.484014034271240234e+00 8.805006027221679688e+00 2.506013154983520508e+00 -4.198186874389648438e+00 3.603138208389282227e+00 -6.635583043098449707e-01 1.021367645263671875e+01
-3.547151327133178711e+00 -3.332970619201660156e+00 -5.648521900177001953e+00 5.966570377349853516e+00 3.698731184005737305e+00 4.754504680633544922e+00 4.235929489135742188e+00 4.121808707714080811e-01 5.568977832794189453e+00 7.034822702407836914e-01
2.117740631103515625e+00 -3.339030027389526367e+00 -3.348113775253295898e+00 1.091109466552734375e+01 8.272212028503417969e+00 2.857602834701538086e+00 2.006567716598510742e+00 -5.599104762077331543e-01 -3.726612567901611328e+00 6.853213787078857422e+00
-3.214450359344482422e+00 -3.623061656951904297e+00 -4.663950920104980469e+00 5.502836227416992188e+00 3.283494949340820312e+00 4.466882228851318359e+00 3.814576625823974609e+00 2.610401809215545654e-01 5.485600471496582031e+00 6.009088754653930664e-01
-9.798269867897033691e-01 -8.352968215942382812e+00 -3.048248529434204102e+00 2.743953466415405273e+00 5.368612766265869141e+00 6.608532428741455078e+00 -2.123177289962768555e+00 3.949738979339599609e+00 3.065324306488037109e+00 -1.037848830223083496e+00
-1.070945644378662109e+01 -2.157371997833251953e+00 6.753549098968505859e+00 4.764436721801757812e+00 2.589568614959716797e+00 -1.627739310264587402e+00 -7.511445999145507812e+00 9.547365188598632812e+00 6.341854929924011230e-01 3.788267850875854492e+00
