4.190066814422607422e+00 -2.405755281448364258e+00 1.217036724090576172e+00 -6.097030162811279297e+00 -1.011071681976318359e+00 4.009326934814453125e+00 -1.955973863601684570e+00 5.908851027488708496e-01 -3.635442495346069336e+00 1.375249862670898438e+00
-5.348131433129310608e-02 5.099193453788757324e-01 1.534493088722229004e+00 -7.450214028358459473e-01 3.776612758636474609e+00 1.018688559532165527e+00 -7.760463237762451172e+00 -9.612689614295959473e-01 -3.053068518638610840e-01 -8.462015390396118164e-01
-1.191314697265625000e+00 -1.397794246673583984e+00 5.019357681274414062e+00 -1.962546586990356445e+00 6.397313475608825684e-01 -3.237542696297168732e-03 7.008165717124938965e-01 4.212908744812011719e+00 -5.154609084129333496e-01 2.058577775955200195e+00
-9.088159799575805664e-01 4.416793286800384521e-01 1.092833518981933594e+00 2.418449878692626953e+00 1.800191879272460938e+00 -2.992705583572387695e+00 -5.152476429939270020e-01 9.352666139602661133e-02 -3.439024686813354492e+00 -6.892726421356201172e-01
3.095336914062500000e+00 2.763384819030761719e+00 3.088575124740600586e+00 1.533024549484252930e+00 -3.552815675735473633e+00 2.606913745403289795e-01 -8.798241019248962402e-01 -2.938861846923828125e-01 -1.269754767417907715e+00 -2.871999502182006836e+00
1.354009628295898438e+00 2.212748765945434570e+00 2.190714597702026367e+00 -4.800411224365234375e+00 -6.148222088813781738e-01 1.700043439865112305e+00 -4.082645893096923828e+00 -3.830515742301940918e-01 -1.798864483833312988e+00 -1.030217289924621582e+00
-5.212911367416381836e-01 1.693235278129577637e+00 4.479996681213378906e+00 -3.632484674453735352e-01 8.420112729072570801e-02 -2.060362815856933594e+00 -1.957807689905166626e-01 3.807461261749267578e+00 8.713148236274719238e-01 -9.572390466928482056e-02
-1.014191150665283203e+00 -6.614994406700134277e-01 5.213428497314453125e+00 -1.034712791442871094e+00 -9.242627024650573730e-02 -9.451282024383544922e-02 7.727159857749938965e-01 4.840000152587890625e+00 -4.906541109085083008e-01 1.679850935935974121e+00
3.191624641418457031e+00 9.869723916053771973e-01 3.438319921493530273e+00 -4.106432795524597168e-01 2.614580392837524414e+00 -1.996146082878112793e+00 -1.358410954475402832e+00 -1.345231294631958008e+00 3.226296663284301758e+00 -2.183083772659301758e+00
2.271679162979125977e+00 2.720776796340942383e+00 1.828757166862487793e+00 -4.054563999176025391e+00 -6.171182990074157715e-01 1.486927866935729980e+00 -4.278466701507568359e+00 -2.137613892555236816e-01 -1.638117194175720215e+00 -1.634931445121765137e+00
3.323546886444091797e+00 3.387913465499877930e+00 2.729822158813476562e+00 7.384002208709716797e-01 -3.488672733306884766e+00 -1.616477668285369873e-01 -2.555793285369873047e+00 -4.252262711524963379e-01 -1.646958231925964355e+00 -3.471628189086914062e+00
3.005152702331542969e+00 2.477072000503540039e+00 3.129570007324218750e+00 7.244517207145690918e-01 -3.821332931518554688e+00 7.707911729812622070e-01 -2.077157974243164062e+00 1.089951992034912109e-01 -2.623542547225952148e+00 -2.588120698928833008e+00
3.489336967468261719e+00 -3.052263021469116211e+00 -3.422461748123168945e-01 4.371550381183624268e-01 2.142358541488647461e+00 4.327819123864173889e-02 7.758527994155883789e-01 2.127245426177978516e+00 -1.502159714698791504e+00 -4.788316726684570312e+00
-1.221554517745971680e+00 1.586716532707214355e+00 4.942804336547851562e+00 -1.017181396484375000e+00 -9.494342207908630371e-01 -1.484916329383850098e+00 -4.404160976409912109e-01 3.345455408096313477e+00 6.569448709487915039e-01 1.562893837690353394e-01
1.985119819641113281e+00 2.316119432449340820e+00 4.117103576660156250e+00 -8.490417152643203735e-02 1.694809198379516602e+00 -2.113805770874023438e+00 -6.383231282234191895e-01 -1.256387948989868164e+00 3.978712320327758789e+00 -2.336989641189575195e+00
3.017760276794433594e+00 2.662585020065307617e+00 3.459003686904907227e+00 6.162012219429016113e-01 -3.799224853515625000e+00 2.184584438800811768e-01 -6.931207180023193359e-01 9.801638722419738770e-01 -1.518629789352416992e+00 -2.362242221832275391e+00
-1.108104228973388672e+00 -1.533759593963623047e+00 5.574285984039306641e-01 -2.514260053634643555e+00 -3.242326676845550537e-01 1.870531797409057617e+00 -2.749801874160766602e+00 -3.377084732055664062e+00 -3.726820707321166992e+00 -3.360450744628906250e+00
4.171116054058074951e-01 2.347326993942260742e+00 4.830848217010498047e+00 -2.552023172378540039e+00 1.061016440391540527e+00 1.010779738426208496e+00 2.991587519645690918e-01 -3.640944480895996094e+00 -1.342371821403503418e+00 -5.253910422325134277e-01
6.147544384002685547e-01 6.309280395507812500e-01 4.272411823272705078e+00 8.914193511009216309e-01 -1.196897387504577637e+00 -2.787232875823974609e+00 -2.987463712692260742e+00 -1.233577013015747070e+00 -3.854714632034301758e+00 -2.757451534271240234e+00
7.472958564758300781e-01 8.039616048336029053e-02 3.860277891159057617e+00 1.425749778747558594e+00 -2.462698459625244141e+00 -2.548241376876831055e+00 -3.340709924697875977e+00 -2.333964586257934570e+00 -3.749396324157714844e+00 -3.522177457809448242e+00
-1.876565933227539062e+00 -9.909310340881347656e-01 1.340213418006896973e+00 8.790496587753295898e-01 2.106407642364501953e+00 -3.432731151580810547e+00 -9.532436728477478027e-01 8.640768006443977356e-03 -3.738486051559448242e+00 -7.520024776458740234e-01
3.938473165035247803e-01 -1.909848332405090332e+00 1.956876397132873535e+00 -1.325294733047485352e+00 5.492458343505859375e+00 1.790977001190185547e+00 -6.678030967712402344e+00 3.192371502518653870e-02 -1.305080771446228027e+00 1.292553544044494629e+00
-6.602392196655273438e-01 4.641773104667663574e-01 4.900636196136474609e+00 -6.286641955375671387e-01 2.579098641872406006e-01 -1.132878661155700684e+00 5.497982501983642578e-01 4.248374462127685547e+00 -3.410891890525817871e-01 5.232548713684082031e-01
-2.007588624954223633e+00 -9.269054532051086426e-01 7.068535685539245605e-01 1.947439789772033691e+00 2.038823843002319336e+00 -2.291765928268432617e+00 -1.086377024650573730e+00 -1.980882287025451660e-01 -3.901371002197265625e+00 6.245648264884948730e-01
-1.946605682373046875e+00 2.430672943592071533e-01 1.304075837135314941e+00 1.150357246398925781e+00 1.755487680435180664e+00 -3.192290544509887695e+00 -1.698984622955322266e+00 -5.444709062576293945e-01 -3.345810413360595703e+00 -3.431677520275115967e-01
4.456181049346923828e+00 5.459413528442382812e-01 3.413961648941040039e+00 1.002519845962524414e+00 -3.960198402404785156e+00 2.121565818786621094e+00 2.832468748092651367e-01 2.882452011108398438e+00 -3.168473482131958008e+00 -1.985086560249328613e+00
4.765946865081787109e+00 -6.490958690643310547e+00 -3.162467777729034424e-01 9.836871623992919922e-01 1.830440998077392578e+00 1.727148890495300293e+00 1.552894711494445801e+00 4.248383522033691406e+00 -3.194559574127197266e+00 -2.385125160217285156e+00
3.069034576416015625e+00 1.687270045280456543e+00 4.314966678619384766e+00 -1.333712935447692871e-01 7.985122203826904297e-01 -1.895576357841491699e+00 -1.745273619890213013e-01 -9.083111286163330078e-01 3.337020635604858398e+00 -2.295474290847778320e+00
-1.385188579559326172e+00 -2.158149719238281250e+00 4.594368934631347656e+00 -1.309339046478271484e+00 9.711285829544067383e-01 -2.067745625972747803e-01 9.153128862380981445e-01 5.157064437866210938e+00 5.062423348426818848e-01 2.073803424835205078e+00
1.259334564208984375e+00 -8.937128782272338867e-01 4.366558074951171875e+00 9.212844967842102051e-01 -5.977492332458496094e-01 -2.100759744644165039e+00 -3.721106290817260742e+00 -1.613772153854370117e+00 -5.138295173645019531e+00 -2.252059698104858398e+00
6.413257122039794922e-01 -1.978536128997802734e+00 5.326811790466308594e+00 -3.243583440780639648e+00 2.457573652267456055e+00 3.278931856155395508e+00 3.669150114059448242e+00 -1.712010860443115234e+00 -2.960759162902832031e+00 -1.217147484421730042e-01
1.804062843322753906e+00 -1.961950421333312988e+00 4.238905429840087891e+00 8.506383746862411499e-02 5.106139555573463440e-02 -1.634714603424072266e+00 -3.375167131423950195e+00 -1.148627400398254395e+00 -4.628733634948730469e+00 -2.312471866607666016e+00
1.076218605041503906e+00 -2.628393411636352539e+00 4.748324394226074219e+00 -3.665005683898925781e+00 3.556539535522460938e+00 3.399724721908569336e+00 4.413120746612548828e+00 -3.107165336608886719e+00 -2.655703544616699219e+00 1.918349415063858032e-01
-9.600866436958312988e-01 -1.422877192497253418e+00 2.501446902751922607e-01 1.846610069274902344e+00 2.533482313156127930e+00 -2.799800634384155273e+00 -8.573345541954040527e-01 -1.031895995140075684e+00 -4.749061584472656250e+00 -1.530109196901321411e-01
2.898434400558471680e+00 1.244397997856140137e+00 4.146014213562011719e+00 -2.677590548992156982e-01 2.409395456314086914e+00 -2.597483634948730469e+00 -1.325349211692810059e+00 -5.013793706893920898e-01 2.873497247695922852e+00 -1.590824484825134277e+00
1.265848875045776367e+00 -2.337264776229858398e+00 4.946472167968750000e+00 3.520070612430572510e-01 -9.796246290206909180e-01 -1.737668395042419434e+00 -2.855180501937866211e+00 -1.137148618698120117e+00 -5.346899032592773438e+00 -1.661400556564331055e+00
2.057735681533813477e+00 1.437377929687500000e+00 4.411916255950927734e+00 -3.653719663619995117e+00 2.726052761077880859e+00 1.027315974235534668e+00 1.258192420005798340e+00 -3.328084230422973633e+00 -2.049492597579956055e+00 -2.464723587036132812e+00
4.971772193908691406e+00 -4.048621177673339844e+00 -3.738299906253814697e-01 1.483457088470458984e+00 2.767781257629394531e+00 3.956162035465240479e-01 -4.383800625801086426e-01 2.057247161865234375e+00 -2.238163948059082031e+00 -4.358918666839599609e+00
-1.979119658470153809e+00 -3.035559058189392090e-01 -1.980807483196258545e-01 -2.702879905700683594e+00 1.347890019416809082e+00 1.989710330963134766e+00 -2.475808858871459961e+00 -4.114649772644042969e+00 -2.081012487411499023e+00 -2.062809944152832031e+00
1.072512030601501465e+00 2.058173656463623047e+00 4.645266532897949219e+00 -2.373710632324218750e+00 1.910674452781677246e+00 9.209284186363220215e-02 1.910577267408370972e-01 -3.238467693328857422e+00 -1.576156735420227051e+00 -1.549834012985229492e+00
1.286487340927124023e+00 -9.655156135559082031e-01 3.745238065719604492e+00 -5.900845304131507874e-02 -9.138834476470947266e-02 -2.217193126678466797e+00 -4.641039848327636719e+00 -1.174883365631103516e+00 -3.764210462570190430e+00 -3.914375066757202148e+00
-2.052858352661132812e+00 -5.568107128143310547e+00 -4.493492469191551208e-02 -3.337729215621948242e+00 1.519522547721862793e+00 3.345898628234863281e+00 -1.378427147865295410e+00 -2.628781795501708984e+00 -5.876383781433105469e+00 -5.473111867904663086e-01
3.016234338283538818e-01 -1.679432541131973267e-01 4.601687431335449219e+00 -3.516993284225463867e+00 3.204168081283569336e+00 2.601793527603149414e+00 2.632312059402465820e+00 -2.704356670379638672e+00 -2.478055715560913086e+00 2.761245965957641602e-01
-1.509564042091369629e+00 -1.273107886314392090e+00 2.960776984691619873e-01 -2.527032375335693359e+00 -1.511958539485931396e-01 1.409278392791748047e+00 -2.141880750656127930e+00 -2.676846265792846680e+00 -2.690152645111083984e+00 -3.013231515884399414e+00
2.954126834869384766e+00 1.746150851249694824e+00 2.597549438476562500e+00 9.184184670448303223e-01 -4.673473834991455078e+00 1.983527421951293945e+00 -4.019383788108825684e-01 4.680857956409454346e-01 -1.723718643188476562e+00 -2.052729845046997070e+00
1.607854008674621582e+00 -2.907845497131347656e+00 4.295217990875244141e+00 4.800885319709777832e-01 -6.544951200485229492e-01 -4.691567420959472656e-01 -2.879821538925170898e+00 -1.480024099349975586e+00 -6.420166969299316406e+00 -6.160130500793457031e-01
-7.107045054435729980e-01 -1.200129985809326172e+00 2.552912712097167969e+00 -9.150204062461853027e-01 3.685106992721557617e+00 1.387908339500427246e+00 -6.113789558410644531e+00 1.515044927597045898e+00 -3.747687935829162598e-01 1.098811388015747070e+00
1.982166767120361328e+00 1.066451311111450195e+00 2.793362617492675781e+00 -4.850927829742431641e+00 -5.610484480857849121e-01 1.857968330383300781e+00 -3.281808376312255859e+00 9.405915141105651855e-01 -1.989442706108093262e+00 -2.869738340377807617e-01
2.232706308364868164e+00 2.567333936691284180e+00 1.517592787742614746e+00 -3.710411071777343750e+00 -1.192562460899353027e+00 1.174690008163452148e+00 -4.247138500213623047e+00 -1.058929681777954102e+00 -1.011509060859680176e+00 -1.568725228309631348e+00
-1.852500677108764648e+00 -8.293976783752441406e-01 1.153168797492980957e+00 1.594679594039916992e+00 1.810728192329406738e+00 -2.848767995834350586e+00 -4.828286170959472656e-01 -3.108126819133758545e-01 -4.787919044494628906e+00 5.849159955978393555e-01
3.857740879058837891e+00 2.895130872726440430e+00 2.672140836715698242e+00 1.106181263923645020e+00 -2.863902807235717773e+00 7.631180286407470703e-01 -2.471210479736328125e+00 9.350728988647460938e-02 -2.226802110671997070e+00 -3.744633197784423828e+00
2.662624597549438477e+00 -2.320512682199478149e-01 4.690588951110839844e+00 -2.786513566970825195e+00 3.206903219223022461e+00 1.470174431800842285e+00 2.245213031768798828e+00 -3.432683944702148438e+00 -1.700878620147705078e+00 -1.623847007751464844e+00
-1.936531305313110352e+00 -4.042522311210632324e-01 5.631138086318969727e-01 -1.447542071342468262e+00 1.420553028583526611e-01 1.080807566642761230e+00 -3.084177732467651367e+00 -3.785145521163940430e+00 -3.040145635604858398e+00 -3.185884237289428711e+00
-1.211347818374633789e+00 -5.606026649475097656e-01 9.494056105613708496e-01 2.478967428207397461e+00 1.339834094047546387e+00 -3.362208604812622070e+00 -6.776212453842163086e-01 -3.866009116172790527e-01 -3.969479322433471680e+00 -6.102211028337478638e-02
-1.479717850685119629e+00 1.605877399444580078e+00 4.362790584564208984e+00 -1.303090810775756836e+00 3.202985823154449463e-01 -1.748880505561828613e+00 -2.024571418762207031e+00 3.138002872467041016e+00 5.393785834312438965e-01 3.917208909988403320e-01
1.176226854324340820e+00 -8.027392029762268066e-01 4.532357692718505859e+00 3.466734290122985840e-01 -1.696595251560211182e-01 -2.140203714370727539e+00 -3.363992691040039062e+00 -3.974072337150573730e-01 -4.936844348907470703e+00 -3.225173473358154297e+00
-2.123962879180908203e+00 8.730500936508178711e-01 6.790365576744079590e-01 -2.638443708419799805e+00 2.101466953754425049e-01 3.969392478466033936e-01 -2.488793373107910156e+00 -2.353055000305175781e+00 -2.187724351882934570e+00 -4.133550643920898438e+00
4.343856334686279297e+00 -3.203750133514404297e+00 -2.786668837070465088e-01 1.107414722442626953e+00 1.389389395713806152e+00 4.748488366603851318e-01 1.350945681333541870e-01 1.878176212310791016e+00 -1.967734694480895996e+00 -4.491333007812500000e+00
-9.484062194824218750e-01 -1.180707067251205444e-01 1.064406633377075195e-01 2.571499347686767578e+00 1.407009005546569824e+00 -3.190198898315429688e+00 -1.634884119033813477e+00 -1.835596680641174316e+00 -3.512077569961547852e+00 -1.371158003807067871e+00
-1.438237071037292480e+00 -5.432685017585754395e-01 4.512699544429779053e-01 1.642201423645019531e+00 2.668981075286865234e+00 -2.878053903579711914e+00 -1.008875250816345215e+00 -5.938712954521179199e-01 -4.959563255310058594e+00 -3.204201906919479370e-02
3.805522441864013672e+00 -2.879014015197753906e+00 -3.392504751682281494e-01 4.067551195621490479e-01 2.764967918395996094e+00 -2.560361325740814209e-01 -9.959481954574584961e-01 2.005610466003417969e+00 -1.884914517402648926e+00 -5.172765731811523438e+00
-9.544065594673156738e-01 -3.914577662944793701e-01 5.137203335762023926e-01 2.396121263504028320e+00 2.049571514129638672e+00 -3.155554533004760742e+00 -1.444787979125976562e+00 -9.529195427894592285e-01 -3.383744478225708008e+00 -1.549488425254821777e+00
3.678999423980712891e+00 -2.162950485944747925e-01 1.837945580482482910e+00 -5.343977451324462891e+00 -1.834628462791442871e+00 3.049335002899169922e+00 -2.246614217758178711e+00 -4.325850307941436768e-01 -3.453268289566040039e+00 -3.622321486473083496e-01
-2.551280260086059570e+00 2.627243101596832275e-01 4.401544332504272461e-01 -3.133774042129516602e+00 1.553731322288513184e+00 7.824562788009643555e-01 -2.716249704360961914e+00 -2.806983947753906250e+00 -3.038413524627685547e+00 -2.804685354232788086e+00
1.102388620376586914e+00 2.363734006881713867e+00 4.942045211791992188e+00 -2.341412782669067383e+00 1.859417915344238281e+00 1.202727198600769043e+00 -8.154941722750663757e-03 -3.094439506530761719e+00 -1.703397870063781738e+00 -1.588641166687011719e+00
-1.459074378013610840e+00 -4.791163802146911621e-01 2.964890897274017334e-01 -2.097526550292968750e+00 9.687534570693969727e-01 9.705908298492431641e-01 -2.765519857406616211e+00 -3.161233663558959961e+00 -2.547855138778686523e+00 -3.017152547836303711e+00
-1.814564585685729980e+00 -2.451868355274200439e-02 9.047123789787292480e-01 1.152708292007446289e+00 3.127897977828979492e+00 -2.669019937515258789e+00 -2.198534727096557617e+00 -4.606272578239440918e-01 -4.879685878753662109e+00 -2.410965412855148315e-02
3.826852321624755859e+00 -1.311668157577514648e+00 -2.073242068290710449e-01 5.664118528366088867e-01 1.637653350830078125e+00 -3.426891267299652100e-01 -1.888266205787658691e+00 3.820203542709350586e-01 -1.304584622383117676e+00 -6.514878749847412109e+00
8.176038265228271484e-01 -1.018089890480041504e+00 4.433535099029541016e+00 -3.539541482925415039e+00 3.830800056457519531e+00 2.624834299087524414e+00 2.378511190414428711e+00 -4.097073554992675781e+00 -3.366967439651489258e+00 8.337037563323974609e-01
-2.918634414672851562e+00 -2.272289514541625977e+00 8.490206599235534668e-01 1.818088769912719727e+00 1.126966476440429688e+00 -2.212562322616577148e+00 9.398555159568786621e-01 7.560467720031738281e-01 -4.157601356506347656e+00 1.085098385810852051e+00
3.391042232513427734e+00 6.012491583824157715e-01 3.451687335968017578e+00 1.616881787776947021e-01 2.184302330017089844e+00 -2.572077035903930664e+00 1.034697532653808594e+00 -8.224064111709594727e-01 3.762336015701293945e+00 -2.440361738204956055e+00
-1.442556738853454590e+00 9.697545766830444336e-01 1.084871292114257812e+00 1.438865065574645996e+00 1.666892647743225098e+00 -3.227555036544799805e+00 -1.472417950630187988e+00 -9.920951724052429199e-01 -3.389638185501098633e+00 -1.292271614074707031e+00
3.657294750213623047e+00 -2.706687450408935547e-01 1.961689114570617676e+00 -4.855834484100341797e+00 -1.904561161994934082e+00 3.195878028869628906e+00 -2.429713487625122070e+00 -2.653799653053283691e-01 -3.311240911483764648e+00 -1.042577102780342102e-01
3.790013074874877930e+00 2.681133747100830078e+00 2.437834501266479492e+00 6.724020838737487793e-01 -3.647181749343872070e+00 6.456423401832580566e-01 -1.093624234199523926e+00 -1.562505364418029785e-01 -2.259131908416748047e+00 -3.580332517623901367e+00
5.338050127029418945e-01 -3.811523914337158203e-01 4.098099231719970703e+00 7.676594853401184082e-01 -1.484306216239929199e+00 -2.358490228652954102e+00 -3.074642896652221680e+00 -9.835717082023620605e-01 -3.889614343643188477e+00 -3.428728103637695312e+00
2.059241294860839844e+00 1.756568312644958496e+00 4.034861564636230469e+00 -1.041670560836791992e+00 2.214983701705932617e+00 -1.750964999198913574e+00 -7.911587357521057129e-01 -2.094842791557312012e-01 3.470195531845092773e+00 -1.819619536399841309e+00
-1.365394353866577148e+00 1.261361837387084961e+00 4.941686689853668213e-01 -2.000191450119018555e+00 6.449991464614868164e-01 -2.560689672827720642e-02 -3.357021331787109375e+00 -2.562821865081787109e+00 -2.137972116470336914e+00 -4.554385185241699219e+00
-2.322997152805328369e-01 -7.777712345123291016e-01 5.280303478240966797e+00 -3.377206325531005859e+00 2.919762134552001953e+00 2.277538299560546875e+00 2.651647806167602539e+00 -2.772215843200683594e+00 -2.742053508758544922e+00 8.690512776374816895e-01
-1.025628924369812012e+00 -9.627271890640258789e-01 -8.898612856864929199e-02 -3.016903638839721680e+00 7.793353796005249023e-01 2.277796506881713867e+00 -2.875991821289062500e+00 -3.646075487136840820e+00 -3.127951860427856445e+00 -2.697502851486206055e+00
1.385915517807006836e+00 4.912284314632415771e-01 2.180795431137084961e+00 -4.869429111480712891e+00 -1.246026873588562012e+00 2.949112415313720703e+00 -3.390717983245849609e+00 -4.847017228603363037e-01 -3.215938568115234375e+00 3.867941498756408691e-01
-9.821229577064514160e-01 -5.766461491584777832e-01 5.416287899017333984e+00 -8.530411124229431152e-01 5.379519239068031311e-02 -2.841825187206268311e-01 3.081351518630981445e-01 4.189686775207519531e+00 -1.714155972003936768e-01 1.597842335700988770e+00
2.076456546783447266e+00 2.066244363784790039e+00 3.620333909988403320e+00 -1.051764264702796936e-01 2.010383367538452148e+00 -2.622253656387329102e+00 -1.841896653175354004e+00 -7.434275746345520020e-01 3.699440717697143555e+00 -2.553878784179687500e+00
-9.751567244529724121e-01 2.442098408937454224e-01 4.977666378021240234e+00 -1.508169054985046387e+00 1.429123401641845703e+00 -1.166990160942077637e+00 -4.497892856597900391e-01 3.859581947326660156e+00 -9.680664539337158203e-02 6.615867018699645996e-01
3.133697986602783203e+00 4.523555934429168701e-01 5.352153182029724121e-01 1.898262381553649902e+00 2.572112321853637695e+00 -1.610942482948303223e+00 -1.346464514732360840e+00 1.202686548233032227e+00 -7.409110069274902344e-01 -6.609142780303955078e+00
3.586770057678222656e+00 3.103194952011108398e+00 2.131535291671752930e+00 8.663967251777648926e-01 -2.302689790725708008e+00 4.576974213123321533e-01 -2.412781953811645508e+00 -2.089157514274120331e-02 -1.920494198799133301e+00 -3.973024606704711914e+00
1.719331979751586914e+00 3.039377689361572266e+00 1.912754654884338379e+00 -3.609599590301513672e+00 -8.694525957107543945e-01 1.334194898605346680e+00 -4.619486331939697266e+00 -6.413661837577819824e-01 -1.279420018196105957e+00 -1.370065808296203613e+00
4.569043636322021484e+00 -3.553716182708740234e+00 -7.723663449287414551e-01 1.763220310211181641e+00 1.348817229270935059e+00 4.698235094547271729e-01 -4.739978909492492676e-01 1.196989178657531738e+00 -2.139984130859375000e+00 -4.916429996490478516e+00
4.022302627563476562e+00 -1.967240929603576660e+00 2.840808928012847900e-01 6.146126389503479004e-01 2.181336402893066406e+00 -4.895984232425689697e-01 -2.697345614433288574e-01 1.878262877464294434e+00 -2.056110382080078125e+00 -5.377489089965820312e+00
3.234319925308227539e+00 -1.034384608268737793e+00 -5.316936373710632324e-01 1.560020089149475098e+00 1.254683136940002441e+00 -6.894556879997253418e-01 -1.701308846473693848e+00 1.020461678504943848e+00 -1.203787922859191895e+00 -5.867620468139648438e+00
5.043457984924316406e+00 -8.860845863819122314e-02 1.726407766342163086e+00 1.787460923194885254e+00 -4.303187847137451172e+00 2.313576221466064453e+00 -7.502446770668029785e-01 2.710499763488769531e-01 -4.135044097900390625e+00 -3.092016458511352539e+00
-2.044185400009155273e+00 1.084176748991012573e-01 1.350682377815246582e+00 1.852593541145324707e+00 1.496659159660339355e+00 -3.163069009780883789e+00 -9.572152495384216309e-01 -1.502486765384674072e-01 -3.297015428543090820e+00 -2.294370085000991821e-01
-1.591482162475585938e+00 1.828399181365966797e+00 2.590365648269653320e+00 -7.884712815284729004e-01 2.871782541275024414e+00 1.291689276695251465e+00 -6.985912322998046875e+00 -1.317294239997863770e-01 -3.464518189430236816e-01 -8.268210887908935547e-01
2.580641508102416992e+00 1.061357736587524414e+00 3.959837198257446289e+00 4.110568389296531677e-02 3.041593551635742188e+00 -2.856158971786499023e+00 -1.631148338317871094e+00 -4.182303547859191895e-01 2.639142274856567383e+00 -1.788285851478576660e+00
-1.500100255012512207e+00 -1.395095348358154297e+00 4.721218049526214600e-01 1.649824738502502441e+00 2.625378131866455078e+00 -2.743522405624389648e+00 -1.350875735282897949e+00 -1.771424412727355957e-01 -3.306847810745239258e+00 -1.229696512222290039e+00
-1.369510769844055176e+00 1.660591363906860352e+00 2.281054258346557617e+00 -1.178562998771667480e+00 3.448976039886474609e+00 9.806071519851684570e-01 -7.479454994201660156e+00 5.921417847275733948e-02 -4.867072701454162598e-01 -8.546228408813476562e-01
3.042079210281372070e+00 1.446237564086914062e+00 3.711084842681884766e+00 -3.450608551502227783e-01 2.137498378753662109e+00 -1.225875854492187500e+00 -3.186531662940979004e-01 -1.209178209304809570e+00 4.103231906890869141e+00 -2.586912631988525391e+00
3.092996120452880859e+00 -1.819370508193969727e+00 2.364321947097778320e+00 -5.471808433532714844e+00 -1.543807387351989746e+00 4.156913757324218750e+00 -5.721358656883239746e-01 1.997340202331542969e+00 -3.843662023544311523e+00 1.505056738853454590e+00
3.125514984130859375e+00 1.986708879470825195e+00 4.265853404998779297e+00 6.326830983161926270e-01 1.384837746620178223e+00 -3.085734605789184570e+00 -1.274813294410705566e+00 -1.138922810554504395e+00 3.090649843215942383e+00 -2.800311565399169922e+00
-1.390263199806213379e+00 -1.903428196907043457e+00 5.337441921234130859e+00 -1.538965225219726562e+00 -4.489394724369049072e-01 6.227654218673706055e-01 1.390765786170959473e+00 4.325263977050781250e+00 -4.880129098892211914e-01 2.981659889221191406e+00
2.597721099853515625e+00 -4.771381855010986328e+00 4.423076629638671875e+00 -3.113726340234279633e-02 -6.330029964447021484e-01 3.958718180656433105e-01 -1.940701007843017578e+00 -9.128750562667846680e-01 -6.395107269287109375e+00 -1.328557133674621582e+00
