2.180568456649780273e+00 -1.664891362190246582e+00 1.269766426086425781e+01 -4.041207790374755859e+00 3.027271270751953125e+00 -5.145555734634399414e-01 6.224019527435302734e+00 -3.728408217430114746e-01 1.083919239044189453e+01 -4.324031352996826172e+00
-2.544476985931396484e+00 -2.121588706970214844e+00 3.081233024597167969e+00 -4.706798553466796875e+00 4.782875776290893555e-01 3.768432140350341797e+00 5.124196052551269531e+00 7.297325134277343750e+00 6.949182987213134766e+00 -4.855901241302490234e+00
1.259855985641479492e+00 3.758964538574218750e+00 3.753486394882202148e+00 -1.033679771423339844e+01 -4.498733043670654297e+00 -3.111098527908325195e+00 4.816059112548828125e+00 -6.730244755744934082e-01 9.834699630737304688e+00 2.315822839736938477e+00
1.228356599807739258e+00 -3.931643486022949219e+00 1.136676073074340820e+00 -6.626920223236083984e+00 -5.038683891296386719e+00 1.115617394447326660e+00 2.620723962783813477e+00 4.322959899902343750e+00 3.391423940658569336e+00 6.279745101928710938e+00
-2.748582124710083008e+00 8.419394493103027344e-01 4.252321243286132812e+00 -5.230908870697021484e+00 4.056631565093994141e+00 -4.163497447967529297e+00 5.483933925628662109e+00 -6.348556876182556152e-01 6.364900588989257812e+00 -9.356645584106445312e+00
-3.425589203834533691e-02 -5.406498908996582031e-01 6.224990844726562500e+00 -3.277500152587890625e+00 3.565221309661865234e+00 -8.474360704421997070e-01 6.799762725830078125e+00 -1.020939111709594727e+00 1.104994010925292969e+01 -4.177320003509521484e+00
-1.264941245317459106e-01 1.791760683059692383e+00 2.469848394393920898e+00 -7.302729606628417969e+00 -4.445297241210937500e+00 -2.847990512847900391e+00 5.117894649505615234e+00 -6.124953627586364746e-01 9.300887107849121094e+00 2.910811185836791992e+00
1.010751724243164062e+00 3.547532558441162109e+00 3.824362039566040039e+00 -1.123741531372070312e+01 -4.887731552124023438e+00 -2.589268684387207031e+00 4.721015453338623047e+00 -4.265223741531372070e-01 9.627239227294921875e+00 2.631941556930541992e+00
-2.622872114181518555e+00 6.426071166992187500e+00 6.117894172668457031e+00 -6.498276710510253906e+00 6.998024463653564453e+00 -8.408026695251464844e-01 1.800798654556274414e+00 -4.304334640502929688e+00 5.452777385711669922e+00 1.276340961456298828e+00
-1.205182969570159912e-01 -1.412831544876098633e-01 5.725646972656250000e+00 -3.035254001617431641e+00 3.356725692749023438e+00 -2.837449014186859131e-01 6.657011508941650391e+00 -6.993829607963562012e-01 1.101738166809082031e+01 -4.571361064910888672e+00
-2.732362031936645508e+00 5.611366033554077148e-01 3.863187551498413086e+00 -5.369187831878662109e+00 4.472321033477783203e+00 -4.395810127258300781e+00 5.809293746948242188e+00 -1.253230929374694824e+00 7.152494430541992188e+00 -9.323460578918457031e+00
-3.728165864944458008e+00 8.190749883651733398e-01 5.496305465698242188e+00 -5.992669582366943359e+00 4.863962650299072266e+00 -3.949515104293823242e+00 4.589339733123779297e+00 -1.069403171539306641e+00 7.012175083160400391e+00 -9.401313781738281250e+00
-3.053826570510864258e+00 -4.676667690277099609e+00 9.546156883239746094e+00 5.673509240150451660e-01 -1.406771063804626465e+00 7.732100486755371094e-01 5.568492889404296875e+00 8.429453849792480469e+00 -8.833528496325016022e-03 -2.613715410232543945e+00
-1.809914112091064453e-01 1.955900073051452637e+00 2.670787096023559570e+00 -7.497975349426269531e+00 -4.487649440765380859e+00 -2.655006408691406250e+00 4.825649261474609375e+00 -7.055895924568176270e-01 1.015174961090087891e+01 2.321866273880004883e+00
-2.447416305541992188e+00 4.569156169891357422e+00 4.887417793273925781e+00 -5.646441936492919922e+00 6.819342613220214844e+00 -1.431810379028320312e+00 2.276011228561401367e+00 -5.066876888275146484e+00 6.115689754486083984e+00 1.445874929428100586e+00
-2.703611612319946289e+00 8.251166343688964844e-01 4.403182029724121094e+00 -5.206670761108398438e+00 4.313611984252929688e+00 -3.770528316497802734e+00 5.329557895660400391e+00 -8.443827629089355469e-01 7.112821102142333984e+00 -9.591267585754394531e+00
-3.172843456268310547e-01 -3.225011110305786133e+00 6.242973327636718750e+00 -7.000651359558105469e+00 -8.087073564529418945e-01 -2.763336420059204102e+00 7.055841445922851562e+00 5.215688228607177734e+00 7.402352333068847656e+00 9.171002507209777832e-01
-3.345107793807983398e+00 -2.473762512207031250e+00 3.081328153610229492e+00 -2.916043043136596680e+00 -1.995611429214477539e+00 -6.645980834960937500e+00 3.494513988494873047e+00 9.673204421997070312e+00 2.490108013153076172e+00 -1.033162879943847656e+01
-2.706433057785034180e+00 -2.395141839981079102e+00 8.722489476203918457e-01 -4.179712295532226562e+00 -5.964622974395751953e+00 -2.608337402343750000e+00 3.079310059547424316e-03 7.033540725708007812e+00 -2.009226799011230469e+00 3.650011539459228516e+00
-2.739371061325073242e+00 -2.095652580261230469e+00 1.206230759620666504e+00 -3.897042274475097656e+00 -7.897374629974365234e+00 -2.938065767288208008e+00 3.226648569107055664e-01 6.186293601989746094e+00 -2.228951215744018555e+00 2.987294912338256836e+00
1.413254499435424805e+00 -4.242847442626953125e+00 1.377599239349365234e+00 -7.460680961608886719e+00 -5.104788303375244141e+00 1.341139197349548340e+00 1.714955091476440430e+00 4.083558082580566406e+00 4.033607482910156250e+00 6.642597198486328125e+00
-4.020561695098876953e+00 -3.000116825103759766e+00 5.488172531127929688e+00 -7.173802375793457031e+00 4.184338152408599854e-01 3.458149194717407227e+00 4.222924709320068359e+00 7.402465820312500000e+00 7.138329505920410156e+00 -5.147297382354736328e+00
6.083846092224121094e-02 2.687541007995605469e+00 3.287881135940551758e+00 -9.533497810363769531e+00 -5.096221923828125000e+00 -2.487917423248291016e+00 4.657190322875976562e+00 -4.226664900779724121e-01 9.827909469604492188e+00 2.771405696868896484e+00
1.627591609954833984e+00 -4.587369918823242188e+00 1.050036072731018066e+00 -7.294738769531250000e+00 -4.823262214660644531e+00 1.426566600799560547e+00 1.687724471092224121e+00 4.193291187286376953e+00 4.374114990234375000e+00 6.278670310974121094e+00
8.257664442062377930e-01 -3.336109161376953125e+00 9.979872107505798340e-01 -6.153625011444091797e+00 -4.540718078613281250e+00 1.860901594161987305e+00 1.987572908401489258e+00 4.141733169555664062e+00 3.357546567916870117e+00 5.947079658508300781e+00
-4.850038051605224609e+00 1.306506991386413574e+00 8.704515457153320312e+00 -8.584737777709960938e+00 4.092761516571044922e+00 -4.129177570343017578e+00 5.602192878723144531e+00 -8.126931786537170410e-01 6.822842121124267578e+00 -9.585190773010253906e+00
-3.084921836853027344e+00 -8.389719963073730469e+00 1.348390102386474609e+01 2.500065326690673828e+00 -2.272045373916625977e+00 9.359161853790283203e-01 5.972099304199218750e+00 8.663101196289062500e+00 -2.187883853912353516e-01 -2.455843210220336914e+00
-2.510206937789916992e+00 5.320436000823974609e+00 5.342412948608398438e+00 -6.180733203887939453e+00 6.418245315551757812e+00 -1.889705181121826172e+00 2.677411794662475586e+00 -4.612893104553222656e+00 6.028866767883300781e+00 1.764328002929687500e+00
9.960026741027832031e-01 3.949623346328735352e+00 3.860218524932861328e+00 -1.180501937866210938e+01 -4.614372730255126953e+00 -2.533868074417114258e+00 5.378377914428710938e+00 -1.425679206848144531e+00 1.039330387115478516e+01 1.950846314430236816e+00
-4.107468605041503906e+00 -4.010387420654296875e+00 1.052052617073059082e+00 -4.953757286071777344e+00 -7.077829360961914062e+00 -2.895666360855102539e+00 -2.115073055028915405e-01 6.629734039306640625e+00 -2.081410884857177734e+00 3.358008623123168945e+00
-7.184663772583007812e+00 -6.535361766815185547e+00 7.756058692932128906e+00 -3.559975862503051758e+00 -2.261853456497192383e+00 -5.782382965087890625e+00 2.825803756713867188e+00 9.178764343261718750e+00 2.515681982040405273e+00 -1.020162105560302734e+01
-4.511196136474609375e+00 -4.963487148284912109e+00 9.852114319801330566e-01 -5.577620506286621094e+00 -6.430151939392089844e+00 -2.814295768737792969e+00 7.523787617683410645e-01 6.610310077667236328e+00 -1.846826076507568359e+00 3.222137928009033203e+00
-7.671172142028808594e+00 -6.756376266479492188e+00 7.634871482849121094e+00 -3.693651676177978516e+00 -1.386371493339538574e+00 -6.381930351257324219e+00 3.592869043350219727e+00 9.420119285583496094e+00 2.783679246902465820e+00 -1.046108531951904297e+01
1.555490970611572266e+00 -5.292299747467041016e+00 1.302380561828613281e+00 -7.834917545318603516e+00 -5.094979763031005859e+00 1.515704989433288574e+00 1.931838870048522949e+00 3.764217615127563477e+00 4.099736213684082031e+00 6.332354068756103516e+00
-2.582360506057739258e+00 5.963566303253173828e+00 6.106579780578613281e+00 -6.508249759674072266e+00 6.925888061523437500e+00 -2.609792053699493408e-01 1.923083424568176270e+00 -4.318192958831787109e+00 5.644408702850341797e+00 1.836003661155700684e+00
-5.215341567993164062e+00 -5.611968994140625000e+00 1.023056149482727051e+00 -6.538106918334960938e+00 -6.861011981964111328e+00 -2.324715852737426758e+00 4.200338125228881836e-01 6.034385681152343750e+00 -1.966251611709594727e+00 3.327377080917358398e+00
-4.737284660339355469e+00 -3.123883962631225586e+00 4.810103416442871094e+00 -3.734165191650390625e+00 -1.204309105873107910e+00 -5.644989013671875000e+00 4.114923000335693359e+00 9.022058486938476562e+00 2.335874319076538086e+00 -1.037963485717773438e+01
-3.162827253341674805e+00 -6.120074748992919922e+00 1.056843185424804688e+01 1.312401175498962402e+00 -9.209022521972656250e-01 1.522768378257751465e+00 6.085230350494384766e+00 9.151041984558105469e+00 4.354000091552734375e-02 -3.000932216644287109e+00
4.450678527355194092e-01 -2.533591270446777344e+00 4.285783767700195312e+00 -5.138791084289550781e+00 3.236694633960723877e-01 -3.698599815368652344e+00 8.303448677062988281e+00 5.327696323394775391e+00 7.464399814605712891e+00 6.782612204551696777e-01
-3.436870813369750977e+00 -2.672902107238769531e+00 3.345557928085327148e+00 -3.174735307693481445e+00 -2.874425172805786133e+00 -5.625713348388671875e+00 2.208888053894042969e+00 8.389685630798339844e+00 2.725717306137084961e+00 -9.865958213806152344e+00
-3.563046216964721680e+00 -3.053689479827880859e+00 1.718259572982788086e+00 -5.685043334960937500e+00 -6.429440498352050781e+00 -2.230871200561523438e+00 3.933183550834655762e-01 6.457570075988769531e+00 -2.091317653656005859e+00 2.981205224990844727e+00
3.210050761699676514e-01 -6.153956890106201172e+00 1.106429958343505859e+01 -1.191303253173828125e+01 -7.753743529319763184e-01 -2.614706993103027344e+00 6.088097095489501953e+00 5.684262275695800781e+00 7.876707553863525391e+00 8.565788865089416504e-01
-5.792229652404785156e+00 -5.095824718475341797e+00 5.959100246429443359e+00 -2.969134569168090820e+00 -1.970196604728698730e+00 -6.047111988067626953e+00 3.255529880523681641e+00 9.925382614135742188e+00 2.486880302429199219e+00 -1.062379264831542969e+01
-1.690550148487091064e-02 -2.478331804275512695e+00 5.271235466003417969e+00 -5.801657199859619141e+00 -4.090344011783599854e-01 -2.590999603271484375e+00 6.749680042266845703e+00 4.955454826354980469e+00 7.272514343261718750e+00 7.610943317413330078e-01
-3.472682952880859375e+00 1.066261172294616699e+00 5.579998970031738281e+00 -5.383908271789550781e+00 4.160331249237060547e+00 -3.520105600357055664e+00 5.315114974975585938e+00 -1.103975534439086914e+00 7.632919311523437500e+00 -1.007128810882568359e+01
-5.435780525207519531e+00 -6.730397701263427734e+00 4.482433795928955078e-01 -6.215309619903564453e+00 -6.969077110290527344e+00 -2.853680610656738281e+00 -3.462606072425842285e-01 6.531525135040283203e+00 -1.780938744544982910e+00 3.098934650421142578e+00
-3.609625101089477539e+00 -3.023713111877441406e+00 4.756711959838867188e+00 -6.289384365081787109e+00 1.016023874282836914e+00 3.210899114608764648e+00 4.529921054840087891e+00 6.886339187622070312e+00 6.732709407806396484e+00 -4.731071949005126953e+00
7.241943478584289551e-01 -3.963741064071655273e-01 8.371293067932128906e+00 -3.245735406875610352e+00 3.359195232391357422e+00 8.347475528717041016e-02 6.644341945648193359e+00 -7.866376042366027832e-01 1.047822570800781250e+01 -4.534718036651611328e+00
-3.842801153659820557e-01 -4.567736983299255371e-01 4.485143184661865234e+00 -2.722124099731445312e+00 3.263426780700683594e+00 -7.437539100646972656e-01 6.742449760437011719e+00 -8.615629673004150391e-01 1.026149559020996094e+01 -4.329190731048583984e+00
1.900600910186767578e+00 -5.183787822723388672e+00 8.780928254127502441e-01 -7.654525756835937500e+00 -5.443671226501464844e+00 1.405617237091064453e+00 1.941119194030761719e+00 4.223897457122802734e+00 3.864107131958007812e+00 6.549094200134277344e+00
-3.108197927474975586e+00 4.791028499603271484e-01 4.760455131530761719e+00 -5.524437904357910156e+00 4.502905845642089844e+00 -4.470532894134521484e+00 5.275605678558349609e+00 -6.657666563987731934e-01 7.024629116058349609e+00 -1.016913223266601562e+01
-5.431021213531494141e+00 -4.597478389739990234e+00 5.753946781158447266e+00 -4.298008441925048828e+00 -1.417745590209960938e+00 -6.337933540344238281e+00 4.248654365539550781e+00 8.762844085693359375e+00 1.800504326820373535e+00 -9.688384056091308594e+00
-8.701014518737792969e-02 -2.284344434738159180e+00 4.739826202392578125e+00 -6.294343948364257812e+00 -5.848883390426635742e-01 -3.419475078582763672e+00 8.086815834045410156e+00 5.210275650024414062e+00 7.201817035675048828e+00 1.183024406433105469e+00
1.751212835311889648e+00 -4.772772312164306641e+00 8.924927115440368652e-01 -7.439103603363037109e+00 -5.635240554809570312e+00 1.102396845817565918e+00 3.272297859191894531e+00 4.174888134002685547e+00 3.293069362640380859e+00 6.047441959381103516e+00
-5.572735667228698730e-01 1.389239430427551270e+00 2.353066205978393555e+00 -6.530539989471435547e+00 -4.135315418243408203e+00 -2.381222724914550781e+00 4.202462196350097656e+00 -9.224991798400878906e-01 9.784665107727050781e+00 2.940960645675659180e+00
-4.275341987609863281e+00 -4.275092124938964844e+00 1.107470035552978516e+00 -5.653219223022460938e+00 -6.433524131774902344e+00 -3.141293048858642578e+00 1.003669142723083496e+00 6.935212612152099609e+00 -1.586920142173767090e+00 3.311281204223632812e+00
-4.200200736522674561e-01 -1.829501509666442871e+00 3.900380611419677734e+00 -5.380738258361816406e+00 -7.740188837051391602e-01 -3.090621232986450195e+00 6.463219165802001953e+00 5.536388397216796875e+00 8.025908470153808594e+00 5.016181468963623047e-01
-2.849988698959350586e+00 -5.500420093536376953e+00 9.558039665222167969e+00 1.207030057907104492e+00 -9.900733828544616699e-01 6.603264808654785156e-01 6.261895179748535156e+00 8.819595336914062500e+00 -1.557821035385131836e-01 -2.885850906372070312e+00
1.085116863250732422e+00 -3.559343099594116211e+00 9.867944717407226562e-01 -6.331880092620849609e+00 -5.357503414154052734e+00 1.848710060119628906e+00 2.367163658142089844e+00 4.292377948760986328e+00 3.597721576690673828e+00 6.141263484954833984e+00
1.846800804138183594e+00 -5.054495334625244141e+00 1.093122363090515137e+00 -7.481310367584228516e+00 -5.634881496429443359e+00 1.825384140014648438e+00 2.393623352050781250e+00 4.270028114318847656e+00 3.418605327606201172e+00 6.363800048828125000e+00
-2.893562555313110352e+00 -4.770922660827636719e+00 9.297400474548339844e+00 4.047507047653198242e-01 -1.757321357727050781e+00 1.387301445007324219e+00 6.009762763977050781e+00 9.470355987548828125e+00 2.634553909301757812e-01 -3.190103292465209961e+00
1.304885029792785645e+00 -3.882202863693237305e+00 1.169494867324829102e+00 -7.111991882324218750e+00 -5.431072235107421875e+00 1.376636624336242676e+00 2.690256118774414062e+00 4.316848278045654297e+00 3.310061454772949219e+00 6.285079002380371094e+00
5.300316214561462402e-01 -1.453253388404846191e+00 1.028696250915527344e+01 -3.696373462677001953e+00 3.496106147766113281e+00 -6.480658054351806641e-01 6.267211437225341797e+00 -8.139249086380004883e-01 1.095818328857421875e+01 -4.080449581146240234e+00
6.909310817718505859e-02 -2.371773242950439453e+00 4.870333194732666016e+00 -6.011236667633056641e+00 -6.048569679260253906e-01 -3.210526466369628906e+00 6.953898906707763672e+00 5.715894222259521484e+00 7.966465473175048828e+00 8.114265799522399902e-01
-3.820968866348266602e+00 -2.926603794097900391e+00 3.554921388626098633e+00 -3.007211208343505859e+00 -1.684908747673034668e+00 -6.090315818786621094e+00 2.845178842544555664e+00 9.391502380371093750e+00 2.664506673812866211e+00 -1.002531242370605469e+01
1.241478323936462402e-01 -2.202788829803466797e+00 4.275442123413085938e+00 -5.298028945922851562e+00 -3.886829912662506104e-01 -2.908224344253540039e+00 6.993539810180664062e+00 5.217331409454345703e+00 7.282973766326904297e+00 7.451011538505554199e-01
1.426419258117675781e+00 -4.576311588287353516e+00 1.084836602210998535e+00 -7.625576019287109375e+00 -4.806131839752197266e+00 2.015410423278808594e+00 2.138218879699707031e+00 4.297704696655273438e+00 4.091546535491943359e+00 6.347614765167236328e+00
-2.525664567947387695e+00 -3.455090045928955078e+00 7.403081893920898438e+00 -1.367632448673248291e-01 -2.017815589904785156e+00 8.352407813072204590e-02 5.810391426086425781e+00 9.386080741882324219e+00 1.719168424606323242e-01 -3.548465013504028320e+00
-6.550812721252441406e+00 -5.356896400451660156e+00 6.222823143005371094e+00 -2.881602764129638672e+00 -1.370343446731567383e+00 -6.563270568847656250e+00 3.646710157394409180e+00 9.676384925842285156e+00 2.833578109741210938e+00 -1.058523941040039062e+01
2.342752218246459961e+00 -5.722594738006591797e+00 8.694924712181091309e-01 -7.570428371429443359e+00 -5.326809883117675781e+00 9.521845579147338867e-01 1.857931375503540039e+00 4.319592475891113281e+00 4.142752170562744141e+00 6.243755817413330078e+00
-2.416229009628295898e+00 6.832763195037841797e+00 6.941219329833984375e+00 -6.840959072113037109e+00 6.737079143524169922e+00 -1.795552253723144531e+00 2.363391399383544922e+00 -4.176639080047607422e+00 5.196424484252929688e+00 1.801066517829895020e+00
7.365783452987670898e-01 -2.600850582122802734e+00 8.859599232673645020e-01 -5.483493328094482422e+00 -5.378929615020751953e+00 1.555524468421936035e+00 2.328705787658691406e+00 4.639011859893798828e+00 2.756582736968994141e+00 5.855304241180419922e+00
1.072882056236267090e+00 -9.660546779632568359e-01 9.851205825805664062e+00 -3.966898918151855469e+00 3.197088956832885742e+00 -1.314221143722534180e+00 6.497875213623046875e+00 -6.427660584449768066e-01 1.057537364959716797e+01 -4.263683319091796875e+00
-3.381795406341552734e+00 6.359252929687500000e-01 5.165105342864990234e+00 -6.064541816711425781e+00 4.302955627441406250e+00 -3.655804634094238281e+00 5.294178962707519531e+00 -1.014109015464782715e+00 7.206556797027587891e+00 -9.769752502441406250e+00
-3.442268610000610352e+00 -3.245718002319335938e+00 9.821091294288635254e-01 -4.603663444519042969e+00 -7.241925716400146484e+00 -2.828397750854492188e+00 7.353202700614929199e-01 6.534061431884765625e+00 -1.909356951713562012e+00 3.125098705291748047e+00
-2.317115068435668945e+00 5.237442493438720703e+00 5.171330451965332031e+00 -5.954792976379394531e+00 6.311954021453857422e+00 -3.267450034618377686e-01 5.174366235733032227e-01 -5.159646034240722656e+00 6.507938385009765625e+00 1.504157781600952148e+00
-7.906680107116699219e-01 -1.355635523796081543e+00 3.383169651031494141e+00 -4.684640884399414062e+00 -6.337569355964660645e-01 -2.738489866256713867e+00 6.739884853363037109e+00 5.379858493804931641e+00 7.358694076538085938e+00 8.408295512199401855e-01
-6.180520057678222656e+00 -5.163250923156738281e+00 6.481595993041992188e+00 -2.854698657989501953e+00 -2.229566812515258789e+00 -5.838301658630371094e+00 2.453595876693725586e+00 9.732247352600097656e+00 2.852940320968627930e+00 -1.032968807220458984e+01
4.503820836544036865e-02 -3.053744792938232422e+00 5.760078430175781250e+00 -6.563832283020019531e+00 -1.304637640714645386e-01 -2.846807241439819336e+00 7.896190643310546875e+00 5.154567718505859375e+00 7.198014736175537109e+00 9.922288060188293457e-01
8.057571053504943848e-01 -9.836523532867431641e-01 8.645615577697753906e+00 -3.709705591201782227e+00 2.804826736450195312e+00 -3.930181264877319336e-03 5.596145629882812500e+00 -1.017885923385620117e+00 1.182671928405761719e+01 -4.327259063720703125e+00
4.528213739395141602e-01 3.248925924301147461e+00 3.435977220535278320e+00 -9.858066558837890625e+00 -5.044824600219726562e+00 -2.878424644470214844e+00 4.533802986145019531e+00 -7.419250607490539551e-01 9.808979988098144531e+00 2.948275566101074219e+00
-2.064735412597656250e+00 4.689273357391357422e+00 4.634921550750732422e+00 -5.548972129821777344e+00 7.564687728881835938e+00 -1.098543167114257812e+00 2.331535100936889648e+00 -4.267234325408935547e+00 5.793297767639160156e+00 1.689123749732971191e+00
-1.201725006103515625e-01 1.952778458595275879e+00 3.348756551742553711e+00 -8.857808113098144531e+00 -4.721282958984375000e+00 -2.457725048065185547e+00 3.604865074157714844e+00 -6.318747997283935547e-01 9.697402954101562500e+00 3.002636909484863281e+00
-2.615625381469726562e+00 -2.650197267532348633e+00 6.418631553649902344e+00 -4.677587747573852539e-01 -2.789861917495727539e+00 1.062361955642700195e+00 6.090641975402832031e+00 9.613468170166015625e+00 -3.450238704681396484e-02 -3.584803819656372070e+00
-2.818447351455688477e+00 3.014940023422241211e-01 4.071822166442871094e+00 -4.935340404510498047e+00 4.863780498504638672e+00 -3.860877990722656250e+00 4.968198776245117188e+00 -7.905164957046508789e-01 7.047847747802734375e+00 -9.563059806823730469e+00
-4.419127404689788818e-01 -2.532760500907897949e-01 4.681207656860351562e+00 -2.998161315917968750e+00 3.399575471878051758e+00 -3.639775216579437256e-01 6.557126522064208984e+00 -1.254574298858642578e+00 1.158990097045898438e+01 -4.709242343902587891e+00
-3.162333726882934570e+00 -5.496542453765869141e+00 9.749306678771972656e+00 8.031264543533325195e-01 -1.487315297126770020e+00 1.029107689857482910e+00 5.736995697021484375e+00 8.659374237060546875e+00 -3.743135929107666016e-02 -2.465112447738647461e+00
-3.097573041915893555e+00 -4.418424606323242188e+00 9.171935081481933594e+00 1.183112040162086487e-01 -2.145785570144653320e+00 6.688866615295410156e-01 5.802336215972900391e+00 9.187984466552734375e+00 -2.073764801025390625e-02 -2.880172014236450195e+00
-2.354890108108520508e+00 -3.243688344955444336e+00 6.433400154113769531e+00 4.316962882876396179e-02 -1.254643321037292480e+00 7.694073915481567383e-01 6.176381587982177734e+00 8.794736862182617188e+00 -2.651098966598510742e-01 -2.461722373962402344e+00
-4.747818946838378906e+00 1.494089007377624512e+00 7.969412803649902344e+00 -8.045576095581054688e+00 3.686583042144775391e+00 -4.065746307373046875e+00 5.684384346008300781e+00 -9.019895792007446289e-01 6.693536281585693359e+00 -9.219323158264160156e+00
1.251207590103149414e+00 -3.769490480422973633e+00 6.955901980400085449e-01 -6.258201599121093750e+00 -5.412583351135253906e+00 2.206903457641601562e+00 2.303537845611572266e+00 4.337984085083007812e+00 3.658138990402221680e+00 6.536283493041992188e+00
-2.420366048812866211e+00 -1.693942785263061523e+00 2.937634706497192383e+00 -4.691659927368164062e+00 1.116507887840270996e+00 3.386719703674316406e+00 4.419622421264648438e+00 8.283356666564941406e+00 7.252495288848876953e+00 -4.896268844604492188e+00
-2.436489105224609375e+00 7.217022418975830078e+00 6.699620246887207031e+00 -7.179132461547851562e+00 7.255783081054687500e+00 -1.554608196020126343e-01 2.480924129486083984e+00 -4.346452713012695312e+00 5.820094108581542969e+00 1.938395857810974121e+00
1.499520540237426758e+00 -4.226812362670898438e+00 1.640705347061157227e+00 -7.805052757263183594e+00 -4.905680179595947266e+00 1.080159306526184082e+00 2.069683313369750977e+00 4.165036201477050781e+00 3.622977018356323242e+00 6.074848651885986328e+00
-2.345811128616333008e+00 -1.720811009407043457e+00 2.801997900009155273e+00 -5.030323982238769531e+00 1.405962109565734863e+00 3.358676910400390625e+00 4.406844139099121094e+00 8.628156661987304688e+00 7.511945247650146484e+00 -5.450213432312011719e+00
-2.700169563293457031e+00 6.277790546417236328e+00 6.026515960693359375e+00 -7.050479888916015625e+00 7.601611137390136719e+00 -1.788374304771423340e+00 2.246176719665527344e+00 -4.593710899353027344e+00 5.901401996612548828e+00 1.483460426330566406e+00
1.625321626663208008e+00 -2.637620925903320312e+00 1.278048038482666016e+01 -4.706974983215332031e+00 3.496021509170532227e+00 -6.650696992874145508e-01 6.423582077026367188e+00 -8.966142535209655762e-01 1.176508140563964844e+01 -4.565545558929443359e+00
-2.691897630691528320e+00 5.223386287689208984e+00 5.528425693511962891e+00 -6.065051555633544922e+00 6.978153705596923828e+00 -1.319229960441589355e+00 3.418032169342041016e+00 -5.043401241302490234e+00 6.036783695220947266e+00 1.748586893081665039e+00
1.805611848831176758e+00 4.194202899932861328e+00 3.928483724594116211e+00 -1.145456314086914062e+01 -4.578931808471679688e+00 -2.802250862121582031e+00 4.931179046630859375e+00 -7.104953527450561523e-01 9.396078109741210938e+00 2.752398967742919922e+00
-6.478189468383789062e+00 -8.033588409423828125e+00 1.092990040779113770e+00 -7.260690689086914062e+00 -7.051300048828125000e+00 -2.933885097503662109e+00 3.961972594261169434e-01 7.002779960632324219e+00 -2.142809629440307617e+00 3.109355688095092773e+00
