2.023213803768157959e-01 9.755863249301910400e-02 -2.285939157009124756e-01 -4.150251448154449463e-01 -3.307884186506271362e-02 7.667519152164459229e-02 -1.971225440502166748e-01 2.010571509599685669e-01 -1.150932833552360535e-01 2.624634504318237305e-01 -2.498003840446472168e-01 -1.799693405628204346e-01 2.198361307382583618e-01 -3.926313221454620361e-01 1.931470036506652832e-01
2.791806459426879883e-01 4.895290359854698181e-02 4.076183587312698364e-02 -5.010375976562500000e-01 1.612720638513565063e-01 1.251639574766159058e-01 -5.815741047263145447e-02 2.383185029029846191e-01 -2.666932046413421631e-01 -5.421036481857299805e-02 -1.494741737842559814e-01 -1.287038773298263550e-01 4.605801701545715332e-01 -1.424930691719055176e-01 -1.541687846183776855e-01
-1.357164084911346436e-01 3.105043172836303711e-01 -5.736344680190086365e-02 -3.897933363914489746e-01 1.202020272612571716e-01 3.693121969699859619e-01 -4.367333278059959412e-02 9.400774538516998291e-02 -3.637255728244781494e-01 2.606242299079895020e-01 -2.273134887218475342e-01 -2.005460858345031738e-01 2.332399934530258179e-01 -3.906572163105010986e-01 -7.801455259323120117e-02
-4.649278521537780762e-02 -6.375849246978759766e-02 -1.606693565845489502e-01 -2.112832814455032349e-01 7.137141376733779907e-02 2.930256426334381104e-01 -1.882843375205993652e-01 7.435773313045501709e-02 -3.344275951385498047e-01 -4.253208264708518982e-02 -2.469528615474700928e-01 2.697618603706359863e-01 7.819242030382156372e-02 -1.458225548267364502e-01 -1.694260984659194946e-01
-2.082522958517074585e-02 -1.673156172037124634e-01 1.384823466651141644e-03 2.516628988087177277e-02 -2.774461507797241211e-01 1.349737942218780518e-01 -5.033561587333679199e-01 2.632648646831512451e-01 -1.232748478651046753e-01 -6.459549069404602051e-02 -8.747993409633636475e-02 -4.574096575379371643e-02 3.042985200881958008e-01 -1.918727159500122070e-01 1.269639432430267334e-01
2.280249893665313721e-01 1.232859343290328979e-01 -2.359680533409118652e-01 -4.639115333557128906e-01 9.533424675464630127e-02 -3.972346335649490356e-02 -1.668360317125916481e-03 7.857757806777954102e-02 -6.606332212686538696e-02 2.996251881122589111e-01 -3.013410568237304688e-01 -1.538535654544830322e-01 2.273179441690444946e-01 -2.004861384630203247e-01 5.721200257539749146e-02
-1.059069931507110596e-01 2.284210175275802612e-01 -8.756568282842636108e-02 -2.967615723609924316e-01 1.883156746625900269e-01 2.514447569847106934e-01 -1.225892454385757446e-01 1.514719128608703613e-01 -2.560482919216156006e-01 2.238789051771163940e-01 -3.788247108459472656e-01 4.606178775429725647e-02 2.722755074501037598e-01 -3.625224232673645020e-01 -1.024484187364578247e-01
-1.522968560457229614e-01 2.786912024021148682e-01 -7.084075361490249634e-02 -4.229663908481597900e-01 2.394112795591354370e-01 4.302190542221069336e-01 -3.704421222209930420e-02 1.121505498886108398e-01 -3.528277873992919922e-01 1.498838365077972412e-01 -4.247555434703826904e-01 -1.149073764681816101e-01 2.565510272979736328e-01 -4.218637347221374512e-01 -1.475630253553390503e-01
-2.984901368618011475e-01 2.253701537847518921e-01 -1.449217498302459717e-01 -2.553059756755828857e-01 -3.760120868682861328e-01 4.438703060150146484e-01 5.466614291071891785e-02 2.153118401765823364e-01 -3.382758200168609619e-01 8.069678395986557007e-02 -1.945996433496475220e-01 -2.621895372867584229e-01 1.164291724562644958e-01 -3.108786046504974365e-01 1.417057216167449951e-01
-7.205061614513397217e-02 1.775287687778472900e-01 -2.359016388654708862e-01 -3.288590312004089355e-01 1.512352228164672852e-01 -1.064085140824317932e-01 -2.704035490751266479e-02 2.280796878039836884e-02 -9.638646617531776428e-03 1.995560526847839355e-01 -3.306735754013061523e-01 7.034568581730127335e-03 1.176672801375389099e-01 -1.217521131038665771e-01 2.612398266792297363e-01
1.144639700651168823e-01 7.798586785793304443e-02 5.546141043305397034e-02 -5.620917771011590958e-03 -2.163822948932647705e-01 1.962909661233425140e-02 -5.217193961143493652e-01 1.407188922166824341e-01 -1.675182022154331207e-02 -1.429977267980575562e-01 -7.289756089448928833e-03 6.702601909637451172e-02 2.500723302364349365e-01 -2.368519902229309082e-01 8.146491833031177521e-03
1.479532569646835327e-03 8.280541747808456421e-02 -5.884495377540588379e-02 3.034306503832340240e-02 -2.207871675491333008e-01 1.201876401901245117e-01 -5.729179978370666504e-01 2.940863072872161865e-01 -2.791947126388549805e-01 -2.244858443737030029e-01 -1.701466366648674011e-02 -1.331801805645227432e-02 1.527175009250640869e-01 -2.096387743949890137e-01 3.728141263127326965e-02
3.309364914894104004e-01 -1.245605647563934326e-01 -3.536143004894256592e-01 -2.882357835769653320e-01 -1.942032724618911743e-01 6.223912835121154785e-01 -1.549663841724395752e-01 3.653353452682495117e-01 -2.191088795661926270e-01 -2.569715082645416260e-01 -2.674497067928314209e-01 -2.446317970752716064e-01 1.591072380542755127e-01 -5.825899839401245117e-01 -1.536145508289337158e-01
3.071884438395500183e-02 2.166998684406280518e-01 -1.551426202058792114e-01 -3.355570137500762939e-01 1.421199291944503784e-01 3.152681589126586914e-01 -1.185747385025024414e-01 1.275529116392135620e-01 -9.599394351243972778e-02 3.482218384742736816e-01 -2.699793577194213867e-01 1.739209983497858047e-05 2.394502907991409302e-01 -5.073508620262145996e-01 -1.553433537483215332e-01
-2.399048358201980591e-01 2.568524777889251709e-01 -3.073824383318424225e-02 -2.849864959716796875e-01 -2.822650372982025146e-01 3.203614056110382080e-01 4.741468653082847595e-02 1.846754401922225952e-01 -2.302767187356948853e-01 -2.274968288838863373e-02 -8.228159695863723755e-02 -3.228423297405242920e-01 2.559713423252105713e-01 -3.464264273643493652e-01 5.260704085230827332e-02
-5.498683452606201172e-02 2.258380651473999023e-01 -6.503550708293914795e-02 -6.364292651414871216e-02 -2.910681366920471191e-01 5.584806948900222778e-02 -4.554690122604370117e-01 1.830055713653564453e-01 -1.652210354804992676e-01 4.328564181923866272e-02 -6.815416365861892700e-02 -2.633406519889831543e-01 2.784658074378967285e-01 -2.177166640758514404e-01 -1.518386304378509521e-01
4.947468265891075134e-02 3.346252739429473877e-01 8.288740366697311401e-02 -3.428657948970794678e-01 2.598097622394561768e-01 -1.057529971003532410e-01 -2.580325603485107422e-01 1.295120567083358765e-01 -1.226815022528171539e-02 -8.332020789384841919e-02 -7.759314030408859253e-02 3.336786031723022461e-01 1.404358297586441040e-01 -3.786093592643737793e-01 -1.596600860357284546e-01
1.901574581861495972e-01 9.892176091670989990e-02 -1.044880524277687073e-01 -2.954439520835876465e-01 -4.543512314558029175e-02 1.396310776472091675e-01 -2.620525360107421875e-01 8.930666372179985046e-03 -1.857733428478240967e-01 3.261806368827819824e-01 -1.089555844664573669e-01 2.263648509979248047e-01 8.541481941938400269e-02 -2.509075999259948730e-01 -1.583774536848068237e-01
6.763924658298492432e-02 1.934295743703842163e-01 -6.616225093603134155e-02 -2.071028798818588257e-01 3.932317718863487244e-03 1.962906867265701294e-01 -7.618685066699981689e-02 1.940390765666961670e-01 -1.873955577611923218e-01 -1.233407258987426758e-01 -2.220571041107177734e-01 -3.270232584327459335e-03 1.370615363121032715e-01 -1.426189839839935303e-01 -7.242891471832990646e-03
1.258939355611801147e-01 1.720818877220153809e-01 -1.319183707237243652e-01 -2.185225337743759155e-01 2.083925716578960419e-02 -1.512900274246931076e-02 -7.033462822437286377e-02 3.915975987911224365e-01 -8.725983649492263794e-02 1.063471436500549316e-01 -2.964248657226562500e-01 7.965670526027679443e-02 3.692217469215393066e-01 -1.007061228156089783e-01 -4.529729112982749939e-02
-6.717298924922943115e-02 5.591389164328575134e-02 6.945989094674587250e-03 -4.416039884090423584e-01 -3.255315124988555908e-01 1.648688316345214844e-01 -1.902493983507156372e-01 -7.058264221996068954e-03 -2.233284562826156616e-01 -9.771554917097091675e-02 -2.929478585720062256e-01 1.976668834686279297e-01 5.793080478906631470e-02 -2.168457657098770142e-01 -1.410683542490005493e-01
3.325579166412353516e-01 1.324363797903060913e-01 3.525577485561370850e-02 -6.502614021301269531e-01 1.991904228925704956e-01 1.301871985197067261e-01 -5.099831148982048035e-02 2.985899150371551514e-01 -4.166161119937896729e-01 -4.586449638009071350e-02 -1.966362297534942627e-01 -1.493582129478454590e-01 3.358122110366821289e-01 -2.508603930473327637e-01 -7.352998852729797363e-02
-4.346865415573120117e-02 2.475883066654205322e-01 -1.805079914629459381e-02 -2.153445035219192505e-01 2.023217827081680298e-01 3.982475399971008301e-01 -1.649828851222991943e-01 1.597901135683059692e-01 -2.993373572826385498e-01 2.089037597179412842e-01 -3.230673670768737793e-01 -5.271497741341590881e-02 1.373111307621002197e-01 -3.737841844558715820e-01 -7.679139822721481323e-02
-1.965349316596984863e-01 7.196701318025588989e-02 -1.609292775392532349e-01 -3.046498894691467285e-01 -1.775046736001968384e-01 2.510419487953186035e-01 -1.916928887367248535e-01 6.158405542373657227e-02 -3.453734517097473145e-01 -7.271678000688552856e-02 -3.520398437976837158e-01 1.229029670357704163e-01 1.269201338291168213e-01 -2.928993105888366699e-01 -1.420832276344299316e-01
-1.199149489402770996e-01 2.665322422981262207e-01 -2.136399745941162109e-01 -2.493872195482254028e-01 -5.557125061750411987e-02 1.132857892662286758e-02 -3.980650380253791809e-02 1.128748506307601929e-01 -2.104297876358032227e-01 -1.262280046939849854e-01 -3.596766889095306396e-01 7.761570066213607788e-02 1.660262048244476318e-01 -1.836912035942077637e-01 -1.708777546882629395e-01
2.478356286883354187e-02 2.267897427082061768e-01 -1.345994025468826294e-01 5.385795980691909790e-02 -3.554480969905853271e-01 1.541937440633773804e-01 -5.797800421714782715e-01 5.426769256591796875e-01 -1.631052941083908081e-01 -1.831142008304595947e-01 2.962591871619224548e-02 -1.169510185718536377e-01 3.392192125320434570e-01 -4.197905063629150391e-01 1.303496062755584717e-01
3.495391309261322021e-01 3.923554345965385437e-02 -2.791002392768859863e-01 -5.502216815948486328e-01 -3.928056657314300537e-01 6.572887301445007324e-01 -2.094159126281738281e-01 2.143522351980209351e-01 -2.899989783763885498e-01 -2.345834821462631226e-01 -2.054297477006912231e-01 -2.880719900131225586e-01 1.284943521022796631e-01 -6.912873387336730957e-01 9.108091890811920166e-02
-2.227800637483596802e-01 1.800078898668289185e-01 -1.404401808977127075e-01 -3.325933516025543213e-01 -4.775847792625427246e-01 5.726819634437561035e-01 5.418798699975013733e-02 1.839868724346160889e-01 -1.987337023019790649e-01 1.804022192955017090e-01 -2.147019356489181519e-01 -3.780917525291442871e-01 1.697737276554107666e-01 -4.684911966323852539e-01 1.713671162724494934e-02
-8.530178666114807129e-02 1.962979435920715332e-01 -5.051594972610473633e-02 -3.131826519966125488e-01 1.264022737741470337e-01 3.995873332023620605e-01 -1.647619903087615967e-01 1.338311582803726196e-01 -3.222804069519042969e-01 2.330392748117446899e-01 -1.526288092136383057e-01 8.939293771982192993e-02 1.042430773377418518e-01 -5.707281827926635742e-01 -1.085893288254737854e-01
9.600178897380828857e-02 2.422320544719696045e-01 -1.418513059616088867e-01 -3.684440851211547852e-01 1.396218091249465942e-01 2.621428370475769043e-01 -2.270898595452308655e-02 2.322306931018829346e-01 -3.205445706844329834e-01 1.459718942642211914e-01 -1.208299323916435242e-01 -3.668099641799926758e-02 1.656529009342193604e-01 -9.637355804443359375e-02 7.853819429874420166e-02
1.969912350177764893e-01 1.397531032562255859e-01 -9.346020966768264771e-02 -1.702982634305953979e-01 3.250528573989868164e-01 7.542205601930618286e-02 -3.708582520484924316e-01 2.203088253736495972e-01 -2.868549823760986328e-01 1.667186170816421509e-01 5.587777122855186462e-02 2.300855815410614014e-01 3.938819766044616699e-01 -2.626529932022094727e-01 -3.992465510964393616e-02
1.362779140472412109e-01 2.837808430194854736e-01 -4.454869031906127930e-02 -2.080686241388320923e-01 5.282833799719810486e-02 1.620087474584579468e-01 -1.594907939434051514e-01 3.082958161830902100e-01 -3.986323177814483643e-01 5.362707003951072693e-02 -1.501517891883850098e-01 -5.212469771504402161e-02 1.859956532716751099e-01 -1.747744977474212646e-01 -2.677570655941963196e-02
1.749046891927719116e-01 1.090368181467056274e-01 8.183537423610687256e-02 -2.103244811296463013e-01 1.092187389731407166e-01 2.416999638080596924e-01 -4.175623059272766113e-01 3.174379169940948486e-01 -2.394182682037353516e-01 8.455142378807067871e-02 -1.085481271147727966e-01 3.429479598999023438e-01 1.630223393440246582e-01 -2.965916395187377930e-01 -8.600021898746490479e-02
-1.896169334650039673e-01 2.352755218744277954e-01 -1.432764679193496704e-01 -4.619283676147460938e-01 -4.697495102882385254e-01 3.191989362239837646e-01 -9.168091416358947754e-02 -3.959439694881439209e-02 -2.441208362579345703e-01 -1.693728566169738770e-01 -3.213340044021606445e-01 -1.382810473442077637e-01 1.300397515296936035e-01 -3.327430188655853271e-01 -2.866170406341552734e-01
-1.869955062866210938e-01 2.481811642646789551e-01 -8.761225640773773193e-02 -3.250933587551116943e-01 -3.444053828716278076e-01 4.593212306499481201e-01 6.469183415174484253e-02 1.726868748664855957e-01 -4.015070199966430664e-01 1.948920339345932007e-01 -1.439422667026519775e-01 -3.869095742702484131e-01 1.402505338191986084e-01 -3.153372406959533691e-01 -8.223037235438823700e-03
1.235794425010681152e-01 2.583237886428833008e-01 -4.777067154645919800e-02 -3.996194899082183838e-01 1.681025326251983643e-01 1.340418308973312378e-01 -9.318801760673522949e-02 3.605886399745941162e-01 -4.109781086444854736e-01 1.465215384960174561e-01 -1.689077317714691162e-01 -4.010108113288879395e-02 2.025790214538574219e-01 -1.833256483078002930e-01 3.004113957285881042e-02
7.923248410224914551e-02 4.983101412653923035e-02 5.933000892400741577e-02 -4.099767804145812988e-01 -6.109688431024551392e-02 1.686798185110092163e-01 -2.161439657211303711e-01 5.872710049152374268e-02 -1.218331977725028992e-01 2.498386986553668976e-02 -5.522904172539710999e-02 2.130733728408813477e-01 1.239585876464843750e-01 -2.287945151329040527e-01 -9.152068942785263062e-02
2.109518051147460938e-01 -2.918664366006851196e-03 -3.547804057598114014e-01 -4.552434086799621582e-01 -3.434771299362182617e-01 6.219222545623779297e-01 -7.095856964588165283e-02 9.950006008148193359e-02 -2.157300412654876709e-01 -9.930969774723052979e-02 -4.495923221111297607e-01 -3.855589330196380615e-01 1.561800241470336914e-01 -5.180215835571289062e-01 -1.260148584842681885e-01
7.088258862495422363e-02 8.066538721323013306e-02 1.189578399062156677e-01 -3.805590569972991943e-01 4.244828224182128906e-02 5.082754418253898621e-02 -1.619806885719299316e-01 3.144883811473846436e-01 -2.010356038808822632e-01 -2.418509684503078461e-02 3.040469018742442131e-04 1.826167404651641846e-01 2.102979421615600586e-01 -3.156766891479492188e-01 -1.982018798589706421e-01
3.594145551323890686e-02 5.180923268198966980e-02 -1.196666806936264038e-01 -3.059990406036376953e-01 -1.072989702224731445e-01 2.052440196275711060e-01 -2.286483943462371826e-01 -7.618104666471481323e-02 -8.229853957891464233e-02 8.930947631597518921e-02 -9.954866021871566772e-02 2.282880991697311401e-01 1.031705886125564575e-01 -3.055351376533508301e-01 -5.697808787226676941e-02
9.090277552604675293e-02 2.277437895536422729e-01 2.635501883924007416e-02 -2.699075043201446533e-01 7.133062928915023804e-02 7.705458439886569977e-03 -1.220141127705574036e-01 3.080616295337677002e-01 -3.213135302066802979e-01 3.687321394681930542e-02 -1.392624825239181519e-01 4.791645705699920654e-02 1.707650423049926758e-01 -4.889214783906936646e-02 1.295246183872222900e-01
1.479190587997436523e-01 3.928709328174591064e-01 1.417826414108276367e-01 -4.457922577857971191e-01 3.089016675949096680e-01 -3.702512010931968689e-02 -3.003988265991210938e-01 1.957740187644958496e-01 -4.552492201328277588e-01 -3.004493415355682373e-01 1.129965409636497498e-01 2.061068713665008545e-01 1.294766664505004883e-01 -4.927420020103454590e-01 2.930740639567375183e-02
5.976022407412528992e-02 1.167497634887695312e-01 -3.210515156388282776e-02 -2.078160792589187622e-01 1.749011427164077759e-01 1.727142781019210815e-01 -3.813779354095458984e-01 1.130722016096115112e-01 -1.824781149625778198e-01 2.249159105122089386e-02 -2.373983338475227356e-02 1.668393015861511230e-01 2.052412778139114380e-01 -2.441452145576477051e-01 -1.681199371814727783e-01
3.573663160204887390e-02 1.595022082328796387e-01 -1.961562968790531158e-02 -4.205655455589294434e-01 3.014865517616271973e-01 -5.384339764714241028e-02 -1.643194854259490967e-01 4.053448140621185303e-02 -6.928988546133041382e-02 1.607165336608886719e-01 -3.143006190657615662e-02 3.257170915603637695e-01 6.362124532461166382e-02 -3.249176144599914551e-01 -1.104327663779258728e-01
-4.023068398237228394e-02 6.902076303958892822e-02 -6.800703704357147217e-02 8.891304582357406616e-02 -2.444055527448654175e-01 4.650076851248741150e-02 -4.772272408008575439e-01 4.574256539344787598e-01 -2.014233916997909546e-01 -3.355263546109199524e-02 -3.663641959428787231e-02 -1.755564063787460327e-01 2.678318023681640625e-01 -1.853463351726531982e-01 9.560747444629669189e-02
1.342586129903793335e-01 3.484888076782226562e-01 -2.308004535734653473e-03 -3.594809770584106445e-01 9.534040093421936035e-02 2.853755652904510498e-01 4.328277707099914551e-02 3.023891150951385498e-01 -5.746249556541442871e-01 -3.829529508948326111e-02 -5.106635764241218567e-02 4.979519546031951904e-02 2.510360777378082275e-01 -1.667442023754119873e-01 1.683635115623474121e-01
2.978805601596832275e-01 7.549649477005004883e-02 -7.164464332163333893e-03 -5.639147758483886719e-01 3.806805610656738281e-01 1.126266717910766602e-01 -1.266162693500518799e-01 2.114472836256027222e-01 -3.574431538581848145e-01 1.482582651078701019e-02 -1.154564246535301208e-01 1.945856027305126190e-02 4.480164647102355957e-01 -1.704765409231185913e-01 -1.790739297866821289e-01
4.870546609163284302e-02 2.557849884033203125e-01 -3.132763803005218506e-01 -5.263477563858032227e-01 1.306211017072200775e-02 -1.605942845344543457e-01 -6.281834840774536133e-02 -5.984038859605789185e-02 -9.430042654275894165e-02 3.213359117507934570e-01 -2.354494929313659668e-01 -8.515551686286926270e-02 1.372081134468317032e-02 -2.015719562768936157e-01 2.275038659572601318e-01
-3.181694820523262024e-02 2.769532427191734314e-02 -1.620313376188278198e-01 -4.789997041225433350e-01 -5.416450649499893188e-02 -1.462791562080383301e-01 -1.351157277822494507e-01 -2.726023830473423004e-02 -1.349472701549530029e-01 3.227738142013549805e-01 -3.493811786174774170e-01 2.056658081710338593e-02 5.295119434595108032e-02 -2.448911070823669434e-01 5.193312838673591614e-02
-1.137869358062744141e-01 1.357497572898864746e-01 -1.123838201165199280e-01 -3.981822133064270020e-01 -2.618471980094909668e-01 1.932518035173416138e-01 -2.478941231966018677e-01 1.095491647720336914e-01 -3.543843626976013184e-01 -1.615028083324432373e-01 -2.956153452396392822e-01 4.335108399391174316e-02 1.543530672788619995e-01 -2.595248818397521973e-01 -1.808616071939468384e-01
2.072149142622947693e-02 3.291202709078788757e-02 -2.120945043861865997e-02 4.975074436515569687e-03 -2.604514956474304199e-01 3.563232347369194031e-02 -5.089218020439147949e-01 2.334171235561370850e-01 -5.502269417047500610e-02 -1.625527739524841309e-01 -3.907291218638420105e-02 -5.940081086009740829e-03 2.644748091697692871e-01 -3.638204634189605713e-01 -8.327803760766983032e-02
2.720969021320343018e-01 9.845989197492599487e-02 -2.071721702814102173e-01 -3.790246844291687012e-01 -5.004184693098068237e-02 5.345463380217552185e-02 -2.707594633102416992e-01 2.895802818238735199e-02 -1.115382239222526550e-01 1.762837022542953491e-01 -5.748014524579048157e-02 3.516353964805603027e-01 9.451543539762496948e-02 -2.645295560359954834e-01 -1.728683263063430786e-01
8.385783433914184570e-02 1.857723891735076904e-01 1.837454549968242645e-02 -2.800969779491424561e-01 2.165091335773468018e-01 -1.156569197773933411e-01 -1.846969276666641235e-01 2.796525657176971436e-01 -1.526006460189819336e-01 -4.677715525031089783e-02 -2.115890979766845703e-01 3.766898512840270996e-01 2.400064021348953247e-01 -2.597770094871520996e-01 -1.257895082235336304e-01
-1.261818557977676392e-01 1.248298734426498413e-01 -1.994828730821609497e-01 -3.446894884109497070e-01 -2.291057854890823364e-01 2.549743354320526123e-01 -1.836418658494949341e-01 7.328614592552185059e-02 -1.701830327510833740e-01 -2.021207474172115326e-02 -2.889318466186523438e-01 6.347195059061050415e-02 1.690655350685119629e-01 -2.768941521644592285e-01 -2.260944396257400513e-01
-1.381611078977584839e-01 1.259778738021850586e-01 -1.332393754273653030e-02 -2.541069090366363525e-01 1.042916327714920044e-01 3.146600127220153809e-01 -1.420063227415084839e-01 2.494760416448116302e-02 -1.248767599463462830e-01 1.964285969734191895e-01 -2.649873197078704834e-01 5.864193663001060486e-02 5.600498989224433899e-02 -3.694120645523071289e-01 -1.095811277627944946e-01
1.845798939466476440e-01 1.390282213687896729e-01 -2.242823876440525055e-02 -3.331587016582489014e-01 6.088145449757575989e-02 2.295170128345489502e-01 -2.119856327772140503e-01 3.038584887981414795e-01 -3.824311494827270508e-01 -1.611892692744731903e-02 -9.787667542695999146e-02 1.623405329883098602e-02 2.179110050201416016e-01 -1.369419991970062256e-01 -4.279384389519691467e-02
-1.811708882451057434e-02 1.580233275890350342e-01 2.482931874692440033e-02 -4.185424149036407471e-01 2.279590815305709839e-01 -6.151124462485313416e-02 -1.156332939863204956e-01 7.584292441606521606e-02 -5.897849053144454956e-02 1.553301364183425903e-01 3.062022849917411804e-02 2.363065779209136963e-01 9.800831228494644165e-02 -2.209727764129638672e-01 -1.536453366279602051e-01
7.274790108203887939e-02 -4.181507974863052368e-03 -3.002445995807647705e-01 -4.987270236015319824e-01 -4.543704688549041748e-01 5.656394362449645996e-01 -2.170566916465759277e-01 8.350083231925964355e-02 -2.660124301910400391e-01 -1.867840737104415894e-01 -2.835241854190826416e-01 -2.309217453002929688e-01 2.097538858652114868e-01 -4.719820916652679443e-01 -8.983822166919708252e-02
-1.478479355573654175e-01 1.771313995122909546e-01 -9.641657024621963501e-02 -2.343730181455612183e-01 -1.917846053838729858e-01 3.371621370315551758e-01 -2.148729860782623291e-01 -1.540123112499713898e-02 -3.826091289520263672e-01 -9.505967050790786743e-02 -2.251219004392623901e-01 -5.623491853475570679e-02 5.573257058858871460e-02 -2.455149143934249878e-01 -3.097934722900390625e-01
-8.301846683025360107e-02 1.060407683253288269e-01 -2.018162049353122711e-03 -2.910627722740173340e-01 -1.802105754613876343e-01 3.560340404510498047e-01 -1.282558441162109375e-01 6.206209957599639893e-02 -3.182377517223358154e-01 -3.005075454711914062e-01 -3.573620021343231201e-01 1.819629371166229248e-01 6.239989399909973145e-02 -2.640840411186218262e-01 -2.874166965484619141e-01
1.778629422187805176e-01 -9.871861338615417480e-02 -2.886646986007690430e-01 -3.912478089332580566e-01 -3.799957633018493652e-01 5.503525733947753906e-01 -1.998994648456573486e-01 9.526400268077850342e-02 -2.048891484737396240e-01 -8.898769319057464600e-02 -3.199961185455322266e-01 -2.170541286468505859e-01 7.408834248781204224e-02 -4.294888377189636230e-01 -1.175961196422576904e-01
-3.674336895346641541e-02 1.398504078388214111e-01 -1.527123898267745972e-01 -2.269263565540313721e-01 -8.588690310716629028e-02 2.394064813852310181e-01 -2.229303419589996338e-01 2.175922393798828125e-01 -3.674092590808868408e-01 -7.124808430671691895e-02 -2.725724279880523682e-01 1.528585553169250488e-01 9.932503849267959595e-02 -1.290851533412933350e-01 -1.003806218504905701e-01
-2.595573663711547852e-02 5.382302030920982361e-02 -1.814631372690200806e-01 -5.477716922760009766e-01 -9.292260557413101196e-02 -5.308968946337699890e-02 -2.393670082092285156e-01 -5.248150229454040527e-02 -1.699169427156448364e-01 1.298935562372207642e-01 -2.077647298574447632e-01 -8.822971582412719727e-02 1.793617457151412964e-01 -5.141468048095703125e-01 1.520534306764602661e-01
-2.380501478910446167e-03 2.371222823858261108e-01 3.101643361151218414e-02 -3.896454572677612305e-01 2.164751440286636353e-01 -3.557390347123146057e-02 -2.521837353706359863e-01 8.006975054740905762e-02 -1.585684120655059814e-01 -2.827403601258993149e-03 -5.796991661190986633e-02 1.886162906885147095e-01 5.837383866310119629e-02 -4.133443832397460938e-01 -5.845140293240547180e-02
1.696567982435226440e-03 6.488104164600372314e-02 3.361023217439651489e-02 -3.373041749000549316e-01 -5.621630698442459106e-02 1.049478799104690552e-01 -1.968856006860733032e-01 4.061823338270187378e-02 -1.934295333921909332e-02 -1.703492738306522369e-02 -8.248382061719894409e-02 2.371726036071777344e-01 2.096836864948272705e-01 -2.148557156324386597e-01 -3.246789425611495972e-02
5.335887894034385681e-02 2.117161080241203308e-02 1.475263833999633789e-01 -2.823728621006011963e-01 2.624459378421306610e-02 3.358506038784980774e-02 -1.655895709991455078e-01 2.262333780527114868e-01 -1.429783254861831665e-01 -5.722898617386817932e-02 -1.233692243695259094e-01 3.272922635078430176e-01 1.279435455799102783e-01 -1.657633483409881592e-01 -9.446214139461517334e-02
-1.464136689901351929e-02 1.078568100929260254e-01 -9.234543889760971069e-02 -2.183971256017684937e-01 -1.162105724215507507e-01 2.412590831518173218e-01 -1.455718427896499634e-01 8.967278525233268738e-03 -1.981177926063537598e-01 -2.485574632883071899e-01 -2.536494731903076172e-01 1.150470227003097534e-01 4.736132174730300903e-02 -3.101575672626495361e-01 -1.879058778285980225e-01
8.535093069076538086e-02 -1.950722038745880127e-01 -2.737710177898406982e-01 -3.116839230060577393e-01 -4.549593627452850342e-01 4.779318869113922119e-01 -1.431058794260025024e-01 3.354219496250152588e-01 8.973772078752517700e-02 -8.826323598623275757e-02 -5.022140741348266602e-01 -1.356558799743652344e-01 7.734609395265579224e-02 -5.045589804649353027e-01 4.985580593347549438e-02
2.202700823545455933e-01 9.394770860671997070e-02 -1.067079696804285049e-02 -1.343465000391006470e-01 -2.969505824148654938e-02 2.029682248830795288e-01 -4.301349818706512451e-01 1.702833771705627441e-01 -3.035814166069030762e-01 1.028101593255996704e-01 -1.339410394430160522e-01 2.936790287494659424e-01 8.120077103376388550e-02 -2.976180315017700195e-01 -1.979007422924041748e-01
-9.441809356212615967e-02 1.183871701359748840e-01 -8.570664376020431519e-02 -3.621025979518890381e-01 -2.448270171880722046e-01 2.085905522108078003e-01 -2.364299297332763672e-01 8.770612999796867371e-03 -3.024815320968627930e-01 -1.006778925657272339e-01 -2.666966319084167480e-01 -1.124792248010635376e-01 1.487256288528442383e-01 -2.198901325464248657e-01 -1.298601478338241577e-01
-3.390962779521942139e-01 2.612611651420593262e-01 -2.079624980688095093e-01 -3.853967785835266113e-01 -3.667698502540588379e-01 4.354024827480316162e-01 6.315150856971740723e-02 2.056336402893066406e-01 -2.751235961914062500e-01 2.130416184663772583e-01 -1.697936058044433594e-01 -3.897456228733062744e-01 5.657182633876800537e-02 -2.139047384262084961e-01 2.148105949163436890e-01
3.136332333087921143e-02 -8.741769939661026001e-03 -6.838002800941467285e-02 -2.819831073284149170e-01 -2.021380811929702759e-01 2.603895962238311768e-01 4.784700274467468262e-02 4.742342233657836914e-02 -1.791701316833496094e-01 -8.046146482229232788e-02 -2.734787166118621826e-01 8.176083117723464966e-02 1.037434265017509460e-01 -2.693921029567718506e-01 -2.161698341369628906e-01
-2.728993445634841919e-02 1.866293996572494507e-01 -2.103282362222671509e-01 -4.924885630607604980e-01 3.596552461385726929e-02 -7.851661741733551025e-02 -1.727306842803955078e-01 -7.703635096549987793e-02 -1.263725608587265015e-01 2.713648676872253418e-01 -2.440586984157562256e-01 -1.359554231166839600e-01 1.757959723472595215e-01 -3.148224055767059326e-01 1.740066409111022949e-01
1.327439770102500916e-02 7.328600436449050903e-02 2.777223847806453705e-02 6.515207886695861816e-02 -2.271575778722763062e-01 -1.435237820260226727e-03 -5.621427297592163086e-01 3.437261283397674561e-01 6.759553402662277222e-02 -1.760958731174468994e-01 -2.418823912739753723e-02 -1.679264195263385773e-02 2.682161927223205566e-01 -1.532450020313262939e-01 -1.287880702875554562e-03
2.467124313116073608e-01 1.804345548152923584e-01 -4.672949016094207764e-02 -3.214011192321777344e-01 4.186587780714035034e-02 5.498518235981464386e-03 -1.795767247676849365e-01 2.865475118160247803e-01 -2.650513648986816406e-01 5.681367218494415283e-02 -1.628407239913940430e-01 5.759440362453460693e-02 3.062983155250549316e-01 -1.829291582107543945e-01 -8.158215880393981934e-02
-2.537930607795715332e-01 3.868673443794250488e-01 -1.270824372768402100e-01 -3.320726454257965088e-01 -2.524134218692779541e-01 3.558270037174224854e-01 1.348293721675872803e-01 1.446739733219146729e-01 -3.194547891616821289e-01 1.221814081072807312e-01 -1.495307385921478271e-01 -4.595172703266143799e-01 1.596153378486633301e-01 -2.203868478536605835e-01 5.087919160723686218e-02
-1.189447194337844849e-01 -3.847122564911842346e-02 1.339559704065322876e-01 -3.207670450210571289e-01 6.806712597608566284e-02 4.949858412146568298e-02 -1.743772327899932861e-01 5.251696333289146423e-02 -1.852632500231266022e-02 5.429708585143089294e-02 -7.294338196516036987e-03 3.671825528144836426e-01 -8.940452244132757187e-05 -3.116358220577239990e-01 -1.347929537296295166e-01
1.958041638135910034e-01 1.686430275440216064e-01 5.451514571905136108e-02 -2.279332131147384644e-01 -8.519897237420082092e-03 1.259324103593826294e-01 -4.250356554985046387e-01 3.761216104030609131e-01 -3.846747875213623047e-01 1.260139048099517822e-01 -1.236599013209342957e-01 1.487213969230651855e-01 2.101265043020248413e-01 -2.512400150299072266e-01 7.332606473937630653e-04
2.671481296420097351e-02 2.236833423376083374e-01 1.305851787328720093e-01 -4.460943937301635742e-01 6.267492473125457764e-02 4.325333610177040100e-02 -1.518401801586151123e-01 1.481941342353820801e-01 -1.843131184577941895e-01 -1.897790729999542236e-01 9.918425232172012329e-03 1.566275954246520996e-01 1.865412741899490356e-01 -3.582866191864013672e-01 -5.019313469529151917e-02
8.925548195838928223e-02 1.484371274709701538e-01 -2.077642083168029785e-01 -3.851826786994934082e-01 1.836247555911540985e-02 -5.456635355949401855e-02 1.864602789282798767e-02 -1.143020465970039368e-01 -1.493986099958419800e-01 2.062083631753921509e-01 -2.394942641258239746e-01 -1.062404811382293701e-01 2.346089482307434082e-01 -2.137200832366943359e-01 2.274950146675109863e-01
-4.526884481310844421e-02 2.751118838787078857e-01 3.126705810427665710e-02 -4.344315230846405029e-01 -7.475132122635841370e-03 4.133482277393341064e-01 -4.622190818190574646e-02 7.618995010852813721e-02 -2.788403332233428955e-01 2.054600566625595093e-01 -3.046746253967285156e-01 -1.104259639978408813e-01 1.838876008987426758e-01 -5.385391712188720703e-01 -9.414067864418029785e-02
-4.107415378093719482e-01 2.575913369655609131e-01 -8.882765471935272217e-02 -4.307518303394317627e-01 -3.855763673782348633e-01 3.274499475955963135e-01 6.800071150064468384e-02 8.738580346107482910e-02 -2.308447957038879395e-01 7.198204845190048218e-02 -2.840499579906463623e-01 -4.619347155094146729e-01 2.008589655160903931e-01 -2.896114587783813477e-01 9.430353529751300812e-03
-9.733980894088745117e-02 1.608901619911193848e-01 -1.127651780843734741e-01 -1.800973862409591675e-01 3.136821836233139038e-02 3.893090486526489258e-01 -3.759775543585419655e-03 1.132300645112991333e-01 -1.776852160692214966e-01 1.684524714946746826e-01 -4.054662585258483887e-01 5.131582915782928467e-02 6.824492663145065308e-02 -4.909963309764862061e-01 -3.957612812519073486e-02
9.862901270389556885e-02 -3.953890502452850342e-01 -2.522106468677520752e-01 -2.330137640237808228e-01 -3.262105882167816162e-01 6.717171072959899902e-01 -1.507776528596878052e-01 2.053267955780029297e-01 -2.195032872259616852e-02 -1.246851161122322083e-01 -4.287416338920593262e-01 -9.796549379825592041e-02 4.269217699766159058e-02 -5.140782594680786133e-01 -9.359619021415710449e-02
1.214193925261497498e-02 -1.189099103212356567e-01 6.222740560770034790e-02 1.909675449132919312e-01 -2.355695813894271851e-01 1.827812343835830688e-01 -5.223655104637145996e-01 2.890932857990264893e-01 -3.450585156679153442e-02 -1.863917261362075806e-01 -6.098162010312080383e-02 -2.668723650276660919e-02 1.764815449714660645e-01 -1.161748915910720825e-01 1.102869063615798950e-01
8.981248736381530762e-02 7.364426553249359131e-02 -1.835967898368835449e-01 -3.091410100460052490e-01 1.252813488245010376e-01 -9.245325624942779541e-02 -2.339780330657958984e-02 -8.408024907112121582e-02 -3.201691061258316040e-02 2.795110642910003662e-01 -2.910997867584228516e-01 -1.125669572502374649e-02 1.143326833844184875e-01 -1.133451834321022034e-01 1.168742403388023376e-01
3.458484113216400146e-01 -8.391493558883666992e-02 -2.180811911821365356e-01 -4.658278226852416992e-01 -2.785571515560150146e-01 5.609351992607116699e-01 -2.010451257228851318e-01 3.077658116817474365e-01 -3.479043841361999512e-01 -2.252468317747116089e-01 -3.873551189899444580e-01 -1.010528355836868286e-01 6.912099570035934448e-02 -5.570597052574157715e-01 -4.469458013772964478e-02
1.942159980535507202e-01 -7.880043983459472656e-02 -3.186776041984558105e-01 -3.264192342758178711e-01 -4.997135996818542480e-01 7.229484915733337402e-01 -1.815330237150192261e-01 1.444947421550750732e-01 -1.660563647747039795e-01 -7.291292306035757065e-03 -3.326844274997711182e-01 -2.909019887447357178e-01 1.150813624262809753e-01 -6.557123064994812012e-01 -1.479564160108566284e-01
2.544259130954742432e-01 -1.887242794036865234e-01 -2.820490598678588867e-01 -3.458356559276580811e-01 -3.113040328025817871e-01 5.727203488349914551e-01 -2.244499772787094116e-01 1.276547163724899292e-01 -1.299038976430892944e-01 -2.170119583606719971e-01 -3.583872318267822266e-01 -1.903727650642395020e-01 1.068372055888175964e-01 -4.163627624511718750e-01 -1.475847065448760986e-01
6.394112110137939453e-02 7.233136147260665894e-02 8.459207415580749512e-02 -2.849704120308160782e-03 -2.159585207700729370e-01 1.496242731809616089e-01 -5.113868713378906250e-01 5.107125043869018555e-01 -2.829424478113651276e-02 -3.324548006057739258e-01 -1.054605767130851746e-01 -5.655747652053833008e-02 3.408787250518798828e-01 -2.340469062328338623e-01 -3.433975949883460999e-02
-1.194698661565780640e-01 8.192700147628784180e-02 -1.299357116222381592e-01 -1.743723005056381226e-01 -5.734952539205551147e-02 2.497432678937911987e-01 -7.306537032127380371e-02 4.646950960159301758e-02 -2.889462709426879883e-01 -7.751206308603286743e-02 -4.118819236755371094e-01 9.808272868394851685e-02 2.398792654275894165e-02 -1.715969145298004150e-01 -8.315695077180862427e-02
2.349234074354171753e-01 4.448251053690910339e-02 -1.163121089339256287e-01 -4.755177497863769531e-01 3.292257785797119141e-01 4.867530241608619690e-02 -1.220595315098762512e-01 9.943177923560142517e-03 -3.195163011550903320e-01 1.482807695865631104e-01 -9.826583415269851685e-02 -1.015006750822067261e-01 2.950655817985534668e-01 -2.041970789432525635e-01 -2.460721433162689209e-01
-3.039425909519195557e-01 3.837889134883880615e-01 -3.914758563041687012e-02 -3.604775071144104004e-01 -3.252069354057312012e-01 3.748190701007843018e-01 1.395215094089508057e-01 1.756398677825927734e-01 -4.439288675785064697e-01 8.020166307687759399e-02 -2.485537230968475342e-01 -2.934661805629730225e-01 3.078056126832962036e-02 -2.657742500305175781e-01 2.321816235780715942e-01
-1.188496649265289307e-01 1.123292073607444763e-01 -1.058043017983436584e-01 -3.355496525764465332e-01 -1.469555199146270752e-01 2.415618002414703369e-01 -1.500519663095474243e-01 3.712281584739685059e-02 -2.983492016792297363e-01 -1.912219375371932983e-01 -3.114565610885620117e-01 2.065793722867965698e-01 8.073186129331588745e-02 -3.957739770412445068e-01 -2.642485499382019043e-01
2.734489738941192627e-01 -9.789776057004928589e-02 -4.237637668848037720e-02 -5.664616227149963379e-01 1.679193824529647827e-01 1.325146108865737915e-01 -1.535140424966812134e-01 8.408759534358978271e-02 -2.134526968002319336e-01 8.110933005809783936e-02 -7.732248306274414062e-02 -7.466968894004821777e-02 3.160021007061004639e-01 -2.291602790355682373e-01 -2.191652953624725342e-01
-2.223030775785446167e-01 3.270875513553619385e-01 -1.224681828171014786e-02 -3.252603113651275635e-01 -4.105389416217803955e-01 4.353614449501037598e-01 7.472898066043853760e-02 2.272931784391403198e-01 -2.428626865148544312e-01 3.795052692294120789e-02 -6.183258071541786194e-02 -3.732219934463500977e-01 2.817671895027160645e-01 -3.308938145637512207e-01 9.776924736797809601e-03
1.920800209045410156e-01 2.158315479755401611e-01 -3.101115524768829346e-01 -4.994897842407226562e-01 2.186363004148006439e-02 6.136835739016532898e-02 -1.307176947593688965e-01 -6.780473887920379639e-02 -2.176294177770614624e-01 1.674289703369140625e-01 -2.051238119602203369e-01 -2.377568781375885010e-01 2.708854079246520996e-01 -3.520600795745849609e-01 2.267227619886398315e-01
-2.487429231405258179e-01 2.121139019727706909e-01 3.931358456611633301e-02 -2.894165217876434326e-01 -4.765652120113372803e-01 4.213811159133911133e-01 3.099698340520262718e-03 2.837974727153778076e-01 -2.704076170921325684e-01 1.103071495890617371e-01 -1.580827832221984863e-01 -2.910617589950561523e-01 2.121794521808624268e-01 -2.716066241264343262e-01 5.805356800556182861e-02
-7.670404016971588135e-02 3.503889143466949463e-01 1.513649057596921921e-02 -4.381850361824035645e-01 1.651758700609207153e-01 3.505204319953918457e-01 -8.818370103836059570e-02 1.365704983472824097e-01 -3.995813429355621338e-01 2.376598566770553589e-01 -3.680047392845153809e-01 2.222578413784503937e-02 1.722995936870574951e-01 -4.321256279945373535e-01 -4.389938339591026306e-02
2.031451165676116943e-01 3.350296318531036377e-01 -9.522111155092716217e-03 -3.478171229362487793e-01 1.162908375263214111e-01 2.580807507038116455e-01 -1.157496273517608643e-01 3.838835060596466064e-01 -6.558088660240173340e-01 4.656848683953285217e-02 -8.116747438907623291e-02 -8.628328144550323486e-02 2.015228420495986938e-01 -2.122799456119537354e-01 1.781567335128784180e-01
