-3.467332601547241211e+00 8.993559479713439941e-01 -2.220118522644042969e+00 5.186045765876770020e-01 6.782888889312744141e+00 7.527287960052490234e+00 2.981640398502349854e-01 4.513931572437286377e-01 4.649115562438964844e+00 -1.853509902954101562e+00 -1.713587492704391479e-01 1.003747081756591797e+01 -4.648622870445251465e-01 3.829925656318664551e-01 1.596967339515686035e+00
-2.904474735260009766e+00 1.025238037109375000e+00 -1.766939878463745117e+00 3.447266817092895508e-01 5.682610034942626953e+00 5.863918304443359375e+00 6.360420584678649902e-01 -5.168484449386596680e-01 4.814077377319335938e+00 -1.865289092063903809e+00 -7.210026383399963379e-01 9.328914642333984375e+00 -4.684110283851623535e-01 4.072884917259216309e-01 1.422531962394714355e+00
-1.096549928188323975e-01 -9.297077655792236328e-01 3.437661409378051758e+00 3.812213420867919922e+00 3.391733884811401367e+00 4.892157554626464844e+00 4.497165679931640625e+00 -1.101598739624023438e+00 3.378620147705078125e+00 1.168126344680786133e+00 6.432943940162658691e-01 8.604682922363281250e+00 1.620539426803588867e+00 -3.875625848770141602e+00 -2.357635498046875000e+00
-3.091683864593505859e+00 -3.833618879318237305e+00 5.674171820282936096e-02 3.208398580551147461e+00 8.058313727378845215e-01 7.744600296020507812e+00 3.658034801483154297e+00 3.006666421890258789e+00 -2.485923528671264648e+00 2.391089439392089844e+00 1.431858897209167480e+00 4.212508201599121094e+00 -3.145548820495605469e+00 -3.219436407089233398e+00 -2.525377273559570312e+00
-5.296550273895263672e+00 -2.909889221191406250e+00 1.308702707290649414e+00 8.985152840614318848e-01 -2.776912450790405273e-01 4.594552040100097656e+00 6.000833034515380859e+00 4.807667732238769531e+00 -3.635974824428558350e-01 3.077923059463500977e+00 -3.428527593612670898e+00 9.103029251098632812e+00 -3.901209115982055664e+00 3.827396035194396973e-01 -1.788508057594299316e+00
-7.077923774719238281e+00 -3.195930480957031250e+00 1.493392705917358398e+00 -2.956049442291259766e+00 5.652176856994628906e+00 4.254548549652099609e+00 -3.559123992919921875e+00 6.786349296569824219e+00 2.926325321197509766e+00 2.259345769882202148e+00 1.755845427513122559e+00 5.685333251953125000e+00 -8.633725643157958984e-01 -4.863258838653564453e+00 5.371869564056396484e+00
-2.048357009887695312e+00 5.795182585716247559e-01 -1.078319907188415527e+00 3.342450261116027832e-01 4.242675304412841797e+00 6.626210689544677734e+00 2.769908607006072998e-01 1.059471845626831055e+00 4.424037933349609375e+00 -2.575034618377685547e+00 -1.350922703742980957e+00 1.054983901977539062e+01 -4.852051660418510437e-02 1.042967289686203003e-01 1.137020349502563477e+00
-3.137663125991821289e+00 -3.264825344085693359e+00 -1.747355461120605469e+00 -3.682845592498779297e+00 2.932091951370239258e+00 2.749541044235229492e+00 1.106255412101745605e+00 4.315087795257568359e+00 -2.674638926982879639e-01 6.038890361785888672e+00 3.421947956085205078e+00 8.503316879272460938e+00 -5.354961872100830078e+00 -1.438902735710144043e+00 1.615049004554748535e+00
-7.557689189910888672e+00 -3.307387113571166992e+00 1.880750417709350586e+00 -3.665130138397216797e+00 5.972034931182861328e+00 4.346547603607177734e+00 -2.865220546722412109e+00 7.207618236541748047e+00 1.562819242477416992e+00 2.833240985870361328e+00 1.399965167045593262e+00 5.189984321594238281e+00 -7.976279258728027344e-01 -4.708059310913085938e+00 5.196548461914062500e+00
-4.598391056060791016e+00 2.636705935001373291e-01 4.988242626190185547e+00 1.037633180618286133e+00 3.507909536361694336e+00 3.070817947387695312e+00 -4.689151287078857422e+00 2.313454627990722656e+00 -3.184850692749023438e+00 -3.972676038742065430e+00 4.191741943359375000e+00 6.773807525634765625e+00 -3.476289510726928711e-01 5.525675296783447266e+00 -1.713204741477966309e+00
-5.414612293243408203e+00 -6.390222549438476562e+00 6.113918423652648926e-01 -5.048035144805908203e+00 -3.666166543960571289e+00 2.904839992523193359e+00 5.222205162048339844e+00 5.532736778259277344e+00 -4.653755664825439453e+00 -1.903827637434005737e-01 -2.767463922500610352e+00 4.429710865020751953e+00 -5.608321666717529297e+00 -4.403795599937438965e-01 2.787167549133300781e+00
-3.264479160308837891e+00 4.340065956115722656e+00 1.830623269081115723e+00 3.037910938262939453e+00 5.152823448181152344e+00 4.654511928558349609e+00 -1.621134877204895020e+00 6.320385456085205078e+00 -3.474362850189208984e+00 2.503125905990600586e+00 -2.173490762710571289e+00 7.019276618957519531e+00 -4.122629165649414062e-01 -1.196302652359008789e+00 5.720112800598144531e+00
-2.476050853729248047e+00 7.533140778541564941e-01 1.992655992507934570e+00 -1.829832315444946289e+00 3.890453338623046875e+00 5.957343578338623047e+00 -2.592903375625610352e+00 -2.707680165767669678e-01 3.609625399112701416e-01 1.622107505798339844e+00 4.983150005340576172e+00 4.356172084808349609e+00 -3.479686737060546875e+00 3.625157594680786133e+00 3.245293140411376953e+00
-2.533597469329833984e+00 6.098929047584533691e-01 -1.773478031158447266e+00 2.761803865432739258e-01 5.109867095947265625e+00 6.119588375091552734e+00 4.135105311870574951e-01 5.210997909307479858e-02 4.745100498199462891e+00 -2.256531238555908203e+00 -4.218730032444000244e-01 1.018301391601562500e+01 1.377308815717697144e-01 5.031140446662902832e-01 1.153861403465270996e+00
-2.937913417816162109e+00 -1.415457487106323242e+00 9.579388499259948730e-01 -1.247802376747131348e+00 3.104727029800415039e+00 4.599530696868896484e+00 -2.753345489501953125e+00 7.424726009368896484e+00 1.649909496307373047e+00 2.633935928344726562e+00 1.720471620559692383e+00 5.421339988708496094e+00 -1.231368899345397949e+00 -4.383051395416259766e+00 5.388191699981689453e+00
-5.330840110778808594e+00 -4.024821758270263672e+00 -2.996392011642456055e+00 -5.761802673339843750e+00 4.203351497650146484e+00 3.254604816436767578e+00 1.721375346183776855e+00 6.131639480590820312e+00 2.520160377025604248e-01 7.221315383911132812e+00 3.359648466110229492e+00 7.744394302368164062e+00 -5.041648864746093750e+00 -1.629936218261718750e+00 1.310527920722961426e+00
-3.207673072814941406e+00 -3.534649372100830078e+00 -5.545956492424011230e-01 3.584336280822753906e+00 -4.314035177230834961e-04 7.685302257537841797e+00 3.989865779876708984e+00 3.905378341674804688e+00 -3.536663055419921875e+00 3.857398271560668945e+00 7.215271592140197754e-01 5.047171592712402344e+00 -3.850257873535156250e+00 -3.075971364974975586e+00 -2.673374652862548828e+00
-4.748087882995605469e+00 -5.885562419891357422e+00 -6.865795850753784180e-01 5.240169048309326172e+00 1.313837289810180664e+00 6.425879478454589844e+00 3.414211511611938477e+00 3.460903167724609375e+00 -2.673404693603515625e+00 2.907740116119384766e+00 7.837951779365539551e-01 4.824044227600097656e+00 -3.588476181030273438e+00 -3.043443441390991211e+00 -2.636024951934814453e+00
2.515315115451812744e-01 -3.999983072280883789e+00 3.081757307052612305e+00 9.265097379684448242e-01 3.836756944656372070e+00 5.948268413543701172e+00 4.725074768066406250e+00 6.706051994115114212e-03 -2.681056857109069824e-01 -3.512815713882446289e+00 4.744508266448974609e+00 4.697060585021972656e+00 3.163682937622070312e+00 -1.146790266036987305e+00 -4.181974411010742188e+00
-5.668628692626953125e+00 5.583304762840270996e-01 1.060271933674812317e-01 2.610229730606079102e+00 2.493142843246459961e+00 6.121286153793334961e-01 4.991669178009033203e+00 4.678811073303222656e+00 2.438371181488037109e+00 1.661435514688491821e-01 -8.958543539047241211e-01 5.000764846801757812e+00 1.068065524101257324e+00 3.025359392166137695e+00 -2.158727645874023438e+00
-4.552064895629882812e+00 -5.646526336669921875e+00 -8.226827383041381836e-01 5.609599113464355469e+00 6.626924276351928711e-01 7.373228549957275391e+00 4.601293087005615234e+00 2.728994369506835938e+00 -2.966957807540893555e+00 1.981705188751220703e+00 5.901200175285339355e-01 4.708747863769531250e+00 -3.714810848236083984e+00 -2.859443426132202148e+00 -2.736797809600830078e+00
-5.088359832763671875e+00 -6.771603107452392578e+00 8.316752314567565918e-01 -4.185768604278564453e+00 -1.923439145088195801e+00 3.970274925231933594e+00 4.260544300079345703e+00 6.644617557525634766e+00 -3.426332473754882812e+00 5.403055548667907715e-01 -2.346183776855468750e+00 4.740527153015136719e+00 -5.847895145416259766e+00 -2.484826296567916870e-01 3.715928554534912109e+00
-2.967468500137329102e+00 -3.150367975234985352e+00 -1.581842303276062012e+00 -3.526279211044311523e+00 2.727319478988647461e+00 4.211472034454345703e+00 1.312951207160949707e+00 5.896275997161865234e+00 -1.558111190795898438e+00 6.888714790344238281e+00 3.182815790176391602e+00 8.315572738647460938e+00 -5.435343742370605469e+00 -1.573557615280151367e+00 1.454433441162109375e+00
-4.397692680358886719e+00 -3.848832368850708008e+00 -2.343734025955200195e+00 -5.407430171966552734e+00 3.423382520675659180e+00 2.102210760116577148e+00 1.343058943748474121e+00 4.752259731292724609e+00 -3.569134175777435303e-01 5.871389389038085938e+00 3.142060041427612305e+00 7.642830371856689453e+00 -5.256157398223876953e+00 -1.337373733520507812e+00 1.854355812072753906e+00
-3.468311309814453125e+00 -4.452373027801513672e+00 2.307882905006408691e-01 -2.196226358413696289e+00 -3.820647001266479492e-01 5.026531219482421875e+00 5.380056858062744141e+00 7.208690166473388672e+00 -3.585813522338867188e+00 1.001473784446716309e+00 -3.021049737930297852e+00 4.476880550384521484e+00 -5.735011577606201172e+00 5.752746760845184326e-02 2.833806514739990234e+00
-5.403068065643310547e+00 2.069698870182037354e-01 6.002427101135253906e+00 7.957056760787963867e-01 3.701673746109008789e+00 4.740365505218505859e+00 -3.908203363418579102e+00 2.864363908767700195e+00 -4.288574218750000000e+00 -4.016264438629150391e+00 4.314432621002197266e+00 6.407580852508544922e+00 -5.319070816040039062e-01 5.044047355651855469e+00 -1.357475280761718750e+00
-4.147796630859375000e+00 1.360718965530395508e+00 3.197645902633666992e+00 3.203856468200683594e+00 -5.914691090583801270e-01 3.047418117523193359e+00 -3.956353902816772461e+00 1.679169774055480957e+00 1.625897407531738281e+00 -4.147831916809082031e+00 3.082832336425781250e+00 6.586806178092956543e-01 -3.954142808914184570e+00 -4.627594947814941406e-01 4.192339420318603516e+00
-5.672677755355834961e-01 -4.508185386657714844e+00 2.520595550537109375e+00 8.973219394683837891e-01 4.228870868682861328e+00 6.617123126983642578e+00 3.994988203048706055e+00 -1.810514926910400391e+00 -3.203071355819702148e-01 -2.820864439010620117e+00 4.277781963348388672e+00 4.804409980773925781e+00 2.992860078811645508e+00 -9.595918059349060059e-01 -4.274280071258544922e+00
-3.649011135101318359e+00 -3.815220117568969727e+00 -1.897591710090637207e+00 -4.313874721527099609e+00 3.357565879821777344e+00 2.991496562957763672e+00 1.646521210670471191e+00 5.134433746337890625e+00 7.292730212211608887e-01 6.117855072021484375e+00 3.574052095413208008e+00 7.707396507263183594e+00 -5.210609436035156250e+00 -1.255099177360534668e+00 1.689768433570861816e+00
-6.081812858581542969e+00 4.955070316791534424e-01 -3.221033334732055664e+00 2.641003847122192383e+00 1.118914484977722168e+00 1.611353278160095215e+00 8.078239560127258301e-01 5.308660030364990234e+00 5.104133486747741699e-01 -4.520702838897705078e+00 -6.401152014732360840e-01 1.047976493835449219e+00 -8.795629143714904785e-01 2.998162746429443359e+00 4.397509098052978516e+00
-5.878877043724060059e-01 -2.010706424713134766e+00 4.327722549438476562e+00 4.891837120056152344e+00 4.983605861663818359e+00 5.354444980621337891e+00 5.382615089416503906e+00 -2.109814643859863281e+00 3.316721439361572266e+00 2.881767451763153076e-01 1.166721463203430176e+00 8.188047409057617188e+00 1.185308933258056641e+00 -4.358698368072509766e+00 -2.543991088867187500e+00
-4.465607166290283203e+00 -2.219944000244140625e+00 1.221070170402526855e+00 -2.400146722793579102e+00 4.213484287261962891e+00 4.641593933105468750e+00 -3.370251893997192383e+00 7.010154724121093750e+00 2.160784244537353516e+00 2.321327447891235352e+00 1.996344327926635742e+00 5.663665771484375000e+00 -9.617543220520019531e-01 -4.756372451782226562e+00 5.774004936218261719e+00
-1.815530285239219666e-02 -5.212899208068847656e+00 3.594951391220092773e+00 1.239069223403930664e+00 4.665693283081054688e+00 6.235939979553222656e+00 6.546299934387207031e+00 5.246780514717102051e-01 -9.667862951755523682e-02 -1.037728786468505859e+00 4.520773887634277344e+00 4.840054988861083984e+00 3.199079513549804688e+00 -8.507102131843566895e-01 -4.088860034942626953e+00
-2.493346214294433594e+00 -3.365684509277343750e+00 -3.822636231780052185e-02 2.774003744125366211e+00 7.191083431243896484e-01 6.460787773132324219e+00 4.148526191711425781e+00 2.975198268890380859e+00 -2.511305093765258789e+00 2.492328882217407227e+00 1.343820095062255859e+00 4.673051357269287109e+00 -3.408935785293579102e+00 -3.355498075485229492e+00 -2.543859481811523438e+00
-1.428155601024627686e-01 -1.150679469108581543e+00 4.865808486938476562e+00 5.865532875061035156e+00 4.826352119445800781e+00 5.824928760528564453e+00 4.565469741821289062e+00 -1.101191163063049316e+00 2.335180044174194336e+00 1.246607065200805664e+00 8.539124131202697754e-01 8.051553726196289062e+00 9.726234078407287598e-01 -4.158884525299072266e+00 -1.934718608856201172e+00
-5.190447807312011719e+00 1.025917649269104004e+00 1.048392616212368011e-02 2.062854051589965820e+00 1.999923944473266602e+00 2.126803874969482422e+00 5.010167598724365234e+00 3.982192993164062500e+00 4.253347396850585938e+00 6.764218211174011230e-01 -1.932979702949523926e+00 5.305638313293457031e+00 1.601711750030517578e+00 2.842721700668334961e+00 -1.825309514999389648e+00
-2.542010307312011719e+00 -1.953597187995910645e+00 1.425841331481933594e+00 1.709979534149169922e+00 3.986711025238037109e+00 5.881460666656494141e+00 2.266335725784301758e+00 4.949870586395263672e+00 3.119105339050292969e+00 9.629325866699218750e-01 5.694758415222167969e+00 8.062245368957519531e+00 8.232733607292175293e-01 -3.437796831130981445e-01 1.071610212326049805e+00
-6.256443977355957031e+00 6.422496438026428223e-01 -3.398091554641723633e+00 2.515321016311645508e+00 7.756764888763427734e-01 8.054795265197753906e-01 2.060567855834960938e+00 4.481476306915283203e+00 -4.057044088840484619e-01 -3.543240785598754883e+00 -9.986531138420104980e-01 3.747342526912689209e-01 -3.305133581161499023e-01 3.283786058425903320e+00 4.441522598266601562e+00
-4.432995796203613281e+00 1.438325643539428711e+00 3.129336595535278320e+00 -3.620662927627563477e+00 6.688863277435302734e+00 6.382642745971679688e+00 -2.451794624328613281e+00 -6.796932220458984375e-01 -7.344336807727813721e-02 1.561100482940673828e+00 4.120060920715332031e+00 4.374340534210205078e+00 -3.765246868133544922e+00 3.640142679214477539e+00 4.036730766296386719e+00
-3.329415321350097656e+00 8.119418025016784668e-01 2.317957639694213867e+00 2.606404542922973633e+00 -3.185842037200927734e-01 2.970677852630615234e+00 -3.774741888046264648e+00 2.459281921386718750e+00 1.717082023620605469e+00 -2.586317777633666992e+00 3.216783046722412109e+00 2.579109668731689453e-01 -3.639582395553588867e+00 -4.543663561344146729e-01 4.132474422454833984e+00
-5.220314502716064453e+00 -2.366357088088989258e+00 1.542360067367553711e+00 9.464381933212280273e-01 -9.154362678527832031e-01 5.090032577514648438e+00 6.758977413177490234e+00 4.762800216674804688e+00 -2.957388162612915039e-01 3.155097723007202148e+00 -3.811777830123901367e+00 9.628280639648437500e+00 -3.419620752334594727e+00 5.966599583625793457e-01 -1.597956299781799316e+00
-5.025135040283203125e+00 5.747848749160766602e-01 5.244110107421875000e+00 4.802765846252441406e-01 3.121336936950683594e+00 3.314870357513427734e+00 -4.113271713256835938e+00 2.478519916534423828e+00 -3.843178987503051758e+00 -2.987747669219970703e+00 4.274452686309814453e+00 6.568032741546630859e+00 -4.923173189163208008e-01 4.619136333465576172e+00 -1.416202902793884277e+00
-3.024052143096923828e+00 -3.078064203262329102e+00 1.350384235382080078e+00 1.439249753952026367e+00 4.810422897338867188e+00 4.487699031829833984e+00 2.048881530761718750e+00 5.736737728118896484e+00 3.906658649444580078e+00 6.763024926185607910e-01 5.773108959197998047e+00 7.242544651031494141e+00 1.127365827560424805e+00 -3.019759654998779297e-01 8.768134117126464844e-01
-2.810623645782470703e+00 -3.591983318328857422e+00 2.185899578034877777e-02 2.855851888656616211e+00 1.312536239624023438e+00 7.430408000946044922e+00 3.180248498916625977e+00 2.787871360778808594e+00 -3.150063991546630859e+00 2.791593074798583984e+00 1.820251703262329102e+00 4.727869987487792969e+00 -3.357089996337890625e+00 -3.558670997619628906e+00 -2.638756513595581055e+00
-9.335739135742187500e+00 -7.057204723358154297e+00 1.286895275115966797e-01 -6.675280570983886719e+00 -4.299020767211914062e+00 3.788051605224609375e+00 4.425541400909423828e+00 6.907894611358642578e+00 -3.232846975326538086e+00 9.986262917518615723e-01 -2.719248533248901367e+00 4.489117145538330078e+00 -5.481320381164550781e+00 -2.593977153301239014e-01 1.735961079597473145e+00
-6.481789588928222656e+00 3.915326893329620361e-01 -3.489028215408325195e+00 2.747894525527954102e+00 1.122105598449707031e+00 3.377287387847900391e-01 1.414661169052124023e+00 3.855874538421630859e+00 9.052707552909851074e-01 -4.339617729187011719e+00 -5.773484110832214355e-01 1.003993630409240723e+00 -3.329509496688842773e-01 3.186193466186523438e+00 4.153098106384277344e+00
-7.738610744476318359e+00 -2.493927478790283203e+00 2.156464576721191406e+00 6.384325027465820312e-01 -1.695515036582946777e+00 6.152345657348632812e+00 7.231277942657470703e+00 5.892878532409667969e+00 -7.926443815231323242e-01 3.968414545059204102e+00 -3.295418739318847656e+00 9.256001472473144531e+00 -3.830029487609863281e+00 5.559895038604736328e-01 -1.555177092552185059e+00
-2.772977828979492188e+00 4.137804985046386719e+00 1.410497307777404785e+00 2.572467565536499023e+00 4.208804130554199219e+00 3.610557794570922852e+00 -2.722093105316162109e+00 5.881295204162597656e+00 -3.159845352172851562e+00 1.392501115798950195e+00 -1.881658196449279785e+00 6.136302947998046875e+00 -5.086712837219238281e-01 -1.381227970123291016e+00 5.079870223999023438e+00
-3.592579126358032227e+00 -1.317487657070159912e-01 4.030772209167480469e+00 8.461808562278747559e-01 2.759325265884399414e+00 2.030243396759033203e+00 -4.674136161804199219e+00 3.167701721191406250e+00 -4.434110641479492188e+00 -4.101274490356445312e+00 4.043769836425781250e+00 6.599342346191406250e+00 -4.907328486442565918e-01 4.950631618499755859e+00 -1.539953708648681641e+00
-3.818172216415405273e+00 3.313040971755981445e+00 -3.159629583358764648e+00 -3.279038667678833008e-01 7.262635707855224609e+00 5.905293941497802734e+00 6.437756419181823730e-01 -6.375089883804321289e-01 5.305338859558105469e+00 -2.054962396621704102e+00 4.426666349172592163e-02 9.136215209960937500e+00 -6.781529784202575684e-01 6.478694081306457520e-01 1.623172879219055176e+00
-7.544210433959960938e+00 -2.850189208984375000e+00 2.005143880844116211e+00 7.249187231063842773e-01 -1.301487922668457031e+00 4.409626483917236328e+00 7.335559368133544922e+00 4.500190734863281250e+00 -1.613161206245422363e+00 2.691332817077636719e+00 -3.542077302932739258e+00 9.982635498046875000e+00 -3.654088735580444336e+00 5.669074654579162598e-01 -1.606292366981506348e+00
-4.502635955810546875e+00 1.377196788787841797e+00 3.227181196212768555e+00 2.941213846206665039e+00 -8.301026821136474609e-01 3.639888048171997070e+00 -2.459171056747436523e+00 2.998992443084716797e+00 9.520715475082397461e-01 -3.064383745193481445e+00 3.789297103881835938e+00 7.950233221054077148e-01 -3.290825843811035156e+00 -9.130668640136718750e-01 3.331912279129028320e+00
-4.967115879058837891e+00 1.773635387420654297e+00 3.919280052185058594e+00 3.384415864944458008e+00 -1.116093993186950684e+00 4.703065395355224609e+00 -5.056720733642578125e+00 7.535946369171142578e-01 1.133680224418640137e+00 -3.583261489868164062e+00 3.000992059707641602e+00 8.293710350990295410e-01 -3.681794881820678711e+00 -7.868596911430358887e-01 4.142892360687255859e+00
4.033514559268951416e-01 -3.745939433574676514e-01 5.790703296661376953e+00 6.804549217224121094e+00 4.857196807861328125e+00 5.330645561218261719e+00 4.555220603942871094e+00 -2.213191032409667969e+00 3.564573526382446289e+00 1.029755353927612305e+00 7.405298352241516113e-01 8.121959686279296875e+00 1.333742380142211914e+00 -4.271823883056640625e+00 -2.048778057098388672e+00
-7.082383632659912109e+00 7.418077588081359863e-01 -1.430771946907043457e-01 2.867433071136474609e+00 2.575123786926269531e+00 7.760634422302246094e-01 4.085350036621093750e+00 4.347303390502929688e+00 3.669361829757690430e+00 6.364185810089111328e-01 -1.265979409217834473e+00 5.649500846862792969e+00 1.209511995315551758e+00 3.007830619812011719e+00 -2.319974899291992188e+00
-7.001011848449707031e+00 -3.736456394195556641e+00 1.887313485145568848e+00 -2.717803001403808594e+00 6.082683086395263672e+00 5.280106544494628906e+00 -3.327105760574340820e+00 7.582625865936279297e+00 1.890488386154174805e+00 2.529628992080688477e+00 2.103277921676635742e+00 5.406065940856933594e+00 -1.043668508529663086e+00 -4.992187023162841797e+00 5.350449562072753906e+00
-2.505571365356445312e+00 6.717830300331115723e-01 1.975169181823730469e+00 -1.855685234069824219e+00 4.262536525726318359e+00 5.746146202087402344e+00 -2.140820503234863281e+00 -6.930400133132934570e-01 2.721081674098968506e-01 6.894331574440002441e-01 4.881273746490478516e+00 4.727745532989501953e+00 -3.447869062423706055e+00 3.856847286224365234e+00 3.571864843368530273e+00
2.865200936794281006e-01 -4.782596588134765625e+00 3.337532520294189453e+00 1.051705837249755859e+00 4.506474018096923828e+00 5.724960803985595703e+00 4.671381473541259766e+00 -2.480869293212890625e-01 -1.440389990806579590e+00 -2.141612768173217773e+00 4.773143768310546875e+00 5.035801887512207031e+00 3.475565433502197266e+00 -9.306584596633911133e-01 -4.147647857666015625e+00
-6.419931411743164062e+00 -3.016435861587524414e+00 1.847520828247070312e+00 9.723014235496520996e-01 -7.024906873703002930e-01 4.430333614349365234e+00 6.236746788024902344e+00 4.333119869232177734e+00 2.519466280937194824e-01 2.881744623184204102e+00 -3.168155193328857422e+00 9.191625595092773438e+00 -3.491566419601440430e+00 5.124936103820800781e-01 -1.384451985359191895e+00
-5.537422180175781250e+00 -4.521496295928955078e+00 -3.024831771850585938e+00 -6.083220005035400391e+00 4.349198818206787109e+00 4.523030281066894531e+00 1.369801998138427734e+00 5.360566616058349609e+00 -3.011503517627716064e-01 6.969678401947021484e+00 3.109232425689697266e+00 8.076424598693847656e+00 -5.040213584899902344e+00 -1.703337192535400391e+00 1.378364920616149902e+00
-5.531291007995605469e+00 1.815627217292785645e+00 3.867503404617309570e+00 3.731573104858398438e+00 -1.080892801284790039e+00 4.363718032836914062e+00 -1.912803173065185547e+00 3.304745674133300781e+00 9.560854434967041016e-01 -2.746319532394409180e+00 2.657606124877929688e+00 8.019248247146606445e-01 -3.588384389877319336e+00 -5.832998156547546387e-01 4.581748008728027344e+00
-4.744414329528808594e+00 -5.492703437805175781e+00 5.725121498107910156e-01 -3.640734672546386719e+00 -1.700729250907897949e+00 4.858780384063720703e+00 4.854253768920898438e+00 6.692681789398193359e+00 -2.798585891723632812e+00 -5.384804308414459229e-02 -2.716681718826293945e+00 4.610524654388427734e+00 -5.629191875457763672e+00 -2.324520498514175415e-01 3.032121658325195312e+00
-7.158759117126464844e+00 2.191615402698516846e-01 -4.002200126647949219e+00 2.917340993881225586e+00 1.515220880508422852e+00 8.250181674957275391e-01 1.764554262161254883e+00 5.319695472717285156e+00 -6.538208127021789551e-01 -3.804170370101928711e+00 -1.788718551397323608e-01 4.955796301364898682e-01 -1.030755996704101562e+00 3.122827053070068359e+00 4.440610408782958984e+00
-3.582245111465454102e+00 -2.980704784393310547e+00 1.752960920333862305e+00 1.675623059272766113e+00 5.193714141845703125e+00 6.150078296661376953e+00 3.128949880599975586e+00 5.684913158416748047e+00 2.799156665802001953e+00 6.868597865104675293e-01 5.691112041473388672e+00 8.588561058044433594e+00 1.254755973815917969e+00 -4.743381738662719727e-01 9.457442164421081543e-01
-7.889996528625488281e+00 -2.902873277664184570e+00 2.289340257644653320e+00 1.024903178215026855e+00 -1.900173664093017578e+00 3.426323890686035156e+00 6.537323951721191406e+00 4.180695533752441406e+00 -1.682333469390869141e+00 3.039564609527587891e+00 -3.169703483581542969e+00 8.607211112976074219e+00 -3.465057611465454102e+00 4.770421385765075684e-01 -1.355378746986389160e+00
-2.985579967498779297e+00 8.428673148155212402e-01 2.706930875778198242e+00 -2.268721342086791992e+00 5.198763847351074219e+00 7.573236465454101562e+00 -2.683737516403198242e+00 1.084195494651794434e+00 -1.935423970222473145e+00 1.955217123031616211e+00 4.658555984497070312e+00 4.784927368164062500e+00 -3.400749683380126953e+00 3.522061586380004883e+00 3.643973350524902344e+00
-3.570182561874389648e+00 4.309208869934082031e+00 2.123626947402954102e+00 3.136985540390014648e+00 5.736882686614990234e+00 3.938451528549194336e+00 -2.590897083282470703e+00 6.011514186859130859e+00 -2.525769710540771484e+00 1.545297145843505859e+00 -2.376826524734497070e+00 6.683916091918945312e+00 -5.135343074798583984e-01 -1.075138568878173828e+00 5.684876441955566406e+00
-3.106164455413818359e+00 -2.702266454696655273e+00 1.313470125198364258e+00 1.325173377990722656e+00 4.429351329803466797e+00 6.884816646575927734e+00 2.721285343170166016e+00 5.079704761505126953e+00 2.045258760452270508e+00 -2.627428472042083740e-01 5.362626075744628906e+00 8.010328292846679688e+00 1.395433902740478516e+00 -3.875497579574584961e-01 1.157016158103942871e+00
-3.365886211395263672e+00 -2.890295743942260742e+00 1.611962318420410156e+00 1.604559302330017090e+00 4.879189968109130859e+00 6.430238723754882812e+00 2.617810010910034180e+00 6.498539447784423828e+00 3.381865262985229492e+00 2.150419354438781738e-01 5.959368228912353516e+00 7.936307907104492188e+00 1.447736382484436035e+00 -6.609005331993103027e-01 1.145648837089538574e+00
-2.687712907791137695e+00 -6.013321280479431152e-01 2.728229284286499023e+00 7.386115193367004395e-01 2.223821163177490234e+00 5.116530895233154297e+00 -3.106059312820434570e+00 1.900049209594726562e+00 -4.185921192169189453e+00 -2.912931680679321289e+00 4.247091770172119141e+00 6.940048694610595703e+00 -2.320421859622001648e-02 5.062137603759765625e+00 -2.020191431045532227e+00
-4.383024692535400391e+00 1.386773109436035156e+00 3.420811176300048828e+00 -3.750199079513549805e+00 6.914224147796630859e+00 5.630397319793701172e+00 -2.790988445281982422e+00 -2.589405477046966553e-01 4.607729017734527588e-01 1.213863372802734375e+00 4.369436740875244141e+00 4.164254665374755859e+00 -3.457085847854614258e+00 3.397539615631103516e+00 3.532490253448486328e+00
5.724061131477355957e-01 -3.662375450134277344e+00 2.905582427978515625e+00 9.917237758636474609e-01 3.524858713150024414e+00 6.215113162994384766e+00 4.452942848205566406e+00 -1.332245707511901855e+00 -1.489269852638244629e+00 -2.291118621826171875e+00 5.167515277862548828e+00 4.920968055725097656e+00 2.827798843383789062e+00 -1.172212839126586914e+00 -4.143214702606201172e+00
-6.220100402832031250e+00 6.341982483863830566e-01 -3.424009561538696289e+00 2.479225397109985352e+00 6.285706758499145508e-01 1.287605762481689453e-01 2.837579727172851562e+00 5.663549900054931641e+00 6.834209561347961426e-01 -3.436749696731567383e+00 -9.261774420738220215e-01 1.076528668403625488e+00 -4.358779191970825195e-01 3.145973920822143555e+00 4.261819362640380859e+00
-3.328956127166748047e+00 -2.710477113723754883e+00 1.526298284530639648e+00 1.624886155128479004e+00 4.765668392181396484e+00 6.214106559753417969e+00 1.694031357765197754e+00 6.135714530944824219e+00 3.726035356521606445e+00 1.635770797729492188e+00 5.405913352966308594e+00 7.302477836608886719e+00 1.265178203582763672e+00 -4.508283138275146484e-01 1.081729412078857422e+00
-9.017186164855957031e+00 1.353065967559814453e+00 1.357883773744106293e-02 3.331279039382934570e+00 3.410285234451293945e+00 5.834352970123291016e-01 4.879596710205078125e+00 5.195918083190917969e+00 2.635176420211791992e+00 9.948208928108215332e-01 -1.290259242057800293e+00 5.928029060363769531e+00 1.369411230087280273e+00 3.105227708816528320e+00 -2.391696453094482422e+00
-1.045584487915039062e+01 1.232771873474121094e+00 -2.489827275276184082e-01 3.775863885879516602e+00 3.269311904907226562e+00 1.039646267890930176e+00 4.382812976837158203e+00 2.523686885833740234e+00 5.116536617279052734e+00 7.833160161972045898e-01 -1.984180092811584473e+00 5.733694076538085938e+00 1.495436787605285645e+00 2.956964492797851562e+00 -1.903650403022766113e+00
-3.679640054702758789e+00 2.363386869430541992e+00 -2.843709707260131836e+00 4.013639315962791443e-02 7.306068897247314453e+00 7.987467288970947266e+00 6.088678240776062012e-01 -6.546127796173095703e-01 2.756171941757202148e+00 -2.577648639678955078e+00 -3.450190126895904541e-01 1.022777366638183594e+01 -4.425041079521179199e-01 4.884744286537170410e-01 1.430309653282165527e+00
-4.402117729187011719e+00 -5.541123390197753906e+00 5.054076313972473145e-01 -3.540775299072265625e+00 -1.335528373718261719e+00 5.175332546234130859e+00 3.427768945693969727e+00 6.284665584564208984e+00 -2.655291080474853516e+00 -7.036972641944885254e-01 -2.114045858383178711e+00 4.252077102661132812e+00 -5.463847637176513672e+00 -1.886979192495346069e-01 2.283406257629394531e+00
-3.222953081130981445e+00 -2.709779262542724609e+00 1.747454047203063965e+00 1.771657705307006836e+00 4.942370414733886719e+00 5.852189540863037109e+00 2.401164531707763672e+00 5.965082168579101562e+00 3.899388074874877930e+00 2.093329668045043945e+00 5.593607902526855469e+00 7.429254531860351562e+00 1.555491209030151367e+00 -3.392854928970336914e-01 5.612509250640869141e-01
-3.230537176132202148e+00 3.117779016494750977e+00 2.029892921447753906e+00 2.671602487564086914e+00 5.171803474426269531e+00 4.038464069366455078e+00 -2.198448896408081055e+00 7.052952766418457031e+00 -3.365682601928710938e+00 3.204920053482055664e+00 -3.011045694351196289e+00 6.528610706329345703e+00 -2.768950462341308594e-01 -1.449231028556823730e+00 5.655760765075683594e+00
3.409205377101898193e-01 -2.990227937698364258e+00 2.213943004608154297e+00 6.466257572174072266e-01 2.852184057235717773e+00 4.034419059753417969e+00 4.838824272155761719e+00 -1.249205350875854492e+00 -6.960511803627014160e-01 -1.849785923957824707e+00 4.901543140411376953e+00 4.765563964843750000e+00 3.054258823394775391e+00 -1.176975727081298828e+00 -4.121228218078613281e+00
-4.859900474548339844e+00 -2.046546459197998047e+00 1.151333808898925781e+00 -2.298411369323730469e+00 3.991370916366577148e+00 4.224389553070068359e+00 -2.740105628967285156e+00 7.048345565795898438e+00 5.085826516151428223e-01 2.511194467544555664e+00 1.453566670417785645e+00 5.530185699462890625e+00 -8.586130142211914062e-01 -4.744532585144042969e+00 5.616783142089843750e+00
-4.860660076141357422e+00 -6.288343429565429688e+00 6.379278898239135742e-01 -3.939478158950805664e+00 -1.680304527282714844e+00 3.335586547851562500e+00 4.876463890075683594e+00 6.492993354797363281e+00 -4.540965080261230469e+00 1.153478741645812988e+00 -2.596823453903198242e+00 4.767898559570312500e+00 -5.715804576873779297e+00 -1.801284700632095337e-01 2.523728370666503906e+00
-6.629047393798828125e+00 3.172326385974884033e-01 -3.817002534866333008e+00 2.734440088272094727e+00 1.228137731552124023e+00 7.699333429336547852e-01 1.479745745658874512e+00 5.041501522064208984e+00 1.099126785993576050e-01 -3.677586793899536133e+00 -6.275554299354553223e-01 -1.142009645700454712e-01 2.937814593315124512e-01 3.499674797058105469e+00 3.886538505554199219e+00
-1.420049667358398438e-01 -9.350818991661071777e-01 3.111555814743041992e+00 3.602244138717651367e+00 3.124023199081420898e+00 3.909601926803588867e+00 4.578426837921142578e+00 -2.072043895721435547e+00 3.639730215072631836e+00 4.164713323116302490e-01 3.161822259426116943e-01 8.632865905761718750e+00 1.442380666732788086e+00 -4.012133598327636719e+00 -2.307196855545043945e+00
-6.902970790863037109e+00 1.522203087806701660e+00 -3.647686243057250977e+00 2.479229450225830078e+00 3.266109824180603027e-01 1.070481061935424805e+00 1.413792848587036133e+00 4.704189777374267578e+00 1.942637413740158081e-01 -3.381939172744750977e+00 -1.421098232269287109e+00 7.314881086349487305e-01 6.193811893463134766e-01 3.154184579849243164e+00 3.875036478042602539e+00
-3.028974533081054688e+00 -3.620697259902954102e+00 -2.716154754161834717e-01 3.418800354003906250e+00 6.772941350936889648e-01 6.765868663787841797e+00 3.958956956863403320e+00 2.649748802185058594e+00 -3.021758794784545898e+00 2.406412124633789062e+00 1.442294359207153320e+00 4.779478073120117188e+00 -3.492720603942871094e+00 -3.549046754837036133e+00 -2.851826429367065430e+00
-4.960437297821044922e+00 -2.623888731002807617e+00 1.476600050926208496e+00 6.481036543846130371e-01 -5.345192551612854004e-01 4.089628219604492188e+00 6.207239151000976562e+00 3.556781053543090820e+00 -4.464526474475860596e-01 2.345547199249267578e+00 -3.114927530288696289e+00 8.702314376831054688e+00 -3.573401451110839844e+00 4.515610933303833008e-01 -1.437783598899841309e+00
-4.563081741333007812e+00 1.855818033218383789e+00 3.685200929641723633e+00 -4.145815372467041016e+00 6.596519947052001953e+00 5.100021839141845703e+00 -2.896283149719238281e+00 4.171951115131378174e-01 -1.131821423768997192e-01 1.211146235466003418e+00 4.318588733673095703e+00 4.335848808288574219e+00 -3.207995891571044922e+00 3.501309633255004883e+00 3.320543289184570312e+00
-2.593503892421722412e-01 -3.530293226242065430e+00 2.313317537307739258e+00 6.514781713485717773e-01 3.359877586364746094e+00 6.071847915649414062e+00 4.335544109344482422e+00 -5.224452018737792969e-01 8.405588567256927490e-02 -1.024514555931091309e+00 5.061989307403564453e+00 5.340689659118652344e+00 3.024846792221069336e+00 -1.217612743377685547e+00 -4.268787384033203125e+00
-4.680647850036621094e+00 -2.848088026046752930e+00 1.209310531616210938e+00 -1.839507699012756348e+00 4.667160511016845703e+00 5.661461830139160156e+00 -3.661509990692138672e+00 7.193432807922363281e+00 1.218299388885498047e+00 2.445482254028320312e+00 1.919400095939636230e+00 5.805769920349121094e+00 -1.221989274024963379e+00 -4.846634864807128906e+00 5.333531379699707031e+00
-4.713153362274169922e+00 5.963686481118202209e-02 1.561402678489685059e-01 1.986863970756530762e+00 2.434941053390502930e+00 1.787974119186401367e+00 4.901580333709716797e+00 4.656432628631591797e+00 3.155747652053833008e+00 1.504381537437438965e+00 -1.293930411338806152e+00 5.079493522644042969e+00 1.426780581474304199e+00 2.849289655685424805e+00 -2.100327968597412109e+00
-2.346340894699096680e+00 1.947780847549438477e+00 1.610015630722045898e+00 1.990641355514526367e+00 4.010788440704345703e+00 2.466161251068115234e+00 -3.360518693923950195e+00 6.953766345977783203e+00 -3.156591892242431641e+00 3.140094995498657227e+00 -2.432994604110717773e+00 7.055455207824707031e+00 -4.613698720932006836e-01 -8.281452059745788574e-01 5.781604766845703125e+00
-5.228425979614257812e+00 1.573922634124755859e+00 3.817108392715454102e+00 3.439227342605590820e+00 -9.897207021713256836e-01 3.235669612884521484e+00 -2.188897609710693359e+00 2.395728588104248047e+00 6.872463822364807129e-01 -2.572359085083007812e+00 3.180327177047729492e+00 5.139658451080322266e-01 -3.779003858566284180e+00 -3.686929643154144287e-01 4.630058288574218750e+00
-5.980741977691650391e+00 1.915003538131713867e+00 4.275263786315917969e+00 4.000538825988769531e+00 -1.297924995422363281e+00 4.066134452819824219e+00 -2.027701139450073242e+00 1.412564039230346680e+00 1.007768154144287109e+00 -3.389902114868164062e+00 3.589563608169555664e+00 8.422919511795043945e-01 -3.698698282241821289e+00 -8.381673693656921387e-01 4.052209854125976562e+00
-3.236757516860961914e+00 2.096377372741699219e+00 -1.971426367759704590e+00 3.080282211303710938e-01 6.505338668823242188e+00 6.642566204071044922e+00 5.479339361190795898e-01 3.864360153675079346e-01 4.630913734436035156e+00 -1.775448560714721680e+00 -4.576107561588287354e-01 1.008164787292480469e+01 -7.835341989994049072e-02 2.385859936475753784e-01 1.161187171936035156e+00
-4.914278984069824219e+00 2.575629055500030518e-01 5.216683864593505859e+00 6.345772743225097656e-01 3.288828611373901367e+00 4.361963272094726562e+00 -3.369671583175659180e+00 3.126776456832885742e+00 -3.993644714355468750e+00 -2.433936595916748047e+00 4.468400478363037109e+00 6.625292301177978516e+00 -9.135746955871582031e-01 5.370751380920410156e+00 -6.113957166671752930e-01
2.504023015499114990e-01 -5.362731814384460449e-01 3.989258050918579102e+00 4.661115646362304688e+00 3.590603113174438477e+00 5.105272769927978516e+00 5.601258754730224609e+00 -1.849854111671447754e+00 3.395393133163452148e+00 3.924890458583831787e-01 7.522415518760681152e-01 7.895280361175537109e+00 1.079780340194702148e+00 -3.904959678649902344e+00 -2.206235408782958984e+00
-2.729485273361206055e+00 1.395804643630981445e+00 1.570577859878540039e+00 2.192729234695434570e+00 4.282408237457275391e+00 2.769507884979248047e+00 -2.692628145217895508e+00 7.657591819763183594e+00 -2.971003532409667969e+00 1.812126398086547852e+00 -2.125408887863159180e+00 6.587437629699707031e+00 -3.571624755859375000e-01 -1.481040477752685547e+00 5.716510772705078125e+00
-2.275100708007812500e+00 5.246384143829345703e-01 2.184488058090209961e+00 -1.238525032997131348e+00 4.191288471221923828e+00 6.938622951507568359e+00 -2.855164527893066406e+00 2.095141708850860596e-01 -1.381550073623657227e+00 1.491592168807983398e+00 4.823634624481201172e+00 4.529385566711425781e+00 -3.597589969635009766e+00 3.512534141540527344e+00 3.814438104629516602e+00
