-9.490032196044921875e-01 4.596532344818115234e+00 -1.082081079483032227e+00 1.395177841186523438e-01 -1.754258990287780762e+00 5.059885978698730469e-01 2.549152851104736328e+00 -1.720036625862121582e+00 1.304764270782470703e+00 -3.125156164169311523e+00 5.323662161827087402e-01 -1.011266350746154785e+00 -1.852788209915161133e+00 -5.463748931884765625e+00 1.348147749900817871e+00
-1.234901845455169678e-01 3.316536664962768555e+00 -1.857749342918395996e+00 5.914691090583801270e-02 -2.060702800750732422e+00 9.384598731994628906e-01 1.326428771018981934e+00 -2.008302450180053711e+00 6.502445936203002930e-01 -1.430659890174865723e+00 9.385547637939453125e-01 5.358311533927917480e-02 -8.834102749824523926e-01 -5.507371425628662109e+00 -7.125370949506759644e-02
3.375439941883087158e-01 -1.158337116241455078e+00 -3.993773758411407471e-01 5.130194425582885742e-01 9.356963634490966797e-01 1.182055354118347168e+00 1.060928225517272949e+00 -2.609665505588054657e-03 -6.493510305881500244e-02 -9.931132197380065918e-01 2.870170027017593384e-02 7.599220275878906250e-01 -3.537477970123291016e+00 -3.198443651199340820e+00 2.826016664505004883e+00
1.370805621147155762e+00 1.512552976608276367e+00 -1.309853434562683105e+00 4.003982067108154297e+00 -8.166467547416687012e-01 -1.052601337432861328e+00 1.802738904953002930e+00 -6.767695546150207520e-01 2.390397787094116211e+00 -7.457222342491149902e-01 6.203016042709350586e-01 4.246613979339599609e+00 3.085256576538085938e+00 -1.703799962997436523e+00 1.510487496852874756e-02
3.822365999221801758e+00 3.153428733348846436e-01 2.161539793014526367e+00 3.022482872009277344e+00 -3.460220813751220703e+00 4.850828349590301514e-01 2.893402099609375000e+00 1.381230950355529785e+00 1.155788064002990723e+00 -2.056385278701782227e+00 -1.694310307502746582e+00 4.340395450592041016e+00 -9.173586964607238770e-01 -2.115131616592407227e+00 2.526619195938110352e+00
-1.313120484352111816e+00 1.128616631031036377e-01 1.827064156532287598e+00 -9.245430231094360352e-01 -5.291044116020202637e-01 -2.871625900268554688e+00 1.642194151878356934e+00 -4.106515884399414062e+00 -2.107657909393310547e+00 -4.449664652347564697e-01 -1.697646498680114746e+00 1.775037169456481934e+00 2.185172080993652344e+00 -7.647033929824829102e-01 4.700832843780517578e+00
1.804827153682708740e-01 2.214579105377197266e+00 -1.671703577041625977e+00 -1.878187656402587891e-01 -2.787944316864013672e+00 1.685062170028686523e+00 2.550004959106445312e+00 3.920526802539825439e-01 1.024813652038574219e+00 -1.723918676376342773e+00 1.177894473075866699e+00 -1.657022476196289062e+00 -1.962864160537719727e+00 -4.376232147216796875e+00 9.024618864059448242e-01
4.528042793273925781e+00 2.313950061798095703e+00 8.438287973403930664e-01 -4.940224587917327881e-01 -1.766323566436767578e+00 2.464362382888793945e+00 2.210865020751953125e+00 1.557897448539733887e+00 -1.627141594886779785e+00 -2.182485342025756836e+00 4.415451586246490479e-01 -5.915116071701049805e-01 1.097359776496887207e+00 -1.674935460090637207e+00 1.710202932357788086e+00
-1.893369078636169434e+00 -5.202504992485046387e-01 1.594608783721923828e+00 -3.169922828674316406e-01 1.755338072776794434e+00 -4.709612369537353516e+00 1.647624254226684570e+00 -4.657382488250732422e+00 -7.683315873146057129e-01 2.046176940202713013e-01 -1.107091426849365234e+00 2.074037551879882812e+00 2.002171516418457031e+00 -8.136048316955566406e-01 4.409963607788085938e+00
-1.574730038642883301e+00 2.293398141860961914e+00 3.590294122695922852e-01 3.393358707427978516e+00 1.006376504898071289e+00 -4.510886669158935547e+00 4.517300605773925781e+00 5.770661830902099609e-01 -1.133269429206848145e+00 -1.739613056182861328e+00 -1.460013389587402344e+00 -9.736935496330261230e-01 1.347716212272644043e+00 2.210747480392456055e+00 1.103073954582214355e+00
9.654856324195861816e-01 -1.187141537666320801e+00 -1.279936432838439941e+00 1.180660009384155273e+00 -1.070343554019927979e-01 -3.764045953750610352e+00 -8.618818521499633789e-01 -2.586388111114501953e+00 4.576221108436584473e-02 -3.384375333786010742e+00 9.415602087974548340e-01 -3.320643901824951172e+00 4.751066207885742188e+00 -8.345453739166259766e-01 6.304775238037109375e+00
-5.784789323806762695e-01 3.459204196929931641e+00 3.186640739440917969e+00 -1.029223442077636719e+00 -2.120351314544677734e+00 -1.677297055721282959e-01 1.192326426506042480e+00 -4.701389789581298828e+00 -2.240161001682281494e-01 -3.903968095779418945e+00 1.370584249496459961e+00 -1.535967886447906494e-01 1.337403178215026855e+00 -5.569890737533569336e-01 1.033084988594055176e+00
8.134137988090515137e-01 1.979585170745849609e+00 -6.808388978242874146e-02 -8.849267959594726562e-01 -1.432221889495849609e+00 9.389379620552062988e-01 2.828124046325683594e+00 6.591873168945312500e-01 -8.771746754646301270e-01 -9.765200614929199219e-01 -6.158708572387695312e+00 -2.489387035369873047e+00 2.014144659042358398e-01 -1.037352085113525391e+00 8.569346666336059570e-01
-1.198030710220336914e-01 3.447546243667602539e+00 -1.671015024185180664e+00 -1.502686738967895508e+00 -1.885214567184448242e+00 2.901079058647155762e-01 6.641651391983032227e-01 -4.203328788280487061e-01 -6.472142338752746582e-01 -1.254768729209899902e+00 1.293206334114074707e+00 -1.388366937637329102e+00 -1.740862965583801270e+00 -4.826907157897949219e+00 1.468630552291870117e+00
2.843388319015502930e-01 -3.766020759940147400e-02 1.300800919532775879e+00 -8.876667022705078125e-01 -1.330915391445159912e-01 -3.967777639627456665e-02 3.802189350128173828e+00 5.664987564086914062e-01 -1.899782419204711914e+00 -1.317269682884216309e+00 -4.338432848453521729e-01 7.207885384559631348e-01 -1.450662732124328613e+00 1.066316843032836914e+00 4.121432304382324219e+00
5.185427188873291016e+00 1.995703458786010742e+00 9.587708711624145508e-01 -1.623849868774414062e+00 -2.418807744979858398e+00 6.285711526870727539e-01 2.060653209686279297e+00 -8.530684709548950195e-01 -2.084753990173339844e+00 -9.944971203804016113e-01 -2.153821229934692383e+00 -1.865579962730407715e+00 1.692282557487487793e+00 -4.253630161285400391e+00 2.687147617340087891e+00
1.279893755912780762e+00 3.167302906513214111e-01 -1.832444310188293457e+00 3.200943231582641602e+00 -2.479146003723144531e+00 -1.656267404556274414e+00 8.822849392890930176e-01 -1.201027512550354004e+00 2.370932579040527344e+00 -1.010017275810241699e+00 2.446826219558715820e+00 2.057779073715209961e+00 2.863368511199951172e+00 -2.395318984985351562e+00 -2.980370759963989258e+00
-9.139066934585571289e-02 5.103668570518493652e-01 -2.140379905700683594e+00 4.770941257476806641e+00 1.222563683986663818e-01 -3.928459405899047852e+00 -2.742465436458587646e-01 -4.792390823364257812e+00 6.125861406326293945e-01 -2.176177948713302612e-01 -4.949543625116348267e-02 3.935214042663574219e+00 5.251978397369384766e+00 -2.016939163208007812e+00 -2.873023748397827148e-01
1.274668812751770020e+00 4.513466060161590576e-01 -2.887235879898071289e+00 2.244068384170532227e+00 -3.328327178955078125e+00 -1.094058394432067871e+00 2.018563508987426758e+00 6.273017525672912598e-01 9.870844483375549316e-01 -6.971215605735778809e-01 3.257385492324829102e+00 -1.061254926025867462e-02 -1.232871294021606445e+00 -3.283858537673950195e+00 3.688347578048706055e+00
2.400322675704956055e+00 2.069083690643310547e+00 -2.140467643737792969e+00 3.698477745056152344e-01 -6.123955845832824707e-01 -1.625526428222656250e+00 2.962910175323486328e+00 3.297835826873779297e+00 -2.225355148315429688e+00 1.444463729858398438e+00 -6.096130609512329102e-01 1.601146221160888672e+00 1.828514814376831055e+00 -3.032186269760131836e+00 3.263648986816406250e+00
7.094574570655822754e-01 -1.515556275844573975e-01 -1.871074438095092773e+00 3.663118124008178711e+00 -1.298858046531677246e+00 -3.307235717773437500e+00 -9.205965995788574219e-01 -4.984713554382324219e+00 5.072087049484252930e-01 1.930053979158401489e-01 1.067228913307189941e+00 3.592925071716308594e+00 5.674643993377685547e+00 -3.122673988342285156e+00 -1.568158864974975586e+00
1.792274713516235352e+00 1.070687890052795410e+00 -9.551633596420288086e-01 2.546221494674682617e+00 -2.383985742926597595e-02 -2.506337642669677734e+00 9.173213243484497070e-01 -2.595823049545288086e+00 -6.945886611938476562e-01 -6.051667213439941406e+00 1.306331634521484375e+00 -3.412325620651245117e+00 2.935512065887451172e+00 6.190932989120483398e-01 4.970910549163818359e+00
4.804134368896484375e+00 8.203261494636535645e-01 1.660748571157455444e-01 -8.411628007888793945e-01 -7.411161661148071289e-01 1.074215173721313477e+00 3.403448104858398438e+00 2.508761644363403320e+00 -1.325296282768249512e+00 -1.235816359519958496e+00 -7.239753603935241699e-01 -2.637116432189941406e+00 -5.070608258247375488e-01 -1.682770371437072754e+00 2.869011402130126953e+00
3.992779254913330078e+00 1.702114582061767578e+00 1.307418346405029297e+00 -1.372074484825134277e+00 -1.542925119400024414e+00 1.893090248107910156e+00 4.395851790904998779e-01 3.673482239246368408e-01 -2.002846956253051758e+00 -2.047091007232666016e+00 -4.216116368770599365e-01 -7.151569724082946777e-01 2.531119108200073242e+00 -2.466994285583496094e+00 3.407052993774414062e+00
3.575504064559936523e+00 1.466563463211059570e+00 -1.082665801048278809e+00 3.057173490524291992e+00 -1.287054657936096191e+00 -1.117142915725708008e+00 3.268673181533813477e+00 1.305907011032104492e+00 -1.000141978263854980e+00 -4.987302780151367188e+00 2.221802473068237305e+00 -2.415030479431152344e+00 1.477760672569274902e+00 -1.218112558126449585e-01 4.386577606201171875e+00
-1.330156683921813965e+00 1.547054767608642578e+00 -1.036435961723327637e+00 3.889297246932983398e+00 2.476106584072113037e-01 -6.792742252349853516e+00 3.368938922882080078e+00 -8.818651549518108368e-03 -8.326106071472167969e-01 -3.661408722400665283e-01 -2.995366573333740234e+00 -1.108973979949951172e+00 2.930438518524169922e+00 1.063274741172790527e+00 2.527537345886230469e+00
-8.174844980239868164e-01 3.675343275070190430e+00 -3.194942474365234375e-01 2.294972896575927734e+00 2.479101181030273438e+00 -1.185171842575073242e+00 1.890874505043029785e+00 1.009794592857360840e+00 2.742748022079467773e+00 -3.837787210941314697e-01 -3.033172369003295898e+00 3.865372896194458008e+00 -6.430603861808776855e-01 3.621346950531005859e-01 2.540353536605834961e+00
2.221658945083618164e+00 1.797546863555908203e+00 -5.327536106109619141e+00 3.651015996932983398e+00 -2.065046310424804688e+00 -9.574319124221801758e-01 2.076003551483154297e+00 -5.548974871635437012e-01 1.154175400733947754e+00 -9.563429951667785645e-01 1.405441522598266602e+00 8.078016042709350586e-01 -3.715753555297851562e-01 -2.425015687942504883e+00 3.077239751815795898e+00
4.303139209747314453e+00 2.556858062744140625e+00 1.405003070831298828e+00 -1.027480125427246094e+00 -1.245648026466369629e+00 1.683486938476562500e+00 2.367735624313354492e+00 1.084676027297973633e+00 -2.565833806991577148e+00 -2.538203716278076172e+00 -4.795478284358978271e-01 -1.191410779953002930e+00 -1.406809687614440918e-01 -1.715646147727966309e+00 3.254782676696777344e+00
-1.431416869163513184e+00 1.216141819953918457e+00 -2.337615251541137695e+00 3.210718393325805664e+00 2.709873437881469727e+00 -2.042396783828735352e+00 1.541461825370788574e+00 1.192502498626708984e+00 -9.829574823379516602e-01 -1.178506255149841309e+00 -8.235530853271484375e-01 -4.812579452991485596e-01 -1.799597382545471191e+00 2.660108804702758789e-01 -2.401483803987503052e-01
1.380223035812377930e-01 -2.373439073562622070e+00 -1.167314171791076660e+00 1.656066060066223145e+00 1.046549558639526367e+00 -9.643467068672180176e-01 6.910216808319091797e-01 -2.607414722442626953e+00 -6.137773990631103516e-01 7.678307592868804932e-02 -1.455297589302062988e+00 2.009004116058349609e+00 -1.485984802246093750e+00 -4.154071807861328125e+00 3.775025367736816406e+00
-7.539637684822082520e-01 4.556575119495391846e-01 1.578569531440734863e+00 -1.344779729843139648e+00 -6.535812616348266602e-01 -6.407678723335266113e-01 2.815409660339355469e+00 -1.275843858718872070e+00 -1.044276356697082520e+00 -1.840378403663635254e+00 -2.222227752208709717e-01 1.273408174514770508e+00 -7.466613501310348511e-02 7.047921419143676758e-01 4.542511940002441406e+00
1.916472077369689941e+00 6.780198216438293457e-01 -4.423307895660400391e+00 2.138334035873413086e+00 5.288602113723754883e-01 -1.717423677444458008e+00 2.592930011451244354e-02 -1.936359167098999023e+00 -9.563875198364257812e-01 1.505704410374164581e-02 4.324380874633789062e+00 1.378287076950073242e+00 -7.367628067731857300e-02 -3.141796112060546875e+00 4.146470069885253906e+00
1.684504866600036621e+00 1.446712374687194824e+00 -1.045274734497070312e+00 2.805768251419067383e+00 -8.938651680946350098e-01 -7.555791735649108887e-01 1.745921969413757324e+00 -6.085004806518554688e-01 1.509821772575378418e+00 -8.397528529167175293e-01 1.351672768592834473e+00 3.505074024200439453e+00 2.959989070892333984e+00 -1.495528697967529297e+00 -4.863199591636657715e-01
-9.082045555114746094e-01 -2.203001022338867188e+00 1.000160202383995056e-01 3.718895912170410156e-01 1.237193465232849121e+00 -2.377034723758697510e-01 -1.079849123954772949e+00 -4.757740974426269531e+00 6.557592153549194336e-01 -5.210525393486022949e-01 -4.319056272506713867e-01 1.342894673347473145e+00 -9.363462328910827637e-01 -3.993866920471191406e+00 2.357742309570312500e+00
7.676516175270080566e-01 1.096280515193939209e-01 -5.052092075347900391e-01 -1.315446257591247559e+00 2.130376398563385010e-01 8.695700019598007202e-02 2.960963487625122070e+00 4.383625507354736328e+00 -2.184512615203857422e+00 2.713572263717651367e+00 -8.535553812980651855e-01 1.587523102760314941e+00 9.763561487197875977e-01 -3.518726825714111328e+00 3.409456491470336914e+00
-4.072010517120361328e-03 8.551183938980102539e-01 6.510790586471557617e-01 -6.232855841517448425e-03 5.006569027900695801e-01 1.609415292739868164e+00 -9.196565747261047363e-01 1.527281165122985840e+00 -1.184264540672302246e+00 -2.504050254821777344e+00 9.737132787704467773e-01 2.408282756805419922e+00 -3.823303580284118652e-01 -2.618318796157836914e-01 5.423143863677978516e+00
-8.838070034980773926e-01 1.398123025894165039e+00 -3.191802501678466797e+00 1.823667526245117188e+00 1.861606121063232422e+00 -2.850115060806274414e+00 -9.609672427177429199e-02 2.881291881203651428e-02 -3.068630099296569824e-01 -1.709990859031677246e+00 6.685200929641723633e-01 -6.754535436630249023e-01 4.219333082437515259e-02 -1.862611532211303711e+00 -6.814554333686828613e-03
-5.282282233238220215e-01 3.887885332107543945e+00 1.283806204795837402e+00 -3.281880021095275879e-01 -3.027848958969116211e+00 -6.379252672195434570e-01 1.633143305778503418e+00 -1.724952459335327148e+00 6.688683629035949707e-01 -1.820549368858337402e+00 -6.426853179931640625e+00 -2.802121639251708984e-01 2.952715396881103516e+00 -2.954288005828857422e+00 5.242506265640258789e-01
6.953878998756408691e-01 3.070695638656616211e+00 -4.957625865936279297e-01 1.557902097702026367e+00 2.932606220245361328e+00 -1.585292577743530273e+00 2.321948289871215820e+00 2.264204740524291992e+00 2.442791223526000977e+00 2.589978277683258057e-01 -2.233560085296630859e+00 3.151584148406982422e+00 -9.956094622611999512e-01 1.064036965370178223e+00 2.779538154602050781e+00
3.804744005203247070e+00 -1.290335804224014282e-01 2.625598669052124023e+00 1.289772868156433105e+00 -5.500314712524414062e+00 3.273393809795379639e-01 2.407260894775390625e+00 1.375813722610473633e+00 2.631848096847534180e+00 -1.668558239936828613e+00 -4.579654037952423096e-01 2.705336093902587891e+00 -1.396976232528686523e+00 -3.338000297546386719e+00 1.879278063774108887e+00
-1.319404006004333496e+00 1.581449508666992188e+00 9.454345703125000000e-01 1.903555154800415039e+00 6.744869947433471680e-01 -5.173228740692138672e+00 2.117701768875122070e+00 -1.341969609260559082e+00 -2.659309148788452148e+00 -1.283741593360900879e+00 -2.514111280441284180e+00 -2.245361804962158203e+00 2.589623451232910156e+00 1.363335609436035156e+00 8.558564186096191406e-01
1.865358948707580566e+00 2.623533248901367188e+00 -5.356248617172241211e-01 1.924684762954711914e+00 1.369838953018188477e+00 -3.931737691164016724e-02 4.164381325244903564e-01 -3.248279392719268799e-01 -2.035469293594360352e+00 -2.691711664199829102e+00 1.792768359184265137e+00 3.226392745971679688e+00 -1.131092756986618042e-02 1.021608263254165649e-01 6.049970149993896484e+00
1.841692328453063965e+00 1.568746089935302734e+00 -2.170334577560424805e+00 4.610096454620361328e+00 -1.293099522590637207e+00 -8.259574770927429199e-01 2.154685258865356445e+00 -5.860077738761901855e-01 6.921629905700683594e-01 -1.181863069534301758e+00 8.085119128227233887e-01 3.161958217620849609e+00 2.278925895690917969e+00 -1.873385071754455566e+00 -9.263501763343811035e-01
1.463261485099792480e+00 -4.855503737926483154e-01 1.052127718925476074e+00 1.531881928443908691e+00 -2.820636272430419922e+00 -5.772246837615966797e+00 -1.229917407035827637e+00 -5.418059825897216797e+00 3.105093240737915039e+00 -3.384719371795654297e+00 -1.290699601173400879e+00 -2.533994197845458984e+00 5.909954547882080078e+00 -3.533916234970092773e+00 5.135954856872558594e+00
-2.060286283493041992e+00 1.508393764495849609e+00 -2.547588825225830078e+00 2.207261800765991211e+00 1.361166357994079590e+00 -2.165593385696411133e+00 5.252475738525390625e-01 2.290275394916534424e-01 -3.996836543083190918e-01 -6.906076669692993164e-01 -6.269920468330383301e-01 1.711252033710479736e-01 -1.548796415328979492e+00 -1.582826018333435059e+00 -3.950694799423217773e-01
2.622769594192504883e+00 -6.469151377677917480e-01 3.458570003509521484e+00 2.184371709823608398e+00 -6.241304874420166016e+00 -1.175968885421752930e+00 2.571384906768798828e+00 -1.017487406730651855e+00 3.592901229858398438e+00 -2.451536655426025391e+00 -1.975183725357055664e+00 1.988138198852539062e+00 6.740995049476623535e-01 -3.969606161117553711e+00 -2.321260124444961548e-01
-1.803470969200134277e+00 2.707015037536621094e+00 2.575765609741210938e+00 -9.538228511810302734e-01 -1.892112255096435547e+00 -5.561191439628601074e-01 -6.258737444877624512e-01 -4.685778617858886719e+00 4.858431220054626465e-02 -3.300633192062377930e+00 3.687057197093963623e-01 5.058217644691467285e-01 7.223673462867736816e-01 -2.829216420650482178e-02 5.474139451980590820e-01
-2.668631672859191895e-01 1.992627978324890137e+00 5.941225290298461914e-01 2.188227891921997070e+00 1.135865688323974609e+00 -3.900890588760375977e+00 3.528923988342285156e+00 1.371174812316894531e+00 -2.826313257217407227e+00 -1.529068470001220703e+00 -1.254848361015319824e+00 -1.401496291160583496e+00 3.829551637172698975e-01 2.060898303985595703e+00 1.239421248435974121e+00
-3.010922193527221680e+00 3.261344909667968750e+00 -1.776183769106864929e-02 -1.697651863098144531e+00 -3.068634986877441406e+00 -3.182475864887237549e-01 -1.075038909912109375e+00 -3.671998023986816406e+00 1.159372329711914062e+00 -1.127614498138427734e+00 -3.876628577709197998e-01 -3.116442561149597168e-01 -3.535788655281066895e-01 -6.079318046569824219e+00 4.557755589485168457e-01
3.436511516571044922e+00 -1.291041612625122070e+00 3.700643062591552734e+00 1.978951096534729004e-01 -5.375430107116699219e+00 -2.157205343246459961e+00 5.367579460144042969e-01 -1.861411333084106445e+00 1.849921941757202148e+00 -7.678371071815490723e-01 -4.756840765476226807e-01 2.852959871292114258e+00 1.124030828475952148e+00 -4.492578506469726562e+00 1.185744047164916992e+00
-6.624999642372131348e-01 1.119724988937377930e+00 -1.211986422538757324e+00 1.792589664459228516e+00 3.525367259979248047e+00 -1.723656773567199707e+00 2.906405031681060791e-01 1.815861463546752930e-01 2.227649450302124023e+00 2.281723171472549438e-01 -4.117015838623046875e+00 3.236407041549682617e+00 2.824634611606597900e-01 -1.559496968984603882e-01 3.386452436447143555e+00
-1.953182101249694824e+00 2.833125352859497070e+00 5.019394159317016602e-01 2.488235712051391602e+00 2.192037343978881836e+00 -1.357996940612792969e+00 2.412826061248779297e+00 5.256017446517944336e-01 3.035568475723266602e+00 4.461712539196014404e-01 -3.826740026473999023e+00 3.610699176788330078e+00 -1.411350369453430176e-01 -1.339123010635375977e+00 3.110803127288818359e+00
-8.972517848014831543e-01 -2.320126533508300781e+00 4.826775789260864258e-01 -1.191781163215637207e+00 1.388576626777648926e-01 1.100352287292480469e+00 -1.509145855903625488e+00 -2.746069669723510742e+00 9.608346223831176758e-01 -3.353619277477264404e-01 -1.246816515922546387e+00 1.834344565868377686e-01 -1.489254474639892578e+00 -5.233963012695312500e+00 3.713284730911254883e+00
6.446189880371093750e-01 9.980100989341735840e-01 -1.021336913108825684e+00 1.139076828956604004e+00 5.862411856651306152e-01 -6.465631127357482910e-01 3.262981891632080078e+00 2.599803686141967773e+00 -4.041329860687255859e+00 1.498013019561767578e+00 -1.597788631916046143e-01 2.252443790435791016e+00 2.336750268936157227e+00 -3.544430255889892578e+00 3.041340351104736328e+00
-1.684157252311706543e+00 5.001112818717956543e-01 5.555806159973144531e-01 5.481327176094055176e-01 1.440813899040222168e+00 -3.857981681823730469e+00 2.895181655883789062e+00 -3.124387502670288086e+00 -9.265436530113220215e-01 -8.313668370246887207e-01 -4.131817519664764404e-01 2.253284931182861328e+00 7.594489455223083496e-01 3.862315416336059570e-01 5.830461025238037109e+00
1.466576933860778809e+00 2.977484941482543945e+00 -3.959013149142265320e-02 -8.471232652664184570e-01 -2.050475120544433594e+00 -6.789298653602600098e-01 1.768360495567321777e+00 1.044682025909423828e+00 4.228229522705078125e-01 -8.216137886047363281e-01 -5.973670959472656250e+00 -1.047814369201660156e+00 1.226104855537414551e+00 -1.034283161163330078e+00 5.874512791633605957e-01
1.861518263816833496e+00 1.343153357505798340e+00 -4.026531219482421875e+00 2.064707040786743164e+00 -1.210502743721008301e+00 -1.271596312522888184e+00 -6.594042181968688965e-01 -9.021202921867370605e-01 -7.954618334770202637e-02 -5.727782249450683594e-01 2.290810346603393555e+00 9.211432337760925293e-01 3.816483616828918457e-01 -4.422819137573242188e+00 3.859917402267456055e+00
2.128687620162963867e+00 7.231840491294860840e-01 3.197520256042480469e+00 1.724920272827148438e+00 -4.956853866577148438e+00 4.059380888938903809e-01 2.436113357543945312e+00 -1.212025165557861328e+00 1.353633880615234375e+00 -2.551906108856201172e+00 -1.155867815017700195e+00 3.679314374923706055e+00 8.235771209001541138e-02 -3.465785741806030273e+00 2.319052696228027344e+00
5.134831905364990234e+00 1.807355046272277832e+00 2.300273180007934570e+00 -2.213500738143920898e+00 -3.269344091415405273e+00 1.781242489814758301e+00 2.867311716079711914e+00 -6.513960957527160645e-01 -6.541571617126464844e-01 -1.461441874504089355e+00 -4.410905539989471436e-01 -1.225055694580078125e+00 1.868405699729919434e+00 -3.868132829666137695e+00 1.660961031913757324e+00
-1.524100899696350098e+00 3.546076536178588867e+00 -8.396688699722290039e-01 1.646093010902404785e+00 2.555683374404907227e+00 -3.715384483337402344e+00 5.369689464569091797e-01 -7.816328406333923340e-01 1.915331721305847168e+00 -3.162298500537872314e-01 -4.025661945343017578e+00 3.154788494110107422e+00 1.995238900184631348e+00 7.202376425266265869e-02 1.810082554817199707e+00
2.523810863494873047e+00 9.928139448165893555e-01 -7.332521677017211914e-01 1.879306316375732422e+00 -2.513807296752929688e+00 -2.080670595169067383e+00 1.795845627784729004e+00 -6.842222809791564941e-01 -1.646443307399749756e-01 -4.402931213378906250e+00 -2.569963783025741577e-02 -3.126979827880859375e+00 2.534489631652832031e+00 -1.395587325096130371e+00 5.629409790039062500e+00
-1.343189120292663574e+00 2.286312103271484375e+00 -3.700458288192749023e+00 2.346669435501098633e+00 2.425421714782714844e+00 -2.896218538284301758e+00 -6.448528170585632324e-02 -1.289006710052490234e+00 -9.659485816955566406e-01 -1.193089485168457031e+00 -3.818418979644775391e-01 2.542279660701751709e-01 3.095571994781494141e-01 -1.301177620887756348e+00 3.569813370704650879e-01
5.334737896919250488e-01 1.062400698661804199e+00 7.586845159530639648e-01 1.329610824584960938e+00 2.125984132289886475e-01 4.399165809154510498e-01 -8.179864287376403809e-02 1.351022958755493164e+00 -1.037853956222534180e+00 -2.697570562362670898e+00 1.975298762321472168e+00 3.697128295898437500e+00 -2.254713177680969238e-01 -1.199629902839660645e+00 6.134236335754394531e+00
2.546502351760864258e+00 9.098612070083618164e-01 2.636701345443725586e+00 1.690609216690063477e+00 -5.761767387390136719e+00 -1.333749651908874512e+00 -2.113419473171234131e-01 -2.950548648834228516e+00 2.691536664962768555e+00 -1.701196670532226562e+00 -1.268414974212646484e+00 3.856822967529296875e+00 8.968664407730102539e-01 -3.534296274185180664e+00 1.808947682380676270e+00
7.309572100639343262e-01 3.767927169799804688e+00 1.178007006645202637e+00 3.422435522079467773e-01 -2.700189113616943359e+00 8.359063267707824707e-01 3.920228719711303711e+00 1.727277874946594238e+00 -2.755139470100402832e-01 -2.392518043518066406e+00 -6.089351654052734375e+00 -3.774370849132537842e-01 8.980706334114074707e-01 -1.753096580505371094e+00 2.188294410705566406e+00
-1.870686411857604980e+00 4.387652873992919922e+00 2.758700847625732422e+00 8.250097036361694336e-01 -8.238972425460815430e-01 -9.785733819007873535e-01 1.625751972198486328e+00 -4.285633087158203125e+00 1.317831754684448242e+00 -4.302825927734375000e+00 1.671433091163635254e+00 8.546595573425292969e-01 1.190013527870178223e+00 6.273747980594635010e-02 1.538178086280822754e+00
9.407076835632324219e-01 3.073255062103271484e+00 6.790959089994430542e-02 1.268648386001586914e+00 -7.317813038825988770e-01 1.000631451606750488e+00 4.207129776477813721e-01 7.501345872879028320e-01 3.509738743305206299e-01 -3.514056921005249023e+00 1.163015723228454590e+00 3.874573230743408203e+00 6.038526296615600586e-01 -4.893783330917358398e-01 5.502642631530761719e+00
8.641494512557983398e-01 3.215030193328857422e+00 -4.363877773284912109e-01 1.673882126808166504e+00 3.723703324794769287e-01 1.804251968860626221e-01 4.997584521770477295e-01 6.877136826515197754e-01 -1.022650241851806641e+00 -3.899553537368774414e+00 2.884960889816284180e+00 3.321035623550415039e+00 2.504057884216308594e-01 7.814317941665649414e-04 6.088488578796386719e+00
8.891656994819641113e-01 1.078182220458984375e+00 1.737571805715560913e-01 2.246145963668823242e+00 -8.569732904434204102e-01 -3.753827571868896484e+00 4.395629405975341797e+00 3.385749578475952148e+00 -1.648657202720642090e+00 1.028959304094314575e-01 -2.081148147583007812e+00 -1.294199705123901367e+00 -7.910512685775756836e-01 1.842912793159484863e+00 1.886357665061950684e+00
-7.475316524505615234e-01 3.340537548065185547e+00 5.556169748306274414e-01 -1.212461709976196289e+00 -2.073394775390625000e+00 -1.243365287780761719e+00 7.363572120666503906e-01 -1.110234618186950684e+00 5.236667394638061523e-02 -1.099654883146286011e-01 -7.061874389648437500e+00 -4.011512696743011475e-01 2.694945335388183594e+00 -3.237539291381835938e+00 1.747445464134216309e+00
1.719472050666809082e+00 -9.940341114997863770e-02 -3.444376230239868164e+00 2.522199153900146484e+00 -1.786582708358764648e+00 -8.231218457221984863e-01 6.111279129981994629e-02 5.827376246452331543e-01 1.530783295631408691e+00 2.848205268383026123e-01 2.110515117645263672e+00 1.515611410140991211e+00 -7.919314503669738770e-01 -2.723450899124145508e+00 3.622852802276611328e+00
-1.000813126564025879e+00 9.407094717025756836e-01 -2.899093627929687500e+00 1.269325733184814453e+00 2.922199726104736328e+00 -2.672875642776489258e+00 -1.164237558841705322e-01 3.619671165943145752e-01 -1.806212663650512695e+00 -9.774977564811706543e-01 3.182953894138336182e-01 -9.763693213462829590e-01 -1.763281822204589844e-01 -1.168738007545471191e+00 -3.255314230918884277e-01
8.906915783882141113e-01 1.768350124359130859e+00 5.947582796216011047e-02 1.073375463485717773e+00 1.646108150482177734e+00 -1.389484107494354248e-01 -3.083628118038177490e-01 -6.996840238571166992e-01 -8.024532794952392578e-01 -2.778938531875610352e+00 1.246134757995605469e+00 3.049451351165771484e+00 -1.705625057220458984e-01 -3.427768945693969727e-01 6.538477897644042969e+00
8.448959589004516602e-01 6.825666427612304688e-01 -3.210064172744750977e-01 -3.957923650741577148e-01 -9.707643985748291016e-01 -3.596524477005004883e+00 3.099724292755126953e+00 1.219769239425659180e+00 -1.977813124656677246e+00 2.542532920837402344e+00 -2.270556688308715820e+00 9.904640913009643555e-01 2.439477443695068359e+00 -5.815855503082275391e+00 3.695176124572753906e+00
-4.938349127769470215e-01 6.289706826210021973e-01 -1.663411259651184082e+00 -7.738190889358520508e-01 1.347920894622802734e+00 -2.009447336196899414e+00 -4.093922078609466553e-01 -2.565852105617523193e-01 -3.410246133804321289e+00 4.108005046844482422e+00 -2.219405651092529297e+00 2.369182825088500977e+00 5.451033592224121094e+00 -5.623602390289306641e+00 3.013034343719482422e+00
-1.764468431472778320e+00 3.747625827789306641e+00 -1.761400580406188965e+00 -9.478987455368041992e-01 -3.919050931930541992e+00 -2.693099975585937500e-01 2.471282891929149628e-02 -2.712470531463623047e+00 5.778668522834777832e-01 -1.918379783630371094e+00 -9.314344525337219238e-01 -9.274206161499023438e-01 -3.324838876724243164e-01 -6.478954315185546875e+00 1.063594222068786621e+00
2.269779205322265625e+00 1.193594217300415039e+00 -2.559944391250610352e-01 3.022179841995239258e+00 -1.333330869674682617e+00 -1.310568928718566895e+00 3.423183917999267578e+00 1.971547007560729980e-01 7.057768106460571289e-01 -4.901687622070312500e+00 -6.799077987670898438e-01 -2.423151493072509766e+00 2.140537023544311523e+00 1.192796111106872559e+00 5.873508453369140625e+00
1.036963343620300293e+00 4.901752769947052002e-01 4.981915950775146484e-01 6.644981503486633301e-01 1.863541007041931152e+00 -3.935962617397308350e-01 -6.977447271347045898e-01 2.030815780162811279e-01 -1.992230534553527832e+00 -1.894513130187988281e+00 1.978045463562011719e+00 2.758966207504272461e+00 -4.620778262615203857e-01 -9.570928812026977539e-01 6.704724311828613281e+00
-4.305156469345092773e-01 3.291836261749267578e+00 2.617965698242187500e+00 4.566180706024169922e-01 -5.198249816894531250e-01 -7.342288494110107422e-01 1.650753617286682129e+00 -4.836798191070556641e+00 -1.901791930198669434e+00 -3.998023271560668945e+00 1.328540086746215820e+00 -5.613902211189270020e-02 2.357788085937500000e+00 4.649435281753540039e-01 4.389181733131408691e-01
1.377728581428527832e+00 6.233631968498229980e-01 -3.836456775665283203e+00 2.064902544021606445e+00 -1.044769287109375000e+00 -7.518509775400161743e-02 -5.909236147999763489e-03 7.756661772727966309e-01 1.027971744537353516e+00 -8.654460906982421875e-01 3.295532941818237305e+00 5.214774012565612793e-01 -6.080659031867980957e-01 -1.272141933441162109e+00 2.400939464569091797e+00
-1.528751850128173828e-01 -4.595036208629608154e-01 2.721802711486816406e+00 -6.525347828865051270e-01 2.982340157032012939e-01 -1.822463989257812500e+00 2.024215459823608398e+00 -2.236056566238403320e+00 -9.007885456085205078e-01 -1.633367419242858887e+00 -1.064302802085876465e+00 2.386164903640747070e+00 1.421724081039428711e+00 7.246626615524291992e-01 3.085855007171630859e+00
3.759441614151000977e+00 9.798821806907653809e-01 -6.673218011856079102e-01 1.698653697967529297e+00 -7.280138731002807617e-01 -2.828212022781372070e+00 1.934598803520202637e+00 -2.014120101928710938e+00 -6.111291050910949707e-02 -4.195295810699462891e+00 1.223694205284118652e+00 -2.714143276214599609e+00 3.607770442962646484e+00 -1.804879069328308105e+00 4.456297397613525391e+00
-1.747046589851379395e+00 1.300661444664001465e+00 -2.901972293853759766e+00 2.764394998550415039e+00 1.851294755935668945e+00 -2.376945495605468750e+00 6.639198660850524902e-01 2.012649476528167725e-01 -6.411144137382507324e-02 -1.276000261306762695e+00 6.170246005058288574e-01 -7.336091399192810059e-01 -2.063725709915161133e+00 -1.611783266067504883e+00 1.827470362186431885e-01
3.553315997123718262e-02 -1.764081001281738281e+00 -2.172304540872573853e-01 9.096451401710510254e-01 1.025566458702087402e+00 1.608550310134887695e+00 1.169813752174377441e+00 3.313990533351898193e-01 -7.115769982337951660e-01 -1.210703372955322266e+00 -5.415969491004943848e-01 8.567104339599609375e-01 -3.114083528518676758e+00 -3.292315006256103516e+00 2.172164440155029297e+00
-1.770996451377868652e+00 8.229773044586181641e-01 -3.063495159149169922e+00 1.240096807479858398e+00 5.622715950012207031e-01 -2.713659524917602539e+00 -1.744396984577178955e-01 4.998455345630645752e-01 6.228559017181396484e-01 -3.299369215965270996e-01 -5.013590455055236816e-01 -1.383327722549438477e+00 -6.920611262321472168e-01 -2.132904291152954102e+00 -1.553265929222106934e+00
2.045336246490478516e+00 5.900750160217285156e-01 -2.343452453613281250e+00 2.950491666793823242e+00 -1.426232814788818359e+00 -1.348510503768920898e+00 6.075944304466247559e-01 -1.965251803398132324e+00 7.561668157577514648e-01 2.414066344499588013e-01 5.439453125000000000e-01 2.905158758163452148e+00 3.159188270568847656e+00 -2.574270009994506836e+00 -1.615376234054565430e+00
3.242629289627075195e+00 -1.745103895664215088e-01 2.859333753585815430e+00 1.490401506423950195e+00 -3.670667648315429688e+00 -2.904715240001678467e-01 2.343749284744262695e+00 -2.365402877330780029e-01 1.322620391845703125e+00 -1.405880331993103027e+00 -1.238472223281860352e+00 4.087125301361083984e+00 3.822646737098693848e-01 -1.768518447875976562e+00 1.040581941604614258e+00
-2.055422544479370117e+00 2.293733596801757812e+00 8.770254850387573242e-01 -1.468290686607360840e+00 -1.150094509124755859e+00 -4.538143277168273926e-01 8.500659465789794922e-01 -1.178051710128784180e+00 -9.029333591461181641e-01 -7.976201176643371582e-01 -7.203081130981445312e+00 -1.329892158508300781e+00 3.164586067199707031e+00 -2.563775300979614258e+00 2.701683998107910156e+00
1.354501128196716309e+00 7.625216841697692871e-01 -2.970508098602294922e+00 3.455533981323242188e+00 -1.618301987648010254e+00 -4.296652227640151978e-02 2.140328884124755859e+00 9.408295899629592896e-02 1.964555382728576660e+00 -1.779863953590393066e+00 2.706354856491088867e+00 1.397914171218872070e+00 -1.974337697029113770e+00 -1.713310003280639648e+00 3.415161132812500000e+00
5.073216557502746582e-01 1.126233100891113281e+00 1.650310277938842773e+00 8.896518349647521973e-01 1.504065394401550293e-01 -1.706986904144287109e+00 4.471727371215820312e+00 -8.758341670036315918e-01 -1.700131058692932129e+00 -2.087416887283325195e+00 -1.759158372879028320e+00 1.847522735595703125e+00 -1.440424323081970215e-01 1.009126067161560059e+00 4.738182067871093750e+00
2.104829549789428711e+00 1.627258300781250000e+00 -6.175315380096435547e-01 7.545561790466308594e-01 8.287292122840881348e-01 -1.727833747863769531e-01 5.070042610168457031e+00 4.550109863281250000e+00 -2.590898990631103516e+00 3.730126321315765381e-01 -7.152721881866455078e-01 1.896285176277160645e+00 -1.697354763746261597e-02 -2.721305847167968750e+00 3.262628793716430664e+00
7.563793063163757324e-01 3.348112106323242188e+00 3.268311500549316406e+00 -1.228407382965087891e+00 -3.463689982891082764e-01 7.239940762519836426e-01 1.698250055313110352e+00 -2.323653459548950195e+00 -2.583590984344482422e+00 -4.174343109130859375e+00 8.657892346382141113e-01 -7.371154427528381348e-01 7.435143738985061646e-02 7.578668594360351562e-01 8.658216595649719238e-01
-5.198791623115539551e-01 1.800037741661071777e+00 -1.552363157272338867e+00 2.486802101135253906e+00 2.552927017211914062e+00 -3.594294309616088867e+00 -8.052048087120056152e-02 -7.186420559883117676e-01 2.039697408676147461e+00 -1.101272553205490112e-01 -5.012980937957763672e+00 3.546894788742065430e+00 1.284858107566833496e+00 7.364203035831451416e-02 1.294594764709472656e+00
-2.277104139328002930e+00 2.984532356262207031e+00 -1.092255592346191406e+00 1.613710761070251465e+00 2.519721031188964844e+00 -2.416799306869506836e+00 -5.148035287857055664e-01 -1.439956188201904297e+00 2.021372079849243164e+00 7.736325860023498535e-01 -4.905864715576171875e+00 3.301188945770263672e+00 1.735847115516662598e+00 -1.904779791831970215e+00 3.045059204101562500e+00
-2.209480285644531250e+00 3.647536993026733398e+00 6.818686723709106445e-01 -1.662234067916870117e+00 -3.007816791534423828e+00 1.911714911460876465e+00 1.867444992065429688e+00 -1.297320842742919922e+00 1.422561645507812500e+00 -1.899957418441772461e+00 4.399291425943374634e-02 -5.181024670600891113e-01 -1.435382843017578125e+00 -5.636388778686523438e+00 9.994733333587646484e-01
-1.421608924865722656e+00 2.697714805603027344e+00 -3.446174785494804382e-02 2.870552062988281250e+00 3.574818670749664307e-01 -4.801628589630126953e+00 3.295103073120117188e+00 -1.743197739124298096e-01 -1.625546813011169434e+00 -1.830439329147338867e+00 -2.943282604217529297e+00 -8.087649941444396973e-01 2.899984359741210938e+00 1.787344098091125488e+00 -1.174366921186447144e-01
4.892117381095886230e-01 -1.423313617706298828e+00 -3.783462569117546082e-02 -7.045168876647949219e-01 1.249542534351348877e-01 9.160082936286926270e-01 4.747048020362854004e-02 -4.675532877445220947e-01 1.152203977108001709e-01 -5.739317834377288818e-02 -9.761471152305603027e-01 5.986951589584350586e-01 -2.400622844696044922e+00 -3.998769760131835938e+00 3.727331399917602539e+00
1.079538702964782715e+00 4.144087791442871094e+00 2.444602966308593750e+00 -2.417058944702148438e-01 1.650061309337615967e-01 4.676451683044433594e-01 3.961251735687255859e+00 -2.216428041458129883e+00 -6.711829304695129395e-01 -3.637372016906738281e+00 1.666625857353210449e+00 -9.510233998298645020e-02 1.074617952108383179e-01 8.866538405418395996e-01 2.128316640853881836e+00
1.459004163742065430e+00 3.875716209411621094e+00 1.208124041557312012e+00 -3.645575344562530518e-01 -2.016444921493530273e+00 1.013462424278259277e+00 4.735888481140136719e+00 2.848940134048461914e+00 -1.888791769742965698e-01 -1.403120279312133789e+00 -5.322299480438232422e+00 -5.743687152862548828e-01 -2.153397798538208008e-01 -9.262096285820007324e-01 1.508818745613098145e+00
