-1.546177268028259277e-01 2.186503410339355469e+00 6.486668586730957031e-01 1.786409854888916016e+00 -1.839993238449096680e+00 -2.045753955841064453e+00 -1.837862253189086914e+00 -1.207355499267578125e+00 5.181463956832885742e-01 9.135956168174743652e-01 2.997590899467468262e-01 1.645419836044311523e+00 -1.128825187683105469e+00 5.247135639190673828e+00 -3.384320735931396484e+00
-6.479973793029785156e-01 1.457579255104064941e+00 1.177358720451593399e-02 1.401976108551025391e+00 -1.002607464790344238e+00 -1.997744083404541016e+00 -2.096054553985595703e+00 -9.865456819534301758e-01 9.476837515830993652e-01 3.004809916019439697e-01 1.371638029813766479e-01 1.974927902221679688e+00 -9.160884618759155273e-01 3.973442792892456055e+00 -2.941994190216064453e+00
8.375590443611145020e-01 3.286681652069091797e+00 -4.085355997085571289e-01 -2.411975383758544922e+00 1.393768787384033203e+00 7.808392047882080078e-01 -2.540847659111022949e-01 5.565581321716308594e-01 -1.903882384300231934e+00 1.633389830589294434e+00 1.373260736465454102e+00 2.084129095077514648e+00 -2.345785856246948242e+00 2.122306823730468750e+00 -1.342045664787292480e+00
2.119423866271972656e+00 2.960728645324707031e+00 2.893769145011901855e-01 1.170997977256774902e+00 -7.054560780525207520e-01 2.541635990142822266e+00 -7.226499915122985840e-01 2.510658740997314453e+00 6.822434812784194946e-02 1.252384185791015625e+00 -2.548067331314086914e+00 2.454758137464523315e-01 -2.210963249206542969e+00 2.345959186553955078e+00 -3.099187016487121582e-01
8.748531937599182129e-01 2.069858074188232422e+00 -1.019197344779968262e+00 1.163857504725456238e-01 -9.803806543350219727e-01 3.749925613403320312e+00 -1.269008398056030273e+00 -1.184387803077697754e+00 -5.569206476211547852e-01 -1.279516145586967468e-04 1.714498281478881836e+00 2.440192461013793945e+00 -9.751685708761215210e-02 3.809027910232543945e+00 -3.351952433586120605e-01
-8.485010266304016113e-01 4.800907135009765625e+00 7.602440714836120605e-01 -6.371248364448547363e-01 -3.091446876525878906e+00 -1.474958777427673340e+00 3.508680343627929688e+00 2.518632650375366211e+00 4.506536722183227539e-01 -3.207032918930053711e+00 1.976570844650268555e+00 4.266374111175537109e+00 5.420526862144470215e-01 2.160714149475097656e+00 -1.795081615447998047e+00
3.649975657463073730e-01 6.090455651283264160e-01 7.149284482002258301e-01 1.503938674926757812e+00 -2.064185142517089844e+00 -2.071479082107543945e+00 -2.475396871566772461e+00 -1.003521084785461426e+00 6.380683779716491699e-01 5.118645429611206055e-01 5.634759068489074707e-01 2.192962646484375000e+00 -1.487268328666687012e+00 3.393216371536254883e+00 -3.196885108947753906e+00
7.100049853324890137e-01 4.711461067199707031e+00 -2.135164260864257812e+00 2.030499219894409180e+00 -6.299372017383575439e-02 2.018131971359252930e+00 1.324430108070373535e+00 3.307640790939331055e+00 -2.337461948394775391e+00 -1.284818649291992188e+00 8.743641972541809082e-01 5.523808598518371582e-01 -2.696767330169677734e+00 5.462858200073242188e+00 5.991348251700401306e-02
-1.336488008499145508e+00 5.672433376312255859e+00 6.874502897262573242e-01 -1.968626528978347778e-01 -3.074012279510498047e+00 -1.091375708580017090e+00 3.522546529769897461e+00 1.629560589790344238e+00 8.450964689254760742e-01 -2.891177177429199219e+00 2.058648586273193359e+00 4.314655303955078125e+00 7.983564138412475586e-01 1.849254608154296875e+00 -2.106122970581054688e+00
2.031672596931457520e-01 4.943308830261230469e+00 6.627206206321716309e-01 2.037044286727905273e+00 -2.727700233459472656e+00 1.461943268775939941e+00 -4.387659728527069092e-01 2.717186450958251953e+00 2.006463766098022461e+00 -5.263878703117370605e-01 4.230025291442871094e+00 -4.432456195354461670e-02 2.579413890838623047e+00 2.793297529220581055e+00 -4.504561722278594971e-01
2.023046016693115234e+00 2.796926021575927734e+00 1.077346920967102051e+00 -1.795562267303466797e+00 2.366188049316406250e+00 -1.054049968719482422e+00 3.661925077438354492e+00 -6.535537838935852051e-01 -2.268013805150985718e-01 -2.864428520202636719e+00 1.907717466354370117e+00 4.148531556129455566e-01 1.774288535118103027e+00 5.320330619812011719e+00 1.386194825172424316e+00
7.025943398475646973e-01 8.509430289268493652e-01 -2.386304616928100586e+00 -1.635141372680664062e+00 -5.225758627057075500e-02 -3.404082536697387695e+00 3.229756355285644531e+00 1.440848827362060547e+00 1.350543856620788574e+00 -1.004128694534301758e+00 1.568422913551330566e+00 3.742843627929687500e+00 -1.353462636470794678e-01 3.476653575897216797e+00 -1.071080937981605530e-01
-9.501721262931823730e-01 4.543440818786621094e+00 3.774623274803161621e-01 4.172185897827148438e+00 4.633802175521850586e-01 1.953359484672546387e+00 7.769208550453186035e-01 -7.896813750267028809e-01 -1.776076436042785645e+00 -1.004041552543640137e+00 1.551815629005432129e+00 1.243719220161437988e+00 8.227594494819641113e-01 3.025925636291503906e+00 -1.088301539421081543e+00
-5.516061186790466309e-01 1.009929537773132324e+00 -1.687562465667724609e-01 9.680989384651184082e-01 -8.490574359893798828e-01 -2.660048484802246094e+00 -2.658060550689697266e+00 -5.928909182548522949e-01 5.441018939018249512e-01 4.196824505925178528e-02 9.644119143486022949e-01 2.249570608139038086e+00 -1.110514521598815918e+00 3.741099357604980469e+00 -3.227357387542724609e+00
-4.597503244876861572e-01 2.746718406677246094e+00 9.884357452392578125e-01 7.629476785659790039e-01 -3.761712074279785156e+00 -1.264096498489379883e+00 1.698105812072753906e+00 2.562329530715942383e+00 -3.663072884082794189e-01 -1.123778343200683594e+00 2.322729349136352539e+00 3.157916307449340820e+00 -5.460888147354125977e-01 2.248838186264038086e+00 -2.210164368152618408e-01
2.731980681419372559e-01 5.923759937286376953e+00 -2.309141397476196289e+00 1.581843733787536621e+00 -3.946680724620819092e-01 1.355033159255981445e+00 2.219795227050781250e+00 4.180427551269531250e+00 -3.122585058212280273e+00 -2.544018983840942383e+00 1.632220000028610229e-01 1.335718035697937012e+00 -1.344024062156677246e+00 6.582347393035888672e+00 -1.116278544068336487e-01
1.937943816184997559e+00 1.519770622253417969e+00 -1.314999341964721680e+00 4.947338700294494629e-01 5.531781315803527832e-01 1.875904083251953125e+00 -1.570873022079467773e+00 1.939266920089721680e+00 -1.895252019166946411e-01 7.404952049255371094e-01 -3.487580060958862305e+00 -1.771847754716873169e-01 -1.985439658164978027e+00 1.787432074546813965e+00 -1.894086003303527832e+00
1.521803021430969238e+00 4.072838306427001953e+00 -6.774351000785827637e-01 3.663435280323028564e-01 3.355693072080612183e-03 2.024385213851928711e+00 -8.686183094978332520e-01 2.512743711471557617e+00 8.878041058778762817e-02 -7.157157659530639648e-01 -3.404102802276611328e+00 6.237461566925048828e-01 -8.222551345825195312e-01 2.607369184494018555e+00 -3.189813613891601562e+00
3.665549993515014648e+00 4.770163595676422119e-01 -6.588065624237060547e-02 -2.671248197555541992e+00 5.802870392799377441e-01 -1.145645499229431152e+00 -2.825825929641723633e+00 1.669367998838424683e-01 3.666658997535705566e-01 2.266419410705566406e+00 2.071799516677856445e+00 2.897964000701904297e+00 4.219197332859039307e-01 2.546355247497558594e+00 -1.947559416294097900e-01
-4.768455624580383301e-01 2.828115463256835938e+00 -2.194618582725524902e-01 5.892411470413208008e-01 1.509248733520507812e+00 3.013149797916412354e-01 -2.476863622665405273e+00 1.447968006134033203e+00 -2.523262023925781250e+00 -2.618072748184204102e+00 8.598888516426086426e-01 2.742657899856567383e+00 1.510286927223205566e+00 2.065639734268188477e+00 1.141912102699279785e+00
2.553033113479614258e+00 3.097755908966064453e+00 -1.856981039047241211e+00 -1.401938945055007935e-01 1.470526814460754395e+00 2.088979005813598633e+00 -2.122278660535812378e-01 2.064081192016601562e+00 7.003179192543029785e-01 -6.620802283287048340e-01 -4.231549263000488281e+00 -1.717444211244583130e-01 -3.419100344181060791e-01 2.702092885971069336e+00 -2.225877523422241211e+00
9.878731966018676758e-01 3.494756221771240234e+00 1.128983259201049805e+00 -1.472858905792236328e+00 1.437803626060485840e+00 -5.660613775253295898e-01 2.487002849578857422e+00 1.948938816785812378e-01 -1.335091710090637207e+00 -2.526565790176391602e+00 2.716028690338134766e+00 2.450124174356460571e-01 1.134372115135192871e+00 6.169992923736572266e+00 1.641750693321228027e+00
1.214951753616333008e+00 4.388831615447998047e+00 -1.562851309776306152e+00 1.568784952163696289e+00 -7.496996223926544189e-02 2.354782342910766602e+00 1.257134318351745605e+00 3.424288511276245117e+00 -2.812192678451538086e+00 -1.230709075927734375e+00 1.527077674865722656e+00 7.147746086120605469e-01 -2.309413909912109375e+00 5.140618324279785156e+00 4.422575533390045166e-01
5.344926714897155762e-01 4.601905345916748047e+00 -2.888333797454833984e+00 1.867712974548339844e+00 6.301279664039611816e-01 1.494589447975158691e+00 2.624006509780883789e+00 3.485251665115356445e+00 -2.021425485610961914e+00 -2.182287454605102539e+00 6.036075949668884277e-01 1.832431197166442871e+00 -2.464490175247192383e+00 5.647621631622314453e+00 5.054977536201477051e-01
2.152284145355224609e+00 2.007855176925659180e+00 7.077414989471435547e-01 -1.421129465103149414e+00 9.267113804817199707e-01 4.402345046401023865e-02 8.931145071983337402e-01 3.831445276737213135e-01 -1.697021603584289551e+00 -1.040898323059082031e+00 2.110809803009033203e+00 1.229847908020019531e+00 6.881651878356933594e-01 5.602033138275146484e+00 2.896537065505981445e+00
6.453500390052795410e-01 5.307856082916259766e+00 1.011705994606018066e+00 1.938750386238098145e+00 -2.701115369796752930e+00 1.159550428390502930e+00 4.760199785232543945e-01 2.363713264465332031e+00 3.147220611572265625e+00 -5.755168199539184570e-01 2.903577327728271484e+00 1.028904795646667480e+00 3.319940567016601562e+00 3.672607898712158203e+00 -4.415005818009376526e-02
1.679940700531005859e+00 2.459022045135498047e+00 3.650440931320190430e+00 1.685505390167236328e+00 -3.571884155273437500e+00 1.858370423316955566e+00 -2.243469282984733582e-02 1.328201055526733398e+00 1.453861147165298462e-01 -2.506387531757354736e-01 -2.940772287547588348e-02 -2.354135751724243164e+00 -1.894064843654632568e-01 4.085021495819091797e+00 3.268588483333587646e-01
3.850810050964355469e+00 1.808459162712097168e+00 1.025146961212158203e+00 -1.623433470726013184e+00 5.926346182823181152e-01 -1.474748849868774414e+00 -3.289645195007324219e+00 1.091837167739868164e+00 1.273963600397109985e-01 2.169309616088867188e+00 1.067656159400939941e+00 1.841525554656982422e+00 1.800226271152496338e-01 2.849058866500854492e+00 1.482047736644744873e-01
3.738726973533630371e-01 4.754969120025634766e+00 -2.417255163192749023e+00 1.647355556488037109e+00 -2.704586461186408997e-02 1.917914152145385742e+00 1.566992878913879395e+00 3.608157873153686523e+00 -2.719529628753662109e+00 -1.752782583236694336e+00 1.454985141754150391e+00 1.134769439697265625e+00 -2.138887882232666016e+00 5.830606460571289062e+00 3.186801373958587646e-01
-8.173498511314392090e-01 2.075716018676757812e+00 7.027244567871093750e-02 3.310343027114868164e+00 -1.296267628669738770e+00 -1.864960312843322754e+00 -8.699193596839904785e-01 3.244046926498413086e+00 -1.822036862373352051e+00 -8.910087496042251587e-02 1.531605362892150879e+00 -4.938637018203735352e-01 9.609580636024475098e-01 4.384055614471435547e+00 2.613094329833984375e+00
2.342589616775512695e+00 4.011500358581542969e+00 2.545495033264160156e-01 -3.274109601974487305e+00 1.134437918663024902e+00 -5.025477334856987000e-02 4.746019542217254639e-01 1.193418979644775391e+00 -8.427926301956176758e-01 1.816648244857788086e+00 3.891242146492004395e-01 3.122524261474609375e+00 -1.615260958671569824e+00 2.848341464996337891e+00 -1.350502967834472656e+00
-9.390163421630859375e-01 3.845071077346801758e+00 1.257004737854003906e+00 4.644468426704406738e-01 -3.561229228973388672e+00 -1.499009370803833008e+00 3.147591352462768555e+00 2.291934967041015625e+00 -2.712554633617401123e-01 -1.713723421096801758e+00 2.527439594268798828e+00 3.225691318511962891e+00 -3.856255710124969482e-01 2.202126741409301758e+00 -6.521523594856262207e-01
3.707354545593261719e+00 1.515531301498413086e+00 -9.315597414970397949e-01 -3.153382539749145508e+00 2.190953016281127930e+00 -1.405036926269531250e+00 -3.316617727279663086e+00 2.428128480911254883e+00 -1.075769901275634766e+00 1.723553419113159180e+00 2.342400789260864258e+00 1.877781391143798828e+00 1.097160458564758301e+00 2.373694658279418945e+00 1.450742483139038086e+00
2.101713657379150391e+00 1.723149538040161133e+00 -7.264960408210754395e-01 6.811363101005554199e-01 -9.314253330230712891e-01 1.690895318984985352e+00 -8.618915081024169922e-01 2.649209022521972656e+00 -2.424147278070449829e-01 4.519739449024200439e-01 -1.974714040756225586e+00 4.080946445465087891e-01 -2.307953596115112305e+00 2.440212488174438477e+00 -1.515620827674865723e+00
1.321441531181335449e+00 3.154551029205322266e+00 -8.359882831573486328e-01 -3.603777170181274414e+00 1.197916269302368164e+00 1.667925119400024414e-01 9.184827208518981934e-01 1.068061470985412598e+00 -1.910794973373413086e+00 5.882688760757446289e-01 4.648696780204772949e-01 1.831242561340332031e+00 -1.819361805915832520e+00 2.415940284729003906e+00 -3.136968135833740234e+00
-1.056169509887695312e+00 2.914971113204956055e+00 -5.670557022094726562e-01 5.610690116882324219e-01 2.279561519622802734e+00 8.666263818740844727e-01 -2.597462654113769531e+00 -4.502423107624053955e-02 -3.096582412719726562e+00 -2.500683069229125977e+00 1.599333047866821289e+00 2.849874019622802734e+00 5.378406643867492676e-01 1.441499948501586914e+00 1.213711127638816833e-01
-5.503492951393127441e-01 1.396126627922058105e+00 -6.505936384201049805e-01 4.380068182945251465e-01 1.393020987510681152e+00 9.281330704689025879e-01 -1.030758500099182129e+00 2.451573133468627930e+00 1.871914863586425781e+00 6.176884770393371582e-01 2.639295101165771484e+00 2.012699127197265625e+00 -2.404875993728637695e+00 4.549635410308837891e+00 2.037406444549560547e+00
-1.377583980560302734e+00 1.388900399208068848e+00 -3.906808495521545410e-01 2.635257005691528320e+00 -3.880004882812500000e-01 -2.607868671417236328e+00 -1.475413799285888672e+00 2.835863113403320312e+00 -1.357033610343933105e+00 -3.560921847820281982e-01 1.188042521476745605e+00 -2.126269191503524780e-01 6.992264389991760254e-01 3.589395761489868164e+00 2.670875549316406250e+00
-1.736282706260681152e+00 6.404346942901611328e+00 1.225644443184137344e-02 4.411849975585937500e+00 6.914219856262207031e-01 2.316278696060180664e+00 1.379596471786499023e+00 -1.868564128875732422e+00 -1.801764607429504395e+00 -2.527630567550659180e+00 1.172182440757751465e+00 1.492459297180175781e+00 1.934819459915161133e+00 3.721072435379028320e+00 -2.778224706649780273e+00
7.592639923095703125e-01 2.338536500930786133e+00 3.215813398361206055e+00 1.518393516540527344e+00 -3.286730766296386719e+00 1.805207014083862305e+00 -8.107689619064331055e-01 1.842009067535400391e+00 -6.533458232879638672e-01 -4.664831459522247314e-01 7.626902461051940918e-01 -1.800733804702758789e+00 -4.112367331981658936e-01 3.362894296646118164e+00 -1.881265938282012939e-01
1.105921745300292969e+00 1.348220109939575195e+00 -1.670811533927917480e+00 -3.147537112236022949e-01 -7.220563292503356934e-01 3.207243442535400391e+00 -1.628549575805664062e+00 -2.034739017486572266e+00 -7.904888987541198730e-01 4.320420697331428528e-02 1.705739021301269531e+00 2.566233396530151367e+00 -4.477022588253021240e-01 3.192847967147827148e+00 -7.514905333518981934e-01
-8.455780744552612305e-01 3.994885444641113281e+00 -1.556077599525451660e-01 1.532200694084167480e+00 -2.076489210128784180e+00 1.510051846504211426e+00 -4.873101040720939636e-02 2.209481239318847656e+00 3.209806680679321289e+00 -1.197870254516601562e+00 3.113242626190185547e+00 7.174378037452697754e-01 3.096660852432250977e+00 2.258499622344970703e+00 -2.398471534252166748e-01
-2.627274990081787109e-01 1.355327606201171875e+00 4.083871841430664062e-01 -4.030638337135314941e-01 3.843082115054130554e-02 2.432731837034225464e-01 -1.464763760566711426e+00 4.122040748596191406e+00 7.882010936737060547e-01 -5.318444967269897461e-01 3.073215961456298828e+00 2.632157325744628906e+00 -1.975552439689636230e+00 5.066360950469970703e+00 1.967931628227233887e+00
2.124105453491210938e+00 2.468254089355468750e+00 -2.849041223526000977e-01 1.192396640777587891e+00 -9.110859632492065430e-01 1.928257107734680176e+00 -1.055479764938354492e+00 2.914131402969360352e+00 1.414921134710311890e-01 1.004307031631469727e+00 -2.352823972702026367e+00 5.106786489486694336e-01 -2.131654977798461914e+00 2.850532531738281250e+00 -3.029192686080932617e-01
2.797287464141845703e+00 2.865163564682006836e+00 9.345481395721435547e-01 -2.144402265548706055e+00 2.153452396392822266e+00 -1.034364104270935059e+00 5.117400646209716797e+00 -1.958672523498535156e+00 7.542542219161987305e-01 -3.157410860061645508e+00 -1.092116385698318481e-01 -1.884975880384445190e-01 2.768586158752441406e+00 6.714893817901611328e+00 -2.435455620288848877e-01
-9.599825739860534668e-01 1.728330612182617188e+00 -3.204848170280456543e-01 3.385746240615844727e+00 -1.013089776039123535e+00 -2.387039422988891602e+00 -1.796461582183837891e+00 2.391215801239013672e+00 -1.317064166069030762e+00 -4.426621496677398682e-01 1.451828241348266602e+00 -4.888297915458679199e-01 7.384470105171203613e-01 4.054666042327880859e+00 1.697762489318847656e+00
1.839411258697509766e-01 2.121994495391845703e+00 -1.655152440071105957e+00 1.146163865923881531e-01 -1.874709010124206543e+00 3.740094423294067383e+00 -8.095798492431640625e-01 -2.613443136215209961e+00 -8.277220726013183594e-01 -5.550265908241271973e-01 1.076916694641113281e+00 1.641718149185180664e+00 9.864962697029113770e-01 4.818788051605224609e+00 -1.824890613555908203e+00
4.058832526206970215e-01 7.898614406585693359e-01 -2.543991327285766602e+00 -1.289733648300170898e+00 -9.349402189254760742e-01 -2.543267726898193359e+00 3.063752174377441406e+00 1.079484224319458008e+00 1.789489388465881348e+00 -1.957620233297348022e-01 1.036262035369873047e+00 3.692848682403564453e+00 3.569912016391754150e-01 2.374833583831787109e+00 -3.755619227886199951e-01
2.799103260040283203e-01 3.887920856475830078e+00 2.055711746215820312e-01 2.401940584182739258e+00 -2.754810333251953125e+00 1.199536442756652832e+00 -8.350533843040466309e-01 2.865201473236083984e+00 1.552037835121154785e+00 -3.466888368129730225e-01 4.307442665100097656e+00 7.189837694168090820e-01 2.164979457855224609e+00 2.112125635147094727e+00 -8.685991913080215454e-02
-1.439917325973510742e+00 1.862589597702026367e+00 -1.337532877922058105e+00 1.144062757492065430e+00 -5.126823186874389648e-01 -2.656795263290405273e+00 -3.917526900768280029e-01 -2.216429233551025391e+00 8.446393013000488281e-01 3.369342386722564697e-01 -3.762812912464141846e-01 2.152376174926757812e+00 -6.216456294059753418e-01 4.506689548492431641e+00 -3.891010046005249023e+00
2.985630631446838379e-01 1.696550846099853516e+00 -2.735756158828735352e+00 -1.370421051979064941e+00 -9.361761212348937988e-01 2.673165559768676758e+00 -7.042473554611206055e-01 -2.083096742630004883e+00 -2.338436096906661987e-01 -1.379059433937072754e+00 1.775507807731628418e+00 2.336728572845458984e+00 8.022326827049255371e-01 4.381392002105712891e+00 -1.622899770736694336e+00
1.513973832130432129e+00 2.554984569549560547e+00 3.508251190185546875e+00 1.352106690406799316e+00 -2.740555763244628906e+00 1.801962494850158691e+00 2.304542809724807739e-01 8.681415915489196777e-01 -1.755140274763107300e-01 -1.144739985466003418e+00 5.033605098724365234e-01 -2.683926105499267578e+00 4.416582286357879639e-01 3.826811075210571289e+00 -1.597798764705657959e-01
1.916648268699645996e+00 3.029415369033813477e+00 3.945782423019409180e+00 1.950173854827880859e+00 -3.762553453445434570e+00 1.884536743164062500e+00 2.834114730358123779e-01 5.466552376747131348e-01 3.034431040287017822e-01 -2.884193956851959229e-01 -6.584532260894775391e-01 -2.516592741012573242e+00 5.406747460365295410e-01 4.628761768341064453e+00 3.905206620693206787e-01
1.262429475784301758e+00 2.963213205337524414e+00 -1.199082851409912109e+00 -3.287570953369140625e+00 2.354434251785278320e+00 -1.144203692674636841e-01 1.449990510940551758e+00 -4.775975942611694336e-01 -1.279868245124816895e+00 1.594733953475952148e+00 -8.958025276660919189e-02 2.490326404571533203e+00 -2.161131381988525391e+00 2.247626781463623047e+00 -3.324064970016479492e+00
-9.668323397636413574e-01 3.582800865173339844e+00 -5.473174452781677246e-01 4.746773242950439453e-01 2.420434474945068359e+00 5.321313142776489258e-01 -2.281525373458862305e+00 1.709088683128356934e+00 -2.752151966094970703e+00 -2.404976367950439453e+00 8.753431439399719238e-01 2.702497482299804688e+00 1.782673358917236328e+00 2.232274532318115234e+00 1.606877684593200684e+00
-6.433482766151428223e-01 5.614455699920654297e+00 1.689240932464599609e+00 -4.047775864601135254e-01 -3.692729949951171875e+00 -1.150971293449401855e+00 3.397940397262573242e+00 2.887934923171997070e+00 6.098557114601135254e-01 -2.127497911453247070e+00 2.320055961608886719e+00 3.904340982437133789e+00 2.365025579929351807e-01 2.937110662460327148e+00 -1.303733944892883301e+00
-5.639037489891052246e-01 4.255566120147705078e+00 1.014362096786499023e+00 4.517946720123291016e+00 8.150853216648101807e-02 1.533225774765014648e+00 1.997551172971725464e-01 -8.564973473548889160e-01 -1.626940369606018066e+00 -1.728317022323608398e+00 1.292243599891662598e+00 8.893944621086120605e-01 9.734684824943542480e-01 3.055877208709716797e+00 -1.493906140327453613e+00
3.621595382690429688e+00 6.403684616088867188e-01 -3.826108574867248535e-01 -3.307049512863159180e+00 1.912596821784973145e+00 -2.367354154586791992e+00 -2.787940263748168945e+00 9.225590825080871582e-01 4.002169966697692871e-01 1.798934102058410645e+00 1.310936212539672852e+00 2.308289527893066406e+00 5.026451498270034790e-02 2.991282463073730469e+00 4.900986552238464355e-01
7.088884711265563965e-01 1.686027765274047852e+00 -1.500701427459716797e+00 -5.820045471191406250e-01 -1.591977953910827637e+00 3.158496141433715820e+00 -7.077973484992980957e-01 -1.580286264419555664e+00 3.395057469606399536e-02 -3.303579613566398621e-02 2.163462400436401367e+00 2.311589002609252930e+00 4.504410326480865479e-01 4.372760295867919922e+00 -1.106568336486816406e+00
3.889805674552917480e-01 5.747213840484619141e+00 -2.790426731109619141e+00 1.675560474395751953e+00 -3.832367956638336182e-01 1.996573567390441895e+00 1.975041270256042480e+00 3.321698427200317383e+00 -3.467566490173339844e+00 -2.464191436767578125e+00 8.185859322547912598e-01 1.051333665847778320e+00 -2.003885030746459961e+00 6.336000919342041016e+00 -1.329744935035705566e+00
1.396561622619628906e+00 3.005186557769775391e+00 3.544686079025268555e+00 1.148918986320495605e+00 -3.319649219512939453e+00 8.484885692596435547e-01 1.359272748231887817e-01 1.088860630989074707e+00 -2.158413380384445190e-01 -1.715734124183654785e+00 4.398643970489501953e-01 -3.152924060821533203e+00 1.251938343048095703e+00 5.034543514251708984e+00 -3.081720769405364990e-01
2.385882854461669922e+00 2.933461189270019531e+00 1.530780315399169922e+00 -1.313169002532958984e+00 1.257762074470520020e+00 -1.528561264276504517e-01 2.016832351684570312e+00 -6.808569431304931641e-01 -5.872930884361267090e-01 -1.397184491157531738e+00 1.760161638259887695e+00 1.159784674644470215e+00 8.296148180961608887e-01 6.187761783599853516e+00 2.144469022750854492e+00
-1.255707263946533203e+00 1.987102985382080078e+00 -1.531773805618286133e-01 2.503819704055786133e+00 -8.394849300384521484e-01 -2.742602348327636719e+00 -1.183736801147460938e+00 3.555630683898925781e+00 -1.715895295143127441e+00 -1.003939986228942871e+00 9.497360587120056152e-01 -3.154357671737670898e-01 1.418437361717224121e+00 4.722706794738769531e+00 2.364965438842773438e+00
-1.949669718742370605e-01 1.547819137573242188e+00 -8.357548713684082031e-02 4.890850186347961426e-01 1.044350266456604004e+00 1.102570414543151855e+00 -2.087527990341186523e+00 2.424757719039916992e+00 2.220352411270141602e+00 -1.004971042275428772e-01 3.626263141632080078e+00 2.651888847351074219e+00 -2.102330207824707031e+00 4.958833217620849609e+00 1.957932829856872559e+00
1.003805279731750488e+00 1.940386295318603516e+00 -1.975775599479675293e+00 -9.816594719886779785e-01 -1.416497588157653809e+00 2.780426979064941406e+00 -2.737956643104553223e-01 -2.074999809265136719e+00 1.020925760269165039e+00 -5.195975303649902344e-01 6.846657395362854004e-01 2.515967607498168945e+00 5.832217335700988770e-01 4.352019786834716797e+00 -1.324344754219055176e+00
-1.207646727561950684e-01 5.571315288543701172e+00 1.578729748725891113e+00 4.527021408081054688e+00 1.336857825517654419e-01 1.971907615661621094e+00 8.004689812660217285e-01 -6.746106743812561035e-01 -1.332045078277587891e+00 -9.687525033950805664e-01 1.466243505477905273e+00 2.260220527648925781e+00 9.619309306144714355e-01 4.097924709320068359e+00 -8.235428929328918457e-01
8.001818060874938965e-01 6.462238430976867676e-01 -2.730800151824951172e+00 -1.637729525566101074e+00 -1.339810729026794434e+00 -2.857780694961547852e+00 3.056650638580322266e+00 1.020831346511840820e+00 2.809302806854248047e+00 -4.565733373165130615e-01 1.701922416687011719e+00 3.665115833282470703e+00 5.015378594398498535e-01 3.124593973159790039e+00 -4.694502055644989014e-01
6.960256695747375488e-01 7.656615376472473145e-01 5.484197735786437988e-01 4.656546190381050110e-02 6.648339331150054932e-02 2.836670875549316406e-01 -1.295533895492553711e+00 2.225074052810668945e+00 1.755417227745056152e+00 1.391583830118179321e-01 2.769375801086425781e+00 2.911594390869140625e+00 -2.778118610382080078e+00 5.209983348846435547e+00 1.060924887657165527e+00
-8.537781238555908203e-02 1.589398145675659180e+00 6.230087280273437500e-01 -3.769391179084777832e-01 5.622243881225585938e-01 2.099834233522415161e-01 -1.706837773323059082e+00 2.961788892745971680e+00 1.523463606834411621e+00 2.726613581180572510e-01 3.447459936141967773e+00 2.180483818054199219e+00 -2.638117551803588867e+00 5.360767841339111328e+00 1.790933132171630859e+00
1.073687553405761719e+00 3.257731914520263672e+00 1.308566570281982422e+00 2.310961484909057617e+00 -2.610312700271606445e+00 1.426125407218933105e+00 -1.383996486663818359e+00 2.843499183654785156e+00 2.254008531570434570e+00 3.050173819065093994e-01 3.015208721160888672e+00 1.905119299888610840e+00 6.286262869834899902e-01 1.757458090782165527e+00 -3.685576096177101135e-02
-1.380015134811401367e+00 6.173285961151123047e+00 5.330135822296142578e-01 4.285201072692871094e+00 6.901445984840393066e-01 1.811017036437988281e+00 1.176779866218566895e+00 -1.663986921310424805e+00 -1.372907996177673340e+00 -2.591638803482055664e+00 3.314715027809143066e-01 1.345472335815429688e+00 1.964650034904479980e+00 3.561790227890014648e+00 -2.594931125640869141e+00
4.357198238372802734e+00 4.745330512523651123e-01 -3.688239157199859619e-01 -2.639652013778686523e+00 6.902579665184020996e-01 -1.103809237480163574e+00 -2.550194978713989258e+00 9.188766479492187500e-01 8.550014495849609375e-01 2.949463129043579102e+00 1.039282679557800293e+00 2.331654548645019531e+00 8.248271346092224121e-01 2.155130863189697266e+00 5.680039525032043457e-01
-1.812517404556274414e+00 1.312055706977844238e+00 -8.609192967414855957e-01 2.763187170028686523e+00 -4.815601110458374023e-01 -2.687193632125854492e+00 -1.352605819702148438e+00 3.130182027816772461e+00 -1.751584768295288086e+00 -1.202041625976562500e+00 1.924677848815917969e+00 -2.172137349843978882e-01 1.167257666587829590e+00 3.904218435287475586e+00 2.194435834884643555e+00
-1.588048338890075684e-01 1.918601512908935547e+00 8.676419258117675781e-01 -3.239132165908813477e-01 4.998199343681335449e-01 8.921918869018554688e-01 -1.267488956451416016e+00 3.298031568527221680e+00 1.581068277359008789e+00 -9.021620266139507294e-03 3.126255273818969727e+00 3.042164325714111328e+00 -2.289596080780029297e+00 4.498723506927490234e+00 1.471737384796142578e+00
-1.277209520339965820e+00 3.980270385742187500e+00 -8.524304628372192383e-01 -4.761170744895935059e-01 2.019997835159301758e+00 -4.133863374590873718e-02 -1.876083612442016602e+00 8.825690746307373047e-01 -3.096581935882568359e+00 -4.279010772705078125e+00 6.548410058021545410e-01 3.715432167053222656e+00 2.669921398162841797e+00 1.718254685401916504e+00 -2.751096785068511963e-01
-2.174370527267456055e+00 5.414159774780273438e+00 -1.460545539855957031e+00 -4.642030596733093262e-01 4.475494861602783203e+00 1.899376362562179565e-01 -1.681349396705627441e+00 2.553813755512237549e-01 -1.375366806983947754e+00 -3.197557687759399414e+00 -1.552772074937820435e-01 3.169696807861328125e+00 1.937785029411315918e+00 2.030421733856201172e+00 5.407847762107849121e-01
-2.865380644798278809e-01 2.597636222839355469e+00 2.523105144500732422e-01 1.563698768615722656e+00 -8.197628855705261230e-01 -2.644774198532104492e+00 -6.899634003639221191e-01 -2.108863830566406250e+00 1.501483082771301270e+00 3.318733274936676025e-01 -1.225742459297180176e+00 2.597493648529052734e+00 -4.987728893756866455e-01 4.918650627136230469e+00 -3.472421646118164062e+00
2.474570751190185547e+00 3.392849922180175781e+00 1.967022776603698730e+00 -7.198352813720703125e-01 4.432349801063537598e-01 8.906673192977905273e-01 2.445819616317749023e+00 1.861521750688552856e-01 -8.815884590148925781e-01 -7.997297644615173340e-01 1.482254505157470703e+00 1.035684227943420410e+00 7.508304119110107422e-01 5.923684597015380859e+00 2.462642431259155273e+00
-5.209532380104064941e-01 1.898180246353149414e+00 -4.179084300994873047e-02 -5.003252029418945312e-01 1.279311776161193848e+00 1.357563972473144531e+00 -1.484166145324707031e+00 3.394701957702636719e+00 9.740699529647827148e-01 3.090088665485382080e-01 3.126589298248291016e+00 2.791980743408203125e+00 -1.669247508049011230e+00 4.521092414855957031e+00 2.840458869934082031e+00
9.391819834709167480e-01 5.767651200294494629e-01 -2.395660161972045898e+00 -2.659845113754272461e+00 -8.887808918952941895e-01 -2.632559299468994141e+00 2.726054668426513672e+00 2.695229291915893555e+00 1.950187206268310547e+00 -5.071756839752197266e-01 1.718916416168212891e+00 3.233558654785156250e+00 8.746002912521362305e-01 3.284446001052856445e+00 9.108377099037170410e-01
3.421081542968750000e+00 5.691936016082763672e-01 -5.894801616668701172e-01 -1.953928828239440918e+00 8.047537207603454590e-01 -1.606527209281921387e+00 -2.489394426345825195e+00 1.266779065132141113e+00 7.569877058267593384e-02 2.288451671600341797e+00 2.126435518264770508e+00 1.118470191955566406e+00 3.954067528247833252e-01 1.845423460006713867e+00 5.084247589111328125e-01
-9.878433942794799805e-01 3.906837940216064453e+00 4.367517530918121338e-01 1.624533385038375854e-01 -2.832633972167968750e+00 -1.158231139183044434e+00 2.777228593826293945e+00 1.955497860908508301e+00 1.812849789857864380e-01 -2.357901334762573242e+00 2.695304155349731445e+00 3.654197216033935547e+00 5.470953136682510376e-02 1.186077117919921875e+00 -1.666594386100769043e+00
1.670454502105712891e+00 2.901766300201416016e+00 9.034178256988525391e-01 -2.090054750442504883e+00 1.611960291862487793e+00 -6.780751347541809082e-01 1.994713902473449707e+00 1.619918793439865112e-01 -1.310158133506774902e+00 -2.415035486221313477e+00 1.892049789428710938e+00 1.002327203750610352e+00 1.115557789802551270e+00 5.602278232574462891e+00 1.474107265472412109e+00
-7.307711839675903320e-01 1.978700518608093262e+00 -4.897912144660949707e-01 3.220623493194580078e+00 -9.748900532722473145e-01 -2.357929706573486328e+00 -1.485165476799011230e+00 3.158082723617553711e+00 -2.115184545516967773e+00 -2.136850208044052124e-01 2.023775100708007812e+00 -7.015247941017150879e-01 9.485521912574768066e-01 4.414463996887207031e+00 2.315304756164550781e+00
5.036166906356811523e-01 3.187201976776123047e+00 -6.302108764648437500e-01 -1.861276388168334961e+00 1.356351017951965332e+00 5.588079094886779785e-01 -2.373271137475967407e-01 4.620890915393829346e-01 -1.747529983520507812e+00 1.855361461639404297e+00 1.325259923934936523e+00 1.964687705039978027e+00 -2.209590196609497070e+00 2.184635162353515625e+00 -1.285371661186218262e+00
-1.708142280578613281e+00 1.427897930145263672e+00 -4.533301591873168945e-01 3.514048814773559570e+00 -8.758081197738647461e-01 -2.745379686355590820e+00 -1.365274429321289062e+00 1.778567671775817871e+00 -1.151018023490905762e+00 -6.317822933197021484e-01 1.146789789199829102e+00 -4.432915449142456055e-01 7.061793804168701172e-01 3.424801111221313477e+00 1.575362563133239746e+00
1.788731813430786133e+00 2.540442943572998047e+00 -9.444869160652160645e-01 9.796814322471618652e-01 1.233374029397964478e-01 2.070667266845703125e+00 -1.322288990020751953e+00 2.142508268356323242e+00 -3.994616568088531494e-01 5.004517436027526855e-01 -3.097927570343017578e+00 3.432231843471527100e-01 -1.833335041999816895e+00 2.275424718856811523e+00 -1.741022706031799316e+00
3.753869533538818359e-01 1.103860974311828613e+00 -1.759116172790527344e+00 -3.051604032516479492e-01 -1.496848106384277344e+00 3.200733900070190430e+00 -8.774573206901550293e-01 -1.399355769157409668e+00 -5.836580991744995117e-01 -4.338192641735076904e-01 2.254335165023803711e+00 1.798639535903930664e+00 4.926976263523101807e-01 3.538594245910644531e+00 -8.883303999900817871e-01
-1.256945848464965820e+00 6.155767440795898438e+00 5.671404600143432617e-01 4.155928134918212891e+00 7.236950993537902832e-01 1.111563086509704590e+00 2.191117525100708008e+00 -1.931273102760314941e+00 -8.142488598823547363e-01 -1.875174880027770996e+00 4.619614481925964355e-01 1.421981811523437500e+00 2.126653432846069336e+00 3.591607809066772461e+00 -2.226379871368408203e+00
3.935279369354248047e+00 6.601064205169677734e-01 -2.943390011787414551e-01 -2.183217763900756836e+00 -2.623540759086608887e-01 -3.898500204086303711e-01 -2.889434337615966797e+00 1.470124006271362305e+00 -3.136563897132873535e-01 2.741932630538940430e+00 2.003232479095458984e+00 2.451678514480590820e+00 5.722067952156066895e-01 2.569544553756713867e+00 6.876219511032104492e-01
2.430035024881362915e-01 3.973668575286865234e+00 1.763900518417358398e+00 3.114691376686096191e-01 -4.516716957092285156e+00 -9.049186706542968750e-01 2.121265649795532227e+00 3.033154726028442383e+00 2.076994329690933228e-01 -1.236333847045898438e+00 1.743193507194519043e+00 3.898450851440429688e+00 -1.160477027297019958e-01 3.106625318527221680e+00 -8.575305342674255371e-01
-3.935539126396179199e-01 3.004115581512451172e+00 -3.448426723480224609e-02 2.944557070732116699e-01 1.028492927551269531e+00 1.224804997444152832e+00 -2.624953985214233398e+00 1.396782517433166504e+00 -3.473211050033569336e+00 -1.492487192153930664e+00 1.274021148681640625e+00 2.932893514633178711e+00 2.990899384021759033e-01 2.223637580871582031e+00 1.055198431015014648e+00
1.569823026657104492e-01 3.221924006938934326e-01 -2.624595880508422852e+00 -1.002180576324462891e+00 -5.806401968002319336e-01 -2.529835939407348633e+00 1.878606557846069336e+00 2.609068870544433594e+00 -4.413860291242599487e-02 -1.873772501945495605e+00 3.402937889099121094e+00 2.970422267913818359e+00 -1.060806214809417725e-03 3.306501150131225586e+00 6.207035779953002930e-01
1.085152387619018555e+00 2.562910556793212891e+00 3.094617366790771484e+00 1.470350265502929688e+00 -3.088315010070800781e+00 1.130236268043518066e+00 -5.089852809906005859e-01 1.235168337821960449e+00 -1.995956748723983765e-01 -1.941572666168212891e+00 6.264730095863342285e-01 -3.166033267974853516e+00 1.151037812232971191e+00 4.597031116485595703e+00 -6.333239674568176270e-01
1.463696837425231934e+00 2.992207527160644531e+00 3.681098699569702148e+00 1.621348619461059570e+00 -3.395777225494384766e+00 1.838995814323425293e+00 -1.067439932376146317e-02 1.499546021223068237e-01 1.931607574224472046e-01 -1.471459150314331055e+00 -1.251149326562881470e-01 -2.599474906921386719e+00 9.839872717857360840e-01 4.342731952667236328e+00 -6.018450260162353516e-01
-3.879645466804504395e-01 1.013176560401916504e+00 -8.048432469367980957e-01 7.724674344062805176e-01 -1.240342617034912109e+00 -2.376028060913085938e+00 -1.389606475830078125e+00 -2.163931131362915039e+00 1.831505447626113892e-01 1.042937278747558594e+00 3.910630345344543457e-01 2.373432159423828125e+00 -1.041445612907409668e+00 4.509148120880126953e+00 -3.843388557434082031e+00
-4.613910317420959473e-01 4.682369709014892578e+00 2.901544570922851562e-01 1.919868826866149902e+00 -2.533295631408691406e+00 6.878777146339416504e-01 3.627474308013916016e-01 2.517348051071166992e+00 2.768040180206298828e+00 -3.643172085285186768e-01 2.821336984634399414e+00 -8.548409678041934967e-03 2.886722326278686523e+00 3.519691467285156250e+00 1.116826664656400681e-02
1.348268747329711914e+00 2.608759641647338867e+00 -6.275576949119567871e-01 -2.766788959503173828e+00 1.906764626502990723e+00 3.436541855335235596e-01 2.538040578365325928e-01 6.774811446666717529e-02 -1.135625720024108887e+00 2.061740159988403320e+00 4.718258976936340332e-01 2.305698871612548828e+00 -2.132455348968505859e+00 2.089215993881225586e+00 -1.283909082412719727e+00
6.094439625740051270e-01 6.876188516616821289e-01 -1.539921760559082031e+00 -1.779367089271545410e+00 -1.683449983596801758e+00 -2.735021829605102539e+00 1.505797386169433594e+00 2.905868768692016602e+00 2.650312185287475586e-01 -7.440970540046691895e-01 2.959756612777709961e+00 2.946199417114257812e+00 -3.793431222438812256e-01 3.112661600112915039e+00 1.072942838072776794e-01
-2.032411284744739532e-02 5.054766178131103516e+00 1.632367849349975586e+00 4.540019512176513672e+00 -1.753402203321456909e-01 2.082145929336547852e+00 1.713511496782302856e-01 -5.961205363273620605e-01 -1.437045454978942871e+00 -9.211810231208801270e-01 1.605290055274963379e+00 1.807046175003051758e+00 2.989384829998016357e-01 3.508663892745971680e+00 -9.860004782676696777e-01
