1.471005916595458984e+00 -9.600882530212402344e-01 -4.434022426605224609e+00 2.493339061737060547e+00 -2.797136545181274414e+00 2.968048572540283203e+00 -1.148008465766906738e+00 -8.619714736938476562e+00 4.051007628440856934e-01 -2.012170553207397461e+00 4.996016979217529297e+00 -6.739746928215026855e-01 -7.461366176605224609e+00 4.418486118316650391e+00 4.827711284160614014e-01
7.169024944305419922e-01 -8.642874360084533691e-01 -4.733167648315429688e+00 1.531372308731079102e+00 -8.315489888191223145e-01 2.936340808868408203e+00 -1.189824223518371582e+00 -7.181371212005615234e+00 -3.411431908607482910e-01 -2.042273759841918945e+00 5.779460430145263672e+00 -1.960366964340209961e+00 -5.461237907409667969e+00 2.970835924148559570e+00 -2.180584967136383057e-01
2.591367483139038086e+00 -2.472304582595825195e+00 4.397972583770751953e+00 5.003868103027343750e+00 9.151762127876281738e-01 7.894162535667419434e-01 1.524270176887512207e+00 -7.571863174438476562e+00 -2.423430204391479492e+00 1.256476402282714844e+00 -1.621110796928405762e+00 -1.743692874908447266e+00 -3.998067140579223633e+00 3.102126359939575195e+00 1.485017657279968262e+00
2.218234777450561523e+00 1.597269475460052490e-01 -3.248145818710327148e+00 2.659925222396850586e+00 1.784087896347045898e+00 3.014602899551391602e+00 -2.849156141281127930e+00 -3.502663612365722656e+00 -8.855074882507324219e+00 -2.554356098175048828e+00 -2.218618869781494141e+00 2.552851915359497070e+00 -9.740051627159118652e-01 2.473888158798217773e+00 -2.321412324905395508e+00
4.599131107330322266e+00 -2.478485405445098877e-01 3.136427402496337891e+00 -3.022566318511962891e+00 -2.153040409088134766e+00 -2.048959970474243164e+00 -2.172566652297973633e+00 -6.490066051483154297e+00 -5.567845344543457031e+00 -7.703467458486557007e-02 -8.382441997528076172e-01 -8.595171570777893066e-01 -4.572253227233886719e+00 3.977944374084472656e+00 -2.040950059890747070e+00
7.311641693115234375e+00 -7.978898882865905762e-01 -3.999044418334960938e+00 -2.843381643295288086e+00 -1.743360280990600586e+00 -2.304988861083984375e+00 -1.041849708557128906e+01 -7.125808238983154297e+00 1.844355344772338867e+00 -5.001377463340759277e-01 -1.406810641288757324e+00 6.119574904441833496e-01 -3.568442761898040771e-01 5.862559318542480469e+00 -7.674457550048828125e+00
8.046643137931823730e-01 -2.789169788360595703e+00 -2.849198341369628906e+00 1.829742312431335449e+00 -3.354958772659301758e+00 2.675601005554199219e+00 -3.316442668437957764e-01 -7.567404270172119141e+00 -3.251335024833679199e-01 -1.653430581092834473e+00 3.686560630798339844e+00 -1.740963816642761230e+00 -5.131597995758056641e+00 4.153493404388427734e+00 1.099665462970733643e-01
6.733088970184326172e+00 -3.783754348754882812e+00 -1.664457917213439941e+00 2.494210720062255859e+00 -1.465750336647033691e+00 -1.651292681694030762e+00 2.894859552383422852e+00 -5.757281780242919922e+00 -4.234472751617431641e+00 -9.155073761940002441e-01 -4.371594190597534180e-01 -2.097356766462326050e-01 -3.397120714187622070e+00 3.791246891021728516e+00 -4.454675674438476562e+00
6.401821613311767578e+00 -7.643880844116210938e-01 -1.960644245147705078e+00 -3.395597934722900391e+00 -1.145378589630126953e+00 -4.071251869201660156e+00 -1.075066757202148438e+01 -7.576412677764892578e+00 3.376764297485351562e+00 1.756080687046051025e-01 -2.071769237518310547e+00 2.650661230087280273e+00 -9.150753915309906006e-02 6.079951763153076172e+00 -5.784234046936035156e+00
5.334844112396240234e+00 -1.307682275772094727e+00 -1.308956146240234375e+00 2.323521375656127930e+00 1.849551796913146973e+00 2.326346635818481445e+00 -7.180397033691406250e+00 -4.860021591186523438e+00 1.010867714881896973e+00 -3.456964194774627686e-01 -3.040352821350097656e+00 3.935079813003540039e+00 -6.560820102691650391e+00 6.151683807373046875e+00 -8.535012602806091309e-01
8.353026509284973145e-01 4.107393741607666016e+00 -3.076798915863037109e+00 -2.768590748310089111e-01 -3.988465070724487305e+00 -2.730899810791015625e+00 -1.697779774665832520e+00 -8.768323898315429688e+00 2.451981544494628906e+00 2.703366428613662720e-02 -1.961742997169494629e+00 -1.610320448875427246e+00 -5.677512168884277344e+00 8.145332336425781250e+00 -5.524467945098876953e+00
8.220357894897460938e+00 2.395246982574462891e+00 -2.299127101898193359e+00 7.802518457174301147e-02 -4.074492454528808594e+00 1.094142556190490723e+00 -1.388485789299011230e+00 -6.240718841552734375e+00 4.633806705474853516e+00 -3.386761903762817383e+00 -1.088836193084716797e+00 -9.667997956275939941e-01 -1.060304045677185059e+00 5.594841957092285156e+00 -3.707932710647583008e+00
5.455915927886962891e+00 -1.180666208267211914e+00 -2.498426914215087891e+00 -9.622851759195327759e-02 1.061637520790100098e+00 -6.177951812744140625e+00 -3.457822650671005249e-02 -2.714248180389404297e+00 -2.735991954803466797e+00 -2.452434062957763672e+00 2.870703220367431641e+00 -3.023697435855865479e-01 -8.328324317932128906e+00 5.535063743591308594e+00 6.118327975273132324e-01
9.508978724479675293e-01 -2.194455623626708984e+00 -4.102503299713134766e+00 2.141575336456298828e+00 -1.612327575683593750e+00 2.909517765045166016e+00 -3.377760350704193115e-01 -7.834125518798828125e+00 -3.471645712852478027e-01 -2.437411546707153320e+00 4.384803295135498047e+00 -1.864675760269165039e+00 -4.468086719512939453e+00 4.038311958312988281e+00 -7.093949317932128906e-01
5.442541599273681641e+00 -3.387120723724365234e+00 1.252140477299690247e-02 -9.827182888984680176e-01 -1.795055508613586426e+00 -2.108363151550292969e+00 -6.590806484222412109e+00 -4.961853504180908203e+00 1.716646432876586914e+00 -7.168092578649520874e-02 -2.207813501358032227e+00 2.330619841814041138e-01 -2.234176546335220337e-01 5.957419395446777344e+00 -6.189710617065429688e+00
8.581099510192871094e+00 -3.265030384063720703e+00 -2.148909330368041992e+00 2.195525646209716797e+00 -6.532922387123107910e-01 -1.480084538459777832e+00 4.335973262786865234e+00 -7.211729049682617188e+00 -4.026686668395996094e+00 9.947172552347183228e-02 -1.639761805534362793e+00 1.322236537933349609e+00 -3.614120244979858398e+00 6.100957393646240234e+00 -3.412098884582519531e+00
3.600023984909057617e+00 -7.255695462226867676e-01 -4.489511966705322266e+00 2.528185606002807617e+00 9.606240391731262207e-01 3.726895093917846680e+00 -1.610961675643920898e+00 -4.969624042510986328e+00 -8.152473449707031250e+00 -1.630816221237182617e+00 -2.562485218048095703e+00 1.027658462524414062e+00 4.364784061908721924e-02 2.012520074844360352e+00 -1.169565081596374512e+00
3.782210588455200195e+00 1.419452905654907227e+00 -6.418153762817382812e+00 2.865149974822998047e+00 1.271682381629943848e+00 3.346561908721923828e+00 -4.813363075256347656e+00 -6.652898311614990234e+00 -8.558748245239257812e+00 -1.657514691352844238e+00 -2.303316593170166016e+00 2.371290445327758789e+00 -7.486958503723144531e-01 3.463315248489379883e+00 -2.654624700546264648e+00
-2.750737965106964111e-01 6.422561407089233398e-01 6.996334791183471680e-01 3.825787067413330078e+00 -1.384434580802917480e+00 3.922240495681762695e+00 1.626419663429260254e+00 -5.426707744598388672e+00 -1.396104693412780762e+00 -8.813928961753845215e-01 1.398746013641357422e+00 -9.897746443748474121e-01 -6.460080623626708984e+00 4.219169616699218750e+00 -5.512888431549072266e+00
3.642523050308227539e+00 2.930703639984130859e+00 -4.020299434661865234e+00 1.599796414375305176e+00 -1.847623229026794434e+00 -2.676142692565917969e+00 1.087129354476928711e+00 -5.179886817932128906e+00 -1.319644331932067871e+00 -1.403555572032928467e-01 -6.981800794601440430e-01 3.589163780212402344e+00 -3.466701030731201172e+00 4.081567764282226562e+00 -7.786936283111572266e+00
4.540283203125000000e+00 2.673375368118286133e+00 -7.523889541625976562e+00 2.412849426269531250e+00 2.262416601181030273e+00 4.864640712738037109e+00 -2.708366632461547852e+00 -6.304064273834228516e+00 -9.185934066772460938e+00 -1.606948733329772949e+00 -2.271465778350830078e+00 -1.721099764108657837e-02 -1.385242342948913574e+00 2.477727174758911133e+00 -2.951486349105834961e+00
2.246639490127563477e+00 2.935174465179443359e+00 -1.990002751350402832e+00 1.809776067733764648e+00 -3.563459396362304688e+00 -2.891417503356933594e+00 -2.551122426986694336e+00 -9.319446563720703125e+00 1.372869372367858887e+00 9.091714024543762207e-01 -1.915611386299133301e+00 -1.467195987701416016e+00 -5.580267906188964844e+00 7.939742565155029297e+00 -5.318624019622802734e+00
6.598997116088867188e+00 -4.340867519378662109e+00 5.447522997856140137e-01 3.166018486022949219e+00 -9.166697859764099121e-01 -8.906772732734680176e-01 4.442187309265136719e+00 -6.239174365997314453e+00 -3.059386253356933594e+00 3.215641081333160400e-01 -1.146027803421020508e+00 9.114163517951965332e-01 -4.166812896728515625e+00 4.510109901428222656e+00 -3.394160509109497070e+00
6.924766063690185547e+00 -4.345299243927001953e+00 -2.227178096771240234e+00 1.811487197875976562e+00 -9.063665270805358887e-01 -1.679333567619323730e+00 4.999441623687744141e+00 -6.400180339813232422e+00 -3.100315093994140625e+00 -1.259747266769409180e+00 -3.359091877937316895e-01 -8.464751839637756348e-01 -3.577765464782714844e+00 5.005571842193603516e+00 -4.212848663330078125e+00
1.463703155517578125e+00 1.180201649665832520e+00 -2.937713265419006348e-01 8.471286892890930176e-01 -2.381814002990722656e+00 -1.472294926643371582e+00 -2.065968036651611328e+00 -8.375240325927734375e+00 -3.868355154991149902e-01 1.967240214347839355e+00 -2.124209880828857422e+00 -9.234768748283386230e-01 -5.737840175628662109e+00 5.923712253570556641e+00 -5.836807727813720703e+00
5.070065975189208984e+00 -1.124509572982788086e+00 -3.269581556320190430e+00 -3.648052513599395752e-01 1.346606492996215820e+00 1.304581999778747559e+00 -6.743828773498535156e+00 -5.981370449066162109e+00 1.568839073181152344e+00 -2.190788686275482178e-01 -2.949162483215332031e+00 3.833556413650512695e+00 -8.411450386047363281e+00 7.010612964630126953e+00 -7.592577338218688965e-01
3.877773284912109375e+00 -1.926560878753662109e+00 1.064622521400451660e+00 -3.802835047245025635e-01 -2.728049755096435547e+00 -8.688582777976989746e-01 -7.462171554565429688e+00 -2.504590272903442383e+00 -2.373858213424682617e+00 1.200685381889343262e+00 3.940530300140380859e+00 5.529247760772705078e+00 -5.649570941925048828e+00 2.852164030075073242e+00 -3.667775869369506836e+00
1.043000698089599609e+00 8.132777214050292969e-01 -8.810195922851562500e-01 4.636357307434082031e+00 -1.396539688110351562e+00 5.884490489959716797e+00 9.176163077354431152e-01 -6.489029884338378906e+00 -2.899462223052978516e+00 8.342034220695495605e-01 3.080518841743469238e-01 -1.027277469635009766e+00 -4.986575603485107422e+00 4.228185176849365234e+00 -5.444277286529541016e+00
7.496963977813720703e+00 -4.254610061645507812e+00 -2.169241458177566528e-01 2.598248958587646484e+00 -7.233355641365051270e-01 -1.996381878852844238e+00 3.706158161163330078e+00 -6.152053356170654297e+00 -3.349391698837280273e+00 -3.427749574184417725e-01 -6.612694263458251953e-01 1.863188296556472778e-01 -4.121223926544189453e+00 4.472676753997802734e+00 -4.139007568359375000e+00
4.037466526031494141e+00 -5.789901733398437500e+00 -2.569130897521972656e+00 1.455927014350891113e+00 4.271985054016113281e+00 1.239983677864074707e+00 -2.874252319335937500e+00 -6.943532943725585938e+00 1.305625796318054199e+00 8.118712902069091797e-01 1.636167764663696289e+00 4.284356594085693359e+00 -1.816340923309326172e+00 4.000734806060791016e+00 -6.050477504730224609e+00
1.833682298660278320e+00 -2.500927925109863281e+00 1.156027555465698242e+00 3.783157825469970703e+00 1.802071213722229004e+00 2.249665021896362305e+00 2.506130456924438477e+00 -8.736123085021972656e+00 -3.032164812088012695e+00 2.217500686645507812e+00 -1.819141030311584473e+00 -2.899668216705322266e+00 -5.314658641815185547e+00 3.106940984725952148e+00 1.989358901977539062e+00
5.899072170257568359e+00 -2.951673269271850586e+00 -8.150114417076110840e-01 -1.881137371063232422e+00 -2.225727081298828125e+00 -3.225575685501098633e+00 -8.336525917053222656e+00 -5.754498004913330078e+00 2.467904090881347656e+00 -9.004878401756286621e-01 -1.151913881301879883e+00 9.088675379753112793e-01 -9.458975195884704590e-01 6.062289714813232422e+00 -6.881745338439941406e+00
1.043869018554687500e+00 1.880470871925354004e+00 4.737199544906616211e-01 6.285338401794433594e+00 2.078725576400756836e+00 5.593530654907226562e+00 2.584306478500366211e+00 -5.864620685577392578e+00 -1.387635350227355957e+00 -1.015261039137840271e-01 5.622959733009338379e-01 -2.313524931669235229e-01 -5.210668087005615234e+00 4.536454677581787109e+00 -5.028964519500732422e+00
3.598273038864135742e+00 -5.678418278694152832e-01 -3.591398715972900391e+00 2.441385507583618164e+00 3.942342698574066162e-01 2.678233623504638672e+00 -2.627221107482910156e+00 -3.378511667251586914e+00 -7.558270454406738281e+00 -2.587830543518066406e+00 -2.937419176101684570e+00 8.363832831382751465e-01 -1.094077348709106445e+00 2.431158542633056641e+00 -3.045178890228271484e+00
3.132914304733276367e+00 -4.868547022342681885e-01 2.146032571792602539e+00 5.916885375976562500e+00 1.359213709831237793e+00 1.180578708648681641e+00 2.503481388092041016e+00 -8.195143699645996094e+00 -2.879722118377685547e+00 5.140878558158874512e-01 -1.519730925559997559e+00 -2.376271724700927734e+00 -3.277674674987792969e+00 2.985226869583129883e+00 3.172068834304809570e+00
2.687762737274169922e+00 2.254714727401733398e+00 -3.013583183288574219e+00 2.963621854782104492e+00 -2.981452226638793945e+00 -5.027268409729003906e+00 1.641187667846679688e+00 -5.804439544677734375e+00 -4.070895314216613770e-01 2.252924740314483643e-01 -3.625286221504211426e-01 3.306457519531250000e+00 -2.938503026962280273e+00 3.636787176132202148e+00 -6.180900573730468750e+00
1.355051279067993164e+00 -5.205880641937255859e+00 3.252394676208496094e+00 3.895476758480072021e-01 1.904797077178955078e+00 -2.747455596923828125e+00 -2.165431261062622070e+00 -6.329801559448242188e+00 -2.176029205322265625e+00 -1.995955944061279297e+00 3.577205657958984375e+00 -6.529714465141296387e-01 -5.805500030517578125e+00 4.210338592529296875e+00 -8.251174926757812500e+00
2.380650281906127930e+00 -4.589649677276611328e+00 -3.911189317703247070e+00 2.445464372634887695e+00 4.857258796691894531e+00 1.790180802345275879e+00 -1.641039013862609863e+00 -7.045386791229248047e+00 8.576306104660034180e-01 2.589368522167205811e-01 1.933614850044250488e+00 3.786140918731689453e+00 -7.484495639801025391e-01 4.451715946197509766e+00 -6.289455890655517578e+00
6.597546100616455078e+00 1.690449237823486328e+00 -4.152648925781250000e+00 -1.806658804416656494e-01 1.452762365341186523e+00 -7.195483207702636719e+00 -3.965415656566619873e-01 -4.234772682189941406e+00 -2.167349338531494141e+00 -2.774437427520751953e+00 4.583971023559570312e+00 1.587736368179321289e+00 -1.011172962188720703e+01 6.200907230377197266e+00 1.081120491027832031e+00
3.659436941146850586e+00 -2.000092744827270508e+00 1.669255018234252930e+00 6.345273852348327637e-01 -2.129406213760375977e+00 -1.578581452369689941e+00 -6.383236885070800781e+00 -2.163026571273803711e+00 -2.628015041351318359e+00 1.626159548759460449e+00 2.538961410522460938e+00 5.371334552764892578e+00 -4.381268978118896484e+00 3.475407123565673828e+00 -3.092309713363647461e+00
3.597170829772949219e+00 1.089003961533308029e-02 4.627257347106933594e+00 -1.934297561645507812e+00 -3.237675428390502930e+00 -9.191467165946960449e-01 -1.590040206909179688e+00 -7.422861576080322266e+00 -5.162162303924560547e+00 -1.734931766986846924e-01 -1.200606703758239746e+00 -9.931935667991638184e-01 -3.436762332916259766e+00 4.434918403625488281e+00 -5.297525525093078613e-01
5.137719154357910156e+00 -1.613745808601379395e+00 -3.136198043823242188e+00 3.479070365428924561e-01 1.827005505561828613e+00 1.910154819488525391e+00 -6.224419593811035156e+00 -5.006907939910888672e+00 1.611433029174804688e+00 3.843850195407867432e-01 -2.872034311294555664e+00 2.474404096603393555e+00 -6.143339633941650391e+00 4.572032451629638672e+00 2.721441686153411865e-01
3.068954706192016602e+00 -3.559380531311035156e+00 2.739335536956787109e+00 1.057949781417846680e+00 2.327390432357788086e+00 -1.591392159461975098e-01 -2.568088054656982422e+00 -6.893439769744873047e+00 -2.324467658996582031e+00 -8.209453225135803223e-01 3.176341295242309570e+00 -1.533398866653442383e+00 -4.763656139373779297e+00 5.214317321777343750e+00 -9.344325065612792969e+00
2.613565206527709961e+00 -1.072267055511474609e+00 -4.260834693908691406e+00 2.458451509475708008e+00 1.034916639328002930e+00 3.298269987106323242e+00 -2.062097072601318359e+00 -3.958991527557373047e+00 -8.071870803833007812e+00 -1.165002107620239258e+00 -2.676767826080322266e+00 1.162035822868347168e+00 -2.551570892333984375e+00 1.599775552749633789e+00 -3.223734855651855469e+00
2.696030378341674805e+00 5.951081752777099609e+00 -3.867017269134521484e+00 -3.653911590576171875e+00 -3.418408393859863281e+00 -3.446457862854003906e+00 -5.322618961334228516e+00 -1.129011249542236328e+01 2.269692420959472656e+00 1.134923100471496582e+00 -1.135384798049926758e+00 -1.436073780059814453e+00 -8.005131721496582031e+00 6.301523208618164062e+00 -5.392793178558349609e+00
3.393931150436401367e+00 -4.886509895324707031e+00 -3.688772678375244141e+00 1.239992141723632812e+00 3.335856676101684570e+00 1.750398755073547363e+00 -3.177074432373046875e+00 -6.738525867462158203e+00 1.651227116584777832e+00 5.118163824081420898e-01 2.776930093765258789e+00 2.935215711593627930e+00 -1.677147746086120605e+00 3.098739862442016602e+00 -6.867991447448730469e+00
5.126653194427490234e+00 1.936172604560852051e+00 2.594712734222412109e+00 -4.607974529266357422e+00 -2.480749368667602539e+00 -2.612590789794921875e+00 -4.018836498260498047e+00 -7.554469585418701172e+00 -4.834759712219238281e+00 -2.783741950988769531e+00 -8.943641185760498047e-01 -1.048545017838478088e-01 -4.063901424407958984e+00 4.623685359954833984e+00 9.279653429985046387e-02
7.836246013641357422e+00 6.220188140869140625e-01 -5.182279944419860840e-01 -1.369502782821655273e+00 -3.157151460647583008e+00 7.929916977882385254e-01 -1.879584431648254395e+00 -4.344995975494384766e+00 5.625571727752685547e+00 -3.564019203186035156e+00 -9.359780550003051758e-01 -6.081739068031311035e-01 -1.459918856620788574e+00 4.084356307983398438e+00 -2.010083436965942383e+00
5.392570495605468750e+00 -2.795842885971069336e+00 -6.792126297950744629e-01 1.569560050964355469e+00 2.652447938919067383e+00 1.867235302925109863e+00 -5.747861862182617188e+00 -4.482409954071044922e+00 1.182049989700317383e+00 -1.491027772426605225e-01 -3.503787040710449219e+00 1.893798828125000000e+00 -5.946479797363281250e+00 5.407916069030761719e+00 -1.048106551170349121e+00
8.755234479904174805e-01 6.319507956504821777e-02 -4.868566036224365234e+00 1.085173010826110840e+00 -1.664508342742919922e+00 2.573559284210205078e+00 5.425285100936889648e-01 -7.172209262847900391e+00 1.869704365730285645e+00 -4.765985965728759766e+00 5.424747943878173828e+00 -1.612502783536911011e-01 -7.211320400238037109e+00 4.354200839996337891e+00 3.247231960296630859e+00
6.122430324554443359e+00 1.947843909263610840e+00 5.326102375984191895e-01 -4.319355010986328125e+00 -2.468890905380249023e+00 -3.098059594631195068e-01 -2.545662403106689453e+00 -6.841838359832763672e+00 -5.628827571868896484e+00 -5.240936875343322754e-01 -1.803953051567077637e+00 -2.215414047241210938e+00 -3.963495969772338867e+00 4.557019233703613281e+00 -1.673385143280029297e+00
4.489759445190429688e+00 -2.284626007080078125e+00 3.252201974391937256e-01 -5.511125922203063965e-01 -2.671952247619628906e+00 -5.922655761241912842e-02 -6.528904914855957031e+00 -2.523488044738769531e+00 -2.402960777282714844e+00 2.085973262786865234e+00 3.623965740203857422e+00 5.347629070281982422e+00 -5.783243656158447266e+00 3.321063756942749023e+00 -3.526280879974365234e+00
4.087434291839599609e+00 -7.024497985839843750e-01 -5.304189920425415039e-01 -1.199565649032592773e+00 -3.283903598785400391e+00 -1.156677603721618652e+00 -8.551668167114257812e+00 -2.929753065109252930e+00 -2.292306184768676758e+00 9.514104723930358887e-01 4.224248409271240234e+00 6.163210391998291016e+00 -7.053051948547363281e+00 2.879077434539794922e+00 -2.964744329452514648e+00
2.479593992233276367e+00 -2.580025434494018555e+00 3.846096992492675781e+00 4.542578220367431641e+00 1.124442219734191895e+00 -3.666334152221679688e-01 3.916126489639282227e+00 -7.961850643157958984e+00 -2.547278881072998047e+00 1.191652417182922363e+00 -1.408206820487976074e+00 -3.395402431488037109e+00 -3.962000846862792969e+00 2.715019226074218750e+00 5.593164920806884766e+00
3.137600660324096680e+00 3.487845897674560547e+00 -3.751367568969726562e+00 1.693931341171264648e+00 2.000515162944793701e-01 -4.540521621704101562e+00 1.141419529914855957e+00 -6.549011707305908203e+00 -1.648730278015136719e+00 -3.470403850078582764e-01 -3.768579363822937012e-01 4.679405212402343750e+00 -4.153611183166503906e+00 4.080196380615234375e+00 -6.668641090393066406e+00
6.434278488159179688e+00 -9.942119121551513672e-01 -9.298056364059448242e-01 -1.414326906204223633e+00 -7.672603726387023926e-01 -3.594748735427856445e+00 -1.075204467773437500e+01 -7.763571262359619141e+00 2.803388118743896484e+00 7.090852409601211548e-02 -1.702401638031005859e+00 2.064788103103637695e+00 -1.296966910362243652e+00 6.901605606079101562e+00 -7.733702182769775391e+00
4.909014701843261719e+00 -5.659371614456176758e-01 -3.827576160430908203e+00 -2.712550461292266846e-01 3.943762481212615967e-01 -5.372290611267089844e+00 3.662982881069183350e-01 -2.622620820999145508e+00 -3.174750804901123047e+00 -2.801820755004882812e+00 3.414769411087036133e+00 1.009499192237854004e+00 -8.382760047912597656e+00 5.745545387268066406e+00 1.744821965694427490e-01
1.283795595169067383e+00 8.058073520660400391e-01 -1.235123634338378906e+00 3.067025184631347656e+00 -2.176723778247833252e-01 5.223073959350585938e+00 2.710271120071411133e+00 -6.019954681396484375e+00 -9.619893431663513184e-01 5.335165262222290039e-01 1.312333106994628906e+00 -1.800179839134216309e+00 -5.393998622894287109e+00 3.425023078918457031e+00 -6.342470169067382812e+00
4.738753795623779297e+00 1.079626679420471191e+00 3.104669570922851562e+00 -2.972555637359619141e+00 -2.211164236068725586e+00 -8.252617716789245605e-01 -1.810783147811889648e+00 -6.945390224456787109e+00 -4.694090843200683594e+00 -1.000204443931579590e+00 -6.758936643600463867e-01 -5.181629061698913574e-01 -4.574569225311279297e+00 5.255983352661132812e+00 -1.519892692565917969e+00
8.742640495300292969e+00 -3.832139253616333008e+00 -8.915863037109375000e-01 2.781398773193359375e+00 -1.478370547294616699e+00 -1.848664760589599609e+00 4.491294860839843750e+00 -7.532366275787353516e+00 -3.783109664916992188e+00 -3.862760961055755615e-01 -1.183321475982666016e+00 1.213054060935974121e+00 -3.973972797393798828e+00 5.015698909759521484e+00 -2.447787761688232422e+00
4.993267536163330078e+00 5.278341174125671387e-01 -1.789479494094848633e+00 9.037479758262634277e-01 -4.167397022247314453e+00 -1.893887370824813843e-01 -8.455981254577636719e+00 -3.238226413726806641e+00 -1.883886694908142090e+00 2.149939537048339844e+00 3.126229524612426758e+00 5.886316299438476562e+00 -5.281292438507080078e+00 4.104874610900878906e+00 -3.858362913131713867e+00
1.347391486167907715e+00 1.839682340621948242e+00 -1.393830060958862305e+00 -8.273259550333023071e-02 -3.822046518325805664e+00 -2.292947292327880859e+00 -2.838422536849975586e+00 -9.001747131347656250e+00 4.069170355796813965e-01 1.142197012901306152e+00 -1.801572322845458984e+00 -3.615825474262237549e-01 -6.125836849212646484e+00 7.175339221954345703e+00 -5.764054298400878906e+00
4.283758163452148438e+00 -3.102518558502197266e+00 -4.404647350311279297e+00 1.966635107994079590e+00 4.454235076904296875e+00 1.931789278984069824e+00 -2.190198421478271484e+00 -7.928243160247802734e+00 7.641660571098327637e-01 2.250062525272369385e-01 2.156256437301635742e+00 3.388381719589233398e+00 -7.296571731567382812e-01 5.110194206237792969e+00 -6.479037284851074219e+00
1.222916007041931152e+00 -3.944309473037719727e+00 4.001760959625244141e+00 2.942673861980438232e-01 2.282925844192504883e+00 -2.752807140350341797e+00 -3.105063199996948242e+00 -7.288430213928222656e+00 -2.981547117233276367e+00 -2.029996156692504883e+00 3.327280044555664062e+00 5.158522725105285645e-01 -6.605646610260009766e+00 4.841467857360839844e+00 -1.025340747833251953e+01
5.047703266143798828e+00 1.704146623611450195e+00 1.159563660621643066e+00 -6.195966720581054688e+00 -2.898477077484130859e+00 -5.964730679988861084e-02 -2.068403244018554688e+00 -6.548070430755615234e+00 -4.867040157318115234e+00 1.207970753312110901e-01 -6.907473802566528320e-01 -1.281591057777404785e+00 -4.477247714996337891e+00 4.138526439666748047e+00 -1.349826216697692871e+00
5.569920063018798828e+00 -1.747628927230834961e+00 -3.722094535827636719e+00 -5.461074709892272949e-01 -1.613028168678283691e+00 -6.546109199523925781e+00 -5.266990065574645996e-01 -5.356147289276123047e+00 -2.642545700073242188e+00 -2.515299797058105469e+00 2.590055704116821289e+00 1.993824243545532227e+00 -1.037019634246826172e+01 7.311333179473876953e+00 -9.672102332115173340e-01
8.436273574829101562e+00 2.682741641998291016e+00 -1.282191514968872070e+00 6.522381678223609924e-03 -3.275435209274291992e+00 1.069999575614929199e+00 -3.955523729324340820e+00 -5.954821586608886719e+00 5.255157947540283203e+00 -3.285220623016357422e+00 -4.765884280204772949e-01 5.671929717063903809e-01 -1.380326271057128906e+00 3.361993551254272461e+00 -4.660838603973388672e+00
1.605895042419433594e+00 -3.309183597564697266e+00 3.499041557312011719e+00 -4.837023913860321045e-01 -5.871704220771789551e-02 -1.602451682090759277e+00 -2.401824712753295898e+00 -6.644501209259033203e+00 -2.606575727462768555e+00 -1.812996864318847656e+00 3.779700756072998047e+00 -5.650150179862976074e-01 -6.063309192657470703e+00 5.276337146759033203e+00 -8.302947044372558594e+00
2.204848766326904297e+00 -3.183182716369628906e+00 3.808062791824340820e+00 1.907039880752563477e+00 1.672917246818542480e+00 -1.249704480171203613e+00 -3.011616945266723633e+00 -7.525422573089599609e+00 -2.034456968307495117e+00 -1.938513398170471191e+00 3.265959501266479492e+00 -3.345229923725128174e-01 -5.848135471343994141e+00 5.786068439483642578e+00 -9.880345344543457031e+00
3.696478843688964844e+00 -4.672988891601562500e+00 -1.289052724838256836e+00 4.020607769489288330e-01 2.133258283138275146e-01 2.036830902099609375e+00 -5.028864860534667969e+00 -4.667724609375000000e+00 1.153563186526298523e-01 1.121731162071228027e+00 -3.478757381439208984e+00 1.905027389526367188e+00 -6.340658187866210938e+00 5.148226261138916016e+00 -2.373156785964965820e+00
6.488224506378173828e+00 1.328974008560180664e+00 -5.334842205047607422e+00 -1.348130702972412109e+00 2.373325586318969727e+00 -6.727602481842041016e+00 -5.041424632072448730e-01 -3.916456222534179688e+00 -2.453632354736328125e+00 -2.283429145812988281e+00 5.292398929595947266e+00 9.817330837249755859e-01 -1.056146621704101562e+01 5.488180637359619141e+00 8.353546857833862305e-01
1.042603611946105957e+00 3.887594044208526611e-01 6.252395510673522949e-01 2.296433925628662109e+00 -1.277685046195983887e+00 5.079435348510742188e+00 2.727613449096679688e+00 -4.470645427703857422e+00 -1.837207674980163574e+00 2.458643019199371338e-01 1.273360252380371094e+00 -8.789655566215515137e-01 -6.065328598022460938e+00 3.130139112472534180e+00 -4.472365856170654297e+00
3.564165830612182617e+00 -5.013877391815185547e+00 -3.743921518325805664e+00 1.823855757713317871e+00 4.501191139221191406e+00 9.962477087974548340e-01 -6.414730548858642578e-01 -7.351068019866943359e+00 1.356478810310363770e+00 1.354637444019317627e-01 1.995363593101501465e+00 3.419486284255981445e+00 -1.619778633117675781e+00 5.002172470092773438e+00 -6.511738777160644531e+00
2.209321975708007812e+00 -4.523848533630371094e+00 4.367261409759521484e+00 9.409144520759582520e-01 1.309926986694335938e+00 -1.536255955696105957e+00 -2.326171636581420898e+00 -7.737173557281494141e+00 -2.243992567062377930e+00 -7.109589129686355591e-02 2.740221977233886719e+00 -1.198032274842262268e-01 -6.010906696319580078e+00 5.679422855377197266e+00 -8.469899177551269531e+00
5.500758171081542969e+00 4.607119560241699219e+00 -5.040880203247070312e+00 3.061620891094207764e-01 -2.107244014739990234e+00 -4.025874137878417969e+00 4.895272552967071533e-01 -6.676281452178955078e+00 -3.995601534843444824e-01 1.170450568199157715e+00 -1.652776241302490234e+00 5.160004615783691406e+00 -4.002088546752929688e+00 4.713708400726318359e+00 -7.081075668334960938e+00
4.664415836334228516e+00 4.559684753417968750e+00 -6.422576427459716797e+00 -4.305436909198760986e-01 -1.589729428291320801e+00 -8.337517738342285156e+00 2.787366151809692383e+00 -8.541498184204101562e+00 -3.061099648475646973e-01 1.451859831809997559e+00 1.168734908103942871e+00 4.460886955261230469e+00 -4.711095333099365234e+00 3.733160257339477539e+00 -7.900806427001953125e+00
1.762383222579956055e+00 -1.146547079086303711e+00 -6.997526645660400391e+00 -3.188295662403106689e-01 -3.656095027923583984e+00 2.846765995025634766e+00 -6.805735230445861816e-01 -8.333390235900878906e+00 -2.074642777442932129e-01 -4.242184638977050781e+00 5.211615562438964844e+00 -1.411093473434448242e+00 -7.818245410919189453e+00 5.635428905487060547e+00 1.690456867218017578e+00
6.076565980911254883e-01 1.048526287078857422e+00 2.074282243847846985e-02 -8.984914422035217285e-01 -3.320374727249145508e+00 -4.142733573913574219e+00 -3.552494287490844727e+00 -8.351871490478515625e+00 4.691709876060485840e-01 1.369179606437683105e+00 -7.672787904739379883e-01 -2.156087607145309448e-01 -7.262308120727539062e+00 6.294321060180664062e+00 -5.240845203399658203e+00
1.234291315078735352e+00 -4.931625843048095703e+00 4.706779003143310547e+00 2.023700475692749023e+00 3.396898508071899414e+00 -2.410493135452270508e+00 -1.934215784072875977e+00 -8.110277175903320312e+00 -2.368322849273681641e+00 -1.195737048983573914e-01 2.859186887741088867e+00 8.476993441581726074e-01 -5.665299892425537109e+00 5.231629848480224609e+00 -8.947222709655761719e+00
9.009586334228515625e+00 1.996525049209594727e+00 -2.575067520141601562e+00 -2.382551431655883789e-01 -1.824735760688781738e+00 1.430676579475402832e+00 -2.420710325241088867e+00 -5.964242458343505859e+00 4.495051383972167969e+00 -2.683916568756103516e+00 -1.496815800666809082e+00 -1.618124365806579590e+00 -2.061774492263793945e+00 3.684825897216796875e+00 -5.817546367645263672e+00
8.080653548240661621e-01 7.552642822265625000e-01 7.825664877891540527e-01 4.505451679229736328e+00 -6.926038861274719238e-01 4.553449630737304688e+00 1.709326386451721191e+00 -3.959298133850097656e+00 -1.759384632110595703e+00 -5.285487771034240723e-01 9.699126482009887695e-01 -1.462466239929199219e+00 -3.128358840942382812e+00 2.834572076797485352e+00 -5.248741149902343750e+00
7.143707752227783203e+00 -1.900904417037963867e+00 -1.366453170776367188e+00 -1.831779003143310547e+00 -1.498697876930236816e+00 -1.968748569488525391e+00 -7.977475643157958984e+00 -5.587495803833007812e+00 1.317664980888366699e+00 -2.017466723918914795e-01 -2.450231313705444336e+00 7.501789927482604980e-01 5.081644058227539062e-01 5.377730846405029297e+00 -4.927237987518310547e+00
2.177143096923828125e+00 3.206923484802246094e+00 -1.621773719787597656e+00 3.361250460147857666e-01 -3.470903158187866211e+00 -1.457571268081665039e+00 -1.495730161666870117e+00 -9.116662025451660156e+00 7.261057496070861816e-01 1.813413262367248535e+00 -2.187569618225097656e+00 -1.047974824905395508e+00 -5.078002452850341797e+00 7.374644279479980469e+00 -5.048082351684570312e+00
3.685300588607788086e+00 -4.601708889007568359e+00 -2.422766685485839844e+00 1.929063558578491211e+00 5.539576053619384766e+00 2.196520566940307617e+00 -1.644466280937194824e+00 -7.393068790435791016e+00 1.881212592124938965e+00 1.253233194351196289e+00 2.566460132598876953e+00 3.684143304824829102e+00 -2.212213754653930664e+00 3.313988924026489258e+00 -5.617438316345214844e+00
2.939404964447021484e+00 -2.972008228302001953e+00 3.843774795532226562e+00 3.882817029953002930e+00 1.769596695899963379e+00 3.629697263240814209e-01 1.709816694259643555e+00 -7.146729946136474609e+00 -2.878277301788330078e+00 1.029748797416687012e+00 -1.128714799880981445e+00 -3.094471693038940430e+00 -3.968445062637329102e+00 2.786920070648193359e+00 1.572709560394287109e+00
3.704765558242797852e+00 -4.268020629882812500e+00 -4.157399177551269531e+00 1.362667798995971680e+00 3.009311199188232422e+00 8.551588654518127441e-01 -2.517178773880004883e+00 -6.180483341217041016e+00 1.957080483436584473e+00 -3.307275474071502686e-01 2.806428432464599609e+00 4.611130714416503906e+00 -7.102069854736328125e-01 4.111035823822021484e+00 -5.997415542602539062e+00
2.976248025894165039e+00 -6.242567300796508789e-01 -4.637032032012939453e+00 2.471267700195312500e+00 1.390437722206115723e+00 2.597561836242675781e+00 -1.849173665046691895e+00 -4.430088996887207031e+00 -8.362470626831054688e+00 -1.603366732597351074e+00 -3.474048614501953125e+00 1.406026601791381836e+00 -1.297196149826049805e+00 2.857616662979125977e+00 -1.516836166381835938e+00
4.992429733276367188e+00 6.359030008316040039e-01 2.808509826660156250e+00 -2.382287502288818359e+00 -1.787585616111755371e+00 -2.014959603548049927e-01 -2.647083520889282227e+00 -5.243919849395751953e+00 -5.445428848266601562e+00 -7.903400659561157227e-01 -1.670678019523620605e+00 -1.667917966842651367e+00 -3.233240365982055664e+00 3.863463640213012695e+00 -1.524772882461547852e+00
6.851910591125488281e+00 3.767583072185516357e-01 -4.796235561370849609e+00 -2.588181734085083008e+00 2.168988466262817383e+00 -7.581507682800292969e+00 2.184520214796066284e-01 -3.898145437240600586e+00 -1.180831313133239746e+00 -2.967306375503540039e+00 4.603631496429443359e+00 8.059397339820861816e-01 -1.089889907836914062e+01 6.429728031158447266e+00 4.684064686298370361e-01
1.019800066947937012e+00 5.099373459815979004e-01 2.170415639877319336e+00 4.220446109771728516e+00 -3.866520226001739502e-01 4.641130447387695312e+00 1.336193680763244629e+00 -5.284224033355712891e+00 -1.978290200233459473e+00 1.371686756610870361e-01 1.066983103752136230e+00 -3.011334240436553955e-01 -5.105552673339843750e+00 3.542021036148071289e+00 -4.376768112182617188e+00
7.418541431427001953e+00 -3.389978885650634766e+00 -6.068196296691894531e-01 -1.660213589668273926e+00 -2.193004369735717773e+00 -2.341676235198974609e+00 -8.421954154968261719e+00 -7.374295234680175781e+00 1.131537318229675293e+00 6.565020680427551270e-01 -1.851651430130004883e+00 1.152455568313598633e+00 -8.103178143501281738e-01 5.827652931213378906e+00 -6.622908115386962891e+00
2.195396900177001953e+00 1.235427618026733398e+00 -1.287724018096923828e+00 2.941547155380249023e+00 -1.276766896247863770e+00 -4.077814579010009766e+00 8.528911471366882324e-01 -5.981568813323974609e+00 -1.999539494514465332e+00 9.005143642425537109e-01 -5.175842046737670898e-01 4.452184677124023438e+00 -4.018487930297851562e+00 3.383266210556030273e+00 -5.324195861816406250e+00
9.113738059997558594e+00 1.478669326752424240e-02 -2.062482357025146484e+00 1.612267255783081055e+00 -2.157391548156738281e+00 1.867498755455017090e+00 -9.450784325599670410e-01 -4.983815193176269531e+00 4.228844165802001953e+00 -1.858859777450561523e+00 -1.579325199127197266e+00 -2.091998100280761719e+00 -7.531481385231018066e-01 3.733477592468261719e+00 -6.362482547760009766e+00
5.901317119598388672e+00 -3.813647329807281494e-01 -2.559192657470703125e+00 1.071865186095237732e-01 -3.337810754776000977e+00 9.587343335151672363e-01 -7.007258415222167969e+00 -2.245572805404663086e+00 -2.486706018447875977e+00 2.499773025512695312e+00 3.230154514312744141e+00 4.906175613403320312e+00 -5.274918079376220703e+00 3.148839712142944336e+00 -3.621199607849121094e+00
4.162485122680664062e+00 3.517227470874786377e-01 -1.744402408599853516e+00 -9.535112977027893066e-01 -4.518403053283691406e+00 7.873956561088562012e-01 -7.342079162597656250e+00 -2.158442020416259766e+00 -2.628746032714843750e+00 1.198555350303649902e+00 3.861501216888427734e+00 6.089792728424072266e+00 -6.247734546661376953e+00 3.826419115066528320e+00 -2.570007801055908203e+00
1.914847135543823242e+00 -9.902297854423522949e-01 -2.687749385833740234e+00 2.269846916198730469e+00 -3.287795782089233398e+00 2.105627536773681641e+00 1.101075530052185059e+00 -8.946410179138183594e+00 1.846794486045837402e-01 -3.177157640457153320e+00 4.198511600494384766e+00 -7.838307023048400879e-01 -6.235673427581787109e+00 4.261014461517333984e+00 2.253214359283447266e+00
6.885230064392089844e+00 -8.794900774955749512e-01 -3.824990749359130859e+00 7.500738501548767090e-01 4.580678641796112061e-01 2.069529533386230469e+00 -6.531551837921142578e+00 -5.510430812835693359e+00 1.017537951469421387e+00 1.134559288620948792e-01 -2.726509571075439453e+00 1.679125785827636719e+00 -6.587557315826416016e+00 6.001086711883544922e+00 -1.630040884017944336e+00
3.038959264755249023e+00 -2.878067970275878906e+00 2.764925479888916016e+00 3.748395919799804688e+00 1.629939794540405273e+00 1.152054667472839355e+00 2.473343372344970703e+00 -6.965898036956787109e+00 -2.427953243255615234e+00 1.909120440483093262e+00 -1.994718313217163086e+00 -3.611570358276367188e+00 -4.364500522613525391e+00 2.280435562133789062e+00 2.557900667190551758e+00
8.377781867980957031e+00 2.700446546077728271e-01 -3.968907594680786133e-01 1.984887599945068359e+00 -1.840724587440490723e+00 1.808756709098815918e+00 -2.053444623947143555e+00 -6.025373458862304688e+00 3.540619850158691406e+00 -2.014605522155761719e+00 -2.132643461227416992e+00 -1.594595432281494141e+00 -7.592188715934753418e-01 4.195744037628173828e+00 -5.754923343658447266e+00
5.118273258209228516e+00 -2.111784458160400391e+00 -2.744418144226074219e+00 1.792391575872898102e-02 -1.357838034629821777e+00 -6.600964546203613281e+00 -1.833658814430236816e+00 -4.471525669097900391e+00 -2.914743423461914062e+00 -1.972306132316589355e+00 2.041959285736083984e+00 1.121163129806518555e+00 -9.426396369934082031e+00 5.308650970458984375e+00 -1.626469373703002930e+00
