1.840040832757949829e-01 -1.529015600681304932e-01 9.128256887197494507e-02 -2.586370408535003662e-01 1.022027134895324707e-01 2.444777935743331909e-01 1.251647919416427612e-01 7.338738441467285156e-02 -2.253268361091613770e-01 7.751187682151794434e-02
4.911305382847785950e-02 -1.157648563385009766e-01 1.140230372548103333e-01 -7.227274775505065918e-02 1.388736516237258911e-01 2.690790295600891113e-01 1.676598191261291504e-02 1.853832602500915527e-01 2.046825550496578217e-02 6.605021655559539795e-02
4.097723066806793213e-01 -6.189592182636260986e-02 2.957916557788848877e-01 -2.641077339649200439e-02 -6.416087597608566284e-02 1.328645050525665283e-01 6.139810383319854736e-02 9.305854141712188721e-02 -9.181299805641174316e-02 -4.374368488788604736e-02
1.757476776838302612e-01 -1.814070343971252441e-01 3.828491270542144775e-01 2.273696511983871460e-01 3.227848112583160400e-01 5.504410266876220703e-01 2.442566454410552979e-01 -1.546954363584518433e-01 2.618111968040466309e-01 -3.069072961807250977e-01
3.132036328315734863e-01 8.663267642259597778e-02 -1.589432507753372192e-01 -8.120818436145782471e-02 3.125132918357849121e-01 -8.198563009500503540e-02 -1.272676438093185425e-01 1.581968963146209717e-01 -1.512191295623779297e-01 1.398748606443405151e-01
4.876048564910888672e-01 -5.746519565582275391e-02 -1.873745322227478027e-01 2.352841943502426147e-01 2.364150136709213257e-01 2.036058753728866577e-01 -9.520473331212997437e-02 2.765366248786449432e-02 -1.610673069953918457e-01 2.186700105667114258e-01
2.761771380901336670e-01 -6.471744738519191742e-03 2.813060879707336426e-01 2.518711239099502563e-02 1.192373484373092651e-01 3.297356963157653809e-01 1.255433857440948486e-01 5.457451194524765015e-02 1.508993655443191528e-01 4.153899848461151123e-02
3.911475241184234619e-01 4.041039943695068359e-02 3.319005295634269714e-02 2.217840999364852905e-01 1.486558169126510620e-01 9.236437827348709106e-02 -5.541062355041503906e-02 -1.820719987154006958e-01 8.722843229770660400e-02 5.574313551187515259e-02
3.874536454677581787e-01 -1.901600658893585205e-01 -3.032454848289489746e-01 2.919714450836181641e-01 1.319210678339004517e-01 1.761061698198318481e-01 -2.333835512399673462e-02 -9.659886360168457031e-02 -3.298988044261932373e-01 4.132429659366607666e-01
6.011497974395751953e-01 -1.983299255371093750e-01 -5.157462134957313538e-02 -1.374646574258804321e-01 2.325981110334396362e-01 4.652272909879684448e-02 -8.367890119552612305e-02 8.157204836606979370e-02 -6.734324991703033447e-02 3.868119418621063232e-02
3.362784981727600098e-01 -1.498748958110809326e-01 -6.209454312920570374e-02 1.663521379232406616e-01 -1.536988094449043274e-02 -5.098635703325271606e-02 2.474074661731719971e-01 1.740066707134246826e-01 -1.029617413878440857e-01 3.979382216930389404e-01
4.174503386020660400e-01 -3.682078123092651367e-01 -1.880315542221069336e-01 1.608574837446212769e-01 2.836661934852600098e-01 4.270761013031005859e-01 2.576030492782592773e-01 -1.828873902559280396e-01 -7.052399963140487671e-02 4.476289451122283936e-01
1.628057062625885010e-01 -1.243818458169698715e-02 1.304796524345874786e-02 -5.449012387543916702e-03 2.449675947427749634e-01 2.997526526451110840e-01 8.694300055503845215e-02 5.790068954229354858e-02 1.529907435178756714e-01 -9.549093246459960938e-02
2.451412230730056763e-01 2.188396453857421875e-02 2.533148825168609619e-01 -1.276610046625137329e-01 9.192930161952972412e-02 1.829302310943603516e-01 -8.581415563821792603e-02 2.277094423770904541e-01 -9.847356006503105164e-03 1.184648871421813965e-01
3.408456146717071533e-01 -8.329408615827560425e-02 -2.847673594951629639e-01 1.411850452423095703e-01 7.739915698766708374e-02 7.783087342977523804e-02 -4.552881419658660889e-02 -3.192016854882240295e-02 -1.449668109416961670e-01 1.778074651956558228e-01
4.421178996562957764e-01 1.298219114542007446e-01 1.500461548566818237e-01 2.268789410591125488e-01 6.015080958604812622e-03 -1.958415657281875610e-02 -7.417868077754974365e-02 -3.838428258895874023e-01 -8.476827293634414673e-02 1.687922328710556030e-01
-7.891552150249481201e-02 -1.922021359205245972e-01 3.426121175289154053e-01 3.207734227180480957e-01 3.098197281360626221e-01 5.214031934738159180e-01 2.011379450559616089e-01 -2.040280997753143311e-01 2.106290459632873535e-01 -1.544153988361358643e-01
2.346898429095745087e-02 -7.125280052423477173e-02 2.635050117969512939e-01 2.861672341823577881e-01 2.450704723596572876e-01 5.009678602218627930e-01 2.088672667741775513e-01 -3.037464022636413574e-01 2.924282290041446686e-02 -3.816564977169036865e-01
2.538697421550750732e-01 -1.501246243715286255e-01 2.208077348768711090e-02 2.116165757179260254e-01 9.648978710174560547e-02 1.254533231258392334e-01 3.614594340324401855e-01 2.148110121488571167e-01 -3.599945828318595886e-02 1.156441792845726013e-01
5.581555366516113281e-01 -2.357801198959350586e-01 2.099857628345489502e-01 8.193947374820709229e-02 -2.964662313461303711e-01 1.221164017915725708e-01 9.549991786479949951e-02 -2.117971181869506836e-01 -2.109122574329376221e-01 4.949803650379180908e-02
8.182491362094879150e-02 -3.388039171695709229e-01 3.896716535091400146e-01 3.550729453563690186e-01 2.475506067276000977e-01 5.268092751502990723e-01 1.604279279708862305e-01 -3.060553669929504395e-01 5.000123009085655212e-02 -1.471316963434219360e-01
4.400254786014556885e-01 -1.785835325717926025e-01 -9.669249504804611206e-02 1.589519083499908447e-01 1.178693324327468872e-01 4.201223701238632202e-02 8.138949424028396606e-02 1.095906421542167664e-01 1.483067311346530914e-02 2.388179898262023926e-01
3.474667966365814209e-01 2.171740829944610596e-01 1.379532963037490845e-01 1.389477252960205078e-01 2.037730813026428223e-01 2.087427675724029541e-02 -1.774812489748001099e-01 -6.062672939151525497e-03 5.009708181023597717e-02 6.819180678576231003e-03
4.398574531078338623e-01 1.573881506919860840e-01 -8.902331814169883728e-03 1.125164553523063660e-01 -2.234376594424247742e-02 -1.321246474981307983e-01 -2.763253748416900635e-01 -2.226639389991760254e-01 -1.642945408821105957e-01 3.324363231658935547e-01
3.634875118732452393e-01 -2.483346015214920044e-01 9.656471759080886841e-02 5.383989959955215454e-02 8.441728353500366211e-02 2.777613699436187744e-02 6.902617216110229492e-02 4.745553061366081238e-02 7.759170606732368469e-03 -9.279028326272964478e-02
5.822336673736572266e-01 -1.089114919304847717e-01 -1.711361855268478394e-01 -1.710995882749557495e-01 2.111311107873916626e-01 6.894802302122116089e-02 -2.591776847839355469e-02 1.447675526142120361e-01 -9.882284328341484070e-03 8.463421463966369629e-02
2.891705632209777832e-01 -1.455439031124114990e-01 1.241315379738807678e-01 1.373328566551208496e-01 2.076952904462814331e-01 2.972718775272369385e-01 1.320615857839584351e-01 4.850730299949645996e-02 -2.732523344457149506e-02 -8.683103322982788086e-02
3.279486894607543945e-01 -2.377221882343292236e-01 2.541903257369995117e-01 1.439237445592880249e-01 6.333030760288238525e-02 2.968532145023345947e-01 4.485127925872802734e-01 2.038321048021316528e-01 9.798710793256759644e-02 3.188726678490638733e-02
3.843999803066253662e-01 1.462599635124206543e-01 1.124804653227329254e-02 1.345387995243072510e-01 1.137794107198715210e-01 -1.121227517724037170e-01 -8.464564383029937744e-02 -1.289684921503067017e-01 -7.312256842851638794e-02 1.572345942258834839e-01
3.167062103748321533e-01 -8.167809993028640747e-02 8.431673794984817505e-02 -4.723482578992843628e-02 7.732166349887847900e-02 1.271327883005142212e-01 2.528435885906219482e-01 -6.107229739427566528e-02 -3.312682732939720154e-02 4.920830205082893372e-02
3.582311570644378662e-01 -2.719765603542327881e-01 2.519021928310394287e-01 -1.236660778522491455e-02 7.585967332124710083e-02 2.566799521446228027e-01 1.409294754266738892e-01 -1.693190075457096100e-02 -1.475312858819961548e-01 9.052900969982147217e-02
2.902898490428924561e-01 -6.476470828056335449e-02 -3.575105071067810059e-01 1.446432918310165405e-01 1.719371974468231201e-01 2.133830487728118896e-01 2.312269434332847595e-02 2.982590161263942719e-02 -9.314782917499542236e-02 2.417997270822525024e-01
1.908191144466400146e-01 -1.829039752483367920e-01 2.628035247325897217e-01 2.146215587854385376e-01 -1.684499531984329224e-01 6.256061792373657227e-02 3.066090941429138184e-01 1.121430993080139160e-01 -4.935410991311073303e-02 -1.014216765761375427e-01
2.846775017678737640e-02 -1.520617604255676270e-01 2.503558099269866943e-01 2.142910212278366089e-01 1.625360250473022461e-01 4.287073016166687012e-01 2.634230852127075195e-01 -1.438844203948974609e-01 1.922716796398162842e-01 -1.909842491149902344e-01
3.569412827491760254e-01 -1.106196567416191101e-01 3.341133892536163330e-01 -2.205175012350082397e-01 -2.101516351103782654e-02 3.481487929821014404e-01 1.151047423481941223e-01 1.036354303359985352e-01 -4.014469310641288757e-02 -3.126226365566253662e-02
5.030539035797119141e-01 -2.039233148097991943e-01 1.474810838699340820e-01 2.915814518928527832e-02 -1.647140979766845703e-01 -2.635361999273300171e-02 -1.074486672878265381e-01 -1.163724809885025024e-01 -3.290848806500434875e-02 2.108114957809448242e-02
4.536387026309967041e-01 3.434573858976364136e-02 -7.480567321181297302e-03 -1.276838034391403198e-01 1.889851540327072144e-01 1.311927288770675659e-01 7.907755672931671143e-02 2.737610340118408203e-01 -1.182454600930213928e-01 1.599312871694564819e-01
1.437791883945465088e-01 3.041961044073104858e-02 -2.985944738611578941e-03 -2.090875804424285889e-02 2.576048672199249268e-02 4.808754473924636841e-02 3.554723262786865234e-01 7.354208081960678101e-02 -1.097304746508598328e-01 9.661168605089187622e-02
2.587102949619293213e-01 2.064201049506664276e-03 2.633261382579803467e-01 -6.404997408390045166e-02 4.414307773113250732e-01 4.261575639247894287e-01 3.115822076797485352e-01 9.568464756011962891e-02 2.497518062591552734e-01 -1.426432430744171143e-01
1.793918460607528687e-01 -2.381981015205383301e-01 1.470064073801040649e-01 1.804957836866378784e-01 1.975034326314926147e-01 3.692838251590728760e-01 1.276336461305618286e-01 3.642823547124862671e-02 8.318516612052917480e-02 -8.202150464057922363e-02
3.341833055019378662e-01 -8.797919005155563354e-02 -9.932013601064682007e-02 -5.742036271840333939e-03 1.833663135766983032e-01 -6.480734795331954956e-02 -1.441641747951507568e-01 1.461993157863616943e-01 -1.992813311517238617e-02 8.420227468013763428e-02
5.350660085678100586e-01 -6.525038927793502808e-02 1.085821017622947693e-01 -1.260035336017608643e-01 1.510460823774337769e-01 9.323417395353317261e-02 -7.053148746490478516e-02 1.656154096126556396e-01 -5.086041614413261414e-02 -7.412955164909362793e-02
4.596275091171264648e-01 5.925360321998596191e-02 1.296968758106231689e-01 -9.664902091026306152e-02 1.221640408039093018e-01 9.686648100614547729e-02 2.817165106534957886e-02 2.475369572639465332e-01 -1.734391152858734131e-01 7.919126749038696289e-02
1.490766853094100952e-01 -1.783732026815414429e-01 3.305964469909667969e-01 2.485111951828002930e-01 2.603842318058013916e-01 5.380052924156188965e-01 1.525463312864303589e-01 -1.963890045881271362e-01 2.693835496902465820e-01 -1.620236784219741821e-01
2.610639333724975586e-01 -2.065590322017669678e-01 -1.411103159189224243e-01 3.696094453334808350e-02 -6.540258228778839111e-02 7.021198421716690063e-02 2.576574981212615967e-01 2.103024274110794067e-01 -3.849428147077560425e-02 3.307956755161285400e-01
1.977119594812393188e-01 -5.369616299867630005e-02 -2.229470573365688324e-02 -4.743659496307373047e-02 5.810761824250221252e-02 1.378357857465744019e-01 4.386375546455383301e-01 -4.410406202077865601e-02 -9.893970936536788940e-02 1.749633252620697021e-01
4.142377674579620361e-01 -2.054445445537567139e-01 -4.058687761425971985e-02 -1.043594926595687866e-01 1.879858225584030151e-01 -3.895600140094757080e-02 -1.469149738550186157e-01 1.413880139589309692e-01 -2.427859157323837280e-01 2.528894841670989990e-01
3.134229481220245361e-01 -7.451989501714706421e-02 8.305434137582778931e-02 1.881997734308242798e-01 3.520925343036651611e-01 4.053970575332641602e-01 3.548406362533569336e-01 -4.274038970470428467e-02 7.667660713195800781e-02 2.644299566745758057e-01
4.889649450778961182e-01 -1.040979996323585510e-01 -7.817756384611129761e-02 -1.201171427965164185e-01 2.033005058765411377e-01 8.090592920780181885e-02 -1.788319498300552368e-01 9.009119123220443726e-02 -4.757527634501457214e-02 2.679388737305998802e-03
1.142604649066925049e-01 1.403109133243560791e-01 2.729272544384002686e-01 -2.878570258617401123e-01 -8.307352662086486816e-02 2.455060034990310669e-01 1.397624462842941284e-01 3.222877383232116699e-01 -1.303476691246032715e-01 1.421769112348556519e-01
3.826544582843780518e-01 -1.589977741241455078e-02 -2.383268438279628754e-02 -3.753543132916092873e-03 1.732718199491500854e-01 -2.825832366943359375e-02 -2.487703263759613037e-01 7.015488296747207642e-02 -2.346691787242889404e-01 4.704000651836395264e-01
1.925076246261596680e-01 -2.436623424291610718e-01 1.521851569414138794e-01 1.778157651424407959e-01 1.183752864599227905e-01 2.669137418270111084e-01 1.012170985341072083e-01 -9.643395990133285522e-02 -1.801428012549877167e-02 -7.809896767139434814e-02
3.886420428752899170e-01 -1.937115788459777832e-01 1.949291825294494629e-01 6.026466190814971924e-02 1.963488608598709106e-01 4.477621614933013916e-01 1.016566753387451172e-01 1.704042553901672363e-01 6.126322224736213684e-02 -1.126180738210678101e-01
4.132364094257354736e-01 -3.596930205821990967e-02 2.590691745281219482e-01 -3.050709664821624756e-01 -1.134490966796875000e-01 2.220004945993423462e-01 3.008488714694976807e-01 1.782430112361907959e-01 5.836704745888710022e-03 1.299812495708465576e-01
4.332746565341949463e-01 -9.229264408349990845e-02 1.556371599435806274e-01 -2.062273025512695312e-02 -2.975279092788696289e-01 -6.963091343641281128e-02 -2.270840555429458618e-01 -1.282664239406585693e-01 -1.360199898481369019e-01 4.014676809310913086e-02
2.406168729066848755e-01 -1.534795165061950684e-01 -2.721222341060638428e-01 2.864963412284851074e-01 1.349748820066452026e-01 1.879139393568038940e-01 -1.137720793485641479e-01 -5.963099002838134766e-02 -2.245730459690093994e-01 3.134773075580596924e-01
1.805508136749267578e-01 -8.221421390771865845e-02 8.279576152563095093e-02 -4.012304544448852539e-02 1.487761735916137695e-01 2.783950269222259521e-01 1.982941478490829468e-01 -4.280560463666915894e-02 1.479608416557312012e-01 -2.737773656845092773e-01
2.060148566961288452e-01 -2.201463133096694946e-01 1.109813377261161804e-01 7.255356758832931519e-02 -2.165847644209861755e-02 2.848996222019195557e-01 3.330556750297546387e-01 6.121362745761871338e-02 -8.362750709056854248e-02 1.129331290721893311e-01
3.861396014690399170e-01 8.271871507167816162e-02 -2.159213423728942871e-01 2.830248326063156128e-02 3.982057869434356689e-01 -5.976882576942443848e-02 -6.117421388626098633e-02 2.431710623204708099e-02 -1.473214030265808105e-01 3.146990239620208740e-01
3.696316778659820557e-01 2.269723266363143921e-01 6.478545814752578735e-02 1.551058441400527954e-01 6.646300852298736572e-02 -1.447171121835708618e-01 -2.947641611099243164e-01 -1.656084656715393066e-01 -8.382786065340042114e-02 2.774555981159210205e-01
2.655705511569976807e-01 -2.967811226844787598e-01 1.337447166442871094e-01 2.214809954166412354e-01 2.259244397282600403e-02 3.994936645030975342e-01 1.618913263082504272e-01 -8.336806297302246094e-02 -1.129541769623756409e-01 8.076611161231994629e-02
3.269543945789337158e-01 -6.812524050474166870e-02 -1.677552163600921631e-01 9.399424493312835693e-02 7.741934061050415039e-02 2.576968446373939514e-02 9.768621623516082764e-02 1.358711272478103638e-01 -7.625372707843780518e-02 2.365806996822357178e-01
1.943071633577346802e-01 -1.581487357616424561e-01 1.334193795919418335e-01 -1.691894978284835815e-01 -5.059257149696350098e-03 1.513161510229110718e-01 3.906827867031097412e-01 -1.393084675073623657e-01 -2.091427743434906006e-01 -7.707108277827501297e-03
3.758651316165924072e-01 -1.411390956491231918e-02 6.685135513544082642e-02 -2.878524363040924072e-01 2.165708318352699280e-02 1.185024529695510864e-02 -5.034551024436950684e-02 2.142523080110549927e-01 -2.084590792655944824e-01 1.023536026477813721e-01
4.009964764118194580e-01 1.042471751570701599e-01 -2.747186087071895599e-02 8.730126172304153442e-02 1.996044069528579712e-01 -2.795822918415069580e-02 -1.449683606624603271e-01 -7.735840231180191040e-02 -2.904332876205444336e-01 2.880307734012603760e-01
3.314345479011535645e-01 -2.984308823943138123e-02 1.189657673239707947e-01 -1.055696532130241394e-01 3.658621907234191895e-01 3.326093256473541260e-01 2.263524383306503296e-01 4.342017322778701782e-02 9.070032089948654175e-02 2.748844400048255920e-02
1.987215727567672729e-01 -2.463788688182830811e-01 6.531403213739395142e-02 1.690735518932342529e-01 3.229395151138305664e-01 5.746017694473266602e-01 3.040239512920379639e-01 -1.166616976261138916e-01 -5.235107615590095520e-02 2.145072370767593384e-01
4.700441360473632812e-01 -1.391545962542295456e-02 2.969657480716705322e-01 -1.261999756097793579e-01 5.905740335583686829e-02 2.763337194919586182e-01 2.053590267896652222e-01 2.306209355592727661e-01 1.223614253103733063e-02 4.324276745319366455e-02
4.563722908496856689e-01 -5.714553594589233398e-02 1.965834051370620728e-01 -4.399855434894561768e-02 1.675143986940383911e-01 1.811550706624984741e-01 1.387640088796615601e-02 6.713913381099700928e-02 -9.716242551803588867e-02 -7.074697315692901611e-02
5.873852968215942383e-01 -2.116681337356567383e-01 2.322920560836791992e-01 -2.561839856207370758e-02 1.608503907918930054e-01 1.350351143628358841e-03 -2.710563540458679199e-01 1.726598441600799561e-01 -1.025214567780494690e-01 -1.016963571310043335e-01
2.743287682533264160e-01 -3.687362372875213623e-02 2.454608827829360962e-01 -2.770571410655975342e-02 4.562699794769287109e-01 4.407216608524322510e-01 3.152987957000732422e-01 1.159634664654731750e-01 3.271557688713073730e-01 -2.919618785381317139e-01
3.760620355606079102e-01 -2.498355805873870850e-01 2.549268901348114014e-01 3.701736032962799072e-01 -7.141261547803878784e-02 1.869032233953475952e-01 3.099014759063720703e-01 -1.223393715918064117e-02 9.310505539178848267e-02 -6.420435011386871338e-02
1.849098205566406250e-01 -8.630520850419998169e-02 -5.956335738301277161e-02 4.098162800073623657e-02 4.286031052470207214e-02 7.450812309980392456e-02 3.376072645187377930e-01 8.550221472978591919e-02 -1.526172161102294922e-01 1.917415112257003784e-01
3.985179364681243896e-01 1.156647596508264542e-02 9.412713348865509033e-02 -1.465694457292556763e-01 1.024429798126220703e-01 1.063830256462097168e-01 -3.627485409379005432e-02 2.109292447566986084e-01 -2.376266568899154663e-01 -9.993210434913635254e-03
4.730326831340789795e-01 -1.288704425096511841e-01 -6.495817750692367554e-02 -6.465794146060943604e-02 -1.741122156381607056e-01 -1.099945455789566040e-01 -1.754376739263534546e-01 -3.411040455102920532e-02 -3.572025895118713379e-01 2.456108778715133667e-01
4.916687905788421631e-01 -1.288418769836425781e-01 1.985624730587005615e-01 5.009991582483053207e-04 -2.513518929481506348e-01 7.820907980203628540e-02 -9.230612218379974365e-02 3.420529514551162720e-02 -2.348239272832870483e-01 3.229668438434600830e-01
2.839203476905822754e-01 1.574928313493728638e-02 2.966271638870239258e-01 -1.292145699262619019e-01 9.261353313922882080e-02 1.787727326154708862e-01 1.431496143341064453e-01 1.924201697111129761e-01 -2.575006894767284393e-02 1.960725039243698120e-01
3.228369653224945068e-01 -4.355522990226745605e-02 -2.151425741612911224e-02 5.965176969766616821e-02 8.834499120712280273e-02 1.336665451526641846e-02 7.440310716629028320e-02 1.473758667707443237e-01 -5.656269937753677368e-02 5.779606476426124573e-02
3.937233984470367432e-01 9.018544107675552368e-02 2.501538097858428955e-01 -1.734227091073989868e-01 1.372878104448318481e-01 1.097874268889427185e-01 2.902462333440780640e-02 2.063499391078948975e-01 -1.785838454961776733e-01 4.009632766246795654e-02
3.540419042110443115e-01 -1.574521064758300781e-01 -6.061950698494911194e-02 3.559233546257019043e-01 4.167342483997344971e-01 2.741459310054779053e-01 1.496084034442901611e-01 -1.916791200637817383e-01 4.849155666306614876e-04 2.087330073118209839e-01
2.443985491991043091e-01 -4.253304898738861084e-01 8.154521137475967407e-02 2.293243259191513062e-01 -1.404840499162673950e-01 2.078726887702941895e-02 3.269607722759246826e-01 3.409140557050704956e-02 1.448838710784912109e-01 5.607702210545539856e-02
3.507061898708343506e-01 -2.217414975166320801e-01 -2.534289658069610596e-01 9.338889271020889282e-02 2.241381555795669556e-01 2.043007761240005493e-01 1.077730432152748108e-01 3.486751765012741089e-02 -1.511955112218856812e-01 2.474854290485382080e-01
3.815617859363555908e-01 -1.321654319763183594e-01 9.761033207178115845e-02 1.916812509298324585e-01 1.300288438796997070e-01 1.750925183296203613e-01 2.054215669631958008e-01 1.550571173429489136e-01 1.183688044548034668e-01 1.578370034694671631e-01
5.209879204630851746e-02 -6.942192465066909790e-02 -2.284327708184719086e-02 -5.133333802223205566e-02 1.043734624981880188e-01 1.109470427036285400e-01 4.372851252555847168e-01 7.698336988687515259e-02 -2.315321266651153564e-01 2.230619043111801147e-01
2.838031351566314697e-01 -1.759276986122131348e-01 3.297257721424102783e-01 -3.088268637657165527e-02 -8.202360570430755615e-02 1.089404150843620300e-01 2.584713399410247803e-01 2.279671877622604370e-01 8.443550020456314087e-02 9.176875650882720947e-02
1.297530978918075562e-01 -1.117600873112678528e-01 3.757734224200248718e-02 3.490291535854339600e-02 -3.627818077802658081e-02 8.528807014226913452e-02 3.062862455844879150e-01 -2.818266488611698151e-02 -1.035020686686038971e-02 1.216496229171752930e-01
6.144167110323905945e-02 -1.414793133735656738e-01 2.306459993124008179e-01 2.145672291517257690e-01 1.683925092220306396e-01 5.077085494995117188e-01 1.381521821022033691e-01 -2.091086953878402710e-01 1.695621907711029053e-01 -1.814502626657485962e-01
3.412981331348419189e-01 3.644644096493721008e-02 -2.722198329865932465e-02 -1.286597698926925659e-01 2.469306439161300659e-01 -2.999760955572128296e-02 -9.592810273170471191e-02 3.041408360004425049e-01 -2.674062252044677734e-01 2.257984131574630737e-01
2.844405472278594971e-01 -6.524328887462615967e-02 1.053739413619041443e-01 -8.561407774686813354e-02 3.389499783515930176e-01 3.755046725273132324e-01 3.121565878391265869e-01 1.316281221807003021e-02 1.205215156078338623e-01 9.203664958477020264e-02
2.306971251964569092e-01 -2.381962984800338745e-01 7.358024269342422485e-02 2.262220829725265503e-01 -1.952764019370079041e-02 5.282988399267196655e-02 1.971581131219863892e-01 1.115698888897895813e-01 -4.555572941899299622e-02 -3.148030117154121399e-02
3.454758226871490479e-01 -8.927623182535171509e-02 -1.660589128732681274e-01 8.356327563524246216e-02 1.235684454441070557e-01 1.780482828617095947e-01 -6.423293799161911011e-02 -4.433663096278905869e-03 -2.354718297719955444e-01 1.701552867889404297e-01
4.172628223896026611e-01 -6.741282343864440918e-02 2.952529489994049072e-01 1.057923585176467896e-01 -1.788090467453002930e-01 4.695059731602668762e-02 -8.325217664241790771e-02 -1.230534091591835022e-01 -8.302941918373107910e-02 -5.250240862369537354e-02
3.733402192592620850e-01 -2.486279010772705078e-01 -7.210826128721237183e-02 2.767807245254516602e-01 2.784849107265472412e-01 4.345955550670623779e-01 1.797300130128860474e-01 -1.258322149515151978e-01 8.866088092327117920e-02 5.406749993562698364e-02
2.902478277683258057e-01 -1.018350794911384583e-01 3.693450689315795898e-01 9.740782529115676880e-02 -1.892582699656486511e-02 4.614262282848358154e-01 4.687432199716567993e-02 5.869212746620178223e-02 -1.496178912930190563e-03 -9.195557236671447754e-02
2.162844538688659668e-01 -1.064572781324386597e-01 3.915166556835174561e-01 1.767425090074539185e-01 3.983165696263313293e-02 4.602000415325164795e-01 4.663760960102081299e-02 1.038024574518203735e-01 3.030776418745517731e-02 -1.894681602716445923e-01
2.391359359025955200e-01 3.237660974264144897e-02 2.049964517354965210e-01 -1.517282575368881226e-01 1.131955981254577637e-01 2.757672369480133057e-01 9.870363771915435791e-02 1.808013170957565308e-01 -9.337172657251358032e-02 5.270700156688690186e-02
5.388687849044799805e-01 -1.379326432943344116e-01 -2.634843289852142334e-01 4.262979608029127121e-03 2.932918071746826172e-01 1.267237514257431030e-01 -3.338366001844406128e-02 1.083566322922706604e-01 -3.927055373787879944e-02 1.428458839654922485e-01
2.616079747676849365e-01 -7.777989655733108521e-02 3.848816454410552979e-01 -1.558852940797805786e-01 2.819273620843887329e-03 2.560668587684631348e-01 2.136574387550354004e-01 5.251013487577438354e-02 -2.034910582005977631e-02 2.781231701374053955e-02
4.109480082988739014e-01 -1.347326785326004028e-01 -6.841867417097091675e-02 2.953854501247406006e-01 3.249303102493286133e-01 3.998557627201080322e-01 1.439672708511352539e-01 -8.258811384439468384e-02 4.837239161133766174e-03 2.016506046056747437e-01
2.431121915578842163e-01 -9.182672947645187378e-02 8.226179331541061401e-02 7.992009073495864868e-02 4.547985196113586426e-01 3.235035836696624756e-01 1.485182791948318481e-01 -3.212415054440498352e-02 2.059467732906341553e-01 -3.734824806451797485e-02
