2.436912506818771362e-01 -1.549393832683563232e-01 2.450022287666797638e-02 -5.915442109107971191e-02 -9.155812859535217285e-02
-2.927798964083194733e-02 -1.002377271652221680e-01 -1.226139068603515625e-01 -1.430465579032897949e-01 -5.906707420945167542e-02
2.036856263875961304e-01 1.206010580062866211e-01 2.646298613399267197e-03 -5.613436549901962280e-02 8.528430759906768799e-02
-4.306349158287048340e-02 -5.546232685446739197e-02 -3.888335824012756348e-02 -2.079469151794910431e-02 6.444798409938812256e-02
-5.131743103265762329e-02 9.666452556848526001e-02 2.000013291835784912e-01 1.255937814712524414e-01 3.547710925340652466e-02
-2.232322841882705688e-01 -1.132988184690475464e-01 1.291064918041229248e-01 -3.276880085468292236e-02 -2.983393147587776184e-03
2.000589109957218170e-02 -6.823325157165527344e-02 -2.253892831504344940e-02 -1.128420531749725342e-01 -1.377468109130859375e-01
1.145757660269737244e-01 5.204186215996742249e-02 -2.540437970310449600e-03 7.399286329746246338e-02 -2.494067251682281494e-01
-2.168283611536026001e-01 -1.411741822957992554e-01 2.055331915616989136e-01 2.725528739392757416e-02 -4.200451448559761047e-02
6.125245988368988037e-02 -2.183476388454437256e-01 1.989456452429294586e-02 -7.067606784403324127e-03 -1.117975860834121704e-01
5.993368104100227356e-02 4.900093004107475281e-02 -2.932245135307312012e-01 6.943586468696594238e-02 -1.191453635692596436e-01
1.956579834222793579e-01 2.291168123483657837e-01 -2.709029708057641983e-03 1.356664448976516724e-01 2.707186155021190643e-02
-3.456208854913711548e-02 2.415145486593246460e-01 -3.068670630455017090e-01 5.672663450241088867e-02 9.453682601451873779e-02
7.852861285209655762e-02 -4.602787084877490997e-03 4.803897347301244736e-03 -1.890707761049270630e-01 -1.210249587893486023e-01
-1.087730936706066132e-02 -1.109247654676437378e-01 -1.790514402091503143e-02 -4.071366973221302032e-03 -1.654763333499431610e-02
2.145336717367172241e-01 -1.552698165178298950e-01 -3.350272774696350098e-02 1.029586791992187500e-01 -4.222062826156616211e-01
-1.582917273044586182e-01 -1.564055383205413818e-01 5.009779334068298340e-02 -7.124603539705276489e-02 -7.487882673740386963e-02
-4.502386152744293213e-01 -3.609219789505004883e-01 -1.788746565580368042e-01 1.088184025138616562e-02 -1.348772644996643066e-01
-1.105383485555648804e-01 1.619522422552108765e-01 -2.337762415409088135e-01 -2.334547191858291626e-01 1.194321662187576294e-01
2.715268172323703766e-02 1.299391966313123703e-02 6.956317927688360214e-03 -1.251568645238876343e-01 5.487470701336860657e-02
-4.939569234848022461e-01 -2.261745035648345947e-01 -4.583862423896789551e-02 -4.253470152616500854e-02 4.696492478251457214e-02
1.113725081086158752e-01 1.114773452281951904e-01 -3.141205906867980957e-01 2.286094874143600464e-01 6.357800960540771484e-02
1.684937775135040283e-01 -5.835502967238426208e-02 -6.720301508903503418e-02 3.109809570014476776e-02 -4.366185665130615234e-01
1.315997987985610962e-01 -5.525509640574455261e-02 -2.743164263665676117e-02 1.577971577644348145e-01 -2.549719214439392090e-01
1.691653430461883545e-01 2.440740913152694702e-01 -1.315821558237075806e-01 9.197845123708248138e-03 5.996067449450492859e-02
-4.726584255695343018e-02 -4.749860465526580811e-01 8.863953500986099243e-02 1.784700006246566772e-01 -2.515661716461181641e-01
-1.686746478080749512e-01 -9.466042369604110718e-02 -2.228293418884277344e-01 -1.293360441923141479e-01 -4.366177693009376526e-02
-9.217509627342224121e-02 4.590132832527160645e-02 -3.498206734657287598e-01 -1.557895690202713013e-01 6.152386590838432312e-02
2.159210443496704102e-01 -1.338053047657012939e-01 -3.528063371777534485e-02 -7.129395008087158203e-02 -2.440112382173538208e-01
8.455715328454971313e-02 1.809864193201065063e-01 1.108553186058998108e-01 1.151289343833923340e-01 3.012494556605815887e-02
1.132313460111618042e-01 -1.025589630007743835e-01 -2.262894622981548309e-02 -2.316966839134693146e-02 8.133509010076522827e-02
-5.610760673880577087e-02 -9.660986065864562988e-02 3.599034156650304794e-03 7.683560252189636230e-02 -5.539940670132637024e-03
-2.390302866697311401e-01 9.010569751262664795e-02 -9.262222051620483398e-02 -1.690239012241363525e-01 3.432448953390121460e-02
-6.369860470294952393e-02 7.473813742399215698e-02 1.594796963036060333e-02 -7.224624603986740112e-02 -1.590372994542121887e-03
1.827250607311725616e-02 -1.230754256248474121e-01 -5.475112795829772949e-02 -1.081463098526000977e-01 1.412748396396636963e-01
8.167391270399093628e-02 6.649742275476455688e-02 7.291775941848754883e-02 5.011065863072872162e-03 -8.176788687705993652e-02
1.748026013374328613e-01 1.866033822298049927e-01 1.705915629863739014e-01 2.839019708335399628e-02 5.319317802786827087e-03
1.861842721700668335e-01 2.038584649562835693e-01 -2.196974158287048340e-01 1.809048056602478027e-01 4.798468574881553650e-02
3.066370449960231781e-02 3.013562597334384918e-02 -1.712386310100555420e-01 -1.330828759819269180e-02 6.938767433166503906e-02
8.956144750118255615e-02 -2.284657955169677734e-01 -2.631217539310455322e-01 -3.258265554904937744e-02 -4.918332770466804504e-02
-4.931202530860900879e-02 1.327966433018445969e-02 2.503502070903778076e-01 1.650289744138717651e-01 5.677378177642822266e-02
-1.923869103193283081e-01 -2.820500433444976807e-01 3.014301657676696777e-01 5.265935510396957397e-02 -6.703145802021026611e-02
1.348389834165573120e-01 2.823134660720825195e-01 2.285297513008117676e-01 -6.261970102787017822e-02 -5.901491269469261169e-03
-1.411436349153518677e-01 -6.507343798875808716e-02 1.743536293506622314e-01 -1.795293241739273071e-01 -6.472547352313995361e-02
-8.771568536758422852e-02 1.345054060220718384e-01 -9.637282043695449829e-02 1.974416375160217285e-01 3.348421677947044373e-02
-1.498370021581649780e-01 2.496463060379028320e-01 4.146131128072738647e-02 -2.127857692539691925e-02 4.168652370572090149e-02
-1.085740923881530762e-01 -1.142246872186660767e-01 3.708928227424621582e-01 1.529013216495513916e-01 -6.805193424224853516e-02
1.566134840250015259e-01 2.335865497589111328e-01 -9.963277727365493774e-02 8.778145909309387207e-02 -1.809870898723602295e-01
2.854031510651111603e-02 -8.938491344451904297e-02 1.227928400039672852e-01 4.687144421041011810e-03 1.949183456599712372e-02
8.232442289590835571e-02 -1.022581830620765686e-01 6.943489611148834229e-02 4.994440078735351562e-02 -1.720097661018371582e-01
-1.017243787646293640e-01 1.159940436482429504e-01 1.976603716611862183e-01 1.151859462261199951e-01 1.238820254802703857e-01
1.780341006815433502e-02 -3.994529321789741516e-02 -2.978016436100006104e-01 -8.203075267374515533e-03 -3.159749880433082581e-02
-2.609517574310302734e-01 -2.090507298707962036e-01 -1.790549755096435547e-01 -9.087973833084106445e-02 -1.910949647426605225e-01
9.539799764752388000e-03 -4.244114086031913757e-02 -2.641313336789608002e-02 1.436370518058538437e-02 9.266342222690582275e-02
-1.269163340330123901e-01 3.656506165862083435e-02 2.243737727403640747e-01 -6.916291266679763794e-02 -1.299753189086914062e-01
-9.487274289131164551e-02 -1.191726177930831909e-01 4.726855456829071045e-02 -9.865292347967624664e-03 -3.665195778012275696e-02
5.869963765144348145e-02 1.847195476293563843e-01 -6.457719951868057251e-02 -2.498451061546802521e-02 -8.588624000549316406e-02
2.752790600061416626e-02 2.937442958354949951e-01 -9.738952666521072388e-02 -2.101042866706848145e-01 2.306373119354248047e-01
-1.116766333580017090e-01 2.061713300645351410e-02 2.148258984088897705e-01 6.570374965667724609e-02 1.957250237464904785e-01
1.653394252061843872e-01 -6.217017397284507751e-02 -5.402953550219535828e-02 9.176020324230194092e-02 -3.938696384429931641e-01
-2.027562856674194336e-01 -2.441659271717071533e-01 -8.772481977939605713e-02 -6.795874238014221191e-02 -3.174653947353363037e-01
3.911732882261276245e-02 1.322572231292724609e-01 -2.394234985113143921e-01 -2.540669031441211700e-02 2.802541665732860565e-02
-1.609125584363937378e-01 8.781871199607849121e-02 -9.055000543594360352e-02 1.249125152826309204e-01 1.037285923957824707e-01
1.259333044290542603e-01 1.397165656089782715e-01 3.298607170581817627e-01 -2.283823043107986450e-01 7.666923105716705322e-02
-2.802802622318267822e-01 -8.244046568870544434e-02 1.008013188838958740e-01 7.408851385116577148e-02 6.595738232135772705e-02
7.798435539007186890e-02 8.738812804222106934e-02 -2.112702429294586182e-01 -1.662987768650054932e-01 -5.898481234908103943e-02
8.255267143249511719e-02 2.044803202152252197e-01 4.984737839549779892e-03 1.553944945335388184e-01 -6.028490141034126282e-03
1.473471671342849731e-01 2.000573128461837769e-01 6.392405927181243896e-02 -7.055222988128662109e-02 2.859384007751941681e-02
2.558744847774505615e-01 2.653374969959259033e-01 4.310648143291473389e-02 -4.545759002212435007e-04 -1.443669386208057404e-02
6.294925510883331299e-02 -3.434170410037040710e-02 1.757055521011352539e-01 1.782107800245285034e-01 6.455595791339874268e-02
-2.085702121257781982e-01 4.145869240164756775e-02 -2.944839894771575928e-01 -6.546666473150253296e-02 -2.918513678014278412e-02
-3.881332650780677795e-02 2.043785601854324341e-01 -2.225465886294841766e-02 -2.050973623991012573e-01 2.192362546920776367e-01
-1.791296759620308876e-03 2.253335714340209961e-01 -5.961275193840265274e-03 1.446641832590103149e-01 7.624784111976623535e-02
9.408818557858467102e-03 1.629490554332733154e-01 9.240241348743438721e-02 -4.030565917491912842e-02 -5.726468190550804138e-02
-5.500794202089309692e-02 1.201639845967292786e-01 2.117508649826049805e-01 -9.500813484191894531e-02 -1.789710819721221924e-01
-1.674890071153640747e-01 -8.623424917459487915e-02 4.625500645488500595e-03 2.101206965744495392e-02 -8.202675729990005493e-02
6.137573346495628357e-02 -2.035049200057983398e-01 -1.385462097823619843e-02 -2.123848767951130867e-03 -2.320733666419982910e-01
2.295784652233123779e-01 2.122288048267364502e-01 -3.695918917655944824e-01 -2.763115055859088898e-02 -1.080883145332336426e-01
1.107345670461654663e-01 1.622473299503326416e-01 3.962732851505279541e-01 -8.786499500274658203e-02 4.564759507775306702e-02
1.311975866556167603e-01 1.650221943855285645e-01 1.299231052398681641e-01 1.181624755263328552e-01 -2.784870006144046783e-02
6.085361540317535400e-02 2.734744250774383545e-01 -4.832399636507034302e-02 -2.649464905261993408e-01 4.641085863113403320e-01
-1.810223907232284546e-01 -2.053866982460021973e-01 8.794178813695907593e-02 2.219346724450588226e-02 4.190156608819961548e-02
9.592469781637191772e-02 1.314402818679809570e-01 -2.159493267536163330e-01 2.124240398406982422e-01 -1.198237389326095581e-01
-5.876603070646524429e-03 2.993861138820648193e-01 1.485962569713592529e-01 1.729991734027862549e-01 -5.792200937867164612e-02
2.541740834712982178e-01 2.426179945468902588e-01 -1.602651923894882202e-01 -7.599123567342758179e-02 1.129220947623252869e-01
6.826968491077423096e-02 2.417308390140533447e-01 7.899878919124603271e-02 1.310137510299682617e-01 1.079488620162010193e-01
-7.735905051231384277e-02 -1.026450470089912415e-01 6.490170955657958984e-02 -6.725147366523742676e-02 -5.219066515564918518e-03
-4.472485184669494629e-02 8.176791481673717499e-03 8.217745274305343628e-02 7.080519944429397583e-02 3.734981641173362732e-03
-1.592925637960433960e-01 1.451458930969238281e-01 -2.848009467124938965e-01 -1.414892226457595825e-01 -3.908011689782142639e-02
-1.414042897522449493e-02 1.670423448085784912e-01 -9.533087909221649170e-02 -1.310590058565139771e-01 1.408544480800628662e-01
-6.965459138154983521e-02 -4.712365195155143738e-02 7.541398704051971436e-02 -2.719921804964542389e-02 -5.426989868283271790e-02
6.653426587581634521e-02 2.770180068910121918e-02 8.711695671081542969e-02 2.667172439396381378e-02 -1.188775822520256042e-01
8.077004551887512207e-02 2.255989313125610352e-01 1.391016989946365356e-01 4.624737799167633057e-02 2.135909534990787506e-02
-2.137452811002731323e-01 -3.650494515895843506e-01 -2.286826670169830322e-01 3.626836836338043213e-02 -1.835147738456726074e-01
-2.832255661487579346e-01 -4.402203261852264404e-01 -2.968656122684478760e-01 -7.956893183290958405e-03 -1.382947266101837158e-01
1.384145766496658325e-01 3.923323377966880798e-02 1.685665249824523926e-01 -3.873802721500396729e-02 -8.098172023892402649e-03
-2.109550833702087402e-01 -4.001466035842895508e-01 1.549259275197982788e-01 4.127481579780578613e-02 -7.703157141804695129e-03
2.040309607982635498e-01 1.303619742393493652e-01 3.500636667013168335e-02 -3.767703473567962646e-02 1.059268862009048462e-01
4.721183329820632935e-02 1.780396252870559692e-01 -8.390111848711967468e-03 1.864830702543258667e-01 6.649915128946304321e-02
4.945293813943862915e-02 2.426735013723373413e-01 -1.834679991006851196e-01 -1.496316790580749512e-01 3.072340600192546844e-02
