-1.395761072635650635e-01 -1.742948144674301147e-01 4.715776443481445312e-01 -1.178902983665466309e-01 3.054850101470947266e-01 3.770861923694610596e-01 4.663406312465667725e-01 -2.398810982704162598e-01 2.741734683513641357e-02 -1.441259980201721191e-01 1.193749308586120605e-01 2.913010120391845703e-01 -1.483345031738281250e-01 2.997244708240032196e-02 4.307540878653526306e-02
-1.831935346126556396e-01 -9.239131212234497070e-02 3.911039233207702637e-01 2.080067992210388184e-02 2.113609313964843750e-01 2.369108945131301880e-01 2.359674423933029175e-01 -3.136945664882659912e-01 1.364761739969253540e-01 -6.795432418584823608e-02 -2.556774020195007324e-02 1.927223205566406250e-01 -1.771194189786911011e-01 -6.016467511653900146e-02 5.571029707789421082e-02
3.680882602930068970e-02 -1.094378381967544556e-01 4.249689728021621704e-02 -2.912136614322662354e-01 5.692698955535888672e-01 -5.129767209291458130e-02 2.694011032581329346e-01 6.356669962406158447e-02 -1.276147961616516113e-01 -1.145006716251373291e-01 1.786351948976516724e-01 -2.222937643527984619e-01 2.134007960557937622e-01 1.643432378768920898e-01 -4.034573957324028015e-02
-2.410224825143814087e-01 9.616253897547721863e-03 1.918075047433376312e-02 -2.161116600036621094e-01 4.083001241087913513e-02 6.495901197195053101e-02 -1.200217194855213165e-02 6.369483470916748047e-02 -1.861657947301864624e-02 -3.226289153099060059e-01 -1.544969379901885986e-01 -2.067063450813293457e-01 -3.246462643146514893e-01 -6.444648653268814087e-02 -1.646130532026290894e-01
-1.031867116689682007e-01 -7.836269214749336243e-03 1.148294135928153992e-01 -5.302368104457855225e-02 3.198263049125671387e-01 -3.609482198953628540e-02 -3.616544604301452637e-02 -1.062060892581939697e-01 -2.816405594348907471e-01 8.392083644866943359e-02 1.229193657636642456e-01 -3.849870562553405762e-01 9.721037000417709351e-03 4.028789699077606201e-01 -1.542969942092895508e-01
-3.442125916481018066e-01 1.862442791461944580e-01 3.736858069896697998e-01 -2.382034435868263245e-04 4.764620065689086914e-01 -1.630707681179046631e-01 2.164982073009014130e-02 -1.502032577991485596e-01 -1.478938311338424683e-01 2.185821086168289185e-01 1.257216185331344604e-01 -3.921874463558197021e-01 -9.745527058839797974e-03 3.656703233718872070e-01 -3.646448552608489990e-01
-2.298644036054611206e-01 -9.409353137016296387e-02 3.136408925056457520e-01 -1.351739764213562012e-01 1.911751329898834229e-01 1.760309785604476929e-01 4.593228995800018311e-01 -1.132358685135841370e-01 1.168507412075996399e-01 -8.771469444036483765e-02 4.745569825172424316e-02 1.802582107484340668e-02 -2.065252885222434998e-02 -5.084054172039031982e-02 -3.762015327811241150e-02
-1.612541973590850830e-01 1.922981739044189453e-01 -1.776405572891235352e-01 -8.370392024517059326e-02 2.498387396335601807e-01 -1.711539179086685181e-02 5.156800150871276855e-02 -1.282625496387481689e-01 -3.125252574682235718e-02 -7.214266061782836914e-02 -2.334626764059066772e-02 -2.830407321453094482e-01 -1.842504739761352539e-01 2.903628647327423096e-01 -2.203304171562194824e-01
-2.287279218435287476e-01 -3.474231436848640442e-02 3.850630819797515869e-01 1.558954920619726181e-02 4.517523646354675293e-01 -2.498764097690582275e-01 3.340230882167816162e-02 -9.231098741292953491e-02 -6.296204030513763428e-02 2.055534869432449341e-01 2.359075397253036499e-01 -2.880754172801971436e-01 -1.017713695764541626e-01 5.423371195793151855e-01 -2.694385647773742676e-01
-1.663641482591629028e-01 -2.705367207527160645e-01 3.550311625003814697e-01 5.148887634277343750e-02 2.918090820312500000e-01 1.369110494852066040e-01 7.483518123626708984e-02 -1.343743409961462021e-02 -2.216566540300846100e-02 -1.548819690942764282e-01 2.247740179300308228e-01 -1.483734250068664551e-01 -1.755238324403762817e-01 3.746064305305480957e-01 -1.153305545449256897e-01
-5.557817816734313965e-01 -1.948576569557189941e-01 1.445642113685607910e-01 -2.426418066024780273e-01 2.963406965136528015e-02 7.495500892400741577e-02 3.296415805816650391e-01 -1.224247738718986511e-01 -5.555367469787597656e-02 -2.899630963802337646e-01 8.501541614532470703e-02 -1.998751461505889893e-01 -1.451576352119445801e-01 2.167426496744155884e-01 -4.019351005554199219e-01
-3.962441384792327881e-01 -1.848886907100677490e-01 1.662555783987045288e-01 -2.684049010276794434e-01 3.342022895812988281e-01 2.213911414146423340e-01 4.210615754127502441e-01 -2.127733528614044189e-01 -1.474494934082031250e-01 -9.181641787290573120e-02 1.087352037429809570e-01 -3.462809324264526367e-01 -2.895433306694030762e-01 2.462543696165084839e-01 -1.788416802883148193e-01
-1.828592568635940552e-01 6.092501059174537659e-02 2.654472887516021729e-01 -5.095390975475311279e-02 2.989661991596221924e-01 1.431814879179000854e-01 -1.669357717037200928e-01 -3.544400632381439209e-01 1.612986624240875244e-02 1.055135875940322876e-01 2.741674333810806274e-02 -2.956375665962696075e-02 3.151676058769226074e-02 -6.629376113414764404e-02 -1.166049763560295105e-01
-1.905217766761779785e-01 -1.138236671686172485e-01 4.522270858287811279e-01 5.879284441471099854e-02 3.183839023113250732e-01 1.122096553444862366e-01 2.410739958286285400e-01 -1.718870103359222412e-01 7.319033890962600708e-02 -1.269413158297538757e-02 1.512341108173131943e-02 1.110051199793815613e-01 -1.459631770849227905e-01 4.454037547111511230e-02 4.606805369257926941e-02
-2.282072007656097412e-01 7.737687230110168457e-02 2.530882656574249268e-01 -2.025644481182098389e-01 2.491854578256607056e-01 -1.786838173866271973e-01 8.411121368408203125e-02 4.550212249159812927e-02 -1.997448056936264038e-01 1.563203185796737671e-01 8.685351163148880005e-02 -3.428545296192169189e-01 3.186848014593124390e-02 3.368634879589080811e-01 -3.570088744163513184e-01
-1.838336288928985596e-01 1.483387202024459839e-01 1.547404676675796509e-01 -4.300218224525451660e-01 4.199567735195159912e-01 4.752065986394882202e-02 2.366321831941604614e-01 -2.919875681400299072e-01 -1.671824455261230469e-01 -6.369011104106903076e-02 -1.834364235401153564e-02 -1.888960450887680054e-01 -1.253990828990936279e-01 4.679730236530303955e-01 -3.671880364418029785e-01
-3.479441404342651367e-01 -1.137941479682922363e-01 -1.170452777296304703e-02 -2.969469130039215088e-01 1.215998306870460510e-01 1.390428096055984497e-01 3.711002171039581299e-01 6.778700649738311768e-02 -1.563825011253356934e-01 -4.649848937988281250e-01 -2.094057053327560425e-01 -3.935459852218627930e-01 -3.814643323421478271e-01 -4.720783233642578125e-02 -3.944615647196769714e-02
-3.259840011596679688e-01 -1.841706037521362305e-01 6.957883387804031372e-02 -2.956685721874237061e-01 1.884646862745285034e-01 3.417632877826690674e-01 3.598785102367401123e-01 7.188559509813785553e-03 -9.559588134288787842e-02 -4.360050559043884277e-01 -1.083067953586578369e-01 -1.780610680580139160e-01 -3.545607626438140869e-01 -1.453448925167322159e-02 -2.046705782413482666e-01
-2.870322205126285553e-02 -1.293443329632282257e-02 2.192409336566925049e-01 -1.449598670005798340e-01 2.885270416736602783e-01 1.820619106292724609e-01 5.018518865108489990e-02 -2.623010873794555664e-01 -9.693375229835510254e-02 -4.974102973937988281e-02 1.903328150510787964e-01 -3.047162108123302460e-02 3.337756544351577759e-02 7.328787446022033691e-02 -1.241751983761787415e-01
-5.201168358325958252e-02 -1.131347008049488068e-02 2.491514384746551514e-01 -2.659832537174224854e-01 5.124204158782958984e-01 8.293702453374862671e-02 -1.722581088542938232e-01 -2.355055809020996094e-01 -2.190645933151245117e-01 1.368906795978546143e-01 -1.464988142251968384e-01 -2.510870993137359619e-01 1.608200222253799438e-01 1.186192333698272705e-01 -2.000693678855895996e-01
-3.778502345085144043e-01 2.036838047206401825e-02 7.360596954822540283e-02 -3.690073788166046143e-01 2.848932743072509766e-01 1.817923337221145630e-01 3.176691234111785889e-01 8.880548179149627686e-02 -2.351644188165664673e-01 -4.325299859046936035e-01 -3.345430791378021240e-01 -2.334454506635665894e-01 -2.814173400402069092e-01 -1.550260335206985474e-01 -7.852937094867229462e-03
-6.337732672691345215e-01 -2.265827655792236328e-01 1.695018410682678223e-01 -2.213155329227447510e-01 -5.801311507821083069e-02 3.532828986644744873e-01 4.194305241107940674e-01 -1.127760261297225952e-01 -1.062574088573455811e-01 -2.090198546648025513e-01 8.228299766778945923e-02 -2.969922125339508057e-01 -2.272859066724777222e-01 8.969560265541076660e-02 -2.966005206108093262e-01
-2.322953641414642334e-01 1.290839314460754395e-01 1.962138805538415909e-03 -1.118966192007064819e-01 3.227491378784179688e-01 -1.119297668337821960e-01 1.514936983585357666e-01 -1.700813472270965576e-01 2.556885778903961182e-02 -1.345725208520889282e-01 -3.099972754716873169e-02 -2.460611909627914429e-01 -8.841958642005920410e-02 4.661716520786285400e-01 -3.150181174278259277e-01
-2.554725110530853271e-01 1.800553053617477417e-01 2.369770966470241547e-02 -2.163064479827880859e-01 3.352452814579010010e-01 -1.378952860832214355e-01 8.150108158588409424e-02 -2.321480065584182739e-01 -5.308543145656585693e-02 -1.053884774446487427e-01 -1.113410890102386475e-01 -3.566198050975799561e-01 -2.798351049423217773e-01 3.558135926723480225e-01 -2.719935476779937744e-01
-3.995117247104644775e-01 -2.420861124992370605e-01 6.817214936017990112e-02 -3.004855215549468994e-01 9.980229288339614868e-02 2.528207004070281982e-01 3.051922321319580078e-01 -1.775633692741394043e-01 -7.703378796577453613e-02 -1.507570296525955200e-01 -2.223145589232444763e-02 -2.899141013622283936e-01 -4.541069641709327698e-02 1.541098505258560181e-01 -1.838056296110153198e-01
-4.697092622518539429e-02 -2.505028247833251953e-01 4.315272271633148193e-01 -1.626322418451309204e-01 3.448898196220397949e-01 -7.056600879877805710e-03 3.483088910579681396e-01 -1.241612434387207031e-01 -4.261456057429313660e-02 -3.145415103062987328e-03 2.369552105665206909e-01 -8.102674782276153564e-02 -1.903991103172302246e-01 4.608842134475708008e-01 -9.566249698400497437e-02
-4.908332973718643188e-02 -3.083265721797943115e-01 2.353924959897994995e-01 -1.484067589044570923e-01 4.239457249641418457e-01 2.223628312349319458e-01 1.490311026573181152e-01 -7.829180359840393066e-02 -1.566626727581024170e-01 1.296786963939666748e-01 -2.053062170743942261e-01 -4.601470530033111572e-01 6.940436083823442459e-03 2.976384460926055908e-01 1.742184720933437347e-02
7.346332818269729614e-02 -1.864818669855594635e-02 3.210480213165283203e-01 -3.073982298374176025e-01 1.394183039665222168e-01 3.873260319232940674e-01 -1.896861381828784943e-02 -3.239157497882843018e-01 -1.198299676179885864e-01 -1.422894597053527832e-01 1.415400654077529907e-01 6.900992989540100098e-02 -8.897686749696731567e-02 -3.188918530941009521e-02 -2.320243418216705322e-01
-2.417115420103073120e-01 2.027047872543334961e-01 -2.378494478762149811e-02 -1.233838796615600586e-01 2.140673846006393433e-01 -3.145737200975418091e-02 1.239844411611557007e-01 -2.224775850772857666e-01 5.609779804944992065e-02 -1.197872459888458252e-01 8.879104256629943848e-02 -1.924425065517425537e-01 -2.276202887296676636e-01 3.852393329143524170e-01 -3.684721291065216064e-01
-2.065621763467788696e-01 -1.199270784854888916e-01 -1.762333810329437256e-01 -2.699143290519714355e-01 1.922204643487930298e-01 1.228216215968132019e-01 1.627422869205474854e-01 -2.464913278818130493e-01 -2.796830236911773682e-02 -5.234510079026222229e-02 -2.021705806255340576e-01 -5.677580833435058594e-01 -3.748697414994239807e-02 2.274966239929199219e-01 1.173772383481264114e-02
-1.445919461548328400e-02 4.672418162226676941e-02 2.331059128046035767e-01 -5.352485179901123047e-02 6.472806334495544434e-01 -2.061650902032852173e-02 1.684422194957733154e-01 -2.299138009548187256e-01 -7.157319039106369019e-02 -6.033236905932426453e-02 1.527031511068344116e-01 -2.502256333827972412e-01 -1.920815184712409973e-02 2.210223823785781860e-01 -1.609985828399658203e-01
-1.786769777536392212e-01 1.017923280596733093e-01 2.759096622467041016e-01 -2.429759502410888672e-02 3.762763440608978271e-01 -1.188024356961250305e-01 -3.024134226143360138e-02 -1.535968780517578125e-01 -1.957259774208068848e-01 1.660384088754653931e-01 1.830970793962478638e-01 -4.870376884937286377e-01 -9.173657000064849854e-02 3.367172777652740479e-01 -2.839479446411132812e-01
-1.688923239707946777e-01 -1.114673912525177002e-01 1.824728250503540039e-01 -8.982499688863754272e-02 3.218972310423851013e-02 3.300870656967163086e-01 -2.931696362793445587e-02 -1.475881338119506836e-01 -9.168248623609542847e-02 -9.647971391677856445e-02 1.541892737150192261e-01 -2.082299999892711639e-02 -1.958376318216323853e-01 -5.206269025802612305e-02 -1.348493248224258423e-01
-2.228831052780151367e-01 1.319868257269263268e-03 6.950934976339340210e-02 -2.595290243625640869e-01 1.700719743967056274e-01 -1.000342890620231628e-01 8.838213980197906494e-02 5.600194633007049561e-02 -2.246312797069549561e-01 -1.026350408792495728e-01 -1.579727083444595337e-01 -1.700206995010375977e-01 -2.753082215785980225e-01 -1.280164811760187149e-02 -2.105816304683685303e-01
-1.879467256367206573e-02 -3.449267521500587463e-02 2.347189486026763916e-01 -2.010531127452850342e-01 6.423029899597167969e-01 -2.784926444292068481e-02 3.158360421657562256e-01 -1.499360203742980957e-01 -2.680295612663030624e-03 -1.443264633417129517e-01 1.289933919906616211e-01 -2.991101741790771484e-01 9.667575359344482422e-02 9.982822835445404053e-02 -8.439960330724716187e-02
-1.434989720582962036e-01 -5.186503008008003235e-02 2.810178101062774658e-01 -1.789664924144744873e-01 3.794369697570800781e-01 4.922647029161453247e-02 -4.051551222801208496e-02 -1.751187294721603394e-01 -1.907585561275482178e-01 -1.209322512149810791e-01 -5.699717625975608826e-02 -1.696290969848632812e-01 6.435900926589965820e-02 8.221903443336486816e-02 -2.428994774818420410e-01
-1.169335246086120605e-01 -1.600416610017418861e-03 2.596928272396326065e-03 -1.836609542369842529e-01 1.116042882204055786e-01 2.968600094318389893e-01 4.395103454589843750e-01 -3.520598262548446655e-02 -1.695960760116577148e-01 -1.259039789438247681e-01 1.131811290979385376e-01 -2.012865990400314331e-01 -1.670248457230627537e-03 1.499864906072616577e-01 -7.205323129892349243e-02
-1.719228364527225494e-02 -1.768263727426528931e-01 -8.110300637781620026e-03 -1.798630058765411377e-01 2.409116774797439575e-01 3.910351097583770752e-01 2.258394360542297363e-01 -1.490818411111831665e-01 -1.358307003974914551e-01 -2.244851142168045044e-01 -1.353930085897445679e-01 -3.230488598346710205e-01 -2.174009755253791809e-02 1.237707287073135376e-01 5.061212554574012756e-02
1.572716981172561646e-01 -5.526123568415641785e-02 4.324692785739898682e-01 -2.991905212402343750e-01 4.689492285251617432e-01 -3.567225486040115356e-02 -1.008974909782409668e-01 -3.492563366889953613e-01 6.988230347633361816e-02 -3.495601192116737366e-02 1.077708508819341660e-02 -7.526779174804687500e-02 -9.987289458513259888e-02 3.056921064853668213e-01 -1.637707948684692383e-01
-8.760748058557510376e-02 -1.509139239788055420e-01 1.143078878521919250e-01 -1.791113168001174927e-01 2.791376113891601562e-01 1.741566956043243408e-01 2.098750919103622437e-01 -9.242708235979080200e-02 -2.093645483255386353e-01 -2.787477150559425354e-02 -1.267388015985488892e-01 -3.507689237594604492e-01 -1.098532453179359436e-01 4.147688746452331543e-01 -6.859428435564041138e-02
-2.515366375446319580e-01 -1.870977878570556641e-01 1.878437399864196777e-01 -4.003135859966278076e-02 4.820513725280761719e-01 -1.971546560525894165e-02 7.327824831008911133e-02 -1.619267463684082031e-01 -1.250232011079788208e-01 4.933991655707359314e-02 1.701827198266983032e-01 -3.955956399440765381e-01 -6.948135793209075928e-02 4.027468860149383545e-01 -8.291222900152206421e-02
-2.662706375122070312e-01 -3.249835371971130371e-01 1.878225058317184448e-01 -1.408421993255615234e-01 4.298300743103027344e-01 -4.080726951360702515e-02 3.709785640239715576e-01 -1.009553298354148865e-01 -1.227172166109085083e-01 -8.318045735359191895e-02 1.667201220989227295e-01 -5.010063052177429199e-01 -5.831572785973548889e-02 4.115267693996429443e-01 4.598310962319374084e-02
-1.688547432422637939e-01 7.671001553535461426e-02 1.296090483665466309e-01 -1.643554717302322388e-01 1.431623846292495728e-01 4.730498194694519043e-01 4.745869338512420654e-01 -3.640924990177154541e-01 -2.595894634723663330e-01 1.065108738839626312e-02 -2.444803342223167419e-02 -1.590880006551742554e-01 -1.794993430376052856e-01 9.519045054912567139e-02 -9.036529809236526489e-02
-7.577198743820190430e-02 -1.209813058376312256e-01 -3.819608595222234726e-03 -4.051812291145324707e-01 1.737273931503295898e-01 1.791467070579528809e-01 7.296486292034387589e-03 -1.161271110177040100e-01 -3.700498491525650024e-02 -1.928511857986450195e-01 -1.549238264560699463e-01 -1.552319824695587158e-01 -1.687011271715164185e-01 7.443121634423732758e-03 -1.088089048862457275e-01
-5.115886330604553223e-01 -3.529034554958343506e-01 9.277523308992385864e-02 -4.551893174648284912e-01 1.497513651847839355e-01 2.126334160566329956e-01 4.013570249080657959e-01 -9.465112816542387009e-05 1.466216985136270523e-02 -1.660079360008239746e-01 -7.547297514975070953e-03 -2.187662571668624878e-01 -2.695923745632171631e-01 1.901528090238571167e-01 -2.923295795917510986e-01
-1.555812060832977295e-01 -1.988167911767959595e-01 9.193889051675796509e-02 -2.419446408748626709e-01 2.279951721429824829e-01 3.384778201580047607e-01 3.300245106220245361e-01 -8.120489120483398438e-02 -1.139153391122817993e-01 -2.136656641960144043e-01 7.481393218040466309e-02 -2.331043779850006104e-01 7.029949128627777100e-02 2.118009775876998901e-01 -5.791276320815086365e-02
-2.622421085834503174e-01 -1.900711655616760254e-01 9.810498356819152832e-02 -8.074913918972015381e-02 4.114711284637451172e-01 -5.431059747934341431e-02 1.632359027862548828e-01 -1.863629519939422607e-01 -1.153521388769149780e-01 1.190151870250701904e-01 9.088079631328582764e-02 -3.505023419857025146e-01 -5.390852317214012146e-02 4.390077292919158936e-01 -1.162170916795730591e-01
-3.442102670669555664e-01 -2.243241816759109497e-01 1.551890820264816284e-01 -1.561327576637268066e-01 3.116537928581237793e-01 2.536048889160156250e-01 3.629722297191619873e-01 -1.121981590986251831e-01 -2.492024898529052734e-01 -8.462893962860107422e-02 1.170935630798339844e-01 -2.904753983020782471e-01 -3.884527683258056641e-01 2.136467248201370239e-01 -6.762327253818511963e-02
-1.300797164440155029e-01 -1.266700178384780884e-01 4.072201848030090332e-01 2.697409689426422119e-02 9.349907934665679932e-02 5.271626263856887817e-02 1.872059702873229980e-01 3.129259683191776276e-03 -9.831459075212478638e-02 -2.560662329196929932e-01 2.586269974708557129e-01 -1.097733825445175171e-01 -1.148464903235435486e-01 4.115726053714752197e-01 -2.532202899456024170e-01
-2.143007367849349976e-01 -2.341976463794708252e-01 4.007698297500610352e-01 -5.324041843414306641e-02 2.176876962184906006e-01 2.824345827102661133e-01 3.093136250972747803e-01 -2.353302836418151855e-01 7.696817815303802490e-02 -1.555589139461517334e-01 2.843380719423294067e-02 1.540972888469696045e-01 -2.707484662532806396e-01 -1.792766340076923370e-02 4.231966659426689148e-02
-2.907085418701171875e-01 -1.286096870899200439e-01 2.021395117044448853e-01 -1.661609113216400146e-01 4.877425432205200195e-01 -1.015397980809211731e-01 1.656227707862854004e-01 -2.546934783458709717e-01 -4.485535025596618652e-01 1.832149028778076172e-01 -8.504448086023330688e-02 -3.054842650890350342e-01 -1.008890569210052490e-01 4.955876171588897705e-01 -2.155755273997783661e-02
-5.012867599725723267e-02 -1.963597089052200317e-01 1.914945393800735474e-01 -2.758724689483642578e-01 3.246438503265380859e-01 1.706503331661224365e-01 1.997630149126052856e-01 -4.717928171157836914e-02 -2.181190550327301025e-01 -8.063945174217224121e-02 -6.529568135738372803e-02 -2.531172633171081543e-01 -1.299382448196411133e-01 2.627903521060943604e-01 -2.403492778539657593e-01
-1.960728503763675690e-02 -2.946436405181884766e-01 2.161294668912887573e-01 -3.004933893680572510e-01 4.732072651386260986e-01 2.175975143909454346e-01 1.653347611427307129e-01 4.087839275598526001e-02 -1.899223774671554565e-01 1.470990106463432312e-02 -7.420374453067779541e-02 -4.917706251144409180e-01 2.204948291182518005e-02 3.226866424083709717e-01 -8.366400748491287231e-02
7.599009666591882706e-03 -2.365741319954395294e-02 9.144805371761322021e-02 -1.288351416587829590e-01 6.968085765838623047e-01 -1.660864055156707764e-01 3.437695801258087158e-01 -1.095662713050842285e-01 8.646120317280292511e-03 -1.211629658937454224e-01 6.674419343471527100e-02 -3.931652009487152100e-01 4.423930868506431580e-02 1.248896867036819458e-01 -1.878253221511840820e-01
-1.914217770099639893e-01 -6.191148236393928528e-02 3.094582855701446533e-01 -2.149800956249237061e-01 3.196535110473632812e-01 4.065725952386856079e-02 3.345429897308349609e-02 -1.554829534143209457e-02 -1.328292191028594971e-01 -1.960413455963134766e-01 6.930483877658843994e-02 -2.587331831455230713e-01 -1.170680597424507141e-01 1.568533778190612793e-01 -9.447818994522094727e-02
-3.134817481040954590e-01 3.904546424746513367e-02 2.861108183860778809e-01 -7.970103621482849121e-02 3.154749274253845215e-01 -2.365367412567138672e-01 1.264979839324951172e-01 8.009187877178192139e-02 -1.986514776945114136e-01 6.393848359584808350e-02 2.910783588886260986e-01 -3.348769247531890869e-01 -6.687942892313003540e-02 4.114227592945098877e-01 -2.601799666881561279e-01
1.227678284049034119e-01 -1.140873320400714874e-02 3.631922304630279541e-01 -2.498585730791091919e-01 5.758660435676574707e-01 -9.941040724515914917e-02 -1.020454764366149902e-01 -2.480121403932571411e-01 -3.999128565192222595e-02 8.576954901218414307e-02 -1.131193432956933975e-02 -1.736289858818054199e-01 4.592305049300193787e-02 3.636297583580017090e-01 -1.639562696218490601e-01
-1.895942986011505127e-01 1.217419654130935669e-01 1.180607154965400696e-01 -9.543833881616592407e-02 1.580147296190261841e-01 1.892673969268798828e-01 3.367024958133697510e-01 -3.502270281314849854e-01 -2.723355889320373535e-01 -3.459292650222778320e-02 4.947951063513755798e-02 -1.432200372219085693e-01 -2.155043631792068481e-01 3.463777899742126465e-02 3.235306218266487122e-02
-1.896355599164962769e-01 -1.292128115892410278e-01 1.497028470039367676e-01 -8.283876813948154449e-03 4.476455748081207275e-01 -9.512550383806228638e-02 -2.143147774040699005e-02 -2.250612229108810425e-01 -2.136557400226593018e-01 1.395820081233978271e-01 -5.943123251199722290e-02 -1.912933886051177979e-01 -1.129433959722518921e-01 4.052790701389312744e-01 -1.706202924251556396e-01
-1.311778873205184937e-01 1.898922473192214966e-01 3.478664159774780273e-02 -1.766230762004852295e-01 2.578161954879760742e-01 -5.432418733835220337e-02 1.023668050765991211e-01 -1.433895677328109741e-01 7.982598245143890381e-02 -2.479957491159439087e-01 2.672159671783447266e-02 -2.277233749628067017e-01 -2.548336982727050781e-01 3.567014336585998535e-01 -4.390082061290740967e-01
8.142032474279403687e-02 -1.859743595123291016e-01 1.924648582935333252e-01 -1.392981410026550293e-01 3.448154032230377197e-01 1.125602647662162781e-01 1.369595229625701904e-01 -9.191612154245376587e-02 -1.209114715456962585e-01 -2.852958813309669495e-02 -3.692935407161712646e-02 -4.301447868347167969e-01 5.314485356211662292e-02 4.301204383373260498e-01 -1.695350110530853271e-01
-6.635193228721618652e-01 -2.838827967643737793e-01 2.489729784429073334e-02 -1.195546239614486694e-01 -9.425597637891769409e-02 2.384771406650543213e-01 2.258405387401580811e-01 -5.363126099109649658e-02 1.382225453853607178e-01 -2.201441675424575806e-01 4.462198168039321899e-02 -2.139603495597839355e-01 -3.123786449432373047e-01 1.799042671918869019e-01 -3.891297280788421631e-01
-2.470122873783111572e-01 -1.753835082054138184e-01 -1.621056050062179565e-01 -1.247104853391647339e-01 5.157600156962871552e-03 3.796809017658233643e-01 3.057741820812225342e-01 -2.990050055086612701e-02 -9.856769442558288574e-02 -2.307798564434051514e-01 -1.502255946397781372e-01 -4.071617424488067627e-01 -1.906967014074325562e-01 1.129327118396759033e-01 -2.835152484476566315e-02
1.061415597796440125e-01 -7.297213375568389893e-02 1.256400644779205322e-01 -2.914026081562042236e-01 2.200969457626342773e-01 2.617018520832061768e-01 2.325632870197296143e-01 -6.524793058633804321e-02 -1.378643363714218140e-01 -1.289087682962417603e-01 1.954056024551391602e-01 -1.444673985242843628e-01 -1.731786504387855530e-02 9.572509676218032837e-02 -1.190662831068038940e-01
-2.394604682922363281e-01 -2.996955998241901398e-02 1.396968364715576172e-01 -8.596254140138626099e-02 4.761895835399627686e-01 -1.707314550876617432e-01 -2.189856953918933868e-02 -2.342712879180908203e-01 -1.858153939247131348e-01 2.015651464462280273e-01 1.921826601028442383e-02 -3.728945553302764893e-01 1.625881716609001160e-02 4.727059304714202881e-01 -9.039883315563201904e-02
5.281923338770866394e-02 -2.758631715551018715e-03 2.646570205688476562e-01 -4.263787567615509033e-01 6.282260417938232422e-01 -1.891363710165023804e-01 -7.831847667694091797e-02 -2.790772616863250732e-01 -1.491609811782836914e-01 8.793201297521591187e-02 -4.393489658832550049e-02 -2.718864083290100098e-01 1.001990437507629395e-01 3.346023559570312500e-01 -1.372748315334320068e-01
-2.518750429153442383e-01 -1.691235601902008057e-01 1.767220944166183472e-01 -3.960176408290863037e-01 3.288214206695556641e-01 3.240295946598052979e-01 5.415249466896057129e-01 -2.075844109058380127e-01 -2.467997372150421143e-01 -1.604452133178710938e-01 -1.932204468175768852e-04 -2.836897969245910645e-01 -3.287458717823028564e-01 1.189212650060653687e-01 -6.853917986154556274e-02
-2.123535983264446259e-02 -6.781184673309326172e-02 -5.094101279973983765e-02 -2.150773853063583374e-01 1.783428788185119629e-01 3.258359432220458984e-01 2.487216293811798096e-01 -1.999544501304626465e-01 -1.908507347106933594e-01 -1.433924585580825806e-02 1.026912480592727661e-01 -1.747916638851165771e-01 -1.077464595437049866e-02 1.195446699857711792e-01 -1.557922959327697754e-01
-3.563532233238220215e-02 -7.128709554672241211e-02 2.050833255052566528e-01 -2.956202626228332520e-01 -1.379560399800539017e-02 5.304816961288452148e-01 3.472481071949005127e-01 -3.094068728387355804e-03 -1.827720701694488525e-01 -1.671426296234130859e-01 2.718844413757324219e-01 -1.134497672319412231e-01 -1.889717131853103638e-01 1.777230761945247650e-02 -8.241237699985504150e-02
5.102929472923278809e-02 -1.794617325067520142e-01 1.818573027849197388e-01 -2.002661526203155518e-01 5.851742029190063477e-01 -6.871748715639114380e-02 5.175273120403289795e-02 -2.617121636867523193e-01 -8.550304174423217773e-02 2.075631469488143921e-01 7.814770936965942383e-02 -2.161528170108795166e-01 3.077457249164581299e-01 5.439091324806213379e-01 -8.473142236471176147e-02
4.981146752834320068e-02 -3.390321508049964905e-02 6.210055947303771973e-01 -3.325092494487762451e-01 4.168744087219238281e-01 -5.848951172083616257e-03 -6.188692059367895126e-03 -8.640229701995849609e-02 -1.669074594974517822e-01 -2.556031569838523865e-02 1.510017663240432739e-01 -7.398191094398498535e-02 -1.344862580299377441e-01 2.704676985740661621e-01 -1.654625535011291504e-01
-9.578160941600799561e-02 1.036450564861297607e-01 1.121849790215492249e-01 -1.876667588949203491e-01 3.017760515213012695e-01 3.275307267904281616e-02 -8.237753808498382568e-02 -3.760394155979156494e-01 -1.984170377254486084e-01 7.559430599212646484e-02 -1.220151335000991821e-01 -1.756915003061294556e-01 9.848152101039886475e-02 7.409451156854629517e-02 -9.491264075040817261e-02
-9.506104886531829834e-02 -9.731142967939376831e-02 1.116176974028348923e-02 -2.203875035047531128e-01 2.621404528617858887e-01 3.523809015750885010e-01 2.682813405990600586e-01 -1.389492452144622803e-01 -1.838150471448898315e-01 -3.714143857359886169e-02 -1.312999576330184937e-01 -2.967663109302520752e-01 9.753027558326721191e-02 2.124260216951370239e-01 -7.691448181867599487e-02
-8.265860378742218018e-02 -5.265467241406440735e-02 -5.014175083488225937e-03 -2.448329031467437744e-01 1.398009508848190308e-01 4.717538654804229736e-01 2.181241363286972046e-01 -2.640891373157501221e-01 -6.561808288097381592e-02 -1.418417990207672119e-01 1.531747579574584961e-01 -1.834988594055175781e-01 -4.755744710564613342e-02 2.666562609374523163e-02 -1.966629177331924438e-01
-9.586898237466812134e-02 -1.811611205339431763e-01 2.972949147224426270e-01 -2.661014497280120850e-01 6.948133111000061035e-01 -4.494256805628538132e-03 -1.329082436859607697e-02 -2.216694056987762451e-01 -7.996333390474319458e-02 8.989171683788299561e-02 2.048878744244575500e-02 -3.339966237545013428e-01 2.052685171365737915e-01 3.541808724403381348e-01 -1.590175628662109375e-01
-8.926030993461608887e-02 -1.008833386003971100e-02 3.369586467742919922e-01 -3.521499335765838623e-01 4.804691672325134277e-01 -5.632884055376052856e-02 5.855590105056762695e-02 1.447616610676050186e-02 -3.055852651596069336e-01 -1.197929307818412781e-02 -2.463126182556152344e-02 -2.777439057826995850e-01 -1.365744471549987793e-01 2.989012300968170166e-01 -3.158788084983825684e-01
-1.961558312177658081e-01 -2.278299778699874878e-01 3.530853688716888428e-01 -2.218608558177947998e-01 3.869603276252746582e-01 1.314620673656463623e-01 3.585722148418426514e-01 -2.196898460388183594e-01 1.990012228488922119e-01 -1.674117743968963623e-01 5.773678421974182129e-02 4.236285388469696045e-02 -2.249761074781417847e-01 1.809850186109542847e-01 7.571367174386978149e-02
-3.990378379821777344e-01 -2.520063817501068115e-01 7.427699118852615356e-02 -3.879084587097167969e-01 2.974565029144287109e-01 1.014642938971519470e-01 2.315486818552017212e-01 -1.419382095336914062e-01 2.657499630004167557e-03 -1.112605109810829163e-01 -6.814283318817615509e-03 -3.383761942386627197e-01 -1.948829293251037598e-01 2.822967171669006348e-01 -2.746939957141876221e-01
-1.788764894008636475e-01 -1.644717603921890259e-01 5.238305777311325073e-02 -2.034928500652313232e-01 9.728961437940597534e-02 4.076109826564788818e-01 3.968144357204437256e-01 6.549464166164398193e-02 -1.042382270097732544e-01 -2.841073870658874512e-01 2.489804923534393311e-01 -1.076178401708602905e-01 -3.184990212321281433e-02 9.142374247312545776e-02 -2.297456711530685425e-01
-3.430532217025756836e-01 -1.549199372529983521e-01 2.030463218688964844e-01 -1.858816146850585938e-01 2.744756340980529785e-01 2.427611202001571655e-01 3.838861286640167236e-01 -1.798403114080429077e-01 -1.331235319375991821e-01 -1.329932361841201782e-01 -3.063396550714969635e-03 -2.153952121734619141e-01 -3.331119418144226074e-01 1.640684157609939575e-01 -3.058001399040222168e-01
4.915294796228408813e-02 5.460630729794502258e-02 1.043509170413017273e-01 4.141732119023799896e-03 4.234763607382774353e-02 9.542534500360488892e-02 8.397380262613296509e-02 -1.899811625480651855e-01 -2.035374790430068970e-01 -4.213665798306465149e-02 -3.546435013413429260e-02 -1.433458626270294189e-01 -8.786803483963012695e-02 -8.472356200218200684e-02 -1.128506939858198166e-02
-2.018728107213973999e-01 3.922848030924797058e-02 2.384508103132247925e-01 7.591514289379119873e-02 4.151831567287445068e-01 -2.737948298454284668e-01 -5.244122352451086044e-03 -9.862683713436126709e-02 -2.191245108842849731e-01 2.454397976398468018e-01 1.300696283578872681e-01 -4.218951165676116943e-01 -1.029218435287475586e-01 3.160348832607269287e-01 -1.941153109073638916e-01
-5.812438726425170898e-01 -2.983062565326690674e-01 6.287055462598800659e-02 -2.930123507976531982e-01 -9.271417744457721710e-03 2.527845203876495361e-01 4.253603518009185791e-01 -2.748994342982769012e-02 -2.827245369553565979e-02 -2.736180424690246582e-01 4.828994721174240112e-02 -3.064280152320861816e-01 -2.087695747613906860e-01 1.494596153497695923e-01 -3.513787090778350830e-01
-1.218677088618278503e-01 -2.556075155735015869e-01 -2.624518610537052155e-02 -2.035389244556427002e-01 2.053484916687011719e-01 4.242133498191833496e-01 2.193435579538345337e-01 -5.963477864861488342e-02 -8.049163222312927246e-02 -2.832645773887634277e-01 -5.407395586371421814e-02 -2.978208065032958984e-01 -1.394642516970634460e-02 1.027806252241134644e-01 1.945075951516628265e-02
-5.806041881442070007e-02 6.874591112136840820e-02 6.213849037885665894e-02 -1.432778388261795044e-01 4.631550312042236328e-01 -9.156633168458938599e-02 3.647263348102569580e-01 -6.050767749547958374e-02 -6.055390089750289917e-02 4.313936457037925720e-03 1.176658049225807190e-01 -1.140298768877983093e-01 5.838591977953910828e-02 2.240343391895294189e-01 -1.283881962299346924e-01
-1.294765807688236237e-02 -1.940471529960632324e-01 8.557499945163726807e-02 -2.068810015916824341e-01 2.476809620857238770e-01 3.035207092761993408e-01 2.774316668510437012e-01 -1.847047507762908936e-01 -7.744269073009490967e-02 -1.625327765941619873e-01 -9.691660106182098389e-02 -2.465293109416961670e-01 4.866765812039375305e-02 2.522552311420440674e-01 -7.018522173166275024e-02
-2.282011061906814575e-01 -5.177012458443641663e-02 -7.329452037811279297e-02 -2.138504683971405029e-01 8.094134926795959473e-02 1.234520599246025085e-01 1.646590046584606171e-02 2.714732475578784943e-02 -1.724177598953247070e-02 -3.210014104843139648e-01 -1.691938340663909912e-01 -2.027895748615264893e-01 -1.396790742874145508e-01 -6.807044148445129395e-02 -2.129784673452377319e-01
-1.034266203641891479e-01 -1.177112944424152374e-02 1.595391929149627686e-01 1.974234357476234436e-02 4.966922402381896973e-01 -5.763245373964309692e-02 -1.516512632369995117e-01 -2.059087157249450684e-01 -2.570466101169586182e-01 2.057448625564575195e-01 -6.011591479182243347e-02 -2.244825065135955811e-01 -3.687912598252296448e-02 3.278117477893829346e-01 -1.742963045835494995e-01
-1.585048288106918335e-01 -1.103891506791114807e-01 5.167995691299438477e-01 -3.628328144550323486e-01 4.092218875885009766e-01 4.055415838956832886e-02 -5.251187086105346680e-02 -8.404450118541717529e-02 -1.230824142694473267e-01 -5.571714043617248535e-02 6.442461907863616943e-02 -2.134056985378265381e-01 -1.998279476538300514e-04 2.031132131814956665e-01 -1.821881979703903198e-01
-6.604570895433425903e-02 -4.472662881016731262e-02 8.238057047128677368e-02 -1.660115718841552734e-01 2.322632372379302979e-01 2.585195600986480713e-01 -8.031304180622100830e-02 -3.340692520141601562e-01 -4.461095482110977173e-02 -9.079670906066894531e-02 9.574018418788909912e-02 -5.304934456944465637e-02 -6.875535845756530762e-02 -8.065146207809448242e-02 -3.057486750185489655e-02
-2.361600548028945923e-01 1.696298122406005859e-01 3.682561218738555908e-01 -1.566902399063110352e-01 3.609910011291503906e-01 -2.638041973114013672e-01 1.182372570037841797e-01 -8.716765046119689941e-02 -2.356379330158233643e-01 3.006132543087005615e-01 7.757207751274108887e-02 -4.571565389633178711e-01 7.539528608322143555e-02 4.823518991470336914e-01 -3.985143303871154785e-01
-8.909086883068084717e-02 -5.503003671765327454e-02 2.718242704868316650e-01 -2.014108002185821533e-01 4.020963311195373535e-01 6.408274918794631958e-02 -1.456152200698852539e-01 -2.958747744560241699e-01 -9.556126594543457031e-02 2.795203402638435364e-02 -9.521979838609695435e-02 -2.066402435302734375e-01 6.501533091068267822e-02 5.964411795139312744e-02 -7.531192153692245483e-02
-3.681940138339996338e-01 -2.145178802311420441e-02 1.866611391305923462e-01 -1.966401934623718262e-01 1.293301582336425781e-01 1.786103099584579468e-01 3.475152552127838135e-01 -1.317259073257446289e-01 -2.977535724639892578e-01 -5.390300229191780090e-02 -1.249716500751674175e-03 -1.072292402386665344e-01 -2.598128318786621094e-01 2.287240028381347656e-01 -3.166775405406951904e-01
1.067849062383174896e-02 -2.381440997123718262e-01 8.838648349046707153e-02 -2.849465310573577881e-01 4.064523577690124512e-01 2.178562283515930176e-01 1.989268958568572998e-01 2.259367890655994415e-02 -2.194331288337707520e-01 2.561072632670402527e-02 -2.362569421529769897e-01 -3.779220283031463623e-01 1.501856371760368347e-02 2.542613744735717773e-01 -1.283863037824630737e-01
-6.761028617620468140e-02 -4.379324316978454590e-01 3.028348386287689209e-01 -3.277747929096221924e-01 5.554767251014709473e-01 3.391655087471008301e-01 1.873359382152557373e-01 -1.291754003614187241e-02 -2.319654524326324463e-01 -6.724128872156143188e-02 2.864359878003597260e-03 -2.502832412719726562e-01 -3.691992536187171936e-02 4.280516207218170166e-01 -1.481889933347702026e-01
-3.431768715381622314e-01 -2.273942679166793823e-01 3.506775796413421631e-01 -1.048214659094810486e-01 1.425836086273193359e-01 1.547628045082092285e-01 4.982551038265228271e-01 -8.864586055278778076e-02 1.609349995851516724e-01 -3.151373267173767090e-01 -1.834344863891601562e-02 2.090242803096771240e-01 -1.123333647847175598e-01 1.914928667247295380e-02 -4.905721172690391541e-02
3.938349336385726929e-02 -1.702558100223541260e-01 4.338187873363494873e-01 -1.677502244710922241e-01 4.464316368103027344e-01 1.044784709811210632e-01 1.447891891002655029e-01 -7.093347609043121338e-02 -2.153104692697525024e-01 4.853003844618797302e-02 1.235902905464172363e-01 -1.802434623241424561e-01 -1.038496792316436768e-01 2.092087864875793457e-01 -1.034656018018722534e-01
-1.823029816150665283e-01 -6.156103685498237610e-03 1.231834143400192261e-01 -1.355986297130584717e-01 5.029628276824951172e-01 -6.318018585443496704e-02 2.032775580883026123e-01 -5.544842779636383057e-02 3.125125914812088013e-02 2.983371540904045105e-02 1.216095760464668274e-01 -2.161135822534561157e-01 8.950952440500259399e-03 1.622398495674133301e-01 -1.175366714596748352e-01
-3.235026001930236816e-01 -6.610767915844917297e-03 2.805138230323791504e-01 9.667350910604000092e-03 1.336371004581451416e-01 1.210836544632911682e-01 2.056958973407745361e-01 -1.466098278760910034e-01 -2.181158065795898438e-01 -6.139621138572692871e-03 7.017793506383895874e-02 -5.260859057307243347e-02 -2.566711604595184326e-01 2.129044085741043091e-01 -2.936384081840515137e-01
-1.141482777893543243e-02 4.894672706723213196e-02 3.875143826007843018e-01 -3.002376854419708252e-01 4.169804453849792480e-01 -1.366561055183410645e-01 -1.226906478404998779e-01 -2.484962940216064453e-01 -6.813669204711914062e-02 7.257930189371109009e-02 2.878540754318237305e-02 -4.317087586969137192e-03 6.879437714815139771e-02 3.835435211658477783e-01 -3.126955032348632812e-01
