-4.527709186077117920e-01 1.214132070541381836e+00 -1.423285365104675293e+00 4.113417148590087891e+00 4.018814563751220703e+00 -2.091741323471069336e+00 -4.159710407257080078e+00 3.551220178604125977e+00 -7.123652696609497070e-01 -1.229677557945251465e+00 4.525380134582519531e-01 -1.270507931709289551e+00 -1.410865426063537598e+00 1.168635725975036621e+00 2.101922750473022461e+00
-4.721405208110809326e-01 1.034134984016418457e+00 -1.280491948127746582e+00 3.790135622024536133e+00 3.690127849578857422e+00 -1.875321149826049805e+00 -3.744490146636962891e+00 3.143945693969726562e+00 -5.876933932304382324e-01 -1.141919732093811035e+00 4.162634611129760742e-01 -1.173529267311096191e+00 -1.102767229080200195e+00 9.095369577407836914e-01 1.867573618888854980e+00
-1.853792786598205566e+00 -8.421701192855834961e-01 -1.498369932174682617e+00 1.891580581665039062e+00 5.683086514472961426e-01 -1.375969886779785156e+00 -2.823981761932373047e+00 2.555773735046386719e+00 -9.898399114608764648e-01 -1.412616014480590820e+00 1.295816779136657715e+00 -2.278873026371002197e-01 -1.702179908752441406e+00 4.879401028156280518e-01 8.290453553199768066e-01
-2.326142072677612305e+00 -1.027888059616088867e+00 -8.959533572196960449e-01 1.468607425689697266e+00 8.362508416175842285e-01 -6.543247103691101074e-01 -2.801378250122070312e+00 2.590437412261962891e+00 -1.560426473617553711e+00 -8.060732483863830566e-01 1.096709132194519043e+00 5.071481689810752869e-02 -1.420595049858093262e+00 4.142557084560394287e-01 8.151786923408508301e-01
-2.412177085876464844e+00 -6.459481716156005859e-01 -1.177910208702087402e+00 1.335891127586364746e+00 1.417430281639099121e+00 -1.302090764045715332e+00 -3.700165271759033203e+00 2.940744638442993164e+00 -1.134909868240356445e+00 -1.147907614707946777e+00 5.839068889617919922e-01 -1.575306951999664307e-01 -1.565212249755859375e+00 1.161968827247619629e+00 6.574811339378356934e-01
-1.028798699378967285e+00 1.352760568261146545e-02 -1.740007638931274414e+00 2.151189327239990234e+00 3.164385557174682617e+00 -2.382179975509643555e+00 -4.234675884246826172e+00 4.095497131347656250e+00 -9.300075173377990723e-01 -1.402377605438232422e+00 1.146774768829345703e+00 -1.346562623977661133e+00 -1.150397300720214844e+00 7.562131881713867188e-01 1.642796874046325684e+00
-4.605136811733245850e-01 9.929125308990478516e-01 -1.163030147552490234e+00 3.593909502029418945e+00 3.390740633010864258e+00 -1.884264469146728516e+00 -3.731374263763427734e+00 2.955222368240356445e+00 -4.611343145370483398e-01 -1.145400047302246094e+00 4.584842920303344727e-01 -1.044704675674438477e+00 -1.169535756111145020e+00 1.086898446083068848e+00 1.749418497085571289e+00
-1.928424835205078125e+00 -1.109188914299011230e+00 -4.845435321331024170e-01 1.374047517776489258e+00 4.411023557186126709e-01 -2.412673383951187134e-01 -2.906042337417602539e+00 3.050526857376098633e+00 -9.874010086059570312e-01 -8.934546113014221191e-01 -5.095195174217224121e-01 5.595937371253967285e-01 -1.874042749404907227e+00 1.294840931892395020e+00 -2.251600474119186401e-01
-9.845084547996520996e-01 1.410515010356903076e-01 -1.719738364219665527e+00 2.242272853851318359e+00 3.420743465423583984e+00 -2.646879434585571289e+00 -4.327950954437255859e+00 4.336723327636718750e+00 -9.010330438613891602e-01 -1.567829608917236328e+00 1.302335977554321289e+00 -1.602086544036865234e+00 -1.224609136581420898e+00 7.517396807670593262e-01 1.655013680458068848e+00
-3.930831849575042725e-01 4.586128890514373779e-01 -2.836442947387695312e+00 3.609476089477539062e+00 5.739257335662841797e+00 -2.381392717361450195e+00 -5.368705749511718750e+00 5.142926216125488281e+00 -2.056570053100585938e+00 -1.238457202911376953e+00 -6.131142005324363708e-02 -9.897791743278503418e-01 -1.317749381065368652e+00 1.067567229270935059e+00 2.576903820037841797e+00
-1.944715499877929688e+00 -7.260807752609252930e-01 -3.546880185604095459e-01 1.852876543998718262e+00 2.232789516448974609e+00 -9.217439889907836914e-01 -3.646867036819458008e+00 3.998896598815917969e+00 -1.728520989418029785e+00 -1.433452814817428589e-01 -1.314728986471891403e-02 -9.433563351631164551e-01 -1.040732622146606445e+00 9.934911131858825684e-01 7.188002467155456543e-01
-1.375160455703735352e+00 -2.200594246387481689e-01 -1.363239765167236328e+00 1.957037210464477539e+00 3.272169828414916992e+00 -1.527805685997009277e+00 -3.257851362228393555e+00 3.352462053298950195e+00 -1.217185735702514648e+00 -7.949169874191284180e-01 9.931035041809082031e-01 -1.130387425422668457e+00 -1.166576862335205078e+00 5.336841568350791931e-02 2.090896606445312500e+00
-1.469824910163879395e+00 -5.559604167938232422e-01 -1.443433046340942383e+00 2.648230314254760742e+00 2.893816471099853516e+00 -7.068845033645629883e-01 -3.472109794616699219e+00 3.797084569931030273e+00 -4.891532063484191895e-01 -8.867782950401306152e-01 -1.467964172363281250e+00 -2.395295202732086182e-01 -1.873963117599487305e+00 1.196638584136962891e+00 9.281273484230041504e-01
-4.371457993984222412e-01 1.272581338882446289e+00 -1.299501061439514160e+00 3.977549791336059570e+00 3.694915056228637695e+00 -2.055278539657592773e+00 -3.843515396118164062e+00 3.165687799453735352e+00 -5.603194832801818848e-01 -1.329003095626831055e+00 5.369927883148193359e-01 -1.194383621215820312e+00 -1.295408964157104492e+00 1.114642620086669922e+00 2.006430387496948242e+00
-8.315171003341674805e-01 3.244576230645179749e-02 -1.304057717323303223e+00 2.105342864990234375e+00 2.673067569732666016e+00 -1.824633359909057617e+00 -3.523245096206665039e+00 3.266250371932983398e+00 -6.468867659568786621e-01 -1.133055210113525391e+00 7.896965742111206055e-01 -1.022631049156188965e+00 -7.621263861656188965e-01 5.211128592491149902e-01 1.168909192085266113e+00
-2.199061393737792969e+00 -1.166707754135131836e+00 -7.684243321418762207e-01 1.587844014167785645e+00 5.477058887481689453e-01 -4.114987552165985107e-01 -3.248514890670776367e+00 3.582007884979248047e+00 -1.161360979080200195e+00 -1.126678586006164551e+00 -4.709211587905883789e-01 5.881848931312561035e-01 -2.211460113525390625e+00 1.293611884117126465e+00 -2.862346470355987549e-01
-2.104896068572998047e+00 -5.850887298583984375e-01 -1.324989080429077148e+00 1.748790264129638672e+00 1.301403999328613281e+00 -1.014452695846557617e+00 -3.150393486022949219e+00 2.705282688140869141e+00 -1.787936210632324219e+00 -9.257251024246215820e-01 1.292620778083801270e+00 -7.130876183509826660e-02 -1.500549077987670898e+00 4.697755873203277588e-01 1.180472731590270996e+00
-2.341753482818603516e+00 -7.712991237640380859e-01 -1.155171036720275879e+00 1.837980389595031738e+00 1.228395342826843262e+00 -8.879480361938476562e-01 -3.286085367202758789e+00 3.080044984817504883e+00 -1.946600675582885742e+00 -9.089270830154418945e-01 1.381179332733154297e+00 -2.515697777271270752e-01 -1.565807700157165527e+00 4.440875947475433350e-01 1.245673775672912598e+00
-2.096438407897949219e+00 -1.414426326751708984e+00 -1.643601417541503906e+00 3.039221763610839844e+00 7.249013781547546387e-01 -1.196733474731445312e+00 -4.060331821441650391e+00 3.038994550704956055e+00 -1.332838296890258789e+00 -8.911302089691162109e-01 1.198764562606811523e+00 5.923424363136291504e-01 -1.388003945350646973e+00 9.818537235260009766e-01 8.673377633094787598e-01
-1.767319679260253906e+00 -6.746978759765625000e-01 -2.010882616043090820e+00 2.937843084335327148e+00 2.810123264789581299e-01 -1.161908149719238281e+00 -3.393001794815063477e+00 3.246411085128784180e+00 -5.019443631172180176e-01 -1.825202941894531250e+00 -6.135258674621582031e-01 4.012269675731658936e-01 -2.561409235000610352e+00 1.391041040420532227e+00 -3.366873562335968018e-01
-2.366535186767578125e+00 -9.033236503601074219e-01 -1.327182888984680176e+00 1.882672429084777832e+00 1.223388910293579102e+00 -1.050629258155822754e+00 -3.502461910247802734e+00 3.124547958374023438e+00 -1.977930545806884766e+00 -1.012006998062133789e+00 1.548717260360717773e+00 -8.811369538307189941e-02 -1.599200606346130371e+00 4.946039021015167236e-01 1.242284774780273438e+00
-1.981471419334411621e+00 -7.364294528961181641e-01 -6.145707964897155762e-01 2.092964649200439453e+00 2.399729728698730469e+00 -1.006057024002075195e+00 -3.889020681381225586e+00 4.030660629272460938e+00 -1.700771570205688477e+00 -2.213737517595291138e-01 -2.069423794746398926e-01 -9.312778711318969727e-01 -1.114475011825561523e+00 1.036592483520507812e+00 7.055458426475524902e-01
-1.997422814369201660e+00 -1.139783740043640137e+00 -5.551829934120178223e-01 1.318332910537719727e+00 3.940243422985076904e-01 -2.106802016496658325e-01 -2.861123323440551758e+00 3.016790628433227539e+00 -9.538193941116333008e-01 -9.592912793159484863e-01 -5.213253498077392578e-01 5.517857670783996582e-01 -1.857788443565368652e+00 1.185456752777099609e+00 -2.803772985935211182e-01
-2.166043281555175781e+00 -1.137358546257019043e+00 -3.327254951000213623e-01 1.393022894859313965e+00 2.618089616298675537e-01 -2.958951890468597412e-01 -2.882907390594482422e+00 3.403505086898803711e+00 -1.007825732231140137e+00 -1.090145826339721680e+00 -5.073643922805786133e-01 5.639204382896423340e-01 -2.163724184036254883e+00 1.385956287384033203e+00 -4.683991968631744385e-01
-2.070277214050292969e+00 -9.445385932922363281e-01 -5.646528601646423340e-01 2.055679082870483398e+00 1.639919042587280273e+00 -5.684533119201660156e-01 -3.544691801071166992e+00 3.534101486206054688e+00 -1.392068386077880859e+00 -3.170835673809051514e-01 -2.629014253616333008e-01 -4.106295406818389893e-01 -1.069202065467834473e+00 9.640710353851318359e-01 3.731921613216400146e-01
-4.889838397502899170e-01 5.689036846160888672e-01 -3.107687473297119141e+00 3.789265155792236328e+00 5.946944236755371094e+00 -2.635890483856201172e+00 -5.706836223602294922e+00 5.466728210449218750e+00 -2.036200046539306641e+00 -1.413116693496704102e+00 6.043768301606178284e-02 -1.067293524742126465e+00 -1.423728227615356445e+00 1.191914319992065430e+00 2.637769699096679688e+00
-1.455043554306030273e+00 9.409675002098083496e-02 -1.381397604942321777e+00 2.119170904159545898e+00 2.727385759353637695e+00 -5.774602890014648438e-01 -3.745092868804931641e+00 2.796066999435424805e+00 -1.426913022994995117e+00 -5.189794301986694336e-01 -1.061505898833274841e-01 -2.436681091785430908e-01 -3.246338292956352234e-02 6.389063000679016113e-01 8.078151345252990723e-01
-2.293834686279296875e+00 -1.226629853248596191e+00 -1.827945590019226074e+00 3.340382337570190430e+00 8.698922991752624512e-01 -1.186023473739624023e+00 -4.369708538055419922e+00 3.251464366912841797e+00 -1.355279684066772461e+00 -1.027536630630493164e+00 1.108338832855224609e+00 4.861343801021575928e-01 -1.482391595840454102e+00 9.921496510505676270e-01 7.133491635322570801e-01
-1.979707479476928711e+00 -1.038259267807006836e+00 -4.453999698162078857e-01 1.555478453636169434e+00 4.062003791332244873e-01 -3.615328967571258545e-01 -2.925989866256713867e+00 3.172480344772338867e+00 -8.552539944648742676e-01 -1.097613573074340820e+00 -5.620649456977844238e-01 5.808894038200378418e-01 -2.027523756027221680e+00 1.357033967971801758e+00 -4.273042976856231689e-01
-1.408089995384216309e+00 7.288842201232910156e-01 -3.114516735076904297e+00 5.952839851379394531e+00 2.890645742416381836e+00 -1.384272336959838867e+00 -5.416680335998535156e+00 4.529907226562500000e+00 -2.139751434326171875e+00 -1.127167224884033203e+00 6.152182817459106445e-01 -3.814651072025299072e-01 5.834649801254272461e-01 7.978815436363220215e-01 5.147755742073059082e-01
-2.095575809478759766e+00 -8.596000671386718750e-01 -1.453474998474121094e+00 1.989584207534790039e+00 4.947942197322845459e-01 -1.551101207733154297e+00 -2.866120338439941406e+00 2.948905944824218750e+00 -1.265753746032714844e+00 -1.579009652137756348e+00 1.695840835571289062e+00 -4.384368956089019775e-01 -1.856991648674011230e+00 4.066765010356903076e-01 8.873361945152282715e-01
-7.635796070098876953e-01 1.677518784999847412e-01 -1.712292194366455078e+00 2.317526102066040039e+00 3.312320947647094727e+00 -2.262252092361450195e+00 -4.062964439392089844e+00 3.786534547805786133e+00 -8.442566990852355957e-01 -1.280264139175415039e+00 8.918229341506958008e-01 -1.271237254142761230e+00 -1.023080348968505859e+00 6.628504991531372070e-01 1.566097855567932129e+00
-2.129700422286987305e+00 -1.318619251251220703e+00 -1.791907668113708496e+00 3.296248197555541992e+00 9.595026373863220215e-01 -1.386415123939514160e+00 -4.381013393402099609e+00 3.344838142395019531e+00 -1.309043407440185547e+00 -1.148911595344543457e+00 1.297494888305664062e+00 4.904036223888397217e-01 -1.362725377082824707e+00 9.487805962562561035e-01 8.854717612266540527e-01
-1.928160548210144043e+00 -7.736885547637939453e-01 -9.587940573692321777e-01 1.300032615661621094e+00 1.101926445960998535e+00 -7.851347923278808594e-01 -2.697783231735229492e+00 2.324259281158447266e+00 -1.492855787277221680e+00 -8.163149952888488770e-01 1.131172180175781250e+00 -5.061582103371620178e-02 -1.269453883171081543e+00 3.225542008876800537e-01 1.029503703117370605e+00
-1.956129670143127441e+00 -9.767730236053466797e-01 -1.434886217117309570e+00 1.863965630531311035e+00 5.123027563095092773e-01 -1.530660629272460938e+00 -2.876928329467773438e+00 2.884459018707275391e+00 -1.151467800140380859e+00 -1.562042117118835449e+00 1.694319605827331543e+00 -3.429758846759796143e-01 -1.942129969596862793e+00 4.547667801380157471e-01 1.009137034416198730e+00
-1.947938799858093262e+00 -7.851159572601318359e-01 -2.054781913757324219e+00 2.884450912475585938e+00 3.107770979404449463e-01 -1.307898521423339844e+00 -3.401462554931640625e+00 3.284629344940185547e+00 -5.084911584854125977e-01 -1.958396077156066895e+00 -4.911959767341613770e-01 1.854803264141082764e-01 -2.679116964340209961e+00 1.286809563636779785e+00 -2.443207949399948120e-01
-2.076272010803222656e+00 -1.318810462951660156e+00 -8.130121827125549316e-01 3.532921552658081055e+00 6.861329674720764160e-01 -3.791474401950836182e-01 -3.193199634552001953e+00 3.735833406448364258e+00 -7.351227998733520508e-01 -1.366821527481079102e+00 2.106746435165405273e-01 -3.126749098300933838e-01 -7.196610569953918457e-01 5.647220835089683533e-02 -4.854079782962799072e-01
-1.307561516761779785e+00 9.986779689788818359e-01 -3.365785837173461914e+00 6.481181621551513672e+00 3.018955707550048828e+00 -1.693065047264099121e+00 -5.657739162445068359e+00 4.569138050079345703e+00 -2.288937807083129883e+00 -1.263289570808410645e+00 6.647939682006835938e-01 -3.949827253818511963e-01 5.252336263656616211e-01 9.660140872001647949e-01 5.621221661567687988e-01
-1.755132675170898438e+00 -6.777102947235107422e-01 -1.657472729682922363e+00 3.114583015441894531e+00 3.376354932785034180e+00 -1.038529992103576660e+00 -4.159894943237304688e+00 4.709059715270996094e+00 -5.383430719375610352e-01 -1.218276143074035645e+00 -1.608540773391723633e+00 -3.787070810794830322e-01 -2.592183351516723633e+00 1.530009388923645020e+00 9.976072907447814941e-01
-1.181373000144958496e+00 5.116126313805580139e-02 -1.274296760559082031e+00 1.923182129859924316e+00 2.480830430984497070e+00 -5.458220839500427246e-01 -3.487520933151245117e+00 2.620574951171875000e+00 -1.233854651451110840e+00 -4.441712498664855957e-01 -1.620466411113739014e-01 -1.593545973300933838e-01 -3.276403546333312988e-01 7.328886985778808594e-01 7.816517949104309082e-01
-2.390223264694213867e+00 -4.947266876697540283e-01 -1.319644212722778320e+00 1.464053273200988770e+00 1.387799143791198730e+00 -1.477305889129638672e+00 -3.811387062072753906e+00 3.026000738143920898e+00 -1.121462821960449219e+00 -1.323305487632751465e+00 5.932640433311462402e-01 -1.214714348316192627e-01 -1.684181809425354004e+00 1.263625741004943848e+00 5.655993819236755371e-01
-2.938521802425384521e-01 6.137599945068359375e-01 -2.783297538757324219e+00 3.513733386993408203e+00 5.678524494171142578e+00 -2.588015556335449219e+00 -5.128020286560058594e+00 5.130430221557617188e+00 -1.900183320045471191e+00 -1.400300979614257812e+00 1.031702235341072083e-01 -1.192994713783264160e+00 -1.395736813545227051e+00 9.800850749015808105e-01 2.613636970520019531e+00
-2.274286031723022461e+00 -1.458637952804565430e+00 -7.629621624946594238e-01 3.678318738937377930e+00 3.883030712604522705e-01 -3.222350776195526123e-01 -3.353951454162597656e+00 3.793781995773315430e+00 -7.179869413375854492e-01 -1.391121864318847656e+00 2.745227813720703125e-01 -1.613904535770416260e-01 -7.868365049362182617e-01 1.425952613353729248e-01 -7.834712862968444824e-01
-2.018695116043090820e+00 -6.175401210784912109e-01 -1.025681853294372559e+00 1.562646389007568359e+00 1.109221696853637695e+00 -8.104776740074157715e-01 -2.852006435394287109e+00 2.519596338272094727e+00 -1.521212458610534668e+00 -8.628199100494384766e-01 9.962952733039855957e-01 -1.083509027957916260e-01 -1.412637114524841309e+00 4.555909335613250732e-01 8.610071539878845215e-01
-2.218073844909667969e+00 -9.408838748931884766e-01 -2.186563909053802490e-01 1.776835441589355469e+00 2.517241239547729492e+00 -1.159756183624267578e+00 -3.908799409866333008e+00 4.591339588165283203e+00 -2.014977216720581055e+00 -2.465439289808273315e-01 2.348502874374389648e-01 -1.145514607429504395e+00 -1.091698050498962402e+00 1.059670448303222656e+00 7.819522023200988770e-01
-1.573372244834899902e+00 8.869357109069824219e-01 -3.083811998367309570e+00 5.996546745300292969e+00 2.890240907669067383e+00 -1.496776938438415527e+00 -5.495722293853759766e+00 4.510480880737304688e+00 -2.083078145980834961e+00 -1.395317196846008301e+00 5.887615680694580078e-01 -4.631716310977935791e-01 5.357841849327087402e-01 9.263868927955627441e-01 4.270256459712982178e-01
-2.492118597030639648e+00 -4.717512428760528564e-01 -1.243322968482971191e+00 1.457433104515075684e+00 2.072548389434814453e+00 -1.756960630416870117e+00 -4.276360034942626953e+00 3.519973754882812500e+00 -1.303911447525024414e+00 -1.365470647811889648e+00 6.761490106582641602e-01 -4.804705679416656494e-01 -1.632326126098632812e+00 1.388313055038452148e+00 7.760530114173889160e-01
-1.156590223312377930e+00 -2.293917238712310791e-01 -1.050269007682800293e+00 1.562461256980895996e+00 3.160947561264038086e+00 -1.497957229614257812e+00 -2.861590862274169922e+00 3.008833646774291992e+00 -9.364918470382690430e-01 -8.303597569465637207e-01 9.133561849594116211e-01 -1.132687687873840332e+00 -9.237660765647888184e-01 -5.830261483788490295e-02 1.777503848075866699e+00
-2.517213523387908936e-01 3.752960860729217529e-01 -2.555269241333007812e+00 3.494801759719848633e+00 5.233332633972167969e+00 -2.185150861740112305e+00 -4.978129863739013672e+00 4.726324558258056641e+00 -1.820464134216308594e+00 -1.190110683441162109e+00 -1.156650707125663757e-01 -8.187870383262634277e-01 -1.182030439376831055e+00 9.698387980461120605e-01 2.271122455596923828e+00
-3.072666823863983154e-01 1.327147483825683594e+00 -1.374251365661621094e+00 3.905895948410034180e+00 4.442355632781982422e+00 -2.283571004867553711e+00 -4.062767505645751953e+00 3.606646299362182617e+00 -6.659874916076660156e-01 -1.335578799247741699e+00 4.718461036682128906e-01 -1.543819785118103027e+00 -1.314698219299316406e+00 1.031044006347656250e+00 2.346744537353515625e+00
-2.469665527343750000e+00 -4.738483726978302002e-01 -1.388091206550598145e+00 1.698375225067138672e+00 1.717159152030944824e+00 -1.749123334884643555e+00 -4.248225688934326172e+00 3.473267793655395508e+00 -1.382597923278808594e+00 -1.363374948501586914e+00 9.462342262268066406e-01 -3.360431492328643799e-01 -1.744302272796630859e+00 1.275282859802246094e+00 8.747177720069885254e-01
-1.393680930137634277e+00 8.759949356317520142e-03 -1.415794730186462402e+00 2.015928983688354492e+00 2.495840311050415039e+00 -5.838227868080139160e-01 -3.722841024398803711e+00 2.841327905654907227e+00 -1.442718982696533203e+00 -3.381821513175964355e-01 5.744132772088050842e-02 -2.402488291263580322e-01 -2.528769075870513916e-01 6.682980656623840332e-01 9.100997447967529297e-01
-1.451076745986938477e+00 -5.841186270117759705e-02 -1.490932345390319824e+00 2.041540861129760742e+00 2.857522249221801758e+00 -8.000517487525939941e-01 -3.980364561080932617e+00 3.181827545166015625e+00 -1.493763566017150879e+00 -5.099951624870300293e-01 -1.413453519344329834e-01 -2.813804447650909424e-01 -3.497260808944702148e-01 8.163992762565612793e-01 9.187144637107849121e-01
-2.146447181701660156e+00 -9.208292961120605469e-01 -1.220288395881652832e+00 1.769651651382446289e+00 5.791033506393432617e-01 -1.650371551513671875e+00 -2.700326204299926758e+00 3.059422016143798828e+00 -1.106737375259399414e+00 -1.791055202484130859e+00 1.841265201568603516e+00 -5.485461354255676270e-01 -1.975128173828125000e+00 3.086771070957183838e-01 9.897071719169616699e-01
-1.979052305221557617e+00 -6.041374206542968750e-01 -2.270486831665039062e+00 3.303535699844360352e+00 3.235604465007781982e-01 -1.463511943817138672e+00 -3.605879545211791992e+00 3.651032686233520508e+00 -5.647280216217041016e-01 -2.081832408905029297e+00 -5.105624198913574219e-01 2.126737534999847412e-01 -2.699537277221679688e+00 1.403861641883850098e+00 -4.049835503101348877e-01
-1.094646811485290527e+00 5.636379495263099670e-02 -1.697360873222351074e+00 2.379446983337402344e+00 3.270353555679321289e+00 -2.440768957138061523e+00 -4.379262447357177734e+00 4.332477569580078125e+00 -9.373774528503417969e-01 -1.492115974426269531e+00 1.187915325164794922e+00 -1.411555647850036621e+00 -1.192679882049560547e+00 7.472397685050964355e-01 1.572360634803771973e+00
-1.452625036239624023e+00 -5.485825538635253906e-01 -1.411009907722473145e+00 2.653297185897827148e+00 2.974564075469970703e+00 -7.301601171493530273e-01 -3.666581630706787109e+00 3.857021093368530273e+00 -4.515256583690643311e-01 -9.894012808799743652e-01 -1.430275559425354004e+00 -2.357403337955474854e-01 -1.905531048774719238e+00 1.267283082008361816e+00 9.244120717048645020e-01
-2.225106716156005859e+00 -1.345781207084655762e+00 -1.541508793830871582e+00 3.120799779891967773e+00 7.926678657531738281e-01 -1.097892999649047852e+00 -4.147806644439697266e+00 3.211452960968017578e+00 -1.355967760086059570e+00 -9.902734160423278809e-01 1.213659167289733887e+00 5.505868792533874512e-01 -1.254324793815612793e+00 8.730737566947937012e-01 8.271228671073913574e-01
-2.356383562088012695e+00 -4.149823486804962158e-01 -1.330946207046508789e+00 1.611307501792907715e+00 1.594005942344665527e+00 -1.513441085815429688e+00 -3.953726530075073242e+00 3.126240015029907227e+00 -1.129045248031616211e+00 -1.316131591796875000e+00 6.051661968231201172e-01 -2.486415207386016846e-01 -1.670831441879272461e+00 1.296997547149658203e+00 6.476499438285827637e-01
-2.172892093658447266e+00 -1.195728182792663574e+00 -6.218689084053039551e-01 1.617205262184143066e+00 5.361378788948059082e-01 -4.320510327816009521e-01 -3.125927686691284180e+00 3.572828531265258789e+00 -1.030999422073364258e+00 -1.182600259780883789e+00 -5.340519547462463379e-01 4.395070970058441162e-01 -2.293955802917480469e+00 1.405097961425781250e+00 -2.702335417270660400e-01
-1.562631726264953613e+00 4.633912816643714905e-02 -1.490457296371459961e+00 2.129727363586425781e+00 2.701606512069702148e+00 -8.063994646072387695e-01 -4.184426784515380859e+00 3.241224527359008789e+00 -1.580013871192932129e+00 -5.208113789558410645e-01 8.961457759141921997e-02 -3.178686201572418213e-01 -4.451030194759368896e-01 8.984225988388061523e-01 9.315152764320373535e-01
-2.146195888519287109e+00 -8.961220979690551758e-01 -2.737799584865570068e-01 1.991447091102600098e+00 2.046330690383911133e+00 -6.516128778457641602e-01 -3.582774639129638672e+00 3.856489896774291992e+00 -1.539441347122192383e+00 -1.738775521516799927e-01 -3.481996059417724609e-01 -7.741131782531738281e-01 -1.010722517967224121e+00 1.011063337326049805e+00 4.595050513744354248e-01
-1.542384266853332520e+00 9.301788806915283203e-01 -3.371815681457519531e+00 6.351343631744384766e+00 3.074771165847778320e+00 -1.637326002120971680e+00 -5.874260425567626953e+00 4.740683078765869141e+00 -2.236003160476684570e+00 -1.412470340728759766e+00 7.192002534866333008e-01 -4.706670343875885010e-01 5.391238927841186523e-01 9.272599816322326660e-01 5.537870526313781738e-01
-2.522170543670654297e+00 -1.579792022705078125e+00 -8.759343028068542480e-01 3.959789037704467773e+00 4.218120872974395752e-01 -3.387214839458465576e-01 -3.453327417373657227e+00 4.128328323364257812e+00 -9.527321457862854004e-01 -1.394825696945190430e+00 3.008909225463867188e-01 -3.609994947910308838e-01 -9.512234330177307129e-01 5.748375877737998962e-02 -7.541593909263610840e-01
-2.462387561798095703e+00 -4.233289062976837158e-01 -1.178173184394836426e+00 1.390131711959838867e+00 1.733825206756591797e+00 -1.700706481933593750e+00 -4.004192829132080078e+00 3.407026767730712891e+00 -1.361438512802124023e+00 -1.382311105728149414e+00 9.338986277580261230e-01 -4.457011520862579346e-01 -1.573007225990295410e+00 1.226444721221923828e+00 8.250144124031066895e-01
-1.600728750228881836e+00 -6.243075132369995117e-01 -1.449662089347839355e+00 2.734482526779174805e+00 3.289443969726562500e+00 -8.759953379631042480e-01 -4.072520256042480469e+00 4.347403526306152344e+00 -5.097345113754272461e-01 -1.134851455688476562e+00 -1.690041065216064453e+00 -2.183596193790435791e-01 -2.236939430236816406e+00 1.560321807861328125e+00 9.370486140251159668e-01
-1.262239813804626465e+00 -1.738488972187042236e-01 -1.412965655326843262e+00 2.105544328689575195e+00 3.597619295120239258e+00 -1.577976822853088379e+00 -3.397315979003906250e+00 3.441152334213256836e+00 -1.156202435493469238e+00 -8.161256313323974609e-01 9.070404767990112305e-01 -1.193200826644897461e+00 -1.035756230354309082e+00 1.542290579527616501e-02 2.056945562362670898e+00
-2.403055906295776367e+00 -1.602659940719604492e+00 -6.104844212532043457e-01 3.536821126937866211e+00 2.571422159671783447e-01 -2.738450467586517334e-01 -3.112576961517333984e+00 3.681062221527099609e+00 -6.504883766174316406e-01 -1.318491458892822266e+00 2.676264643669128418e-01 -2.617949545383453369e-01 -8.972250819206237793e-01 1.611920297145843506e-01 -6.796264052391052246e-01
-2.373426914215087891e+00 -1.460923671722412109e+00 -8.414673209190368652e-01 3.803463220596313477e+00 5.516876578330993652e-01 -3.556919395923614502e-01 -3.405581712722778320e+00 3.908179759979248047e+00 -7.645133733749389648e-01 -1.420614123344421387e+00 2.163468599319458008e-01 -3.068778812885284424e-01 -8.883724808692932129e-01 1.708830296993255615e-01 -5.482781529426574707e-01
-3.715654313564300537e-01 2.637691199779510498e-01 -2.316826343536376953e+00 3.076166391372680664e+00 4.407830238342285156e+00 -2.005931854248046875e+00 -4.370478153228759766e+00 4.258518695831298828e+00 -1.501649141311645508e+00 -1.219531416893005371e+00 -1.849381923675537109e-01 -7.321603894233703613e-01 -1.352029085159301758e+00 9.689024686813354492e-01 2.012822866439819336e+00
-1.745545625686645508e+00 -6.901528835296630859e-01 -1.639241099357604980e+00 2.887564182281494141e+00 3.450939655303955078e+00 -1.003637194633483887e+00 -4.200375556945800781e+00 4.536338329315185547e+00 -6.858516931533813477e-01 -1.196648001670837402e+00 -1.519084692001342773e+00 -3.325991928577423096e-01 -2.246291399002075195e+00 1.383392453193664551e+00 1.087911486625671387e+00
-2.133844137191772461e+00 -1.545191407203674316e+00 -1.352487087249755859e+00 2.687459230422973633e+00 7.250583171844482422e-01 -1.081028223037719727e+00 -3.897013664245605469e+00 2.976264953613281250e+00 -1.271978616714477539e+00 -8.910186290740966797e-01 1.350739598274230957e+00 5.534659028053283691e-01 -1.083110451698303223e+00 7.663698792457580566e-01 8.828224539756774902e-01
-1.415937781333923340e+00 9.671580791473388672e-01 -3.194890022277832031e+00 6.228771209716796875e+00 2.845207452774047852e+00 -1.605873346328735352e+00 -5.575457572937011719e+00 4.618181228637695312e+00 -2.130812644958496094e+00 -1.359551906585693359e+00 6.927654147148132324e-01 -4.013670980930328369e-01 3.780814409255981445e-01 1.013664960861206055e+00 4.399162232875823975e-01
-2.271359443664550781e+00 -1.502525806427001953e+00 -5.537526011466979980e-01 3.497967004776000977e+00 1.960370391607284546e-01 -3.103834092617034912e-01 -3.086627244949340820e+00 3.635194063186645508e+00 -6.844468116760253906e-01 -1.346205949783325195e+00 4.448673129081726074e-01 -2.802802622318267822e-01 -7.525056600570678711e-01 9.129335731267929077e-02 -7.177093625068664551e-01
-2.152423620223999023e+00 -7.900819778442382812e-01 -2.108169078826904297e+00 3.150610208511352539e+00 2.335456460714340210e-01 -1.481779694557189941e+00 -3.726549148559570312e+00 3.839590549468994141e+00 -7.163242697715759277e-01 -2.065621852874755859e+00 -4.179975986480712891e-01 7.435879111289978027e-02 -3.174985647201538086e+00 1.536053776741027832e+00 -3.724384605884552002e-01
-2.150012969970703125e+00 -5.525560379028320312e-01 -2.317279577255249023e+00 3.288231611251831055e+00 2.893963754177093506e-01 -1.628578662872314453e+00 -3.698327302932739258e+00 4.017607212066650391e+00 -7.437998056411743164e-01 -2.399639129638671875e+00 -4.480891823768615723e-01 5.449303612112998962e-02 -3.340928792953491211e+00 1.601488232612609863e+00 -2.954651415348052979e-01
-4.834925830364227295e-01 1.409181118011474609e+00 -1.571877121925354004e+00 4.143820285797119141e+00 4.261229991912841797e+00 -2.280236482620239258e+00 -4.135978221893310547e+00 3.598504066467285156e+00 -7.494338154792785645e-01 -1.384018301963806152e+00 5.366126298904418945e-01 -1.454450249671936035e+00 -1.387523770332336426e+00 1.135447502136230469e+00 2.283112525939941406e+00
-2.033845186233520508e+00 -1.044812202453613281e+00 -1.989985406398773193e-01 1.700194478034973145e+00 1.803750872611999512e+00 -5.387812852859497070e-01 -3.340162277221679688e+00 3.673997402191162109e+00 -1.414614796638488770e+00 -2.164290994405746460e-01 -2.938697338104248047e-01 -4.773195087909698486e-01 -9.885249733924865723e-01 9.803342819213867188e-01 3.706135451793670654e-01
-2.595687627792358398e+00 -1.557018995285034180e+00 -7.669722437858581543e-01 3.901687383651733398e+00 1.948906630277633667e-01 -1.806165724992752075e-01 -3.262025833129882812e+00 3.937873840332031250e+00 -7.794965505599975586e-01 -1.584944963455200195e+00 2.243074178695678711e-01 -2.021595537662506104e-01 -8.584902882575988770e-01 1.831975206732749939e-02 -9.575857520103454590e-01
-1.254609584808349609e+00 -2.487752735614776611e-01 -1.171753168106079102e+00 1.899751305580139160e+00 3.091874361038208008e+00 -1.513479232788085938e+00 -3.147355079650878906e+00 3.397282361984252930e+00 -1.205432772636413574e+00 -8.655375838279724121e-01 1.035563945770263672e+00 -1.176847934722900391e+00 -1.117051601409912109e+00 7.469525188207626343e-02 1.989243507385253906e+00
-1.900566816329956055e+00 -1.297188282012939453e+00 -1.484115242958068848e+00 2.725527048110961914e+00 7.528012990951538086e-01 -9.436793923377990723e-01 -3.591033697128295898e+00 2.720657825469970703e+00 -1.173113465309143066e+00 -7.744948863983154297e-01 1.165320634841918945e+00 4.692444503307342529e-01 -1.004117131233215332e+00 6.018875241279602051e-01 9.510425329208374023e-01
-9.376615881919860840e-01 -1.020356714725494385e-01 -1.356624364852905273e+00 2.018609046936035156e+00 2.941120624542236328e+00 -2.074780464172363281e+00 -3.801199674606323242e+00 3.777354717254638672e+00 -8.366215825080871582e-01 -1.200675845146179199e+00 1.072061300277709961e+00 -1.244640231132507324e+00 -1.124929904937744141e+00 5.955570936203002930e-01 1.508566737174987793e+00
-2.068767070770263672e+00 -8.643398284912109375e-01 -4.790612161159515381e-01 1.832836985588073730e+00 1.896580338478088379e+00 -6.947585344314575195e-01 -3.462373018264770508e+00 3.750737905502319336e+00 -1.636082053184509277e+00 -2.111597806215286255e-01 -9.825100749731063843e-02 -6.919786334037780762e-01 -1.094489693641662598e+00 9.039172530174255371e-01 6.213772892951965332e-01
-1.512872338294982910e+00 8.442943096160888672e-01 -3.226282835006713867e+00 6.247114658355712891e+00 3.006117105484008789e+00 -1.563487172126770020e+00 -5.741072177886962891e+00 4.702692985534667969e+00 -2.176167011260986328e+00 -1.348079204559326172e+00 6.718841791152954102e-01 -4.076720774173736572e-01 4.288910627365112305e-01 9.031891226768493652e-01 3.969846665859222412e-01
-1.704655766487121582e+00 -7.872990369796752930e-01 -1.377456307411193848e+00 1.963660359382629395e+00 7.121495008468627930e-01 -1.337433815002441406e+00 -2.770263433456420898e+00 2.663009881973266602e+00 -9.716768264770507812e-01 -1.362574338912963867e+00 1.275593280792236328e+00 -3.317237198352813721e-01 -1.607165575027465820e+00 4.134078323841094971e-01 9.312372803688049316e-01
-1.370009064674377441e+00 9.649171829223632812e-01 -3.309623241424560547e+00 6.271142482757568359e+00 3.082935333251953125e+00 -1.656218647956848145e+00 -5.724770069122314453e+00 4.576426982879638672e+00 -2.177648305892944336e+00 -1.346176385879516602e+00 6.397431492805480957e-01 -3.997797071933746338e-01 5.638240575790405273e-01 1.016850113868713379e+00 5.006535649299621582e-01
-2.055717945098876953e+00 -6.911954879760742188e-01 -1.063500642776489258e+00 1.395336508750915527e+00 1.020010828971862793e+00 -8.361980319023132324e-01 -2.847203731536865234e+00 2.477347612380981445e+00 -1.674655199050903320e+00 -7.950589656829833984e-01 1.258960485458374023e+00 -4.535571113228797913e-02 -1.498156905174255371e+00 4.854273498058319092e-01 1.147918581962585449e+00
-2.235178947448730469e+00 -5.067374706268310547e-01 -1.214822292327880859e+00 1.357001900672912598e+00 1.507507085800170898e+00 -1.385100603103637695e+00 -3.733191251754760742e+00 2.875656127929687500e+00 -1.129701495170593262e+00 -1.134960889816284180e+00 6.853561997413635254e-01 -2.507636845111846924e-01 -1.506662249565124512e+00 1.121650218963623047e+00 7.222076058387756348e-01
-1.679028987884521484e+00 -6.672627925872802734e-01 -1.855416893959045410e+00 3.086434602737426758e+00 3.478025197982788086e+00 -1.050548553466796875e+00 -4.330091476440429688e+00 4.811070919036865234e+00 -6.816421151161193848e-01 -1.288168311119079590e+00 -1.638044357299804688e+00 -3.727484047412872314e-01 -2.345010757446289062e+00 1.415335416793823242e+00 1.014186620712280273e+00
-2.086519002914428711e+00 -1.378369569778442383e+00 -1.312661051750183105e+00 2.670962572097778320e+00 5.273917317390441895e-01 -1.035304665565490723e+00 -3.632807731628417969e+00 2.652533292770385742e+00 -1.151124477386474609e+00 -8.047074079513549805e-01 1.224829435348510742e+00 5.362760424613952637e-01 -1.094342112541198730e+00 8.011279702186584473e-01 5.803741812705993652e-01
-1.001433491706848145e+00 5.669293180108070374e-02 -1.443338871002197266e+00 2.271036624908447266e+00 2.918881654739379883e+00 -2.161203861236572266e+00 -3.994725704193115234e+00 3.867871999740600586e+00 -7.849568724632263184e-01 -1.459779024124145508e+00 9.437237381935119629e-01 -1.119496345520019531e+00 -1.164839148521423340e+00 8.052708506584167480e-01 1.329829931259155273e+00
-1.892623186111450195e+00 -7.229125499725341797e-01 -1.775211691856384277e+00 2.631206035614013672e+00 3.273092806339263916e-01 -1.083574533462524414e+00 -3.161992788314819336e+00 3.156277894973754883e+00 -5.314609408378601074e-01 -1.780986428260803223e+00 -5.631409883499145508e-01 3.031967580318450928e-01 -2.452982902526855469e+00 1.235893726348876953e+00 -3.039253056049346924e-01
-1.202272295951843262e+00 -2.105238735675811768e-01 -1.333284735679626465e+00 2.167905330657958984e+00 2.827049255371093750e+00 -1.395037770271301270e+00 -3.212990522384643555e+00 3.183001756668090820e+00 -1.084652185440063477e+00 -7.819616198539733887e-01 8.108417987823486328e-01 -9.548155665397644043e-01 -1.154881238937377930e+00 2.065359055995941162e-01 1.858979582786560059e+00
-1.331021666526794434e+00 2.243652045726776123e-01 -1.707114577293395996e+00 2.437739610671997070e+00 3.064075231552124023e+00 -9.276406764984130859e-01 -4.351686000823974609e+00 3.301434278488159180e+00 -1.608311891555786133e+00 -5.895626544952392578e-01 1.524654030799865723e-01 -3.443465530872344971e-01 -4.049471616744995117e-01 8.131880164146423340e-01 1.042155385017395020e+00
-1.421629309654235840e+00 1.209836900234222412e-01 -1.471994757652282715e+00 2.117982387542724609e+00 3.064642906188964844e+00 -9.293572902679443359e-01 -4.107053279876708984e+00 3.249108552932739258e+00 -1.566100478172302246e+00 -5.237143635749816895e-01 3.456175699830055237e-02 -3.980270922183990479e-01 -3.832228779792785645e-01 8.156580328941345215e-01 1.068697571754455566e+00
-5.894373059272766113e-01 1.062730312347412109e+00 -1.501560449600219727e+00 3.812933683395385742e+00 4.021830558776855469e+00 -2.068076133728027344e+00 -4.006008625030517578e+00 3.355730056762695312e+00 -7.443047165870666504e-01 -1.184327125549316406e+00 4.268506765365600586e-01 -1.304622769355773926e+00 -1.439964056015014648e+00 1.022031068801879883e+00 2.236086130142211914e+00
-2.141905874013900757e-01 6.874294281005859375e-01 -3.043288230895996094e+00 3.813198804855346680e+00 6.207286357879638672e+00 -2.800306320190429688e+00 -5.735033512115478516e+00 5.418963432312011719e+00 -2.098147392272949219e+00 -1.460192680358886719e+00 1.555988788604736328e-01 -1.181445002555847168e+00 -1.328489422798156738e+00 1.107396602630615234e+00 2.758667707443237305e+00
-1.793874621391296387e+00 -7.774218320846557617e-01 -1.460068464279174805e+00 1.934850454330444336e+00 5.671625137329101562e-01 -1.506264448165893555e+00 -2.699411153793334961e+00 2.722009897232055664e+00 -1.142786741256713867e+00 -1.413444519042968750e+00 1.645850300788879395e+00 -3.875536024570465088e-01 -1.810410499572753906e+00 3.511823117733001709e-01 1.083042025566101074e+00
-1.347333312034606934e+00 -2.455308735370635986e-01 -1.279402613639831543e+00 2.083321809768676758e+00 2.944096088409423828e+00 -1.295278310775756836e+00 -3.354717016220092773e+00 3.161087274551391602e+00 -1.072538614273071289e+00 -7.747457027435302734e-01 8.403466343879699707e-01 -9.426147341728210449e-01 -9.678352475166320801e-01 1.288776099681854248e-01 1.789190530776977539e+00
-1.491777062416076660e+00 -6.801584959030151367e-01 -1.263468623161315918e+00 2.442064523696899414e+00 2.906734466552734375e+00 -5.808271169662475586e-01 -3.485113382339477539e+00 3.817790746688842773e+00 -5.472880005836486816e-01 -7.769115567207336426e-01 -1.602955937385559082e+00 -1.347071230411529541e-01 -1.964722394943237305e+00 1.362675428390502930e+00 9.703715443611145020e-01
