4.478808403015136719e+00 -4.154685497283935547e+00 -2.703457176685333252e-01 -1.503245353698730469e+00 6.928356289863586426e-01
4.001714229583740234e+00 -3.127230644226074219e+00 6.178789138793945312e+00 5.146133899688720703e+00 2.694606542587280273e+00
-9.405013322830200195e-01 -3.907083988189697266e+00 -3.446302115917205811e-01 2.671214580535888672e+00 -1.811590194702148438e+00
-3.892828464508056641e+00 -2.777472972869873047e+00 2.571752309799194336e+00 2.619444370269775391e+00 -4.821008205413818359e+00
4.011844635009765625e+00 -3.637230396270751953e+00 8.427556991577148438e+00 6.435434818267822266e+00 -9.783088564872741699e-01
4.957094192504882812e+00 -3.266831398010253906e+00 -3.187739372253417969e+00 -6.424382925033569336e-01 -7.486476302146911621e-01
2.431014776229858398e+00 2.810912370681762695e+00 1.101981878280639648e+00 2.991681337356567383e+00 -4.917444705963134766e+00
-6.219635605812072754e-01 -3.348658084869384766e+00 -4.795629084110260010e-01 3.482906579971313477e+00 -9.974513649940490723e-01
-1.924826025962829590e+00 -6.243261694908142090e-01 4.673206806182861328e+00 -2.884433507919311523e+00 -9.100021362304687500e+00
4.663982391357421875e+00 -1.670454144477844238e+00 5.473906517028808594e+00 7.265633583068847656e+00 -8.854131698608398438e-01
1.898873448371887207e+00 3.016359806060791016e+00 1.522472023963928223e+00 3.533018350601196289e+00 -6.126308441162109375e+00
-1.463189363479614258e+00 -3.628346204757690430e+00 -6.347700953483581543e-02 2.035022020339965820e+00 -2.162072211503982544e-01
1.793867349624633789e+00 3.703129529953002930e+00 2.957229614257812500e+00 1.534361124038696289e+00 -5.604234218597412109e+00
-4.136518955230712891e+00 -4.843396663665771484e+00 3.121646881103515625e+00 1.349057674407958984e+00 -2.103953212499618530e-01
3.969152212142944336e+00 -7.874748110771179199e-01 8.173336982727050781e+00 4.580224514007568359e+00 1.448272705078125000e+00
4.447655200958251953e+00 -3.973886489868164062e+00 -1.580403745174407959e-01 -1.758797883987426758e+00 -2.265844196081161499e-01
6.547441005706787109e+00 -8.376250863075256348e-01 1.797273039817810059e+00 -3.473229646682739258e+00 4.738950431346893311e-01
4.609570503234863281e+00 -4.701043128967285156e+00 -9.000320434570312500e-01 1.737177670001983643e-01 1.815843582153320312e+00
2.652555227279663086e+00 4.462622642517089844e+00 4.724138259887695312e+00 2.314476490020751953e+00 -5.756757259368896484e+00
5.070064067840576172e+00 -1.419168114662170410e+00 1.230025172233581543e+00 -4.055012702941894531e+00 -8.508879542350769043e-01
5.755770206451416016e+00 -3.057185411453247070e+00 3.216498613357543945e+00 -1.585056781768798828e+00 -8.221599459648132324e-01
3.719166994094848633e+00 -3.440106153488159180e+00 1.160231351852416992e+00 -5.406278610229492188e+00 -3.622491657733917236e-01
-1.715737283229827881e-01 -3.969758033752441406e+00 -1.233896851539611816e+00 3.519744873046875000e+00 3.876954615116119385e-01
-1.487222909927368164e+00 -3.345681667327880859e+00 -1.169784963130950928e-01 2.416008234024047852e+00 -1.300938367843627930e+00
4.851366996765136719e+00 -3.023792028427124023e+00 -7.264959216117858887e-01 -2.627865314483642578e+00 -4.786594808101654053e-01
-2.563210725784301758e+00 -4.193887710571289062e+00 7.425922751426696777e-01 1.413073897361755371e+00 -1.347651720046997070e+00
2.302968502044677734e+00 -1.588172316551208496e+00 -1.323382616043090820e+00 -5.522108078002929688e-01 -7.046893596649169922e+00
1.384547725319862366e-02 -1.831719279289245605e+00 -1.745653033256530762e+00 4.437832355499267578e+00 -3.710717678070068359e+00
-6.331171840429306030e-03 -3.955072164535522461e+00 -1.684212684631347656e+00 2.956435441970825195e+00 5.504788830876350403e-02
-2.841846644878387451e-01 -3.137784719467163086e+00 -1.873402237892150879e+00 2.281059980392456055e+00 -2.066546678543090820e+00
4.121240675449371338e-01 -2.012339591979980469e+00 -1.644593834877014160e+00 4.976593017578125000e+00 -3.133633136749267578e+00
-2.395726442337036133e+00 -3.787255048751831055e+00 2.315349102020263672e+00 3.490003347396850586e+00 -3.075000524520874023e+00
4.373552799224853516e+00 -3.171249866485595703e+00 7.807007431983947754e-01 -3.692180156707763672e+00 4.765135943889617920e-01
9.544220566749572754e-01 4.285672664642333984e+00 6.075024604797363281e+00 2.134397268295288086e+00 -5.366488933563232422e+00
-5.677112564444541931e-02 -3.668079853057861328e+00 -1.506353974342346191e+00 2.238425493240356445e+00 -1.422128558158874512e+00
-1.015680551528930664e+00 4.669670104980468750e+00 8.321376800537109375e+00 3.942578554153442383e+00 -6.788663864135742188e+00
-9.018286466598510742e-01 -2.841274976730346680e+00 -7.880604863166809082e-01 3.092038154602050781e+00 -3.027969598770141602e+00
-4.311877191066741943e-01 -3.641724586486816406e+00 -6.302821636199951172e-01 3.346096992492675781e+00 -5.740910172462463379e-01
2.005494117736816406e+00 3.186371088027954102e+00 3.467663288116455078e+00 3.254702806472778320e+00 -5.250810623168945312e+00
-8.570605278015136719e+00 -1.957003593444824219e+00 7.843281745910644531e+00 1.331867694854736328e+00 -6.315668582916259766e+00
1.352501749992370605e+00 -1.381622910499572754e+00 5.488805770874023438e+00 -7.201065309345722198e-04 -9.207608222961425781e+00
5.056834697723388672e+00 -2.673683166503906250e+00 1.509641408920288086e+00 -2.437004804611206055e+00 -2.262753695249557495e-01
6.358226776123046875e+00 -1.539524197578430176e+00 2.982531309127807617e+00 -1.241750717163085938e+00 -1.275827527046203613e+00
-3.053092241287231445e+00 -1.540676593780517578e+00 -4.882187545299530029e-01 1.616518020629882812e+00 -3.768754005432128906e+00
4.289265632629394531e+00 -4.275961875915527344e+00 1.436207056045532227e+00 -3.204025506973266602e+00 1.589050054550170898e+00
-2.270540475845336914e+00 -3.801356554031372070e+00 1.425819158554077148e+00 2.832245111465454102e+00 -1.060215830802917480e+00
-2.465244293212890625e+00 -3.250897407531738281e+00 5.961894035339355469e+00 -3.761264085769653320e+00 -7.015125751495361328e+00
4.507255554199218750e+00 -4.141129493713378906e+00 3.716062784194946289e+00 -3.424236059188842773e+00 -1.552120298147201538e-01
4.951339244842529297e+00 -3.129791259765625000e+00 5.402098178863525391e+00 5.794154167175292969e+00 -2.269099205732345581e-01
4.238758563995361328e+00 -3.709177255630493164e+00 5.938539505004882812e-01 -3.275597810745239258e+00 7.331973910331726074e-01
-8.320406079292297363e-01 -2.831717967987060547e+00 -1.858874261379241943e-01 3.887580394744873047e+00 -2.759626626968383789e+00
2.573428869247436523e+00 4.892800807952880859e+00 5.981129169464111328e+00 1.643029451370239258e+00 -4.538030147552490234e+00
-1.003826737403869629e+00 -2.906191349029541016e+00 4.393992722034454346e-01 3.817033052444458008e+00 -2.437987804412841797e+00
3.731259107589721680e+00 -6.036937236785888672e+00 3.919876098632812500e+00 -3.079338073730468750e+00 6.937045454978942871e-01
-1.224634170532226562e+00 -3.540987014770507812e+00 -9.823462367057800293e-02 3.312791109085083008e+00 -8.021939992904663086e-01
-2.091335296630859375e+00 -4.578819751739501953e+00 -7.373898625373840332e-01 -3.327282965183258057e-01 9.544128775596618652e-01
3.281131267547607422e+00 -3.576182365417480469e+00 2.204540729522705078e+00 -8.932716250419616699e-01 -5.366012573242187500e+00
-1.350312948226928711e+00 5.023860931396484375e+00 9.959977149963378906e+00 1.356782674789428711e+00 -5.537046432495117188e+00
3.257742226123809814e-01 -4.885093688964843750e+00 -9.612246155738830566e-01 3.569508075714111328e+00 1.567363262176513672e+00
6.067911162972450256e-02 -4.760078430175781250e+00 -1.003637671470642090e+00 2.197021484375000000e+00 -1.204345941543579102e+00
3.710696935653686523e+00 4.091114997863769531e+00 9.892812371253967285e-01 1.080211877822875977e+00 -4.974052906036376953e+00
-9.460780024528503418e-02 -3.671476840972900391e+00 1.345815956592559814e-01 4.284540653228759766e+00 -1.926300406455993652e+00
6.066554188728332520e-01 -4.892495870590209961e-01 -7.604023814201354980e-01 -3.139635801315307617e+00 -7.922250270843505859e+00
1.602632999420166016e+00 -2.144322872161865234e+00 1.595466494560241699e+00 5.177834033966064453e-01 -7.301661014556884766e+00
5.825519084930419922e+00 -1.527726292610168457e+00 -1.632814526557922363e+00 -2.747020006179809570e+00 -9.727419018745422363e-01
3.333504915237426758e+00 -5.441685676574707031e+00 -2.228822410106658936e-01 -4.088798999786376953e+00 1.268456935882568359e+00
2.209923982620239258e+00 4.015417098999023438e+00 3.754279613494873047e+00 1.944862365722656250e+00 -5.840693473815917969e+00
-6.324045062065124512e-01 -5.169281005859375000e+00 -4.253082573413848877e-01 1.002989530563354492e+00 -1.133285522460937500e+00
3.250923156738281250e+00 -1.549088478088378906e+00 9.890226364135742188e+00 5.099990367889404297e+00 4.190390184521675110e-02
6.279613018035888672e+00 -2.285302162170410156e+00 1.078991174697875977e+00 -2.629182100296020508e+00 -1.752613067626953125e+00
5.160118937492370605e-01 -9.471760988235473633e-01 2.883080959320068359e+00 -2.791092157363891602e+00 -7.420059204101562500e+00
1.679702997207641602e+00 -1.421002507209777832e+00 1.594733238220214844e+00 -3.173034429550170898e+00 -6.595842838287353516e+00
3.876600980758666992e+00 -2.893203496932983398e+00 7.941864132881164551e-01 -2.975426018238067627e-01 -6.540517807006835938e+00
1.541417837142944336e+00 4.556555271148681641e+00 3.951500654220581055e+00 2.060698032379150391e+00 -5.802433490753173828e+00
5.390859127044677734e+00 -8.841360211372375488e-01 6.386037826538085938e+00 6.768087387084960938e+00 -1.139107346534729004e+00
9.088644385337829590e-01 -1.931394100189208984e+00 2.801716566085815430e+00 -3.040932416915893555e+00 -7.556993961334228516e+00
6.024949550628662109e+00 -2.466709136962890625e+00 2.194025993347167969e+00 7.191578388214111328e+00 1.363216161727905273e+00
3.679709732532501221e-01 -3.139767885208129883e+00 -1.056760549545288086e+00 5.366234302520751953e+00 -8.374714851379394531e-01
1.442735195159912109e+00 -2.100673675537109375e+00 1.862980365753173828e+00 -2.675903320312500000e+00 -6.170041084289550781e+00
3.082020521163940430e+00 3.593618869781494141e+00 1.475773692131042480e+00 1.105141162872314453e+00 -4.890319347381591797e+00
-2.717357397079467773e+00 -3.235092639923095703e+00 -4.959500730037689209e-01 1.328971624374389648e+00 -1.383696794509887695e+00
4.286629199981689453e+00 -4.741881847381591797e+00 4.250856399536132812e+00 -3.142328977584838867e+00 1.310247927904129028e-01
4.647825717926025391e+00 -4.179174423217773438e+00 2.345684289932250977e+00 -3.305547714233398438e+00 5.108399391174316406e-01
6.206496238708496094e+00 -3.010360717773437500e+00 -6.940904259681701660e-01 -8.597109317779541016e-01 -7.874534130096435547e-01
-1.685001730918884277e+00 -3.212642669677734375e+00 6.431087851524353027e-01 3.044759035110473633e+00 -2.742990732192993164e+00
4.130221366882324219e+00 -4.254992008209228516e+00 3.717273235321044922e+00 -4.880233764648437500e+00 -1.219062581658363342e-01
-2.765201032161712646e-01 -3.844048023223876953e+00 2.262137413024902344e+00 6.082627773284912109e+00 -3.023334503173828125e+00
-2.061027050018310547e+00 -1.755842566490173340e+00 8.442913889884948730e-01 3.696671485900878906e+00 -5.048816680908203125e+00
1.429912209510803223e+00 -1.887781977653503418e+00 2.077346146106719971e-01 -1.882386088371276855e+00 -6.863885879516601562e+00
-2.051526010036468506e-01 -4.524741172790527344e+00 -8.380913734436035156e-01 2.476305723190307617e+00 2.429253011941909790e-01
2.114444017410278320e+00 2.907465457916259766e+00 -1.844062328338623047e+00 1.276377916336059570e+00 -4.877653598785400391e+00
-4.023414611816406250e+00 -3.559887886047363281e+00 6.159292697906494141e+00 4.452913284301757812e+00 -2.757930994033813477e+00
5.437061786651611328e-01 4.035691261291503906e+00 5.685333728790283203e+00 3.009451150894165039e+00 -6.679841041564941406e+00
-3.025211989879608154e-01 4.697660446166992188e+00 3.796630859375000000e+00 8.347064256668090820e-01 -6.903668880462646484e+00
3.011979103088378906e+00 2.640582084655761719e+00 -9.636155962944030762e-01 2.663912296295166016e+00 -3.998234510421752930e+00
9.546216130256652832e-01 3.785276412963867188e+00 -9.624215960502624512e-02 4.166034162044525146e-01 -5.914963245391845703e+00
3.166080474853515625e+00 3.742229461669921875e+00 2.427993059158325195e+00 2.543361186981201172e+00 -4.541559696197509766e+00
-1.037366867065429688e+00 -4.102617740631103516e+00 3.087990581989288330e-01 2.806821107864379883e+00 -3.867534920573234558e-02
3.561415672302246094e+00 -3.979801177978515625e+00 8.601424217224121094e+00 -4.009557247161865234e+00 6.476948857307434082e-01
4.463790893554687500e+00 -3.363610744476318359e+00 -1.515228867530822754e+00 -2.525830745697021484e+00 8.477481454610824585e-02
