3.625181436538696289e+00 2.569211959838867188e+00 1.143688082695007324e+00 -1.341422349214553833e-01 -2.893307685852050781e+00
7.255021333694458008e-01 6.909278392791748047e+00 -1.466467499732971191e+00 5.397570133209228516e+00 5.471071720123291016e+00
3.958442926406860352e+00 3.416008472442626953e+00 -3.107062816619873047e+00 8.147113800048828125e+00 1.223122215270996094e+01
5.352051258087158203e+00 1.994705796241760254e+00 -5.771731853485107422e+00 8.901144981384277344e+00 1.204992294311523438e+01
1.288298249244689941e+00 9.776850700378417969e+00 -1.941788196563720703e+00 5.211887359619140625e+00 5.335971355438232422e+00
3.259566545486450195e+00 3.124525070190429688e+00 8.027970790863037109e-01 -1.844003796577453613e-01 -2.912901639938354492e+00
1.702972531318664551e+00 4.209657192230224609e+00 2.938791513442993164e+00 3.917123079299926758e+00 1.277000308036804199e+00
3.222033262252807617e+00 3.058022975921630859e+00 -2.487310171127319336e+00 9.058558464050292969e+00 1.213799476623535156e+01
-3.726929903030395508e+00 1.108119106292724609e+01 5.681294798851013184e-01 1.291008949279785156e+00 -6.016657948493957520e-01
1.303922653198242188e+00 6.873366832733154297e+00 -1.122873544692993164e+00 5.263467311859130859e+00 5.361105918884277344e+00
1.964043617248535156e+00 4.955298900604248047e+00 3.577685117721557617e+00 3.995778560638427734e+00 1.239216685295104980e+00
3.029804944992065430e+00 2.492295026779174805e+00 -2.700282812118530273e+00 8.875543594360351562e+00 1.206191253662109375e+01
1.866525292396545410e+00 4.837264537811279297e+00 4.284845352172851562e+00 4.013463020324707031e+00 1.328785181045532227e+00
4.095854759216308594e+00 2.213001251220703125e+00 -4.965408802032470703e+00 9.000188827514648438e+00 1.227981662750244141e+01
4.610335528850555420e-01 7.559721469879150391e+00 -1.832668066024780273e+00 5.252705574035644531e+00 5.432715892791748047e+00
3.162345647811889648e+00 2.274972438812255859e+00 1.044719815254211426e+00 1.137000843882560730e-01 -2.965482234954833984e+00
5.289094448089599609e+00 3.096912384033203125e+00 1.870270133018493652e+00 -3.344552218914031982e-01 -2.971259593963623047e+00
3.121608972549438477e+00 2.464039087295532227e+00 9.942448735237121582e-01 9.447328001260757446e-02 -2.799423217773437500e+00
2.309033155441284180e+00 5.175159454345703125e+00 5.138867855072021484e+00 4.040946006774902344e+00 1.369425773620605469e+00
4.726682186126708984e+00 2.811511516571044922e+00 1.511711835861206055e+00 1.486857607960700989e-02 -2.815295219421386719e+00
5.818100929260253906e+00 3.928097724914550781e+00 1.707360982894897461e+00 8.087515830993652344e-02 -2.877015829086303711e+00
5.040184497833251953e+00 2.753796577453613281e+00 1.523422479629516602e+00 -1.142167568206787109e+00 -2.896492481231689453e+00
3.183379650115966797e+00 3.250007152557373047e+00 -1.902195930480957031e+00 8.684257507324218750e+00 1.198282337188720703e+01
3.424896478652954102e+00 3.023005008697509766e+00 -2.702125787734985352e+00 8.744261741638183594e+00 1.226827335357666016e+01
4.126348972320556641e+00 3.193290233612060547e+00 1.200489759445190430e+00 -5.347614884376525879e-01 -3.136683225631713867e+00
3.670674085617065430e+00 3.553565740585327148e+00 -3.570175170898437500e+00 9.165388107299804688e+00 1.207649517059326172e+01
-1.511578559875488281e-01 6.165996074676513672e+00 1.855588078498840332e+00 1.287552595138549805e+00 -6.151010394096374512e-01
3.830212831497192383e+00 3.697447776794433594e+00 -2.819181203842163086e+00 8.744808197021484375e+00 1.197001647949218750e+01
2.898388624191284180e+00 3.139415264129638672e+00 -1.784947156906127930e+00 9.201187133789062500e+00 1.216821479797363281e+01
3.415144681930541992e+00 3.457992553710937500e+00 -2.055475473403930664e+00 8.847321510314941406e+00 1.200352859497070312e+01
3.756193399429321289e+00 3.269466638565063477e+00 -2.780582189559936523e+00 8.370487213134765625e+00 1.223059272766113281e+01
5.272791385650634766e+00 3.603080272674560547e+00 -4.617692470550537109e+00 8.735347747802734375e+00 1.205097198486328125e+01
4.266059398651123047e+00 2.622638225555419922e+00 1.471057534217834473e+00 -1.766090840101242065e-01 -3.123021602630615234e+00
2.492868185043334961e+00 4.595868587493896484e+00 5.368601322174072266e+00 3.942726612091064453e+00 1.329215645790100098e+00
3.122666835784912109e+00 3.194655418395996094e+00 -2.183341264724731445e+00 8.742593765258789062e+00 1.193372154235839844e+01
2.657335042953491211e+00 5.554132938385009766e+00 7.042339801788330078e+00 4.222103118896484375e+00 1.354285478591918945e+00
3.750028133392333984e+00 3.206993341445922852e+00 -3.012469530105590820e+00 8.542430877685546875e+00 1.222156524658203125e+01
3.420256853103637695e+00 3.457978725433349609e+00 -2.330353260040283203e+00 8.023356437683105469e+00 1.195409679412841797e+01
1.858732581138610840e+00 4.906759738922119141e+00 4.306804656982421875e+00 3.893088340759277344e+00 1.317887544631958008e+00
9.399052619934082031e+00 1.182543277740478516e+00 -8.213099479675292969e+00 8.647168159484863281e+00 1.209749507904052734e+01
-2.085889816284179688e+00 1.208364295959472656e+01 2.283593893051147461e+00 1.243424654006958008e+00 -4.464167952537536621e-01
4.453146457672119141e+00 2.489527940750122070e+00 1.412574172019958496e+00 -6.309152394533157349e-02 -2.916625738143920898e+00
5.494699001312255859e+00 3.959763526916503906e+00 1.495722413063049316e+00 4.902870580554008484e-02 -2.681364059448242188e+00
3.993622779846191406e+00 2.514717817306518555e+00 -3.740178108215332031e+00 8.750944137573242188e+00 1.208412551879882812e+01
4.603508949279785156e+00 2.418743848800659180e+00 1.617347598075866699e+00 -5.883203148841857910e-01 -3.046590566635131836e+00
3.878399372100830078e+00 3.110961675643920898e+00 -3.675033807754516602e+00 9.003056526184082031e+00 1.183131790161132812e+01
-3.987897634506225586e+00 1.135223674774169922e+01 4.946779906749725342e-01 1.259651064872741699e+00 -3.240896165370941162e-01
6.011791706085205078e+00 2.725920200347900391e+00 1.893689274787902832e+00 -4.171896353363990784e-02 -3.320800781250000000e+00
1.605470299720764160e+00 6.764475345611572266e+00 -1.167352557182312012e+00 5.499099731445312500e+00 5.304428100585937500e+00
4.521811485290527344e+00 2.880273818969726562e+00 1.312793493270874023e+00 -4.870195090770721436e-01 -3.005270242691040039e+00
3.885767221450805664e+00 3.167351722717285156e+00 -3.053222179412841797e+00 8.682861328125000000e+00 1.165426921844482422e+01
2.394276857376098633e+00 4.994961261749267578e+00 5.513011932373046875e+00 3.864585876464843750e+00 1.512158870697021484e+00
3.219926118850708008e+00 2.990180492401123047e+00 -3.617939710617065430e+00 8.395003318786621094e+00 1.200066757202148438e+01
6.135507106781005859e+00 2.739689350128173828e+00 2.025328874588012695e+00 5.406711716204881668e-03 -3.203462600708007812e+00
3.686177015304565430e+00 3.076304197311401367e+00 -2.851426362991333008e+00 8.746457099914550781e+00 1.224772739410400391e+01
2.937209844589233398e+00 2.381560325622558594e+00 -2.499146699905395508e+00 8.774707794189453125e+00 1.199649715423583984e+01
-1.081321597099304199e+00 7.423527240753173828e+00 1.640673041343688965e+00 1.144804716110229492e+00 -2.749179899692535400e-01
2.862301111221313477e+00 5.614488124847412109e+00 8.024650573730468750e+00 4.002542018890380859e+00 1.261923313140869141e+00
3.096933603286743164e+00 2.978514194488525391e+00 -1.863989353179931641e+00 8.610939025878906250e+00 1.178453445434570312e+01
3.555142641067504883e+00 3.350985050201416016e+00 -2.189754247665405273e+00 8.823043823242187500e+00 1.222746372222900391e+01
2.108473062515258789e+00 5.728253841400146484e+00 3.351350784301757812e+00 3.967628479003906250e+00 1.505245685577392578e+00
3.621303319931030273e+00 3.657254695892333984e+00 -2.729743242263793945e+00 8.354721069335937500e+00 1.237765502929687500e+01
-8.605652451515197754e-01 6.996809482574462891e+00 1.629397153854370117e+00 1.407595753669738770e+00 -5.817838311195373535e-01
-1.265126943588256836e+00 7.780951976776123047e+00 1.567299604415893555e+00 1.265630245208740234e+00 -2.735368907451629639e-01
4.195073604583740234e+00 3.333711624145507812e+00 1.086687564849853516e+00 -5.152509808540344238e-01 -2.954601049423217773e+00
4.372056484222412109e+00 2.696445226669311523e+00 1.318367242813110352e+00 -3.065352141857147217e-01 -2.978359222412109375e+00
2.333730459213256836e+00 5.284073829650878906e+00 4.534713268280029297e+00 3.973678350448608398e+00 1.320184111595153809e+00
3.620709657669067383e+00 3.144945144653320312e+00 -2.358103036880493164e+00 9.133672714233398438e+00 1.192026042938232422e+01
4.666401147842407227e-01 9.350925445556640625e+00 -2.614782810211181641e+00 5.266396999359130859e+00 5.367811203002929688e+00
5.277927875518798828e+00 4.221664428710937500e+00 1.511928081512451172e+00 1.040305197238922119e-01 -2.911903619766235352e+00
-2.540099620819091797e+00 9.194268226623535156e+00 1.069863080978393555e+00 1.308451175689697266e+00 -6.281683444976806641e-01
-1.481611371040344238e+00 7.316980361938476562e+00 1.230579614639282227e+00 1.271439194679260254e+00 -4.439761340618133545e-01
-2.569161653518676758e-01 7.000405788421630859e+00 2.047119855880737305e+00 1.230388283729553223e+00 -5.228419899940490723e-01
2.157814979553222656e+00 4.813062667846679688e+00 4.888494491577148438e+00 4.166054725646972656e+00 1.453280448913574219e+00
1.833519101142883301e+00 8.123976707458496094e+00 -1.374781370162963867e+00 5.352625370025634766e+00 5.400473594665527344e+00
-2.030099153518676758e+00 9.922114372253417969e+00 1.428336739540100098e+00 1.279472708702087402e+00 -4.065408110618591309e-01
1.690814375877380371e+00 4.998301029205322266e+00 -3.617264330387115479e-01 5.581643581390380859e+00 5.324341297149658203e+00
3.573385238647460938e+00 3.659604549407958984e+00 -2.770569562911987305e+00 9.056984901428222656e+00 1.193893146514892578e+01
-1.454080820083618164e+00 8.111834526062011719e+00 1.539486765861511230e+00 1.251750588417053223e+00 -3.716714978218078613e-01
1.921847939491271973e+00 4.864721775054931641e+00 3.304641962051391602e+00 3.918596029281616211e+00 1.450017809867858887e+00
3.462857007980346680e+00 2.925892353057861328e+00 -2.788345098495483398e+00 8.937389373779296875e+00 1.250089359283447266e+01
6.676638603210449219e+00 2.662424325942993164e+00 2.333483457565307617e+00 -1.918509453535079956e-01 -2.947710037231445312e+00
5.653336048126220703e+00 2.758188724517822266e+00 1.748314738273620605e+00 -6.600687652826309204e-02 -2.831311464309692383e+00
4.088597774505615234e+00 3.277670860290527344e+00 1.350764513015747070e+00 6.537650246173143387e-03 -3.128550291061401367e+00
4.030669212341308594e+00 2.172072410583496094e+00 -3.456502676010131836e+00 8.653396606445312500e+00 1.211182117462158203e+01
6.044494152069091797e+00 2.182069540023803711e+00 2.074637889862060547e+00 1.277514249086380005e-01 -3.151563644409179688e+00
5.286872863769531250e+00 4.991653919219970703e+00 -4.348849296569824219e+00 8.268371582031250000e+00 1.191366004943847656e+01
4.579705715179443359e+00 2.361068248748779297e+00 -4.166696548461914062e+00 8.832854270935058594e+00 1.183423614501953125e+01
-9.014622569084167480e-01 6.763900279998779297e+00 1.529247879981994629e+00 1.253903150558471680e+00 -3.115548491477966309e-01
3.054108858108520508e+00 2.718623638153076172e+00 -2.141349554061889648e+00 8.903549194335937500e+00 1.197494029998779297e+01
1.229032039642333984e+00 3.425262928009033203e+00 2.150305747985839844e+00 3.997945547103881836e+00 1.275391340255737305e+00
6.398879051208496094e+00 1.029169201850891113e+00 -5.678190231323242188e+00 8.492885589599609375e+00 1.200044727325439453e+01
2.546387195587158203e+00 5.501348495483398438e+00 5.648400306701660156e+00 3.925699472427368164e+00 1.440493702888488770e+00
2.142921447753906250e+00 4.456373214721679688e+00 4.959861755371093750e+00 3.977781295776367188e+00 1.392111420631408691e+00
1.384338974952697754e+00 3.598917007446289062e+00 2.432135581970214844e+00 4.069648742675781250e+00 1.469874382019042969e+00
1.606403112411499023e+00 4.076277256011962891e+00 3.132059097290039062e+00 4.006340503692626953e+00 1.316216707229614258e+00
2.126752853393554688e+00 4.968744277954101562e+00 3.705257654190063477e+00 4.151231288909912109e+00 1.497599840164184570e+00
3.496611118316650391e+00 2.963202953338623047e+00 -2.731482982635498047e+00 8.922428131103515625e+00 1.202295875549316406e+01
9.411692619323730469e+00 4.492734909057617188e+00 2.876010417938232422e+00 -1.058992385864257812e+00 -3.036875247955322266e+00
3.446981191635131836e+00 2.602120637893676758e+00 1.111512541770935059e+00 -5.164389014244079590e-01 -2.880992174148559570e+00
