4.006879329681396484e-01 -5.258529782295227051e-01 -5.251738429069519043e-01 4.077718734741210938e+00 3.731186151504516602e+00 -4.505815505981445312e+00 -8.190701484680175781e+00 1.619939446449279785e+00 -5.161725521087646484e+00 -4.033683538436889648e-01 3.953318834304809570e+00 4.109541416168212891e+00 -4.587805747985839844e+00 -7.761509418487548828e+00 2.268217086791992188e+00
-6.013254448771476746e-02 -1.573602676391601562e+00 -3.032742023468017578e+00 4.036825656890869141e+00 2.811933040618896484e+00 -2.730412721633911133e+00 -1.359637451171875000e+01 2.202380180358886719e+00 -1.280500292778015137e+00 -3.847126960754394531e+00 1.558770537376403809e+00 -3.088693857192993164e+00 -5.371468544006347656e+00 -1.393280267715454102e+00 -1.912772417068481445e+00
-2.085135936737060547e+00 -3.878818035125732422e+00 -1.711105823516845703e+00 3.032623767852783203e+00 3.773437500000000000e+00 -5.427760124206542969e+00 -1.094278526306152344e+01 7.438479423522949219e+00 1.362193465232849121e+00 -4.133468151092529297e+00 5.967966079711914062e+00 3.293229341506958008e-01 -3.553489208221435547e+00 6.897158622741699219e-01 6.446232318878173828e+00
-1.636173725128173828e+00 -4.987950801849365234e+00 -1.340148687362670898e+00 2.392701148986816406e+00 5.281390190124511719e+00 -4.475837230682373047e+00 -1.043648433685302734e+01 6.978829860687255859e+00 1.737203359603881836e+00 -2.610038995742797852e+00 5.365409374237060547e+00 2.214735597372055054e-01 -4.512082099914550781e+00 1.468682050704956055e+00 7.057285308837890625e+00
-8.957500755786895752e-02 -2.445063114166259766e+00 -4.120595932006835938e+00 5.958722114562988281e+00 3.505822658538818359e+00 1.845087707042694092e-01 -1.260403919219970703e+01 3.839071989059448242e-01 -3.251805067062377930e+00 -1.402608275413513184e+00 2.823487043380737305e+00 -1.348775148391723633e+00 -8.834444046020507812e+00 -3.299690246582031250e+00 1.944485664367675781e+00
-5.741155147552490234e-01 -8.642765879631042480e-01 -8.351595401763916016e-01 4.179426193237304688e+00 3.701269865036010742e+00 -5.010144233703613281e+00 -7.059680461883544922e+00 3.884560346603393555e+00 -5.102785110473632812e+00 -5.112951397895812988e-01 5.280626773834228516e+00 5.483917236328125000e+00 -3.551966190338134766e+00 -7.396544456481933594e+00 2.565399646759033203e+00
-5.359755754470825195e-01 -3.870832681655883789e+00 -3.048491239547729492e+00 3.112170457839965820e+00 3.416122868657112122e-02 4.269750118255615234e+00 -7.709868907928466797e+00 1.591678857803344727e-01 -4.558871090412139893e-01 -6.318402290344238281e+00 -2.173567533493041992e+00 -2.026350259780883789e+00 -5.886760234832763672e+00 -5.271942138671875000e+00 7.143034458160400391e+00
-2.045227289199829102e+00 -3.602168321609497070e+00 -1.701392412185668945e+00 2.578521013259887695e+00 3.000684261322021484e+00 -3.507205009460449219e+00 -1.002231693267822266e+01 7.764898300170898438e+00 3.346080541610717773e+00 -2.602174520492553711e+00 5.507823467254638672e+00 2.241561263799667358e-01 -4.574080944061279297e+00 7.456648349761962891e-01 6.795312881469726562e+00
-4.422548294067382812e+00 -1.774097442626953125e+00 -3.966579437255859375e+00 7.626055717468261719e+00 -2.295533895492553711e+00 -6.491666316986083984e+00 -1.005080795288085938e+01 2.080654859542846680e+00 -3.522479057312011719e+00 -1.025466060638427734e+01 3.102069139480590820e+00 5.389240741729736328e+00 -3.059012413024902344e+00 -4.059996128082275391e+00 8.032255172729492188e+00
-1.017853498458862305e+00 -2.310708522796630859e+00 -3.701268434524536133e+00 4.551879882812500000e+00 2.728882312774658203e+00 -1.719845175743103027e+00 -1.348797321319580078e+01 9.572646021842956543e-01 -2.956366777420043945e+00 -3.067452430725097656e+00 3.187341451644897461e+00 -1.152252912521362305e+00 -8.272520065307617188e+00 -3.451969385147094727e+00 1.772105216979980469e+00
-4.533185660839080811e-01 -4.568301677703857422e+00 -3.652200460433959961e+00 3.488906383514404297e+00 4.439528658986091614e-02 3.741260051727294922e+00 -7.829864025115966797e+00 -1.441370248794555664e-01 8.519522547721862793e-01 -6.577065467834472656e+00 -1.807137370109558105e+00 -1.876242399215698242e+00 -6.749853134155273438e+00 -5.917615413665771484e+00 8.013415336608886719e+00
-1.763922095298767090e+00 -2.884177446365356445e+00 -1.237268209457397461e+00 2.172826051712036133e+00 3.268042564392089844e+00 -4.528429508209228516e+00 -1.024848937988281250e+01 5.850541114807128906e+00 2.633308410644531250e+00 -2.575521707534790039e+00 5.524615764617919922e+00 -3.251385688781738281e-01 -4.417647361755371094e+00 6.111681461334228516e-01 6.801264762878417969e+00
4.814112484455108643e-01 -4.612770080566406250e+00 -3.505253553390502930e+00 3.165054321289062500e+00 -1.394697278738021851e-01 1.626286506652832031e+00 -6.508208751678466797e+00 3.688363552093505859e+00 -1.851545870304107666e-01 -6.854769706726074219e+00 -2.140614509582519531e+00 -1.482121229171752930e+00 -7.635116100311279297e+00 -6.159351825714111328e+00 7.575205802917480469e+00
-1.696665167808532715e+00 -4.219951152801513672e+00 -1.215805888175964355e+00 2.267341613769531250e+00 4.452417850494384766e+00 -7.401124954223632812e+00 -1.285063934326171875e+01 8.025289535522460938e+00 2.010754823684692383e+00 -4.763022899627685547e+00 5.205121994018554688e+00 -1.097038030624389648e+00 -4.658157825469970703e+00 1.051854610443115234e+00 6.609929084777832031e+00
2.001415789127349854e-01 -1.520641922950744629e+00 -3.227350234985351562e+00 4.220522403717041016e+00 2.747441291809082031e+00 -2.678250789642333984e+00 -1.262201881408691406e+01 2.507793903350830078e+00 -1.950373291969299316e+00 -3.623634815216064453e+00 2.827240228652954102e+00 -1.008881568908691406e+00 -6.079418182373046875e+00 -3.612939119338989258e+00 1.253104209899902344e+00
-6.942938268184661865e-02 -4.013499617576599121e-01 -4.746018350124359131e-01 3.853587388992309570e+00 3.266259193420410156e+00 -4.059926033020019531e+00 -8.259842872619628906e+00 2.174611568450927734e+00 -7.498002052307128906e+00 -9.342103600502014160e-01 4.007429599761962891e+00 4.022074222564697266e+00 -4.504777908325195312e+00 -7.809029579162597656e+00 2.190613746643066406e+00
1.806224346160888672e+00 -4.681002497673034668e-01 -2.837954163551330566e-01 5.302198410034179688e+00 5.384059906005859375e+00 -4.735498428344726562e+00 -7.618502616882324219e+00 2.413203477859497070e+00 -6.813863754272460938e+00 4.387940764427185059e-01 4.354574680328369141e+00 6.017202377319335938e+00 -2.624086856842041016e+00 -9.023701667785644531e+00 2.256937026977539062e+00
8.833731710910797119e-02 -5.984092354774475098e-01 -5.371515154838562012e-01 3.759888172149658203e+00 3.270051717758178711e+00 -4.744674682617187500e+00 -9.444646835327148438e+00 1.186733722686767578e+00 -6.855041027069091797e+00 8.508569598197937012e-01 4.663661479949951172e+00 4.738021373748779297e+00 -4.324225902557373047e+00 -7.253066539764404297e+00 2.397397518157958984e+00
1.068237304687500000e+00 -5.439974784851074219e+00 -4.111002922058105469e+00 3.393929481506347656e+00 -1.155201911926269531e+00 2.318243980407714844e+00 -9.436515808105468750e+00 2.894308805465698242e+00 6.590163111686706543e-01 -7.710702896118164062e+00 -2.697015047073364258e+00 -1.197395563125610352e+00 -6.953612327575683594e+00 -6.768118381500244141e+00 7.837769031524658203e+00
1.386145234107971191e+00 -3.453144431114196777e-01 -2.104653120040893555e-01 4.632963657379150391e+00 5.030652999877929688e+00 -5.283982276916503906e+00 -8.573740005493164062e+00 3.861831903457641602e+00 -6.058763504028320312e+00 -1.291355371475219727e+00 3.953986883163452148e+00 5.598672866821289062e+00 -2.371021270751953125e+00 -7.802023887634277344e+00 1.402503013610839844e+00
1.332691431045532227e+00 -7.514914870262145996e-01 -5.525559186935424805e-01 5.720685958862304688e+00 6.262406349182128906e+00 -4.179836750030517578e+00 -7.955183506011962891e+00 3.768550157546997070e+00 -6.614728927612304688e+00 -7.455256581306457520e-01 4.039780139923095703e+00 4.708741664886474609e+00 -4.568520069122314453e+00 -7.675570487976074219e+00 2.304273605346679688e+00
1.624569773674011230e+00 -3.733233809471130371e-01 -2.150071412324905396e-02 4.755851268768310547e+00 5.182639598846435547e+00 -4.253093242645263672e+00 -3.907010555267333984e+00 3.309139490127563477e+00 -5.809886932373046875e+00 -4.701982140541076660e-01 3.851197481155395508e+00 4.219501972198486328e+00 -4.696731567382812500e+00 -7.714359283447265625e+00 2.320100069046020508e+00
-2.127680301666259766e+00 -3.191774129867553711e+00 -1.575832962989807129e+00 2.898074626922607422e+00 2.980892181396484375e+00 -4.809855937957763672e+00 -1.203384590148925781e+01 8.248929977416992188e+00 3.582283496856689453e+00 -5.847744941711425781e+00 5.706041812896728516e+00 5.495977997779846191e-01 -4.312265396118164062e+00 6.301935911178588867e-01 6.779808998107910156e+00
-2.070170164108276367e+00 -3.062228679656982422e+00 -1.288892388343811035e+00 2.576263904571533203e+00 3.677861213684082031e+00 -3.488880872726440430e+00 -8.862690925598144531e+00 5.551377296447753906e+00 2.918708801269531250e+00 -1.556370258331298828e+00 5.058126926422119141e+00 -5.864264070987701416e-02 -4.357916831970214844e+00 9.460532665252685547e-01 6.426310539245605469e+00
2.010414004325866699e-01 -6.596027016639709473e-01 -5.803749561309814453e-01 4.758831977844238281e+00 4.188914299011230469e+00 -3.655658006668090820e+00 -5.011777400970458984e+00 2.302621126174926758e+00 -5.458427429199218750e+00 5.133288502693176270e-01 4.069422245025634766e+00 4.357717514038085938e+00 -3.742515087127685547e+00 -8.294859886169433594e+00 2.145367145538330078e+00
-2.186586380004882812e+00 -4.077897548675537109e+00 -1.798527240753173828e+00 2.658583164215087891e+00 3.787901878356933594e+00 -6.482451915740966797e+00 -1.059993553161621094e+01 7.055079936981201172e+00 2.410630464553833008e+00 -3.422898292541503906e+00 4.382848739624023438e+00 -1.283817172050476074e+00 -4.199149131774902344e+00 8.985818624496459961e-01 6.358767032623291016e+00
-3.232910871505737305e+00 -2.772274255752563477e+00 -3.018908262252807617e+00 5.134081840515136719e+00 -7.284115254878997803e-02 -4.826873779296875000e+00 -8.453976631164550781e+00 -6.368064284324645996e-01 -3.823957681655883789e+00 -9.420819282531738281e+00 3.318686723709106445e+00 4.870418071746826172e+00 -1.638771772384643555e+00 -5.071753501892089844e+00 8.561623573303222656e+00
-2.221017122268676758e+00 -3.995338439941406250e+00 -1.916589021682739258e+00 3.123759508132934570e+00 3.490265369415283203e+00 -3.492330551147460938e+00 -9.154097557067871094e+00 5.804521560668945312e+00 1.188592910766601562e+00 -7.220763564109802246e-01 7.296317577362060547e+00 2.447999238967895508e+00 -4.530320644378662109e+00 -2.750866711139678955e-01 8.054129600524902344e+00
-1.966832637786865234e+00 -3.056010246276855469e+00 -1.592839717864990234e+00 2.738977670669555664e+00 2.894754886627197266e+00 -4.075390815734863281e+00 -1.100037479400634766e+01 6.677987098693847656e+00 2.323796987533569336e+00 -2.891089677810668945e+00 5.525475978851318359e+00 -1.405263096094131470e-01 -4.712401390075683594e+00 1.238895416259765625e+00 6.556724548339843750e+00
-2.325161695480346680e+00 -3.445196628570556641e+00 -1.651138186454772949e+00 3.093694210052490234e+00 3.062447071075439453e+00 -4.812208175659179688e+00 -8.082549095153808594e+00 6.026497840881347656e+00 2.154092311859130859e+00 -7.998965978622436523e-01 6.021522045135498047e+00 9.695628881454467773e-01 -4.201974868774414062e+00 6.255187988281250000e-01 6.976091861724853516e+00
-2.087115526199340820e+00 -3.635030269622802734e+00 -1.660522818565368652e+00 2.906036376953125000e+00 3.545598506927490234e+00 -3.531130075454711914e+00 -1.167446327209472656e+01 6.453971385955810547e+00 1.806210756301879883e+00 -3.332655191421508789e+00 7.161275386810302734e+00 2.068415641784667969e+00 -3.529367208480834961e+00 4.412157237529754639e-01 7.301373004913330078e+00
-2.200655698776245117e+00 -5.645565986633300781e+00 -2.195819139480590820e+00 3.205239057540893555e+00 4.413226604461669922e+00 -4.842948913574218750e+00 -1.006753635406494141e+01 7.414095878601074219e+00 1.902726650238037109e+00 -3.118695497512817383e+00 4.832669734954833984e+00 -1.200605392456054688e+00 -4.210435867309570312e+00 1.406771898269653320e+00 5.711753368377685547e+00
1.246306777000427246e+00 -4.428266882896423340e-01 -2.218608260154724121e-01 4.276266574859619141e+00 4.370832920074462891e+00 -4.183509826660156250e+00 -6.555934906005859375e+00 3.525249242782592773e+00 -6.194079399108886719e+00 -5.006795525550842285e-01 5.432518482208251953e+00 6.140504360198974609e+00 -4.093358039855957031e+00 -7.748865604400634766e+00 3.064675807952880859e+00
1.857590675354003906e+00 -5.174423217773437500e+00 -3.542207479476928711e+00 2.899198055267333984e+00 -7.560094594955444336e-01 1.648012757301330566e+00 -7.988221645355224609e+00 2.643559694290161133e+00 -4.006895124912261963e-01 -7.013865470886230469e+00 -2.140637159347534180e+00 -1.569297790527343750e+00 -7.146174907684326172e+00 -7.106461524963378906e+00 7.670330047607421875e+00
-2.074060916900634766e+00 -3.015485286712646484e+00 -1.406651973724365234e+00 2.706815242767333984e+00 3.108408451080322266e+00 -5.003292083740234375e+00 -9.812183380126953125e+00 7.818602085113525391e+00 1.237949371337890625e+00 -2.376930952072143555e+00 5.423316478729248047e+00 5.358715057373046875e-01 -4.264153480529785156e+00 5.833303928375244141e-01 6.374111175537109375e+00
3.112470388412475586e+00 -6.092920303344726562e+00 -4.336439132690429688e+00 2.697203397750854492e+00 -5.712632536888122559e-01 2.208289861679077148e+00 -8.124323844909667969e+00 3.147682666778564453e+00 -4.917342960834503174e-01 -6.163680076599121094e+00 -2.881291389465332031e+00 -2.210349798202514648e+00 -6.929502487182617188e+00 -6.207458496093750000e+00 7.259720802307128906e+00
-2.090188980102539062e+00 -3.543858766555786133e+00 -1.579856991767883301e+00 2.716392993927001953e+00 3.791637659072875977e+00 -4.075699806213378906e+00 -9.975644111633300781e+00 6.949027061462402344e+00 9.797154068946838379e-01 -2.154965877532958984e+00 6.034157752990722656e+00 5.361530780792236328e-01 -3.763286352157592773e+00 1.207803010940551758e+00 6.603137969970703125e+00
-2.205550193786621094e+00 -3.762921571731567383e+00 -1.822837352752685547e+00 2.984720706939697266e+00 2.970710515975952148e+00 -4.090334892272949219e+00 -9.923418045043945312e+00 6.241842269897460938e+00 2.389882802963256836e+00 -3.419268131256103516e+00 1.652604579925537109e+00 -4.104470729827880859e+00 -2.118031263351440430e+00 5.937868595123291016e+00 3.758693218231201172e+00
5.759388804435729980e-01 -4.573788166046142578e+00 -3.366023778915405273e+00 3.192516088485717773e+00 -3.884389102458953857e-01 4.287822246551513672e+00 -5.861653804779052734e+00 4.531936645507812500e-01 -1.308581709861755371e+00 -5.478829860687255859e+00 -2.583914518356323242e+00 -2.675602674484252930e+00 -7.441527366638183594e+00 -6.061025142669677734e+00 7.304117202758789062e+00
3.964804410934448242e-01 -7.378967285156250000e+00 -8.322991132736206055e-01 3.072249412536621094e+00 8.384377479553222656e+00 -4.848926067352294922e+00 -8.689482688903808594e+00 5.360329627990722656e+00 2.669748067855834961e+00 -1.548221945762634277e+00 6.155097484588623047e+00 -4.888702929019927979e-02 -3.630995750427246094e+00 4.259640872478485107e-01 6.612560749053955078e+00
-4.569956779479980469e+00 -3.107892513275146484e+00 -5.127109527587890625e+00 8.733626365661621094e+00 -1.517409324645996094e+00 -6.316486835479736328e+00 -1.112698268890380859e+01 6.222405433654785156e-01 -3.799436807632446289e+00 -1.108990573883056641e+01 3.092794179916381836e+00 5.058695316314697266e+00 -2.272331714630126953e+00 -4.767573833465576172e+00 9.032469749450683594e+00
1.374281525611877441e+00 -2.934784293174743652e-01 -1.195891574025154114e-01 4.306908130645751953e+00 4.751987934112548828e+00 -4.191944599151611328e+00 -7.003379821777343750e+00 1.790284395217895508e+00 -6.222955226898193359e+00 -1.404532939195632935e-01 3.667389631271362305e+00 4.324110984802246094e+00 -3.393488168716430664e+00 -8.136424064636230469e+00 1.985569953918457031e+00
1.099425554275512695e+00 -7.173576951026916504e-01 -6.643635630607604980e-01 5.318917274475097656e+00 6.028401374816894531e+00 -3.867265701293945312e+00 -8.570365905761718750e+00 1.044203162193298340e+00 -6.954763889312744141e+00 5.645360350608825684e-01 3.156529188156127930e+00 3.655538797378540039e+00 -2.885759830474853516e+00 -8.190332412719726562e+00 1.966762542724609375e+00
-1.834156751632690430e+00 -3.896100044250488281e+00 -1.439143896102905273e+00 2.488009214401245117e+00 3.919059276580810547e+00 -4.058989048004150391e+00 -9.279006958007812500e+00 5.011425971984863281e+00 3.548086166381835938e+00 -2.440649986267089844e+00 6.703484058380126953e+00 1.545065760612487793e+00 -2.961781740188598633e+00 5.371114611625671387e-02 6.999111652374267578e+00
1.701749324798583984e+00 -3.110341429710388184e-01 -4.301417618989944458e-02 4.509219646453857422e+00 4.587385177612304688e+00 -4.793255805969238281e+00 -6.057342052459716797e+00 3.471844434738159180e+00 -5.565896511077880859e+00 4.669783711433410645e-01 4.297675609588623047e+00 4.495561122894287109e+00 -4.447587013244628906e+00 -7.614588260650634766e+00 2.045625209808349609e+00
-1.939744710922241211e+00 -3.704676151275634766e+00 -1.631326079368591309e+00 2.532676696777343750e+00 4.312017917633056641e+00 -4.439930438995361328e+00 -1.022459697723388672e+01 6.047384262084960938e+00 3.714448690414428711e+00 -2.993024826049804688e+00 4.558794498443603516e+00 -1.109886914491653442e-01 -5.037402153015136719e+00 2.715722560882568359e+00 6.456930637359619141e+00
-4.698925971984863281e+00 -1.680224895477294922e+00 -4.124466896057128906e+00 7.975104331970214844e+00 -2.217105388641357422e+00 -6.534117698669433594e+00 -9.223834037780761719e+00 4.079606533050537109e-01 -2.838926076889038086e+00 -9.666459083557128906e+00 2.772055864334106445e+00 4.007721424102783203e+00 -2.699868917465209961e+00 -4.323475360870361328e+00 8.650314331054687500e+00
2.551285505294799805e+00 -2.124130278825759888e-01 2.039097547531127930e-01 5.390324592590332031e+00 6.186576843261718750e+00 -4.990419864654541016e+00 -7.631642818450927734e+00 4.203089714050292969e+00 -6.372786521911621094e+00 -1.271580576896667480e+00 5.281749725341796875e+00 4.883303165435791016e+00 -4.613075256347656250e+00 -8.228739738464355469e+00 2.738949775695800781e+00
-8.402003645896911621e-01 -2.249525070190429688e+00 -3.385639429092407227e+00 4.529342651367187500e+00 2.610406637191772461e+00 -2.673285484313964844e+00 -1.255738067626953125e+01 1.658895254135131836e+00 -2.872896432876586914e+00 -1.533134222030639648e+00 2.351350545883178711e+00 -2.778900146484375000e+00 -8.488473892211914062e+00 -3.456593751907348633e+00 1.161154270172119141e+00
1.028605580329895020e+00 -6.933628916740417480e-01 -4.108029007911682129e-01 4.468786716461181641e+00 4.677467346191406250e+00 -4.515189170837402344e+00 -5.706130981445312500e+00 3.283919572830200195e+00 -4.875585079193115234e+00 1.936725825071334839e-01 5.141473770141601562e+00 5.063195705413818359e+00 -4.022356033325195312e+00 -7.787004947662353516e+00 2.841730594635009766e+00
-2.074828386306762695e+00 -3.546978473663330078e+00 -1.618444919586181641e+00 2.768717765808105469e+00 4.007520198822021484e+00 -3.664678812026977539e+00 -1.073478889465332031e+01 7.130757331848144531e+00 2.161971807479858398e+00 -2.723990678787231445e+00 5.655987262725830078e+00 7.406063079833984375e-01 -4.776794433593750000e+00 8.794071674346923828e-01 6.707007408142089844e+00
1.613688230514526367e+00 -5.432509422302246094e+00 -3.965547323226928711e+00 3.106140375137329102e+00 -1.109261870384216309e+00 1.454076647758483887e+00 -8.236700057983398438e+00 1.786874175071716309e+00 1.466626763343811035e+00 -8.521651268005371094e+00 -2.836550474166870117e+00 -1.702822804450988770e+00 -8.503766059875488281e+00 -6.956750869750976562e+00 7.528706073760986328e+00
-1.956123948097229004e+00 -3.294748783111572266e+00 -1.372097849845886230e+00 2.309341430664062500e+00 4.037751674652099609e+00 -4.107136726379394531e+00 -1.057785034179687500e+01 7.018085956573486328e+00 1.277580499649047852e+00 -3.061159610748291016e+00 5.887572288513183594e+00 4.597216844558715820e-01 -5.243287086486816406e+00 -1.880567371845245361e-01 7.361555576324462891e+00
2.725664854049682617e+00 -1.413292437791824341e-01 4.875211715698242188e-01 5.565074920654296875e+00 6.151250839233398438e+00 -4.302009105682373047e+00 -7.856976032257080078e+00 3.185102224349975586e+00 -6.212720870971679688e+00 -1.054944276809692383e+00 4.363481998443603516e+00 4.175952434539794922e+00 -5.595895290374755859e+00 -8.406737327575683594e+00 2.720312118530273438e+00
-2.140691995620727539e+00 -3.788933515548706055e+00 -1.607049465179443359e+00 2.707980394363403320e+00 3.381902694702148438e+00 -2.709395885467529297e+00 -9.594760894775390625e+00 7.075331687927246094e+00 3.852515935897827148e+00 -3.557325363159179688e+00 6.011151313781738281e+00 5.530368089675903320e-01 -4.617537498474121094e+00 7.739579677581787109e-01 7.138036251068115234e+00
-1.698914289474487305e+00 -2.776244640350341797e+00 -1.153306126594543457e+00 2.091486215591430664e+00 2.933724403381347656e+00 -6.244209289550781250e+00 -9.169204711914062500e+00 7.635470390319824219e+00 1.424186825752258301e+00 -3.399846315383911133e+00 5.410348415374755859e+00 -9.772329330444335938e-01 -5.210575103759765625e+00 1.296406984329223633e+00 6.399688720703125000e+00
-3.427922010421752930e+00 -2.414625406265258789e+00 -3.370121479034423828e+00 5.832411766052246094e+00 -7.232079505920410156e-01 -4.787167549133300781e+00 -7.917035579681396484e+00 -1.292431354522705078e+00 -5.532118320465087891e+00 -7.641334533691406250e+00 2.907814741134643555e+00 3.867792367935180664e+00 -3.299326896667480469e+00 -4.996404647827148438e+00 9.020417213439941406e+00
4.003767490386962891e+00 -6.508101940155029297e+00 -4.476220607757568359e+00 2.602596044540405273e+00 -1.164676904678344727e+00 1.301674962043762207e+00 -6.147214889526367188e+00 4.006553649902343750e+00 6.258465647697448730e-01 -7.105885982513427734e+00 -2.287528753280639648e+00 -1.561246156692504883e+00 -7.140790939331054688e+00 -6.221425533294677734e+00 7.612382888793945312e+00
-1.962191820144653320e+00 -3.096970081329345703e+00 -1.556396245956420898e+00 2.644978046417236328e+00 2.736045360565185547e+00 -4.978215217590332031e+00 -1.171964168548583984e+01 6.059496879577636719e+00 2.938379049301147461e+00 -4.013605117797851562e+00 5.446599483489990234e+00 2.046996206045150757e-01 -5.688279151916503906e+00 1.192185640335083008e+00 7.101023197174072266e+00
-2.157537221908569336e+00 -3.318517923355102539e+00 -1.617693185806274414e+00 2.983875513076782227e+00 3.467808246612548828e+00 -4.796293258666992188e+00 -1.038648414611816406e+01 6.570831298828125000e+00 9.144322276115417480e-01 -2.479536771774291992e+00 6.441780090332031250e+00 5.869744718074798584e-02 -5.274815559387207031e+00 -5.597794055938720703e-01 7.518191337585449219e+00
-1.153012156486511230e+00 -4.668126583099365234e+00 -3.793822765350341797e+00 3.947525024414062500e+00 2.252055853605270386e-01 2.162661075592041016e+00 -6.591094017028808594e+00 4.633437156677246094e+00 -2.860502302646636963e-01 -7.058921337127685547e+00 -1.061226487159729004e+00 -4.214810132980346680e-01 -7.735213279724121094e+00 -6.867000102996826172e+00 8.802735328674316406e+00
-2.180425882339477539e+00 -4.006387233734130859e+00 -1.888735055923461914e+00 2.943397998809814453e+00 3.257379531860351562e+00 -2.359025001525878906e+00 -9.886324882507324219e+00 6.217961311340332031e+00 1.839550733566284180e+00 -2.128455877304077148e+00 5.820304870605468750e+00 -4.151325225830078125e-01 -4.265623569488525391e+00 1.393950223922729492e+00 6.762242317199707031e+00
-3.341441392898559570e+00 -2.322988748550415039e+00 -3.219743967056274414e+00 5.430523872375488281e+00 -6.244580745697021484e-01 -6.751949310302734375e+00 -1.022898578643798828e+01 1.142840623855590820e+00 -1.922259807586669922e+00 -1.144288730621337891e+01 3.042611360549926758e+00 4.833188533782958984e+00 -2.279947280883789062e+00 -4.796755313873291016e+00 8.699233055114746094e+00
-3.732774734497070312e+00 -2.334480762481689453e+00 -3.618124961853027344e+00 6.077552795410156250e+00 -6.644247770309448242e-01 -4.934888362884521484e+00 -1.062425231933593750e+01 -1.860037922859191895e+00 -2.426347732543945312e+00 -8.449547767639160156e+00 2.941641569137573242e+00 4.511882305145263672e+00 -3.299930095672607422e+00 -4.275368213653564453e+00 8.774752616882324219e+00
-1.523164212703704834e-01 -7.323200106620788574e-01 -6.930320858955383301e-01 4.987693786621093750e+00 4.369143962860107422e+00 -4.904269218444824219e+00 -6.578132629394531250e+00 3.465021371841430664e+00 -5.670175552368164062e+00 5.234714150428771973e-01 4.182833194732666016e+00 6.023582935333251953e+00 -3.101515531539916992e+00 -8.052787780761718750e+00 2.284423828125000000e+00
9.811451435089111328e-01 -4.698918461799621582e-01 -2.685037255287170410e-01 4.589495182037353516e+00 4.207318782806396484e+00 -4.822745323181152344e+00 -6.426507472991943359e+00 4.012434005737304688e+00 -6.171545505523681641e+00 -6.175143122673034668e-01 4.749205112457275391e+00 4.354019641876220703e+00 -5.088288784027099609e+00 -8.119455337524414062e+00 2.879810810089111328e+00
4.209799766540527344e-01 -5.193703651428222656e+00 -4.096795082092285156e+00 3.642934799194335938e+00 -4.197593927383422852e-01 1.270898699760437012e+00 -8.742429733276367188e+00 2.589810371398925781e+00 -1.036924123764038086e+00 -7.477849483489990234e+00 -2.530509948730468750e+00 -1.326843500137329102e+00 -6.829044342041015625e+00 -6.736801147460937500e+00 7.596710205078125000e+00
-2.006782293319702148e+00 -3.250697135925292969e+00 -1.457205295562744141e+00 2.837996006011962891e+00 3.287439823150634766e+00 -5.155716896057128906e+00 -9.392833709716796875e+00 5.913374900817871094e+00 1.934900045394897461e+00 -1.240888595581054688e+00 5.351328372955322266e+00 -1.232723236083984375e+00 -4.992823123931884766e+00 6.453111171722412109e-01 6.696224212646484375e+00
4.092393219470977783e-01 -1.872210979461669922e+00 -3.908507108688354492e+00 5.114184379577636719e+00 3.287199497222900391e+00 -2.509897708892822266e+00 -1.170749282836914062e+01 1.955941796302795410e+00 -3.359482049942016602e+00 -2.732992410659790039e+00 3.171105623245239258e+00 -7.856483459472656250e-01 -6.731842041015625000e+00 -3.308691263198852539e+00 1.373204231262207031e+00
5.115392208099365234e-01 -8.785151839256286621e-01 -8.134561777114868164e-01 5.687067508697509766e+00 5.352274417877197266e+00 -5.303221702575683594e+00 -7.901273250579833984e+00 4.401638031005859375e+00 -6.186174869537353516e+00 -1.453080415725708008e+00 3.568515062332153320e+00 3.884031534194946289e+00 -3.320914745330810547e+00 -7.503297328948974609e+00 1.649288177490234375e+00
-3.829701900482177734e+00 -2.161573410034179688e+00 -3.615260362625122070e+00 6.652755737304687500e+00 -1.702806711196899414e+00 -5.362413406372070312e+00 -9.129265785217285156e+00 -3.772265315055847168e-01 -2.837363481521606445e+00 -9.725757598876953125e+00 3.450292587280273438e+00 4.693913459777832031e+00 -2.197695732116699219e+00 -4.939000129699707031e+00 8.497076988220214844e+00
-3.360670328140258789e+00 -1.954674005508422852e+00 -3.153846740722656250e+00 5.540941715240478516e+00 -8.102734684944152832e-01 -5.889154434204101562e+00 -9.308875083923339844e+00 7.767580747604370117e-01 -2.722932100296020508e+00 -1.043341827392578125e+01 2.853737592697143555e+00 4.598521709442138672e+00 -3.314569950103759766e+00 -5.383085727691650391e+00 8.762866020202636719e+00
-3.397664546966552734e+00 -2.819145679473876953e+00 -3.450386762619018555e+00 5.576410770416259766e+00 -1.999640315771102905e-01 -6.162909507751464844e+00 -1.209393310546875000e+01 -5.454456210136413574e-01 -2.815444707870483398e+00 -1.015970039367675781e+01 2.885435819625854492e+00 3.831090688705444336e+00 -2.410059452056884766e+00 -5.131599426269531250e+00 8.290963172912597656e+00
1.171013355255126953e+00 -5.067809581756591797e+00 -3.736775159835815430e+00 3.255010604858398438e+00 -3.429715931415557861e-01 1.866844058036804199e+00 -8.716611862182617188e+00 3.146628618240356445e+00 1.092638254165649414e+00 -7.391361713409423828e+00 -2.425915479660034180e+00 -4.916300773620605469e-01 -7.213664054870605469e+00 -6.758231639862060547e+00 8.277441978454589844e+00
-1.322107076644897461e+00 -2.758786201477050781e+00 -4.361415863037109375e+00 5.412333488464355469e+00 3.192303419113159180e+00 -2.390759468078613281e+00 -1.082653903961181641e+01 1.599815011024475098e+00 -2.034294843673706055e+00 -1.934481143951416016e+00 3.430243253707885742e+00 -8.674488067626953125e-01 -7.689501762390136719e+00 -2.780406713485717773e+00 1.377909183502197266e+00
-4.298598766326904297e+00 -2.583117723464965820e+00 -4.268322944641113281e+00 7.517553806304931641e+00 -1.041770339012145996e+00 -6.215345382690429688e+00 -8.696067810058593750e+00 1.552551984786987305e+00 -2.976858139038085938e+00 -9.645401954650878906e+00 3.266532182693481445e+00 4.734213829040527344e+00 -3.704895734786987305e+00 -4.523905277252197266e+00 8.901535987854003906e+00
-1.572157859802246094e+00 -2.225209474563598633e+00 -2.745281457901000977e+00 3.916086435317993164e+00 1.793533444404602051e+00 -3.348515748977661133e+00 -1.491920566558837891e+01 3.272095680236816406e+00 -1.923838973045349121e+00 -4.335929870605468750e+00 2.638801813125610352e+00 -4.448809623718261719e-01 -7.335558891296386719e+00 -2.843627452850341797e+00 1.232512235641479492e+00
-2.198337793350219727e+00 -4.084890842437744141e+00 -2.085075855255126953e+00 2.857737064361572266e+00 3.262694835662841797e+00 -4.977424144744873047e+00 -1.106246662139892578e+01 8.703411102294921875e+00 2.073316812515258789e+00 -4.196338653564453125e+00 5.905221939086914062e+00 1.766834259033203125e+00 -5.154792785644531250e+00 -1.929939091205596924e-01 7.635894775390625000e+00
-3.542214155197143555e+00 -2.357056617736816406e+00 -3.581929922103881836e+00 6.139894485473632812e+00 -1.056858777999877930e+00 -6.067271232604980469e+00 -7.401978015899658203e+00 5.542834997177124023e-01 -3.449824571609497070e+00 -8.377915382385253906e+00 2.632747650146484375e+00 4.233280658721923828e+00 -3.246203899383544922e+00 -5.566809177398681641e+00 9.183382987976074219e+00
-5.927026867866516113e-01 -4.403396129608154297e+00 -3.502273321151733398e+00 3.626918792724609375e+00 -2.073477953672409058e-03 2.319921493530273438e+00 -6.979730129241943359e+00 3.256710290908813477e+00 7.265934348106384277e-01 -6.709722518920898438e+00 -1.981020092964172363e+00 -1.630505442619323730e+00 -7.627578258514404297e+00 -7.341520786285400391e+00 7.774280548095703125e+00
-2.009351968765258789e+00 -3.611531734466552734e+00 -1.613319158554077148e+00 2.554032802581787109e+00 3.243254899978637695e+00 -5.585303306579589844e+00 -1.040727424621582031e+01 8.005615234375000000e+00 2.631017684936523438e+00 -3.870418787002563477e+00 5.732896327972412109e+00 -5.852966904640197754e-01 -2.913351535797119141e+00 1.785809040069580078e+00 5.893954277038574219e+00
3.127042293548583984e+00 1.347678154706954956e-01 6.836923360824584961e-01 5.824745655059814453e+00 6.954529762268066406e+00 -4.077733516693115234e+00 -7.256995677947998047e+00 1.890907049179077148e+00 -6.254519462585449219e+00 2.999039292335510254e-01 3.276530742645263672e+00 3.808738470077514648e+00 -3.609402418136596680e+00 -8.099796295166015625e+00 5.121235847473144531e-01
2.175351142883300781e+00 -2.769500613212585449e-01 1.575516462326049805e-01 5.137360572814941406e+00 5.800395965576171875e+00 -4.912211418151855469e+00 -7.887313842773437500e+00 2.666080236434936523e+00 -6.128572940826416016e+00 -5.273262858390808105e-01 4.841015338897705078e+00 4.432815551757812500e+00 -3.790011405944824219e+00 -7.346057415008544922e+00 2.451140403747558594e+00
1.936944127082824707e-01 -7.073720097541809082e-01 -7.651825547218322754e-01 4.708922863006591797e+00 4.342870712280273438e+00 -4.502705574035644531e+00 -8.906860351562500000e+00 3.248969078063964844e+00 -6.934563159942626953e+00 -7.412267327308654785e-01 5.625925540924072266e+00 6.112309455871582031e+00 -3.548389434814453125e+00 -7.836620807647705078e+00 3.054412841796875000e+00
-1.753841161727905273e+00 -3.594046831130981445e+00 -1.375351667404174805e+00 2.172735452651977539e+00 3.784196376800537109e+00 -4.143579006195068359e+00 -1.199664688110351562e+01 5.539934635162353516e+00 2.636317491531372070e+00 -2.365234613418579102e+00 6.175110340118408203e+00 1.275691837072372437e-01 -4.170208930969238281e+00 1.054558038711547852e+00 6.987032890319824219e+00
3.131470680236816406e+00 4.061146378517150879e-01 6.935187578201293945e-01 5.316636562347412109e+00 6.063281536102294922e+00 -6.595910549163818359e+00 -8.894113540649414062e+00 5.831458568572998047e+00 -6.756732463836669922e+00 -2.654681682586669922e+00 5.100213527679443359e+00 5.490420341491699219e+00 -5.284742355346679688e+00 -9.031869888305664062e+00 3.432359218597412109e+00
-2.774907350540161133e+00 -5.964659214019775391e+00 -2.560634851455688477e+00 3.679328680038452148e+00 4.435951709747314453e+00 -2.283032417297363281e+00 -1.097315311431884766e+01 6.115408420562744141e+00 3.214386224746704102e+00 -3.322252988815307617e+00 5.408592224121093750e+00 2.759766578674316406e-01 -4.302416324615478516e+00 3.223344981670379639e-01 6.483901023864746094e+00
-1.913782119750976562e+00 -4.036515712738037109e+00 -1.181716442108154297e+00 2.530874490737915039e+00 4.272236347198486328e+00 -3.016462802886962891e+00 -9.494750022888183594e+00 6.501829147338867188e+00 2.927099466323852539e+00 -1.625618934631347656e+00 5.601983070373535156e+00 1.243106365203857422e+00 -4.617315292358398438e+00 -2.725341916084289551e-02 6.885362148284912109e+00
-3.306266069412231445e+00 -2.337050437927246094e+00 -3.039603233337402344e+00 5.320816040039062500e+00 -5.907008051872253418e-01 -6.813899993896484375e+00 -9.896861076354980469e+00 1.001789927482604980e+00 -2.578840494155883789e+00 -1.085623264312744141e+01 3.483498334884643555e+00 4.588981151580810547e+00 -2.291698932647705078e+00 -4.189140796661376953e+00 8.971346855163574219e+00
-1.871804237365722656e+00 -2.950424194335937500e+00 -1.355851411819458008e+00 2.393361091613769531e+00 2.967585086822509766e+00 -3.552724838256835938e+00 -1.166538047790527344e+01 6.221961021423339844e+00 2.286612272262573242e+00 -2.659139156341552734e+00 5.484254837036132812e+00 -1.119017750024795532e-01 -3.968327522277832031e+00 7.290329933166503906e-01 6.706204414367675781e+00
-9.044901132583618164e-01 -2.977088928222656250e+00 -2.311170339584350586e+00 2.648259162902832031e+00 1.490570902824401855e-01 2.327634811401367188e+00 -7.802369594573974609e+00 3.300322532653808594e+00 2.063110768795013428e-01 -6.982260227203369141e+00 -1.442011237144470215e+00 -2.576138973236083984e-01 -6.860441207885742188e+00 -6.491940021514892578e+00 8.364304542541503906e+00
-8.562524318695068359e-01 -5.479356288909912109e+00 -1.010247468948364258e+00 2.506091594696044922e+00 5.472265720367431641e+00 -1.756426692008972168e+00 -1.209889698028564453e+01 5.250604629516601562e+00 4.383304595947265625e+00 -2.559910535812377930e+00 4.938993930816650391e+00 -4.863781929016113281e-01 -4.919284343719482422e+00 4.728738963603973389e-01 6.893821716308593750e+00
1.646877169609069824e+00 -5.644244670867919922e+00 -4.193880558013916016e+00 3.553010702133178711e+00 -7.005545496940612793e-01 2.156273841857910156e+00 -8.143292427062988281e+00 2.275101423263549805e+00 -9.365199208259582520e-01 -7.410944938659667969e+00 -1.495354056358337402e+00 -2.419173866510391235e-01 -7.480691909790039062e+00 -6.209798812866210938e+00 8.527548789978027344e+00
1.614747166633605957e+00 -4.819509983062744141e+00 -3.515738248825073242e+00 2.833760738372802734e+00 -3.280805647373199463e-01 3.693239390850067139e-01 -7.901486873626708984e+00 4.202675819396972656e+00 -9.567030072212219238e-01 -7.162765026092529297e+00 -1.772297263145446777e+00 -1.130297780036926270e-03 -7.038197040557861328e+00 -5.965827465057373047e+00 8.593881607055664062e+00
-6.372032165527343750e-01 -3.334550380706787109e+00 -2.534081697463989258e+00 2.916881561279296875e+00 8.071319758892059326e-02 2.696988105773925781e+00 -8.096479415893554688e+00 4.424790382385253906e+00 9.888270497322082520e-01 -6.333528041839599609e+00 -1.717634558677673340e+00 -1.861945629119873047e+00 -8.203479766845703125e+00 -6.594062805175781250e+00 8.350508689880371094e+00
-2.538264691829681396e-01 -3.886752605438232422e+00 -2.983500957489013672e+00 2.882098913192749023e+00 -2.062808722257614136e-03 1.299828410148620605e+00 -7.210434436798095703e+00 3.384395599365234375e+00 2.239000499248504639e-01 -7.216716766357421875e+00 -1.638829112052917480e+00 -5.730925798416137695e-01 -7.207306861877441406e+00 -6.694090366363525391e+00 8.303025245666503906e+00
-2.858430743217468262e-01 -4.716919422149658203e+00 -3.742716550827026367e+00 3.654387712478637695e+00 -5.697580799460411072e-02 2.004276514053344727e+00 -8.323273658752441406e+00 2.015199661254882812e+00 7.471968531608581543e-01 -5.781418800354003906e+00 -2.887993335723876953e+00 -1.834420561790466309e+00 -8.028238296508789062e+00 -7.136946201324462891e+00 7.412231445312500000e+00
-2.049518346786499023e+00 -3.185131311416625977e+00 -1.370379924774169922e+00 2.675008296966552734e+00 3.628487825393676758e+00 -5.439042091369628906e+00 -1.117402744293212891e+01 6.934781074523925781e+00 3.321299552917480469e+00 -4.475760459899902344e+00 4.651272296905517578e+00 5.954661965370178223e-02 -4.272701263427734375e+00 4.452186226844787598e-01 6.501017570495605469e+00
3.869026899337768555e+00 -3.429688811302185059e-01 4.982448816299438477e-01 7.778504371643066406e+00 9.158732414245605469e+00 -5.667414665222167969e+00 -6.583291530609130859e+00 3.679084539413452148e+00 -4.658779144287109375e+00 5.980885624885559082e-01 4.750876903533935547e+00 5.024761676788330078e+00 -4.745354175567626953e+00 -8.171405792236328125e+00 2.943390846252441406e+00
7.482278347015380859e-02 -3.675803542137145996e-01 -5.580864548683166504e-01 4.244143962860107422e+00 3.643855810165405273e+00 -4.201422691345214844e+00 -6.017303943634033203e+00 3.404230117797851562e+00 -6.002533912658691406e+00 -5.253655835986137390e-02 4.572328090667724609e+00 5.212384223937988281e+00 -3.916334629058837891e+00 -7.751816272735595703e+00 2.709331274032592773e+00
