5.120603561401367188e+00 5.857645511627197266e+00 6.889692544937133789e-01 3.555308341979980469e+00 -1.432839393615722656e+00
8.667313575744628906e+00 1.908280551433563232e-01 2.511767148971557617e+00 -2.614353179931640625e+00 -6.547105789184570312e+00
7.502191543579101562e+00 3.777615547180175781e+00 3.665047645568847656e+00 -5.095555782318115234e+00 -1.347526264190673828e+01
8.510459899902343750e+00 3.955360889434814453e+00 7.769966125488281250e+00 -5.765006542205810547e+00 -1.368420314788818359e+01
1.246830654144287109e+01 3.465910851955413818e-01 3.906734228134155273e+00 -2.530847311019897461e+00 -6.533281803131103516e+00
5.812589168548583984e+00 4.943491458892822266e+00 9.689683318138122559e-01 3.547963857650756836e+00 -1.499484539031982422e+00
6.840435028076171875e+00 -1.945060014724731445e+00 3.970160484313964844e+00 -6.140391230583190918e-01 -5.078661441802978516e+00
6.512203216552734375e+00 2.843408107757568359e+00 3.380312204360961914e+00 -5.804842948913574219e+00 -1.359313011169433594e+01
1.263434982299804688e+01 2.174369335174560547e+00 -4.596356868743896484e+00 8.567923307418823242e-01 1.491909176111221313e-01
9.254407882690429688e+00 4.727933108806610107e-01 2.758818864822387695e+00 -2.532236337661743164e+00 -6.530044078826904297e+00
7.913752555847167969e+00 -2.794759511947631836e+00 4.701912879943847656e+00 -4.628753662109375000e-01 -4.946205139160156250e+00
5.822453022003173828e+00 2.816453695297241211e+00 3.532912254333496094e+00 -5.190327644348144531e+00 -1.363809871673583984e+01
8.333676338195800781e+00 -3.982600450515747070e+00 4.884498596191406250e+00 -5.564933419227600098e-01 -4.630251884460449219e+00
7.283125400543212891e+00 3.511964321136474609e+00 6.129849433898925781e+00 -5.828008174896240234e+00 -1.438587760925292969e+01
9.667775154113769531e+00 1.045192182064056396e-01 3.023035049438476562e+00 -2.650667190551757812e+00 -5.772822856903076172e+00
5.087901592254638672e+00 5.450868129730224609e+00 6.561351418495178223e-01 3.796466112136840820e+00 -1.414122104644775391e+00
7.041499137878417969e+00 9.264690399169921875e+00 9.315844178199768066e-01 3.709417343139648438e+00 -1.338095307350158691e+00
4.871698379516601562e+00 4.996918201446533203e+00 6.987685561180114746e-01 3.696599245071411133e+00 -1.431783914566040039e+00
9.318696022033691406e+00 -5.048004627227783203e+00 5.025630474090576172e+00 -5.721611380577087402e-01 -4.895616531372070312e+00
6.276541233062744141e+00 8.106827735900878906e+00 4.706097245216369629e-01 3.381761074066162109e+00 -1.408838748931884766e+00
7.817826271057128906e+00 9.289288520812988281e+00 1.016222119331359863e+00 3.651263952255249023e+00 -1.350914955139160156e+00
6.511003017425537109e+00 8.632332801818847656e+00 8.218004107475280762e-01 3.771897792816162109e+00 -1.529068231582641602e+00
6.344569683074951172e+00 2.985449314117431641e+00 2.667677164077758789e+00 -5.356867790222167969e+00 -1.325980091094970703e+01
6.676693916320800781e+00 3.076501369476318359e+00 3.458247900009155273e+00 -5.623948097229003906e+00 -1.367489433288574219e+01
6.574507713317871094e+00 6.984385013580322266e+00 7.150346040725708008e-01 3.612565040588378906e+00 -1.549252629280090332e+00
7.609354972839355469e+00 3.695686578750610352e+00 4.127253055572509766e+00 -5.639296531677246094e+00 -1.390338993072509766e+01
7.906944751739501953e+00 3.036615371704101562e+00 -9.334984421730041504e-01 9.355465769767761230e-01 2.728659845888614655e-02
7.572385787963867188e+00 3.374963283538818359e+00 3.798356533050537109e+00 -5.345793247222900391e+00 -1.291199207305908203e+01
6.087705612182617188e+00 2.611865520477294922e+00 2.556769132614135742e+00 -5.697398662567138672e+00 -1.402791404724121094e+01
6.758959770202636719e+00 3.448660135269165039e+00 2.537028074264526367e+00 -5.711671352386474609e+00 -1.358624458312988281e+01
6.979948997497558594e+00 3.312630653381347656e+00 3.565218210220336914e+00 -4.888089179992675781e+00 -1.360750961303710938e+01
9.188803672790527344e+00 4.517147541046142578e+00 6.175636768341064453e+00 -5.789134025573730469e+00 -1.359717655181884766e+01
6.111767768859863281e+00 7.476958751678466797e+00 7.025712728500366211e-01 3.774255990982055664e+00 -1.540359020233154297e+00
9.041517257690429688e+00 -5.705231666564941406e+00 5.292782306671142578e+00 -6.954031586647033691e-01 -4.721659183502197266e+00
6.292788982391357422e+00 2.716015100479125977e+00 2.867649078369140625e+00 -5.630621433258056641e+00 -1.310532665252685547e+01
1.058487224578857422e+01 -7.500773906707763672e+00 7.045767784118652344e+00 -7.583991885185241699e-01 -4.912775039672851562e+00
7.271168708801269531e+00 3.472576856613159180e+00 3.741936922073364258e+00 -5.196847438812255859e+00 -1.358188056945800781e+01
6.822814941406250000e+00 3.088114738464355469e+00 3.068592071533203125e+00 -4.994283676147460938e+00 -1.353611946105957031e+01
8.175786972045898438e+00 -4.045191764831542969e+00 4.626230239868164062e+00 -4.075557291507720947e-01 -4.908079624176025391e+00
1.264067363739013672e+01 6.001970767974853516e+00 1.335701751708984375e+01 -5.396447658538818359e+00 -1.319798946380615234e+01
1.458308887481689453e+01 3.286958217620849609e+00 -3.376549959182739258e+00 1.212239265441894531e+00 1.545467674732208252e-01
5.868390560150146484e+00 7.897607326507568359e+00 7.401186823844909668e-01 3.391755819320678711e+00 -1.341671943664550781e+00
7.710722923278808594e+00 8.728510856628417969e+00 9.000542759895324707e-01 3.472679376602172852e+00 -1.260131835937500000e+00
7.149753570556640625e+00 3.211136817932128906e+00 4.919036388397216797e+00 -5.405521392822265625e+00 -1.293724632263183594e+01
5.965014934539794922e+00 8.267476081848144531e+00 7.191570401191711426e-01 3.912189722061157227e+00 -1.373294353485107422e+00
7.186524391174316406e+00 3.351521015167236328e+00 4.833465576171875000e+00 -5.660805702209472656e+00 -1.332520294189453125e+01
1.311039638519287109e+01 1.817215442657470703e+00 -4.609078407287597656e+00 9.998833537101745605e-01 1.804921030998229980e-01
7.073730468750000000e+00 1.025011157989501953e+01 8.911840319633483887e-01 3.813600063323974609e+00 -1.533902168273925781e+00
9.234663963317871094e+00 7.645837664604187012e-01 2.657237291336059570e+00 -2.786928892135620117e+00 -6.628052711486816406e+00
6.411425113677978516e+00 7.492565631866455078e+00 9.163379669189453125e-01 3.687337398529052734e+00 -1.512285113334655762e+00
7.374317169189453125e+00 3.756120204925537109e+00 3.917026996612548828e+00 -5.732652664184570312e+00 -1.287893581390380859e+01
9.654061317443847656e+00 -5.776285171508789062e+00 5.231546878814697266e+00 -5.807343125343322754e-01 -4.898591041564941406e+00
6.864777088165283203e+00 3.352640151977539062e+00 4.215511322021484375e+00 -5.441262722015380859e+00 -1.296479511260986328e+01
7.055557250976562500e+00 1.062821388244628906e+01 6.400076746940612793e-01 3.650672435760498047e+00 -1.503987789154052734e+00
6.947007179260253906e+00 3.106041908264160156e+00 3.831968784332275391e+00 -5.349254131317138672e+00 -1.394622707366943359e+01
5.587116718292236328e+00 2.640970945358276367e+00 3.266228437423706055e+00 -5.435355186462402344e+00 -1.383298110961914062e+01
9.140832901000976562e+00 2.622686386108398438e+00 -1.880595445632934570e+00 1.426408052444458008e+00 1.432467401027679443e-01
1.172230434417724609e+01 -8.352827072143554688e+00 6.977886199951171875e+00 -7.039816379547119141e-01 -4.848895072937011719e+00
6.053322315216064453e+00 2.662223100662231445e+00 2.626447677612304688e+00 -5.089931488037109375e+00 -1.334074687957763672e+01
6.862814903259277344e+00 3.385599136352539062e+00 3.032476663589477539e+00 -5.651340961456298828e+00 -1.421050643920898438e+01
7.947550773620605469e+00 -2.300836563110351562e+00 4.407469749450683594e+00 -7.365910410881042480e-01 -4.784970283508300781e+00
7.362559318542480469e+00 3.168280124664306641e+00 3.365127086639404297e+00 -5.140560150146484375e+00 -1.422616672515869141e+01
8.453191757202148438e+00 2.983579158782958984e+00 -1.610701918601989746e+00 7.369236350059509277e-01 1.457340121269226074e-01
9.745930671691894531e+00 3.349739074707031250e+00 -2.105776309967041016e+00 9.881940484046936035e-01 -3.321358934044837952e-02
6.626735210418701172e+00 6.805656433105468750e+00 6.773996353149414062e-01 4.174573898315429688e+00 -1.330426573753356934e+00
6.319872856140136719e+00 7.429786682128906250e+00 5.347648859024047852e-01 3.881709814071655273e+00 -1.495994210243225098e+00
9.108679771423339844e+00 -4.103338241577148438e+00 5.216578483581542969e+00 -4.180440008640289307e-01 -4.890048980712890625e+00
6.730100154876708984e+00 3.418480873107910156e+00 3.086223840713500977e+00 -5.624809265136718750e+00 -1.357368659973144531e+01
1.151271533966064453e+01 -2.277264371514320374e-02 3.776132822036743164e+00 -2.679876565933227539e+00 -6.317106723785400391e+00
7.936929702758789062e+00 8.363522529602050781e+00 9.085301160812377930e-01 3.548020839691162109e+00 -1.468270063400268555e+00
1.103994274139404297e+01 2.094403266906738281e+00 -3.535862207412719727e+00 7.617357373237609863e-01 9.230981022119522095e-02
9.225569725036621094e+00 2.424900770187377930e+00 -2.162875652313232422e+00 7.452586293220520020e-01 2.595722973346710205e-01
8.427007675170898438e+00 3.405878782272338867e+00 -1.084592819213867188e+00 8.013801574707031250e-01 2.284689396619796753e-01
8.912724494934082031e+00 -4.744992256164550781e+00 5.419887065887451172e+00 -8.858015537261962891e-01 -4.717923641204833984e+00
1.066735935211181641e+01 7.736450433731079102e-01 3.167036294937133789e+00 -2.612686872482299805e+00 -6.466519355773925781e+00
1.211697673797607422e+01 3.596257686614990234e+00 -3.018641233444213867e+00 1.010541915893554688e+00 5.103101581335067749e-02
7.411265850067138672e+00 1.449589252471923828e+00 1.609361171722412109e+00 -2.842878103256225586e+00 -5.972701549530029297e+00
7.074157714843750000e+00 2.899475574493408203e+00 3.634844303131103516e+00 -5.818798065185546875e+00 -1.326386165618896484e+01
9.893652915954589844e+00 2.755147933959960938e+00 -2.495989561080932617e+00 9.167725443840026855e-01 3.625368326902389526e-02
7.598478317260742188e+00 -2.493047714233398438e+00 4.388391971588134766e+00 -4.862217009067535400e-01 -4.840096950531005859e+00
6.571541309356689453e+00 3.114440441131591797e+00 3.689996004104614258e+00 -5.785367012023925781e+00 -1.411278057098388672e+01
7.294577598571777344e+00 1.140340518951416016e+01 4.966685771942138672e-01 3.740907907485961914e+00 -1.325347900390625000e+00
6.825343608856201172e+00 9.615447044372558594e+00 9.590089917182922363e-01 3.625499963760375977e+00 -1.409027934074401855e+00
6.296706676483154297e+00 6.881238937377929688e+00 7.183589339256286621e-01 3.511636257171630859e+00 -1.508223772048950195e+00
6.656630516052246094e+00 2.995337486267089844e+00 4.638719558715820312e+00 -5.590016365051269531e+00 -1.407190608978271484e+01
6.172926425933837891e+00 1.071281719207763672e+01 5.538114905357360840e-01 3.589063644409179688e+00 -1.450086116790771484e+00
1.005851745605468750e+01 4.312074184417724609e+00 5.523127555847167969e+00 -5.292399406433105469e+00 -1.272941875457763672e+01
7.364152431488037109e+00 3.773120164871215820e+00 5.350319385528564453e+00 -5.510034084320068359e+00 -1.311692428588867188e+01
8.235333442687988281e+00 2.803336143493652344e+00 -1.519201397895812988e+00 8.718964457511901855e-01 2.392281778156757355e-02
5.890304565429687500e+00 2.793723821640014648e+00 2.942310810089111328e+00 -5.744472026824951172e+00 -1.305598926544189453e+01
5.211869239807128906e+00 -1.071668267250061035e+00 2.922616481781005859e+00 -7.432923316955566406e-01 -5.026975154876708984e+00
8.770026206970214844e+00 4.723352909088134766e+00 8.881536483764648438e+00 -5.184319972991943359e+00 -1.324090576171875000e+01
9.893167495727539062e+00 -5.438479423522949219e+00 5.492325782775878906e+00 -7.567692995071411133e-01 -4.708597660064697266e+00
8.718701362609863281e+00 -4.845647811889648438e+00 5.306567192077636719e+00 -6.126322746276855469e-01 -4.872133731842041016e+00
5.766020298004150391e+00 -1.611344099044799805e+00 3.351120233535766602e+00 -7.335371375083923340e-01 -4.992614269256591797e+00
6.728832721710205078e+00 -2.587062358856201172e+00 4.084922790527343750e+00 -6.848466396331787109e-01 -4.717089176177978516e+00
8.048314094543457031e+00 -3.128904104232788086e+00 4.559630393981933594e+00 -7.522078156471252441e-01 -4.951236248016357422e+00
6.650815010070800781e+00 3.215257644653320312e+00 3.373707532882690430e+00 -5.563175201416015625e+00 -1.361426830291748047e+01
1.030331325531005859e+01 1.468460369110107422e+01 1.434865474700927734e+00 3.564492225646972656e+00 -1.482613325119018555e+00
5.424295902252197266e+00 5.895841121673583984e+00 6.816011071205139160e-01 3.743787765502929688e+00 -1.535450935363769531e+00
