1.580551981925964355e+00 -5.281414985656738281e+00 1.386995553970336914e+00 8.264184594154357910e-01 3.831048011779785156e+00
6.348631381988525391e-01 -3.546490669250488281e+00 4.459064006805419922e+00 4.304432868957519531e+00 3.714961290359497070e+00
5.474329948425292969e+00 3.521233499050140381e-01 4.362369537353515625e+00 6.849009037017822266e+00 7.688667297363281250e+00
5.716257572174072266e+00 1.302442073822021484e+00 7.291378498077392578e+00 7.257972240447998047e+00 7.433999061584472656e+00
8.725726008415222168e-01 -4.913824081420898438e+00 6.208122730255126953e+00 4.212539672851562500e+00 3.776011228561401367e+00
2.416945219039916992e+00 -4.455612182617187500e+00 1.400771737098693848e+00 7.879819869995117188e-01 3.955688714981079102e+00
7.231716632843017578e+00 -1.546081304550170898e+00 -4.219899699091911316e-02 3.606233596801757812e+00 2.583393573760986328e+00
4.981445312500000000e+00 4.200222194194793701e-01 3.427609920501708984e+00 7.743834495544433594e+00 7.583134651184082031e+00
7.904470443725585938e+00 -5.367074012756347656e+00 3.668019056320190430e+00 -7.986389398574829102e-01 3.838773369789123535e-01
9.149512648582458496e-01 -3.925283432006835938e+00 4.269779682159423828e+00 4.371976375579833984e+00 3.774016141891479492e+00
8.614602088928222656e+00 -1.993065714836120605e+00 -3.204374313354492188e-01 3.312670230865478516e+00 2.357532024383544922e+00
4.172586441040039062e+00 4.533662497997283936e-01 3.563918352127075195e+00 7.398402214050292969e+00 7.576179981231689453e+00
9.324788093566894531e+00 -2.631803750991821289e+00 -1.093583226203918457e+00 3.329859018325805664e+00 2.323318958282470703e+00
5.176004409790039062e+00 1.166574001312255859e+00 6.199989318847656250e+00 7.225587368011474609e+00 7.902401924133300781e+00
4.430387318134307861e-01 -3.703356504440307617e+00 4.665527343750000000e+00 4.274801254272460938e+00 3.641289472579956055e+00
1.589597105979919434e+00 -4.942358493804931641e+00 1.364802002906799316e+00 8.625037670135498047e-01 3.827646493911743164e+00
1.632645606994628906e+00 -8.386873245239257812e+00 1.678660511970520020e+00 9.947606325149536133e-01 3.771655559539794922e+00
1.757419466972351074e+00 -4.659098625183105469e+00 1.325837731361389160e+00 8.668218255043029785e-01 3.877301931381225586e+00
9.962634086608886719e+00 -3.624901533126831055e+00 -1.248161673545837402e+00 3.188284397125244141e+00 2.345618963241577148e+00
1.305729389190673828e+00 -7.104854583740234375e+00 1.574760437011718750e+00 9.692706465721130371e-01 3.695727109909057617e+00
2.323457956314086914e+00 -8.337467193603515625e+00 1.803905487060546875e+00 1.042880058288574219e+00 3.750231981277465820e+00
1.254240274429321289e+00 -7.870086193084716797e+00 1.679489850997924805e+00 6.137691140174865723e-01 3.755493164062500000e+00
4.961693763732910156e+00 7.675136439502239227e-03 3.063169002532958984e+00 7.629372119903564453e+00 7.453619480133056641e+00
4.703515529632568359e+00 2.045134007930755615e-01 3.714545726776123047e+00 7.527137756347656250e+00 7.782323837280273438e+00
2.015134572982788086e+00 -6.156442165374755859e+00 1.700842022895812988e+00 6.852010488510131836e-01 4.002189159393310547e+00
5.527130603790283203e+00 4.368699491024017334e-01 4.568343162536621094e+00 7.685102939605712891e+00 7.731997013092041016e+00
5.750918388366699219e+00 -2.304150581359863281e+00 1.833522677421569824e+00 -8.105567097663879395e-01 2.489711344242095947e-01
5.635198116302490234e+00 2.497656047344207764e-01 3.931198596954345703e+00 7.196006298065185547e+00 7.454438209533691406e+00
4.698274135589599609e+00 9.847529977560043335e-02 2.777025699615478516e+00 7.588477134704589844e+00 7.768833637237548828e+00
5.309679985046386719e+00 7.527466863393783569e-02 3.154094219207763672e+00 7.381482601165771484e+00 7.596795082092285156e+00
5.060766696929931641e+00 1.916911303997039795e-01 4.153810024261474609e+00 7.017942905426025391e+00 7.595603466033935547e+00
6.868739128112792969e+00 1.083318471908569336e+00 6.293508529663085938e+00 7.603547573089599609e+00 7.559293270111083984e+00
1.687895059585571289e+00 -6.732866287231445312e+00 1.332793354988098145e+00 8.199431300163269043e-01 3.869500637054443359e+00
9.896578788757324219e+00 -3.966958522796630859e+00 -1.752737045288085938e+00 3.403056383132934570e+00 2.455339431762695312e+00
4.441950321197509766e+00 1.293131243437528610e-02 3.259467363357543945e+00 7.335375785827636719e+00 7.516178131103515625e+00
1.255224323272705078e+01 -4.572188854217529297e+00 -2.873824596405029297e+00 3.571900844573974609e+00 2.526548624038696289e+00
5.260957241058349609e+00 2.022071778774261475e-01 4.408815860748291016e+00 6.802958488464355469e+00 7.723713874816894531e+00
5.313300132751464844e+00 2.312074601650238037e-01 3.511423826217651367e+00 6.913064002990722656e+00 7.575066089630126953e+00
9.238423347473144531e+00 -2.725856304168701172e+00 -9.364437460899353027e-01 3.052818536758422852e+00 2.576870203018188477e+00
8.376095771789550781e+00 2.572195768356323242e+00 1.194214630126953125e+01 7.624643802642822266e+00 7.680712223052978516e+00
9.595444679260253906e+00 -6.027225017547607422e+00 3.387073993682861328e+00 -7.560665011405944824e-01 2.902116179466247559e-01
1.035941004753112793e+00 -6.957043170928955078e+00 1.408645987510681152e+00 7.730679512023925781e-01 3.847938299179077148e+00
2.705552816390991211e+00 -8.073484420776367188e+00 1.774463534355163574e+00 1.064296126365661621e+00 3.618641376495361328e+00
5.345894813537597656e+00 8.439156413078308105e-01 5.018422603607177734e+00 7.427179813385009766e+00 7.533842086791992188e+00
1.060020565986633301e+00 -7.471766471862792969e+00 1.440156579017639160e+00 6.586545109748840332e-01 3.853659629821777344e+00
5.222191333770751953e+00 6.545652747154235840e-01 4.899651050567626953e+00 7.654041290283203125e+00 7.284561634063720703e+00
8.149502754211425781e+00 -5.959086418151855469e+00 4.159677505493164062e+00 -8.799796700477600098e-01 3.654735386371612549e-01
1.321425557136535645e+00 -9.400298118591308594e+00 1.722503781318664551e+00 8.273246884346008301e-01 4.148404598236083984e+00
1.039981842041015625e+00 -3.880382776260375977e+00 4.278192043304443359e+00 4.518395423889160156e+00 3.740572214126586914e+00
1.726822137832641602e+00 -6.794624328613281250e+00 1.760770320892333984e+00 1.045901775360107422e+00 3.950141429901123047e+00
5.097096443176269531e+00 3.002044856548309326e-01 4.368283748626708984e+00 7.140040874481201172e+00 7.173762321472167969e+00
1.050338649749755859e+01 -4.137566089630126953e+00 -1.849438548088073730e+00 3.358448982238769531e+00 2.606924772262573242e+00
4.858311176300048828e+00 6.077384352684020996e-01 4.505953311920166016e+00 7.019403934478759766e+00 7.535617828369140625e+00
9.911512732505798340e-01 -9.819233894348144531e+00 1.576334357261657715e+00 9.595519900321960449e-01 3.640190839767456055e+00
5.181961536407470703e+00 3.508112132549285889e-01 4.245454788208007812e+00 7.344428062438964844e+00 7.549014568328857422e+00
4.258140563964843750e+00 3.795776069164276123e-01 3.397288322448730469e+00 7.206521987915039062e+00 7.678883552551269531e+00
6.153174877166748047e+00 -3.037558555603027344e+00 2.341874599456787109e+00 -5.414498448371887207e-01 3.880287706851959229e-01
1.321866512298583984e+01 -5.705067634582519531e+00 -3.150733947753906250e+00 3.295466661453247070e+00 2.297989368438720703e+00
4.833942413330078125e+00 1.575190722942352295e-01 2.878697156906127930e+00 7.296168804168701172e+00 7.368356704711914062e+00
5.180974960327148438e+00 2.071073949337005615e-01 3.466432094573974609e+00 7.188909530639648438e+00 8.020124435424804688e+00
8.608539581298828125e+00 -1.832149267196655273e+00 2.398461550474166870e-01 3.134785890579223633e+00 2.528783798217773438e+00
5.502723217010498047e+00 2.545247972011566162e-01 3.792474269866943359e+00 7.083624362945556641e+00 7.635968208312988281e+00
5.546200752258300781e+00 -2.896080493927001953e+00 2.026988029479980469e+00 -1.184328675270080566e+00 3.815104961395263672e-01
6.153067588806152344e+00 -3.422132253646850586e+00 2.531179189682006836e+00 -7.079777121543884277e-01 3.018150329589843750e-01
2.164620399475097656e+00 -6.087084770202636719e+00 1.746799230575561523e+00 7.638887166976928711e-01 3.752254247665405273e+00
1.698826193809509277e+00 -6.455284118652343750e+00 1.748968243598937988e+00 8.703201413154602051e-01 4.042451381683349609e+00
1.007249927520751953e+01 -3.145383834838867188e+00 -1.058599829673767090e+00 3.522853374481201172e+00 2.543308734893798828e+00
4.841507911682128906e+00 -1.226147785782814026e-01 3.856974363327026367e+00 7.795512199401855469e+00 7.575034141540527344e+00
5.539655089378356934e-01 -4.276742458343505859e+00 5.781090736389160156e+00 4.451915740966796875e+00 3.646913766860961914e+00
2.458713054656982422e+00 -7.716604232788085938e+00 1.933963298797607422e+00 9.693582653999328613e-01 3.787157297134399414e+00
7.140360355377197266e+00 -4.155749320983886719e+00 2.910176992416381836e+00 -9.714053273200988770e-01 2.482620924711227417e-01
5.564771652221679688e+00 -3.305895328521728516e+00 2.336178541183471680e+00 -9.337072968482971191e-01 3.200573027133941650e-01
6.092984676361083984e+00 -2.706502914428710938e+00 1.859854459762573242e+00 -8.792416453361511230e-01 4.213549494743347168e-01
1.008821773529052734e+01 -3.279056549072265625e+00 -1.483274102210998535e+00 3.619719982147216797e+00 2.311968326568603516e+00
8.924857974052429199e-01 -4.760240077972412109e+00 4.878406047821044922e+00 4.573372364044189453e+00 3.793063879013061523e+00
7.580931663513183594e+00 -4.492121219635009766e+00 3.215551853179931641e+00 -7.734099626541137695e-01 3.973242938518524170e-01
1.623679637908935547e+00 -3.331252336502075195e+00 2.949680328369140625e+00 4.746500492095947266e+00 3.486846923828125000e+00
5.893464088439941406e+00 5.071817040443420410e-01 3.563006877899169922e+00 7.257607936859130859e+00 7.603364944458007812e+00
6.553818702697753906e+00 -3.361136674880981445e+00 2.464266777038574219e+00 -7.115613818168640137e-01 3.781079351902008057e-01
8.184576034545898438e+00 -1.882699847221374512e+00 -2.602453827857971191e-01 3.299208641052246094e+00 2.552617311477661133e+00
5.104671478271484375e+00 4.906958043575286865e-01 3.819075107574462891e+00 7.783010005950927734e+00 7.706850051879882812e+00
9.995720982551574707e-01 -1.030158805847167969e+01 1.691433310508728027e+00 6.313634514808654785e-01 3.709079027175903320e+00
1.177357554435729980e+00 -8.551407814025878906e+00 1.776721119880676270e+00 9.907640218734741211e-01 3.917721033096313477e+00
1.873649120330810547e+00 -6.248392105102539062e+00 1.535566210746765137e+00 9.825969338417053223e-01 4.014167785644531250e+00
4.848661422729492188e+00 7.153049111366271973e-01 4.622154712677001953e+00 7.046010494232177734e+00 7.620571613311767578e+00
5.592581629753112793e-01 -1.005527114868164062e+01 1.429977655410766602e+00 9.300912022590637207e-01 3.813138723373413086e+00
7.395190238952636719e+00 3.082205951213836670e-01 5.723234653472900391e+00 7.154958724975585938e+00 7.615103721618652344e+00
5.249907493591308594e+00 7.025563120841979980e-01 5.669846534729003906e+00 7.420920372009277344e+00 7.804168701171875000e+00
5.705584526062011719e+00 -2.864655256271362305e+00 2.086264610290527344e+00 -9.728054404258728027e-01 3.468111157417297363e-01
4.439370155334472656e+00 1.867021024227142334e-01 3.180221557617187500e+00 7.338628292083740234e+00 7.301260948181152344e+00
5.465633392333984375e+00 -1.082471609115600586e+00 2.912058532238006592e-01 3.130595207214355469e+00 2.467039346694946289e+00
5.896736621856689453e+00 1.575341105461120605e+00 8.379985809326171875e+00 7.356903553009033203e+00 7.525034904479980469e+00
1.094290733337402344e+01 -4.186451435089111328e+00 -1.881695866584777832e+00 3.174396514892578125e+00 2.372033357620239258e+00
9.841982841491699219e+00 -3.575159788131713867e+00 -1.726595997810363770e+00 3.313826084136962891e+00 2.441861391067504883e+00
6.093215942382812500e+00 -1.334216356277465820e+00 1.107764523476362228e-02 3.390789985656738281e+00 2.621495008468627930e+00
7.422132492065429688e+00 -1.682176113128662109e+00 -3.738415241241455078e-01 3.368328571319580078e+00 2.552852392196655273e+00
8.615851402282714844e+00 -2.555713176727294922e+00 -5.941328406333923340e-01 3.251197814941406250e+00 2.496587514877319336e+00
4.876824855804443359e+00 1.111394986510276794e-01 3.932810068130493164e+00 7.371585845947265625e+00 7.443355083465576172e+00
2.128043174743652344e+00 -1.320959568023681641e+01 2.606759071350097656e+00 5.561044216156005859e-01 3.786196470260620117e+00
1.659369587898254395e+00 -5.226227760314941406e+00 1.405701994895935059e+00 7.356556057929992676e-01 3.995836973190307617e+00
