1.077253744006156921e-01 -2.596819996833801270e-01 8.016860485076904297e-02 -6.292627006769180298e-02 -2.579583525657653809e-01 -1.652931794524192810e-02 4.697592556476593018e-02 -1.027707085013389587e-01 -2.007329612970352173e-01 7.502108067274093628e-02
4.045913815498352051e-01 -1.727435737848281860e-01 -4.562090635299682617e-01 3.199029564857482910e-01 -3.499219417572021484e-01 -3.560428321361541748e-01 1.997450590133666992e-01 -4.572459757328033447e-01 -3.390320017933845520e-02 -2.573172450065612793e-01
3.240547329187393188e-02 2.480121105909347534e-01 -2.222758233547210693e-01 1.104765459895133972e-01 -3.361864248290657997e-03 -2.164178639650344849e-01 2.697601914405822754e-02 -1.861816048622131348e-01 1.838685870170593262e-01 -1.793586760759353638e-01
2.270824015140533447e-01 2.222803235054016113e-01 -1.870673298835754395e-01 2.409931719303131104e-01 2.701887674629688263e-02 -2.080417275428771973e-01 1.525173485279083252e-01 -2.059750705957412720e-01 -1.945510804653167725e-01 -2.479909211397171021e-01
3.350666165351867676e-01 -1.816598474979400635e-01 -4.140073657035827637e-01 3.163749277591705322e-01 -3.423472642898559570e-01 -3.032755255699157715e-01 3.295839130878448486e-01 -3.040389120578765869e-01 -9.645330160856246948e-02 -1.598203331232070923e-01
3.185035586357116699e-01 -4.048265218734741211e-01 1.433969438076019287e-01 -3.524742275476455688e-02 -5.408169329166412354e-02 1.182010695338249207e-01 -6.776295602321624756e-02 -1.116990670561790466e-01 -1.692065447568893433e-01 9.806535206735134125e-03
1.692987382411956787e-01 -1.192334815859794617e-01 -8.703334629535675049e-02 1.289816498756408691e-01 -9.259022772312164307e-02 1.375377327203750610e-01 2.691762745380401611e-01 -9.215829893946647644e-03 1.146132424473762512e-01 -2.267651557922363281e-01
-3.737201541662216187e-02 2.619411945343017578e-01 -2.424699664115905762e-01 1.179723814129829407e-01 -7.084438204765319824e-02 -3.735547140240669250e-02 1.321233510971069336e-01 -1.098852679133415222e-01 9.495249390602111816e-02 -3.881848454475402832e-01
1.907700002193450928e-01 -4.041260480880737305e-01 2.638442814350128174e-01 -5.676691532135009766e-01 -9.278687834739685059e-02 -1.224945411086082458e-01 2.723214775323867798e-02 1.691376864910125732e-01 -1.484846621751785278e-01 1.799489706754684448e-01
4.932115077972412109e-01 -9.503407031297683716e-02 -3.057187795639038086e-01 1.749341040849685669e-01 -2.720388770103454590e-01 -1.848703920841217041e-01 1.761672049760818481e-01 -3.530159294605255127e-01 3.401270136237144470e-02 -1.487051397562026978e-01
-7.019339501857757568e-02 4.392256587743759155e-02 -1.440720707178115845e-01 1.477394104003906250e-01 2.155976183712482452e-02 1.969373598694801331e-02 2.634525895118713379e-01 -1.476227641105651855e-01 2.215232700109481812e-01 -2.059447318315505981e-01
6.596257537603378296e-02 1.222744211554527283e-01 -2.403240948915481567e-01 1.614141613245010376e-01 5.967201199382543564e-03 -1.799556240439414978e-02 1.662969738245010376e-01 -1.986880004405975342e-01 1.881769448518753052e-01 -2.659641504287719727e-01
3.123116493225097656e-01 -1.098146066069602966e-01 -2.358780503273010254e-01 1.817661672830581665e-01 -1.251782476902008057e-01 4.080212488770484924e-02 1.476335525512695312e-01 -1.010012254118919373e-01 -5.292027071118354797e-02 -2.151679098606109619e-01
2.381418347358703613e-01 1.121494695544242859e-01 -2.656207382678985596e-01 1.477347314357757568e-01 4.083545412868261337e-03 -2.665534317493438721e-01 1.792290508747100830e-01 -2.302027940750122070e-01 -2.713920548558235168e-05 -2.440368682146072388e-01
2.165257930755615234e-01 -9.980360418558120728e-02 -2.147382795810699463e-01 1.720661371946334839e-01 -2.731090784072875977e-01 -1.786334812641143799e-01 3.047876060009002686e-01 -1.494519710540771484e-01 -1.427075639367103577e-02 -2.545250654220581055e-01
3.496866822242736816e-01 -4.788053631782531738e-01 1.359290182590484619e-01 -2.444761991500854492e-01 -2.323503047227859497e-01 8.347436040639877319e-02 1.405917108058929443e-01 2.593007497489452362e-02 -3.464974164962768555e-01 -1.713491231203079224e-02
3.557327389717102051e-01 -5.467299818992614746e-01 2.812622189521789551e-01 -6.210283190011978149e-02 -3.263308405876159668e-01 9.781085699796676636e-02 -4.162660986185073853e-02 7.120973616838455200e-02 -4.059119820594787598e-01 1.985832303762435913e-01
2.233366072177886963e-01 -3.381893634796142578e-01 5.432311818003654480e-02 5.303489416837692261e-02 -1.511807739734649658e-01 2.658542990684509277e-01 -1.728841662406921387e-02 7.658475544303655624e-03 -1.684516817331314087e-01 -5.502561479806900024e-02
2.076886892318725586e-01 -7.579752709716558456e-03 -9.713774919509887695e-02 1.500962078571319580e-01 5.123896896839141846e-02 1.616862788796424866e-02 1.739093959331512451e-01 -7.197669241577386856e-03 1.385144293308258057e-01 -1.797518134117126465e-01
2.986420989036560059e-01 -3.921306729316711426e-01 2.124287188053131104e-01 5.579132586717605591e-02 -4.165941774845123291e-01 9.403468668460845947e-02 -2.398819476366043091e-02 7.498612254858016968e-02 -2.726859152317047119e-01 1.062272712588310242e-01
2.216977477073669434e-01 -4.439148902893066406e-01 2.938384413719177246e-01 -2.076256871223449707e-01 -1.981641799211502075e-01 1.454879939556121826e-01 1.114637479186058044e-01 8.166409283876419067e-02 -4.257164001464843750e-01 2.083742767572402954e-01
3.672508299350738525e-01 -3.494369983673095703e-01 3.669931292533874512e-01 -3.448108732700347900e-01 -2.179969549179077148e-01 1.684696227312088013e-01 2.199958264827728271e-01 2.341097444295883179e-01 -3.725128769874572754e-01 1.032608970999717712e-01
4.839085042476654053e-03 4.409467428922653198e-02 -1.893965899944305420e-01 7.570528984069824219e-02 -1.119250655174255371e-01 -1.143807545304298401e-01 1.194961145520210266e-01 -1.948688179254531860e-01 4.012365043163299561e-01 -1.400403827428817749e-01
4.188107699155807495e-02 2.205783724784851074e-01 -1.557679176330566406e-01 6.729354709386825562e-02 -7.552108168601989746e-02 4.294209554791450500e-02 1.615651994943618774e-01 -3.108162879943847656e-01 1.719075590372085571e-01 -2.801401019096374512e-01
2.810371518135070801e-01 -2.216472327709197998e-01 2.179571092128753662e-01 -8.714077621698379517e-02 -1.140059679746627808e-01 1.549076735973358154e-01 1.671213507652282715e-01 1.019173637032508850e-01 -1.799365729093551636e-01 2.553365193307399750e-03
1.985309273004531860e-02 1.015120372176170349e-01 -2.656085789203643799e-01 7.389692217111587524e-02 -2.698016725480556488e-02 -1.917075365781784058e-01 5.249333381652832031e-02 -1.619607508182525635e-01 2.774772047996520996e-01 -2.842351198196411133e-01
1.434239149093627930e-01 -4.104404449462890625e-01 -2.399210259318351746e-02 -3.556937873363494873e-01 -7.458726409822702408e-03 -3.929058834910392761e-02 1.733611375093460083e-01 5.879416596144437790e-03 2.137930989265441895e-01 -5.327338725328445435e-02
3.211168050765991211e-01 3.756825327873229980e-01 -1.682054549455642700e-01 1.323902606964111328e-01 3.098412752151489258e-01 -6.318467110395431519e-02 -4.075439274311065674e-02 -2.851358950138092041e-01 3.002772033214569092e-01 -2.567063868045806885e-01
1.586577594280242920e-01 1.074494346976280212e-01 -1.873428225517272949e-01 9.787567704916000366e-02 7.411292195320129395e-02 -8.087793737649917603e-02 2.018072456121444702e-01 -2.165969312191009521e-01 1.876342147588729858e-01 -2.377251237630844116e-01
8.464305847883224487e-02 2.391152530908584595e-01 -2.933772802352905273e-01 2.494479157030582428e-02 6.306783854961395264e-02 -6.815104931592941284e-02 1.209974661469459534e-01 -1.477003395557403564e-01 1.205891743302345276e-01 -3.951958119869232178e-01
2.830143272876739502e-01 1.719117015600204468e-01 -1.076603829860687256e-01 1.676458120346069336e-01 -1.411366276443004608e-02 -1.257915943861007690e-01 1.068342775106430054e-01 -6.856473535299301147e-02 1.220292821526527405e-01 -1.907242685556411743e-01
7.385306805372238159e-02 2.754927277565002441e-01 -2.782587707042694092e-01 1.442665308713912964e-01 -3.804697771556675434e-04 -2.531453073024749756e-01 1.099444702267646790e-01 -1.120881587266921997e-01 -4.545326903462409973e-02 -3.980129063129425049e-01
2.992339432239532471e-01 -3.986216187477111816e-01 1.826491504907608032e-01 5.983466655015945435e-02 -3.141807019710540771e-01 4.254004731774330139e-02 4.979188740253448486e-02 4.036136716604232788e-02 -3.029510378837585449e-01 1.083694323897361755e-01
2.547637224197387695e-01 -6.337503343820571899e-02 7.838352024555206299e-02 7.170648127794265747e-02 -9.627175331115722656e-02 -2.023410424590110779e-02 9.289661049842834473e-02 6.165884807705879211e-02 3.600848838686943054e-02 1.607095450162887573e-02
1.143828853964805603e-01 3.018333911895751953e-01 -2.265239059925079346e-01 8.025129884481430054e-02 4.260702431201934814e-02 -2.502674236893653870e-02 1.486221104860305786e-01 -3.203720748424530029e-01 3.683489859104156494e-01 -2.159087210893630981e-01
3.015461862087249756e-01 -2.041577249765396118e-01 -4.988344386219978333e-02 -1.742196641862392426e-02 -1.199583522975444794e-02 -7.054304331541061401e-02 1.584437042474746704e-01 9.143836051225662231e-02 -2.029539346694946289e-01 -3.137517720460891724e-02
-3.344566375017166138e-02 2.647129893302917480e-01 -2.056178152561187744e-01 2.692359387874603271e-01 9.665159881114959717e-02 -1.167582347989082336e-01 1.799291372299194336e-01 -2.266677170991897583e-01 2.822916507720947266e-01 -2.611970603466033936e-01
-1.217297241091728210e-01 2.460830360651016235e-01 -1.641810536384582520e-01 2.272541671991348267e-01 -5.542907118797302246e-02 -5.203365907073020935e-02 1.705882996320724487e-01 -1.474048793315887451e-01 2.879940271377563477e-01 -3.226904273033142090e-01
2.116728127002716064e-01 -1.332939863204956055e-01 -1.428511738777160645e-01 1.286633610725402832e-01 -2.349485270678997040e-02 5.865523591637611389e-02 2.541050612926483154e-01 1.135145314037799835e-02 1.423614770174026489e-01 -5.109525471925735474e-02
1.336348354816436768e-01 -3.657618071883916855e-03 -2.290557622909545898e-01 1.305485665798187256e-01 1.109670847654342651e-01 -2.102054804563522339e-01 1.768763065338134766e-01 1.438229829072952271e-01 -2.816085219383239746e-01 -4.457440972328186035e-01
-9.429111331701278687e-02 -2.593646943569183350e-01 4.512122645974159241e-02 -4.085931479930877686e-01 2.835348434746265411e-02 -7.713920623064041138e-02 1.849459856748580933e-02 2.393837831914424896e-02 -1.996665745973587036e-01 1.154460664838552475e-02
1.909903883934020996e-01 -4.782277643680572510e-01 9.961430728435516357e-02 -9.781462699174880981e-02 -1.630309671163558960e-01 7.473913580179214478e-02 -7.021329365670681000e-03 -4.609344899654388428e-02 -5.110715627670288086e-01 4.072126001119613647e-02
4.696654677391052246e-01 -5.186057686805725098e-01 2.571068406105041504e-01 -4.990028589963912964e-02 -6.139671802520751953e-02 1.471529006958007812e-01 7.647064328193664551e-02 -4.188030725345015526e-04 -2.336667329072952271e-01 1.084373816847801208e-01
9.979522973299026489e-02 5.850940197706222534e-02 -7.045477628707885742e-02 -3.615818172693252563e-02 -2.163104526698589325e-02 -8.892745524644851685e-02 1.300288438796997070e-01 -8.705779165029525757e-02 1.901578158140182495e-01 -1.320249885320663452e-01
2.407389879226684570e-01 -4.555286765098571777e-01 2.909564375877380371e-01 -4.727030545473098755e-02 -2.408468723297119141e-01 1.187919303774833679e-01 8.833142369985580444e-02 1.514463424682617188e-01 -3.046749830245971680e-01 1.774528473615646362e-01
-6.699866801500320435e-02 3.287568092346191406e-01 -2.652360796928405762e-01 1.999468803405761719e-01 5.261678993701934814e-02 -2.396577596664428711e-01 6.101629883050918579e-02 -1.871919631958007812e-01 2.474341839551925659e-01 -2.497674971818923950e-01
-1.700960993766784668e-01 -4.812822043895721436e-01 7.163640856742858887e-02 -4.960015118122100830e-01 -1.011807918548583984e-01 -2.680176198482513428e-01 1.690030694007873535e-01 3.083528280258178711e-01 -1.954419761896133423e-01 1.421390622854232788e-01
2.928037941455841064e-01 -3.559285402297973633e-01 1.880130767822265625e-01 -4.311158508062362671e-02 -2.567614614963531494e-01 1.760225594043731689e-01 1.287389546632766724e-01 1.476383209228515625e-01 -2.772088348865509033e-01 2.114861458539962769e-02
4.730002582073211670e-01 -2.475618422031402588e-01 -4.179574251174926758e-01 2.471433281898498535e-01 -3.219381570816040039e-01 -3.257049620151519775e-01 2.613970041275024414e-01 -3.754946291446685791e-01 6.219721958041191101e-02 -9.284300357103347778e-02
2.054162323474884033e-01 -3.555457890033721924e-01 1.912639141082763672e-01 -1.391478031873703003e-01 -1.727875918149948120e-01 4.929486289620399475e-02 3.353016823530197144e-02 -2.081703208386898041e-02 -3.827436864376068115e-01 1.521919816732406616e-01
1.586775183677673340e-01 2.793085575103759766e-01 -1.703707575798034668e-01 1.267747282981872559e-01 -1.119837909936904907e-01 -1.409339159727096558e-01 1.500775068998336792e-01 -1.575706750154495239e-01 1.181031242012977600e-01 -2.567893564701080322e-01
1.852951049804687500e-01 -2.307285219430923462e-01 3.908270224928855896e-02 -3.507201327010989189e-04 -1.823885291814804077e-01 -2.288898453116416931e-02 1.901759803295135498e-01 -2.141274325549602509e-02 2.064495235681533813e-01 8.223860710859298706e-02
2.355045974254608154e-01 2.474472075700759888e-01 -3.809993267059326172e-01 1.907821744680404663e-01 2.029840797185897827e-01 2.605913951992988586e-02 9.000372886657714844e-02 -2.209044545888900757e-01 1.070229932665824890e-01 -2.944310605525970459e-01
1.838029325008392334e-01 -2.777913808822631836e-01 5.480511114001274109e-02 -7.608494721353054047e-03 -1.915530264377593994e-01 1.509995758533477783e-01 1.492410302162170410e-01 -1.002474687993526459e-02 -2.420365661382675171e-01 9.616306982934474945e-03
-6.195799261331558228e-02 2.323712557554244995e-01 -2.854942679405212402e-01 4.749008268117904663e-02 -1.821190416812896729e-01 -1.604588776826858521e-01 5.531791597604751587e-02 -1.578745841979980469e-01 7.326734811067581177e-02 -2.777704000473022461e-01
1.557683944702148438e-01 9.396969527006149292e-02 -1.473580300807952881e-01 5.491059273481369019e-02 -1.071675717830657959e-01 -1.259189844131469727e-01 1.808091402053833008e-01 -1.931750476360321045e-01 1.128867492079734802e-01 -3.073005080223083496e-01
2.272118628025054932e-01 -1.658834367990493774e-01 1.541879400610923767e-02 -3.729146420955657959e-01 1.211420297622680664e-01 8.807764202356338501e-02 3.978265821933746338e-02 3.046030998229980469e-01 1.156113371253013611e-01 -4.240465909242630005e-02
3.005225956439971924e-01 -2.127576321363449097e-01 -1.540043205022811890e-01 8.672904223203659058e-02 -3.572348505258560181e-02 5.597401037812232971e-02 2.030782550573348999e-01 1.166382804512977600e-01 2.002091333270072937e-02 -8.812255412340164185e-02
-5.345439165830612183e-02 6.972377747297286987e-02 -2.709629535675048828e-01 9.908948093652725220e-02 -2.114988677203655243e-02 5.502581968903541565e-02 2.807238698005676270e-01 -2.351914048194885254e-01 2.440152913331985474e-01 -3.217433094978332520e-01
2.448846697807312012e-01 1.278840154409408569e-01 -2.626841068267822266e-01 1.571301519870758057e-01 8.621194958686828613e-02 -1.000870987772941589e-01 6.911418586969375610e-02 -1.606186032295227051e-01 4.104763269424438477e-01 -1.791061311960220337e-01
3.830993175506591797e-01 2.805899642407894135e-02 -8.613261580467224121e-02 1.280031204223632812e-01 -1.666787862777709961e-01 5.894545093178749084e-02 2.511164844036102295e-01 3.569144010543823242e-02 2.950272262096405029e-01 -1.655168384313583374e-01
2.828320115804672241e-02 3.279911875724792480e-01 -2.649699449539184570e-01 7.661645859479904175e-02 8.823513984680175781e-02 1.395847368985414505e-02 1.445687413215637207e-01 -1.281079500913619995e-01 2.605784535408020020e-01 -4.412053823471069336e-01
7.563997060060501099e-02 -4.216170907020568848e-01 8.893445134162902832e-02 -3.964498639106750488e-01 -9.529764950275421143e-02 -1.120874211192131042e-01 2.376395463943481445e-01 1.659557223320007324e-01 -2.478512004017829895e-02 -3.102154284715652466e-02
-8.475389331579208374e-02 -3.040800690650939941e-01 3.082168102264404297e-01 -3.676185011863708496e-01 9.559486061334609985e-02 -7.248814217746257782e-03 1.971175670623779297e-01 4.898049682378768921e-02 -1.909544169902801514e-01 4.166661947965621948e-02
5.142404139041900635e-02 -4.205279946327209473e-01 2.274422496557235718e-01 -6.000017374753952026e-02 -2.350308150053024292e-01 1.367467045783996582e-01 2.069646865129470825e-02 1.116489470005035400e-01 -3.871552348136901855e-01 1.327574104070663452e-01
3.430854976177215576e-01 -2.884554862976074219e-01 1.054821461439132690e-01 -1.462328433990478516e-01 -2.371878474950790405e-01 1.453063488006591797e-01 1.029314473271369934e-01 1.477350145578384399e-01 -1.922215670347213745e-01 1.532110720872879028e-01
1.986581683158874512e-01 -4.144478589296340942e-02 -3.304477408528327942e-02 8.723773807287216187e-02 1.164506226778030396e-01 9.657128900289535522e-02 1.818849742412567139e-01 4.268750175833702087e-02 -3.743891790509223938e-02 -1.796737760305404663e-01
2.305126190185546875e-01 1.930821537971496582e-01 -3.040138483047485352e-01 1.240098699927330017e-01 8.229182660579681396e-02 2.078690007328987122e-02 1.010813787579536438e-01 -1.316794753074645996e-01 1.776209324598312378e-01 -5.224795937538146973e-01
3.057386875152587891e-01 -7.850804179906845093e-02 -2.073782533407211304e-01 2.905546426773071289e-01 -3.671441674232482910e-01 -3.770634233951568604e-01 2.376346290111541748e-01 -2.191976904869079590e-01 -1.832557618618011475e-01 -1.154044941067695618e-01
2.232733070850372314e-01 -3.698719739913940430e-01 1.135234385728836060e-01 -1.186077818274497986e-01 -2.151374965906143188e-01 1.062820032238960266e-01 3.293082863092422485e-02 4.603112488985061646e-02 -4.978540241718292236e-01 7.280262559652328491e-02
-9.694459289312362671e-02 -3.306525945663452148e-01 3.586774319410324097e-02 -4.613265097141265869e-01 -1.012266129255294800e-01 -9.909423440694808960e-02 5.979318171739578247e-02 2.623287737369537354e-01 8.219163864850997925e-03 3.962352126836776733e-02
6.546470522880554199e-02 -3.468087315559387207e-01 9.609149396419525146e-02 -5.154067277908325195e-01 -2.037195721641182899e-03 -8.198922127485275269e-02 1.423263698816299438e-01 1.501583158969879150e-01 -6.647395342588424683e-02 4.826220124959945679e-02
6.834695488214492798e-02 -3.960328698158264160e-01 -9.404186904430389404e-02 -4.371849596500396729e-01 1.059601083397865295e-01 -1.037121340632438660e-01 -2.805087715387344360e-02 4.373210668563842773e-02 -1.481581944972276688e-03 -6.435791403055191040e-02
1.525236666202545166e-01 -1.886603981256484985e-01 9.301260113716125488e-02 8.209741860628128052e-02 -8.705651015043258667e-02 9.738146513700485229e-02 2.490917146205902100e-01 1.509972214698791504e-01 -3.252645209431648254e-02 -5.301827937364578247e-02
2.374423742294311523e-01 -4.146018531173467636e-03 -2.159397155046463013e-01 2.680245339870452881e-01 -2.222930043935775757e-01 -3.109472692012786865e-01 7.558099180459976196e-02 -3.161034286022186279e-01 -1.343295127153396606e-01 -2.410786002874374390e-01
-1.791120320558547974e-02 -2.830481529235839844e-01 8.679895102977752686e-02 -6.111273169517517090e-01 2.590527571737766266e-02 -1.933175325393676758e-01 1.915617734193801880e-01 1.633889228105545044e-01 -2.508586347103118896e-01 -1.320196036249399185e-02
2.279030680656433105e-01 -7.551515847444534302e-02 -1.617321372032165527e-01 2.710224688053131104e-01 -4.077849388122558594e-01 -1.824713200330734253e-01 2.581113278865814209e-01 -3.786564767360687256e-01 2.989995479583740234e-01 -1.576722413301467896e-01
1.012476757168769836e-01 3.195959031581878662e-01 -2.922258973121643066e-01 3.013038933277130127e-01 -6.293264031410217285e-02 -1.305830013006925583e-02 1.019223555922508240e-01 -1.860941946506500244e-01 2.760669589042663574e-01 -3.746344149112701416e-01
3.731898218393325806e-02 -3.534800112247467041e-01 -1.157502382993698120e-01 -5.214935541152954102e-01 3.455325961112976074e-02 -9.995938092470169067e-02 6.612023711204528809e-02 1.399523168802261353e-01 8.611781150102615356e-02 -4.375908523797988892e-02
-7.432319223880767822e-03 -8.895226754248142242e-03 -1.274926066398620605e-01 -1.514973398298025131e-02 1.901087351143360138e-02 9.618049114942550659e-02 5.137756466865539551e-02 -1.227373853325843811e-01 1.819505691528320312e-01 -8.039618283510208130e-02
-7.416411489248275757e-02 2.070874422788619995e-01 -2.817379236221313477e-01 4.004115611314773560e-02 2.759686298668384552e-02 -1.208260655403137207e-01 1.140349581837654114e-01 2.724841469898819923e-04 2.421292513608932495e-01 -4.305910468101501465e-01
3.999601602554321289e-01 -4.291643500328063965e-01 2.609988152980804443e-01 -1.129642203450202942e-01 -1.536965817213058472e-01 1.981337666511535645e-01 2.160921841859817505e-01 2.859237194061279297e-01 -4.345675706863403320e-01 2.241929918527603149e-01
1.933969557285308838e-01 -4.592387080192565918e-01 1.686653941869735718e-01 -1.083172634243965149e-01 -3.128461837768554688e-01 1.753906756639480591e-01 1.850340366363525391e-01 1.415791064500808716e-01 -2.986051440238952637e-01 2.108859270811080933e-01
5.817953944206237793e-01 -2.511061429977416992e-01 9.893858432769775391e-02 -7.420933805406093597e-03 -1.291965246200561523e-01 2.014794945716857910e-01 4.035660624504089355e-02 6.757710129022598267e-02 -4.065363481640815735e-02 -1.091072335839271545e-01
1.621461808681488037e-01 1.284098625183105469e-01 -1.332324445247650146e-01 1.192713156342506409e-01 7.980830967426300049e-02 -7.626964896917343140e-02 1.211646422743797302e-01 -2.527911961078643799e-01 1.117748096585273743e-01 -3.208754658699035645e-01
3.443725705146789551e-01 -3.685040473937988281e-01 2.386958003044128418e-01 -1.316985487937927246e-01 -1.772482246160507202e-01 8.227343112230300903e-02 1.429236773401498795e-02 -6.685475260019302368e-02 -3.309510350227355957e-01 -3.329757601022720337e-05
8.303440362215042114e-02 3.467029929161071777e-01 -4.541695415973663330e-01 2.700552046298980713e-01 1.107111722230911255e-01 -2.060595750808715820e-01 5.075279623270034790e-02 -4.581650197505950928e-01 3.743536397814750671e-02 -4.172626733779907227e-01
2.880353927612304688e-01 2.890080511569976807e-01 -1.447778940200805664e-01 2.555862367153167725e-01 1.090667992830276489e-01 -5.987874791026115417e-02 5.084493197500705719e-03 -1.750418841838836670e-01 -2.602252960205078125e-01 -2.716534733772277832e-01
-2.133551985025405884e-02 -2.626855969429016113e-01 2.829557657241821289e-02 -4.054993093013763428e-01 -1.053720340132713318e-02 -2.529078125953674316e-01 -4.934132099151611328e-02 5.343203991651535034e-02 4.864701256155967712e-02 5.763696879148483276e-02
9.903497993946075439e-03 1.964846700429916382e-01 -2.872265577316284180e-01 1.463494002819061279e-01 6.986321508884429932e-02 -2.070635184645652771e-02 9.076786786317825317e-02 -2.140640318393707275e-01 2.950721681118011475e-01 -2.902732491493225098e-01
2.855146527290344238e-01 -6.731662899255752563e-02 -4.208430275321006775e-02 8.459960669279098511e-02 -1.028192341327667236e-01 1.344105303287506104e-01 1.317033767700195312e-01 -6.950780749320983887e-02 3.030001521110534668e-01 -1.102216020226478577e-01
1.247902587056159973e-01 6.835430115461349487e-02 -1.929446458816528320e-01 -1.208046730607748032e-02 -8.242902159690856934e-02 -2.744572460651397705e-01 5.607040971517562866e-02 -1.845887005329132080e-01 -3.797472715377807617e-01 -2.123888880014419556e-01
1.819853484630584717e-01 -2.916381694376468658e-02 4.085684940218925476e-02 -1.997685991227626801e-02 -1.771559566259384155e-01 -1.156837716698646545e-01 3.222701251506805420e-01 -5.404551327228546143e-02 -5.698757246136665344e-02 1.972218602895736694e-02
5.022463202476501465e-01 -1.764862984418869019e-01 -1.340395510196685791e-01 3.449790924787521362e-02 -1.080532371997833252e-01 7.651808112859725952e-02 1.958477050065994263e-01 4.314266145229339600e-02 -3.557362034916877747e-02 -2.112878113985061646e-02
1.849929988384246826e-01 -1.270915567874908447e-01 -7.916809618473052979e-02 4.231963306665420532e-02 -4.786033555865287781e-02 1.529574859887361526e-02 2.683208286762237549e-01 -1.064118966460227966e-01 2.138614207506179810e-01 -3.356570750474929810e-02
2.711522281169891357e-01 -1.211592927575111389e-01 -3.110263869166374207e-02 1.015658304095268250e-01 -7.700324803590774536e-02 1.882014051079750061e-02 2.517188191413879395e-01 -7.116805016994476318e-02 2.980187535285949707e-01 -6.803781539201736450e-02
4.132340103387832642e-02 -1.579881459474563599e-01 -1.028007417917251587e-01 1.905129402875900269e-01 2.313897199928760529e-02 8.865217119455337524e-02 2.281574010848999023e-01 -4.182308167219161987e-02 5.558412894606590271e-02 -1.195413544774055481e-01
8.484009653329849243e-02 2.209276407957077026e-01 -7.273043692111968994e-02 4.406835883855819702e-02 -1.341007947921752930e-01 -2.459080815315246582e-01 1.520966291427612305e-01 -2.082071453332901001e-01 2.299972623586654663e-01 -1.913566440343856812e-01
4.685227572917938232e-02 -3.988608717918395996e-01 4.024051129817962646e-01 -2.151957303285598755e-01 -2.443823963403701782e-01 -3.858449682593345642e-02 2.422456145286560059e-01 2.819604612886905670e-02 -4.247722029685974121e-01 1.701233237981796265e-01
3.383363783359527588e-01 -5.021125674247741699e-01 1.014356017112731934e-01 -3.316151350736618042e-02 -2.982631921768188477e-01 1.436409652233123779e-01 2.600928246974945068e-01 6.165595259517431259e-03 -1.896777600049972534e-01 1.274196654558181763e-01
