-4.610743373632431030e-02 -8.780843764543533325e-02 -1.052703522145748138e-02 8.807279169559478760e-02 4.320753365755081177e-02
3.783147335052490234e-01 3.035471774637699127e-02 -3.686787188053131104e-02 6.481006741523742676e-02 -1.509404033422470093e-01
-7.451780885457992554e-02 -2.733851410448551178e-02 2.000508010387420654e-01 1.744038425385951996e-02 -2.517162449657917023e-02
-4.116936773061752319e-02 -2.671364843845367432e-01 1.715880036354064941e-01 -4.459927324205636978e-03 -6.630110740661621094e-02
2.176905572414398193e-01 -2.021708488464355469e-01 -1.877042502164840698e-01 1.030661091208457947e-01 -1.802766919136047363e-01
-7.775758951902389526e-02 -9.087917953729629517e-02 -1.769854724407196045e-01 1.795149892568588257e-01 4.075030609965324402e-02
1.945504248142242432e-01 2.250454723834991455e-01 -2.012656182050704956e-01 1.005236729979515076e-01 3.128436952829360962e-02
-9.074576944112777710e-02 -8.639990538358688354e-02 1.675803512334823608e-01 -6.540379673242568970e-02 -1.553799808025360107e-01
-3.480297923088073730e-01 9.409126639366149902e-02 1.243052855134010315e-01 1.684457808732986450e-01 1.377145051956176758e-01
2.942134737968444824e-01 -1.166535243391990662e-01 -2.640405893325805664e-01 9.457165747880935669e-02 -3.225573599338531494e-01
2.626872658729553223e-01 2.074302136898040771e-01 -1.301262527704238892e-01 2.084892243146896362e-01 -5.613142997026443481e-02
-1.658313274383544922e-01 -1.270642578601837158e-01 1.133544668555259705e-01 -2.478116154670715332e-01 -4.439517855644226074e-02
3.036448061466217041e-01 2.271152436733245850e-01 -3.498084098100662231e-02 2.833799123764038086e-01 9.252631664276123047e-02
-4.869969934225082397e-02 4.728595912456512451e-02 2.353560328483581543e-01 1.307747215032577515e-01 2.740034647285938263e-02
3.719834685325622559e-01 -5.872631072998046875e-02 -3.042626939713954926e-02 1.987596154212951660e-01 -2.494929283857345581e-01
-2.609364688396453857e-01 -8.432476222515106201e-02 -1.864276230335235596e-01 1.836410909891128540e-01 3.483093529939651489e-02
1.138244643807411194e-01 -2.651731371879577637e-01 -1.122986897826194763e-01 -1.223540902137756348e-01 5.882767960429191589e-03
-1.685220561921596527e-02 -8.248814195394515991e-02 -7.685662060976028442e-02 1.432818472385406494e-01 2.972485683858394623e-02
5.023468136787414551e-01 1.216415837407112122e-01 -7.070323452353477478e-03 3.047458827495574951e-01 -6.426844745874404907e-02
-3.192160278558731079e-02 1.079581771045923233e-02 -2.981373481452465057e-02 1.790640205144882202e-01 -4.103859141469001770e-02
1.629139035940170288e-01 1.697321049869060516e-02 -6.766781955957412720e-02 1.131656318902969360e-01 1.030936464667320251e-01
-1.568243205547332764e-01 -8.491531014442443848e-02 -4.737054556608200073e-02 3.349367901682853699e-02 1.034717708826065063e-01
-1.335133165121078491e-01 -4.799415171146392822e-02 5.416183918714523315e-02 -1.278909891843795776e-01 -3.625676780939102173e-02
-9.441720694303512573e-02 -2.604166232049465179e-02 1.736309081315994263e-01 -1.195406541228294373e-01 4.983453452587127686e-02
-1.421964913606643677e-01 -1.152695938944816589e-01 -2.769953608512878418e-01 -6.421829015016555786e-02 2.749121002852916718e-02
-1.456498950719833374e-01 -6.331234239041805267e-03 2.033202499151229858e-01 2.399992011487483978e-02 -2.321385405957698822e-02
-2.145107835531234741e-01 1.088648363947868347e-01 -2.737736562266945839e-03 1.881510466337203979e-01 2.639402262866497040e-02
9.840599447488784790e-02 -1.988867521286010742e-01 2.706685960292816162e-01 -2.535088658332824707e-01 -5.547730252146720886e-02
-1.591816246509552002e-01 -2.782126329839229584e-02 2.540630102157592773e-01 4.978354647755622864e-02 3.772016614675521851e-02
-2.455822378396987915e-01 -6.499638408422470093e-02 1.379044950008392334e-01 -6.431932002305984497e-02 -1.038463041186332703e-01
-1.151560768485069275e-01 -1.535920500755310059e-01 1.617213785648345947e-01 7.900795899331569672e-04 -1.625887900590896606e-01
5.237492173910140991e-02 -2.007756531238555908e-01 -6.226453930139541626e-02 -1.658538822084665298e-03 5.630776658654212952e-02
-8.492394536733627319e-02 -9.125201404094696045e-02 -1.712367497384548187e-02 2.980834431946277618e-02 6.855475157499313354e-02
4.912534356117248535e-01 1.182483062148094177e-01 9.936818853020668030e-03 2.437758147716522217e-01 -6.151646375656127930e-02
-3.067491017282009125e-02 -3.806993365287780762e-02 1.358158141374588013e-01 -8.384948223829269409e-02 4.562985152006149292e-02
3.743036389350891113e-01 1.495751589536666870e-01 -1.546805165708065033e-02 4.163281917572021484e-01 7.449655979871749878e-02
-8.655460923910140991e-02 -1.372313499450683594e-01 1.706518083810806274e-01 -1.131685152649879456e-01 -6.986124068498611450e-02
-2.188972383737564087e-01 -6.171680241823196411e-02 8.741288632154464722e-02 -1.083639487624168396e-01 -1.132408306002616882e-01
2.450205087661743164e-01 9.221439063549041748e-02 -1.677400618791580200e-01 1.898051351308822632e-01 -5.376788973808288574e-02
-6.565546244382858276e-02 3.918238915503025055e-03 2.562806010246276855e-01 8.734013885259628296e-02 -9.587112814188003540e-02
-3.527082502841949463e-01 9.847962111234664917e-02 6.547354161739349365e-02 1.652054339647293091e-01 7.077001780271530151e-02
1.550222635269165039e-01 -1.538607925176620483e-01 -2.422196231782436371e-02 1.016652658581733704e-01 1.566137820482254028e-01
-1.069224104285240173e-01 -3.399670124053955078e-02 4.213736206293106079e-02 2.232862859964370728e-01 -6.202922668308019638e-04
-1.013597007840871811e-02 -4.002807289361953735e-02 1.966686397790908813e-01 5.400199070572853088e-02 1.638016663491725922e-02
-6.945929490029811859e-03 -9.910780191421508789e-02 -1.312285810708999634e-01 -1.307391561567783356e-02 8.875986561179161072e-03
8.246134966611862183e-02 -1.034925729036331177e-01 2.534393668174743652e-01 -2.765540219843387604e-02 -9.218097478151321411e-02
-3.629875779151916504e-01 7.187092304229736328e-02 1.745260655879974365e-01 2.178166508674621582e-01 6.269016116857528687e-02
-2.683781646192073822e-02 -1.733172833919525146e-01 -2.204599529504776001e-01 -1.143466122448444366e-02 -6.156638264656066895e-02
2.693622112274169922e-01 -1.604161262512207031e-01 -1.176654733717441559e-02 2.184636443853378296e-01 -1.955225467681884766e-01
-1.773133128881454468e-01 -1.275494396686553955e-01 -7.427338510751724243e-02 3.346941992640495300e-02 -2.233182080090045929e-02
-1.219176575541496277e-01 -1.698579043149948120e-01 1.582340151071548462e-01 8.669248782098293304e-04 1.783975772559642792e-02
5.101470351219177246e-01 2.818500399589538574e-01 -2.216601073741912842e-01 3.290787339210510254e-01 -1.164422370493412018e-02
1.319212764501571655e-01 -3.856695257127285004e-03 1.651203185319900513e-01 -1.305764168500900269e-01 1.839948594570159912e-01
2.201710082590579987e-02 -2.322876751422882080e-01 -1.038602814078330994e-01 2.398794051259756088e-03 -5.459114164113998413e-02
-1.547456979751586914e-01 -9.662951529026031494e-02 9.485470503568649292e-02 -1.179513111710548401e-01 -1.928252130746841431e-01
6.942322105169296265e-02 -3.076814673840999603e-02 2.084271460771560669e-01 -1.905272249132394791e-03 1.323526166379451752e-02
-1.269141584634780884e-01 -4.477132856845855713e-02 -3.218976408243179321e-02 1.138562522828578949e-02 2.677804045379161835e-02
5.838343501091003418e-01 1.628367006778717041e-01 1.634781993925571442e-02 5.527810454368591309e-01 -1.632053591310977936e-02
-7.322322577238082886e-02 -1.628479659557342529e-01 -1.251867273822426796e-03 -1.774202287197113037e-01 -1.048796996474266052e-01
-9.552453411743044853e-04 -9.515389055013656616e-02 4.465528577566146851e-02 -1.402451246976852417e-01 -4.277378320693969727e-02
1.578939706087112427e-01 -5.474491976201534271e-03 -5.464737862348556519e-02 6.033467873930931091e-02 -4.056595265865325928e-02
-2.442934177815914154e-02 -2.105480432510375977e-01 9.157777577638626099e-02 -2.395502775907516479e-01 -1.030237749218940735e-01
-3.756484389305114746e-01 1.548394560813903809e-01 -5.408481508493423462e-02 1.439182311296463013e-01 3.469523042440414429e-02
-1.895428299903869629e-01 2.564713545143604279e-02 -9.623674675822257996e-03 9.523460268974304199e-02 5.403427407145500183e-03
2.848304249346256256e-02 -2.223019003868103027e-01 -1.185385212302207947e-01 1.583418995141983032e-01 -3.305768221616744995e-02
-7.581653445959091187e-02 -4.359972476959228516e-02 -1.614329367876052856e-01 4.260994866490364075e-02 -6.060247868299484253e-02
3.919270634651184082e-01 1.664736866950988770e-01 -1.172835752367973328e-01 1.999844759702682495e-01 6.543637067079544067e-02
5.699435621500015259e-02 -1.677745431661605835e-01 4.756218940019607544e-02 -1.988482773303985596e-01 -6.413295865058898926e-02
3.772246241569519043e-01 -5.326361209154129028e-02 -5.853467434644699097e-02 2.539258003234863281e-01 -2.181282788515090942e-01
1.986886002123355865e-02 -2.653636597096920013e-02 -1.661390513181686401e-01 4.127881228923797607e-01 -6.905528157949447632e-02
-3.070948123931884766e-01 1.642137765884399414e-01 5.893031507730484009e-02 1.039570942521095276e-01 1.740220934152603149e-01
-3.107872903347015381e-01 -1.384286116808652878e-02 -8.072131872177124023e-02 1.037992909550666809e-01 1.545813400298357010e-02
-2.035440653562545776e-01 1.387916505336761475e-01 -1.754376143217086792e-01 2.213308215141296387e-01 -2.911267615854740143e-02
2.040460854768753052e-01 3.379116058349609375e-01 -1.190593019127845764e-01 2.418341040611267090e-01 5.088384449481964111e-02
2.478148043155670166e-01 -6.918132305145263672e-02 -1.399009674787521362e-01 2.019178122282028198e-01 -6.988786906003952026e-02
-3.391285240650177002e-01 3.984035551548004150e-02 -2.534419856965541840e-02 2.112196236848831177e-01 -1.616526581346988678e-02
1.938148140907287598e-01 -7.406228780746459961e-02 7.343521714210510254e-02 2.386176735162734985e-01 -2.227263897657394409e-01
-7.944687455892562866e-02 -1.537738442420959473e-01 1.849522292613983154e-01 -1.474609524011611938e-01 -9.353312104940414429e-02
-2.759034037590026855e-01 4.228197410702705383e-02 7.393138483166694641e-03 -1.250770129263401031e-02 -2.405073679983615875e-02
5.201468467712402344e-01 5.379416793584823608e-02 -1.016910932958126068e-02 3.032093308866024017e-02 -1.119268387556076050e-01
-1.241181716322898865e-01 -1.482063066214323044e-02 1.886894553899765015e-01 5.588293448090553284e-02 -1.088315919041633606e-01
-1.108506843447685242e-01 -7.670523226261138916e-02 -9.747634083032608032e-02 1.323750019073486328e-01 1.199584752321243286e-01
4.983649402856826782e-02 -1.136385723948478699e-01 -6.497728079557418823e-02 6.659790128469467163e-02 -5.137872695922851562e-02
-5.747706443071365356e-02 -4.122084751725196838e-02 -8.383078500628471375e-03 1.015840396285057068e-01 5.388881638646125793e-02
3.946793824434280396e-02 2.268069423735141754e-03 2.285755574703216553e-01 3.829388692975044250e-02 4.435461014509201050e-02
2.177500165998935699e-03 -3.195564746856689453e-01 -5.772098153829574585e-02 1.455811709165573120e-01 -2.784890532493591309e-01
-2.769491635262966156e-03 -1.435670405626296997e-01 8.434715121984481812e-02 -2.632353641092777252e-02 3.125745803117752075e-02
6.102979928255081177e-02 -2.271690666675567627e-01 1.571304351091384888e-01 -2.211556881666183472e-01 -8.760573714971542358e-02
-2.170296758413314819e-01 7.874614745378494263e-02 -9.064520150423049927e-02 1.874097734689712524e-01 4.933426901698112488e-02
-9.969247132539749146e-02 -1.582372188568115234e-01 1.841607540845870972e-01 -1.260300278663635254e-01 -5.243970453739166260e-02
9.236934036016464233e-02 4.226725921034812927e-02 -1.808782480657100677e-02 7.988875359296798706e-02 -6.082280725240707397e-02
6.730140000581741333e-02 -1.218622401356697083e-01 2.704858183860778809e-01 2.030657380819320679e-01 -1.792211979627609253e-01
4.360492229461669922e-01 2.703011929988861084e-01 -7.522489875555038452e-02 4.332236349582672119e-01 -5.359832942485809326e-02
3.181331455707550049e-01 8.189982920885086060e-02 -1.103809699416160583e-01 2.228299528360366821e-01 3.017715178430080414e-02
8.082133531570434570e-02 8.810323476791381836e-02 -9.780430048704147339e-02 -1.650095172226428986e-02 -3.590983897447586060e-02
2.004053741693496704e-01 2.608016431331634521e-01 -2.001134119927883148e-02 8.631836622953414917e-02 1.443933993577957153e-01
2.009875029325485229e-01 2.052356600761413574e-01 -2.018960379064083099e-02 1.678479760885238647e-01 8.093885332345962524e-02
-3.563854843378067017e-02 2.180286310613155365e-02 7.746390253305435181e-02 -3.723853453993797302e-02 -1.371200829744338989e-01
-6.227723509073257446e-02 -1.336731314659118652e-01 -1.372421681880950928e-01 2.617480158805847168e-01 -6.083139032125473022e-02
-1.323567777872085571e-01 -1.134173125028610229e-01 -3.822356462478637695e-02 -6.338090449571609497e-02 7.145819813013076782e-02
