8.268749237060546875e+00 -4.403083801269531250e+00 -1.659496307373046875e+01 4.656342506408691406e+00 -2.975955724716186523e+00 5.067540168762207031e+00 -4.108300781250000000e+01 3.402364492416381836e+00 2.412603569030761719e+01 5.812159061431884766e+00
3.764303684234619141e+00 1.966308021545410156e+01 -1.397584247589111328e+01 9.615146636962890625e+00 -3.165990114212036133e+00 1.130908489227294922e+00 -3.760312199592590332e-01 -8.598339557647705078e-01 1.568486881256103516e+01 2.151533508300781250e+01
-1.252096939086914062e+01 1.208657836914062500e+01 -1.852529335021972656e+01 -6.458325862884521484e+00 -2.688427686691284180e+00 3.174569368362426758e+00 -2.014275550842285156e+01 4.928421497344970703e+00 -2.341798782348632812e+01 1.615833473205566406e+01
2.061879348754882812e+01 1.718110084533691406e+01 -2.551300525665283203e+00 8.845773696899414062e+00 7.861241698265075684e-01 4.096737861633300781e+00 7.161468029022216797e+00 1.032783222198486328e+01 1.267121315002441406e+00 2.164503860473632812e+01
-1.248351573944091797e+00 7.839920997619628906e+00 -1.820752525329589844e+01 -3.849477291107177734e+00 -2.218246012926101685e-01 4.712604045867919922e+00 -2.240518188476562500e+01 7.669339179992675781e+00 -1.743799781799316406e+01 2.271452903747558594e+01
1.105473136901855469e+01 9.294702529907226562e+00 1.121884942054748535e+00 -5.019640445709228516e+00 -2.899486303329467773e+00 2.681034803390502930e+00 -1.363183975219726562e+00 7.295386791229248047e+00 -6.130143165588378906e+00 2.121416473388671875e+01
1.642515754699707031e+01 -1.684206366539001465e+00 -9.996341705322265625e+00 8.638690948486328125e+00 1.449828222393989563e-02 1.149928450584411621e+00 -3.155428886413574219e+00 2.356966781616210938e+01 3.328471183776855469e+00 8.182591438293457031e+00
1.434965133666992188e+00 9.631845474243164062e+00 -1.689598274230957031e+01 -3.173444747924804688e+00 2.571056485176086426e-01 3.877600193023681641e+00 -2.489593505859375000e+01 1.126285552978515625e+01 3.038915634155273438e+01 -3.813755273818969727e+00
1.645131111145019531e+01 1.682083320617675781e+01 -4.229266643524169922e+00 7.614606380462646484e+00 -4.002518057823181152e-01 3.273490667343139648e+00 2.593817472457885742e+00 -2.086970567703247070e+00 4.515474796295166016e+00 2.026978492736816406e+01
1.664869117736816406e+01 4.577336788177490234e+00 -2.331567192077636719e+01 -1.232206726074218750e+01 -3.984953165054321289e-01 4.207089424133300781e+00 -6.850934028625488281e+00 2.743418502807617188e+01 -6.797551155090332031e+00 4.695814609527587891e+00
7.693718910217285156e+00 -1.628392338752746582e-01 -2.114754486083984375e+01 -1.547061800956726074e+00 -1.058675646781921387e+00 4.042236804962158203e+00 -2.875134468078613281e+01 1.053527259826660156e+01 -1.616137313842773438e+01 7.675999641418457031e+00
1.131514358520507812e+01 2.036710548400878906e+01 7.027810811996459961e-01 -9.608269691467285156e+00 1.319325685501098633e+00 3.737979888916015625e+00 3.625629425048828125e+00 8.232922554016113281e+00 -8.062427520751953125e+00 1.091183280944824219e+01
1.935993385314941406e+01 1.432784938812255859e+01 -3.145377635955810547e+00 6.156487941741943359e+00 2.081351354718208313e-02 6.437146663665771484e+00 -5.089037895202636719e+00 3.831478500366210938e+01 4.296330451965332031e+00 5.648521900177001953e+00
7.125113964080810547e+00 -7.124293804168701172e+00 -2.090542984008789062e+01 -2.554265022277832031e+00 -1.174375653266906738e+00 4.210680007934570312e+00 -4.022640991210937500e+01 -1.502118968963623047e+01 -2.029335021972656250e+00 1.244003200531005859e+01
3.226992368698120117e+00 -2.031724452972412109e+00 -2.249518585205078125e+01 -1.338747882843017578e+01 -4.040013849735260010e-01 3.079481363296508789e+00 -2.412366867065429688e+01 1.985650634765625000e+01 -9.424808502197265625e+00 1.485837364196777344e+01
-4.650089263916015625e+00 1.409897565841674805e+00 -2.048511314392089844e+01 -6.227843761444091797e+00 -2.262758255004882812e+00 5.502224922180175781e+00 -5.299884033203125000e+01 1.222573089599609375e+01 -2.364387512207031250e+00 -9.367913246154785156e+00
9.529907226562500000e+00 1.718944549560546875e+01 9.805840849876403809e-01 -1.114046096801757812e+01 1.326275944709777832e+00 3.500212907791137695e+00 3.748135566711425781e+00 9.176655769348144531e+00 -8.367809295654296875e+00 1.173829460144042969e+01
6.487675189971923828e+00 1.979767227172851562e+01 -9.027275085449218750e+00 4.584856033325195312e-01 -3.233412981033325195e+00 1.671648502349853516e+00 -5.908568382263183594e+00 8.822572708129882812e+00 1.733402061462402344e+01 9.368324279785156250e+00
9.527360916137695312e+00 1.061034107208251953e+01 -1.852724432945251465e+00 9.368606567382812500e+00 2.905914187431335449e-01 5.773837089538574219e+00 -2.668711662292480469e+01 1.699426078796386719e+01 -2.197574138641357422e+00 2.691421747207641602e+00
-2.622510910034179688e+00 1.533785629272460938e+01 -1.405384922027587891e+01 -2.023547172546386719e+01 2.925522804260253906e+00 5.128971576690673828e+00 -1.316664218902587891e+01 1.739674377441406250e+01 2.846953582763671875e+01 2.666169166564941406e+01
-5.616803646087646484e+00 1.236237144470214844e+01 -5.881006717681884766e+00 -1.541451644897460938e+01 -9.204997062683105469e+00 6.099535465240478516e+00 5.418296813964843750e+00 8.652536392211914062e+00 2.408143615722656250e+01 2.028698730468750000e+01
1.188775539398193359e+01 -1.253874206542968750e+01 -1.911076164245605469e+01 1.088913917541503906e+00 -1.232784509658813477e+00 4.493372917175292969e+00 -2.265809249877929688e+01 -5.432565212249755859e+00 9.373957633972167969e+00 1.543160629272460938e+01
-4.210041046142578125e+00 7.024714946746826172e+00 -1.832580566406250000e+01 -1.245788097381591797e+01 -1.907031059265136719e+00 2.144669532775878906e+00 -3.236179733276367188e+01 6.472039699554443359e+00 -7.873296737670898438e-01 1.552348041534423828e+01
1.009742021560668945e+00 -2.172782182693481445e+00 -1.949114036560058594e+01 -3.511823177337646484e+00 -2.850012779235839844e+00 6.989671707153320312e+00 -9.675556182861328125e+00 -1.054600811004638672e+01 1.777922821044921875e+01 2.013920974731445312e+01
2.457580327987670898e+00 1.374657821655273438e+01 -1.863780784606933594e+01 -2.218067359924316406e+01 -4.974670335650444031e-02 3.618423223495483398e+00 -1.571505641937255859e+01 2.125014495849609375e+01 -1.842259407043457031e+01 1.696739768981933594e+01
9.468415260314941406e+00 9.231972694396972656e+00 -8.242990493774414062e+00 1.619328117370605469e+01 -2.440925836563110352e+00 4.462716102600097656e+00 -3.104435729980468750e+01 5.386710643768310547e+00 1.013878917694091797e+01 -4.608414649963378906e+00
1.418371582031250000e+01 1.189771747589111328e+01 -1.708557319641113281e+01 -1.012288379669189453e+01 -2.956628084182739258e+00 4.306925773620605469e+00 4.207414627075195312e+00 2.955961704254150391e+00 1.744312286376953125e+01 2.196570205688476562e+01
4.335720539093017578e+00 1.451293659210205078e+01 -1.462895965576171875e+01 3.571907758712768555e+00 -3.745671749114990234e+00 -7.740008831024169922e-02 -2.765858078002929688e+01 3.840977096557617188e+01 2.108423614501953125e+01 7.067957401275634766e+00
-8.487709045410156250e+00 1.740685081481933594e+01 -6.067560195922851562e+00 -7.380413532257080078e+00 -3.094440221786499023e+00 2.130392551422119141e+00 2.461298942565917969e+00 1.138397574424743652e+00 1.571623420715332031e+01 5.818653583526611328e+00
1.326581192016601562e+01 9.378561973571777344e+00 -1.708661079406738281e+00 -8.469213485717773438e+00 -2.145612478256225586e+00 2.506943941116333008e+00 -2.585141181945800781e+00 1.548261070251464844e+01 -5.171236991882324219e-01 2.415253257751464844e+01
2.880122661590576172e+00 1.404722404479980469e+01 -1.033939170837402344e+01 4.220344066619873047e+00 -4.914144515991210938e+00 6.615458965301513672e+00 -1.373341178894042969e+01 5.843769550323486328e+00 -1.281332588195800781e+01 3.232566452026367188e+01
4.186074256896972656e+00 -3.159691572189331055e+00 -1.961462211608886719e+01 2.125805377960205078e+00 -1.002992749214172363e+00 2.001123189926147461e+00 -1.570425033569335938e+01 -3.177780389785766602e+00 -4.172077476978302002e-01 1.786098861694335938e+01
6.230281829833984375e+00 -1.714274883270263672e+00 -1.649133682250976562e+01 1.429061222076416016e+01 -9.738667607307434082e-01 1.290954589843750000e+00 -3.974779129028320312e+01 -7.841499805450439453e+00 -8.165034294128417969e+00 5.335960388183593750e+00
-3.027345180511474609e+00 -3.343891382217407227e+00 -1.986401748657226562e+01 1.386192321777343750e+00 -2.064558506011962891e+00 5.888507843017578125e+00 -3.221673011779785156e+00 -9.476691246032714844e+00 9.579653739929199219e-01 1.835637664794921875e+01
-1.061191320419311523e+00 1.469144821166992188e+01 -6.377626419067382812e+00 4.114161968231201172e+00 -2.746489763259887695e+00 2.772735357284545898e+00 -1.336401939392089844e+01 2.347126960754394531e+01 -5.530872344970703125e+00 2.576936531066894531e+01
8.755539894104003906e+00 -7.553262710571289062e+00 -1.343898105621337891e+01 8.791451454162597656e+00 -8.243880271911621094e-01 3.416834115982055664e+00 -3.131567382812500000e+01 -7.126953601837158203e+00 -1.579324531555175781e+01 1.027655124664306641e+01
1.394206523895263672e+01 5.718885898590087891e+00 -6.093328952789306641e+00 -3.606760263442993164e+00 -6.797245740890502930e-01 2.543349504470825195e+00 -4.607915878295898438e+00 1.943929672241210938e+01 1.091653156280517578e+01 3.255965042114257812e+01
1.603458642959594727e+00 -8.900553703308105469e+00 -1.621149253845214844e+01 7.835380077362060547e+00 -1.752174377441406250e+00 2.757083654403686523e+00 -4.369498825073242188e+01 5.496767520904541016e+00 8.641745567321777344e+00 1.172658824920654297e+01
1.509951591491699219e+00 -6.661824226379394531e+00 -2.136941719055175781e+01 6.196728229522705078e+00 -5.027471780776977539e-01 1.163031816482543945e+00 -2.895663261413574219e+00 1.461434960365295410e+00 -1.030830097198486328e+01 3.327852630615234375e+01
-1.520757675170898438e+00 1.403231620788574219e+01 -6.594007015228271484e+00 9.711618423461914062e+00 -2.044873476028442383e+00 3.413891077041625977e+00 -2.143276786804199219e+01 1.459779262542724609e+01 1.352658367156982422e+01 -1.182669925689697266e+01
1.506214714050292969e+01 1.197009086608886719e+01 -1.107537364959716797e+01 3.167555093765258789e+00 -6.494702398777008057e-02 3.736216783523559570e+00 -3.516969680786132812e+00 8.002521514892578125e+00 5.461767673492431641e+00 2.974560546875000000e+01
2.240925025939941406e+01 1.576937866210937500e+01 -2.607671022415161133e+00 -1.109540462493896484e+00 7.024866938591003418e-01 2.726982355117797852e+00 7.075484752655029297e+00 1.046846771240234375e+01 -5.294823646545410156e-01 2.343505096435546875e+01
1.260777282714843750e+01 -2.543287754058837891e+00 -2.041992378234863281e+01 -2.765817403793334961e+00 4.368392527103424072e-01 1.974956512451171875e+00 -2.851369142532348633e+00 3.070897161960601807e-01 -6.817717552185058594e+00 1.483316040039062500e+01
1.073260307312011719e+01 8.371033668518066406e+00 -1.873437690734863281e+01 -2.062010383605957031e+01 4.978338479995727539e-01 1.906785368919372559e+00 -2.106028938293457031e+01 3.922510147094726562e+01 5.068774223327636719e+00 3.182971715927124023e+00
-1.046825122833251953e+01 1.237987804412841797e+01 -9.986073493957519531e+00 6.013756275177001953e+00 -3.723432064056396484e+00 -7.072615623474121094e-01 -3.557901978492736816e-01 5.524168014526367188e+00 2.170617103576660156e+01 9.669895172119140625e-01
1.698106527328491211e+00 1.014236545562744141e+01 -2.071212577819824219e+01 -1.134268379211425781e+01 -3.107517361640930176e-01 1.321630239486694336e+00 -1.005127048492431641e+01 9.693566322326660156e+00 1.283906269073486328e+01 2.722187042236328125e+01
-3.044923782348632812e+00 1.364937686920166016e+01 -1.500336647033691406e+01 -8.328680038452148438e+00 -4.925206303596496582e-01 3.356942176818847656e+00 3.511855363845825195e+00 6.617239475250244141e+00 1.831331825256347656e+01 5.277750968933105469e+00
4.607823371887207031e+00 -7.912827491760253906e+00 -2.295637702941894531e+01 -9.379598617553710938e+00 -7.580646276473999023e-01 4.581214904785156250e+00 -2.643037605285644531e+01 2.105456733703613281e+01 -1.706499862670898438e+01 -9.557896614074707031e+00
1.527718925476074219e+01 1.287348270416259766e+01 -1.016053581237792969e+01 -5.554022312164306641e+00 -3.578475117683410645e-01 3.129997730255126953e+00 6.218194961547851562e+00 8.185889244079589844e+00 7.628664493560791016e+00 1.843513107299804688e+01
1.607823753356933594e+01 6.031916141510009766e+00 -1.236785507202148438e+01 -3.167899847030639648e+00 -2.100289613008499146e-01 2.590996026992797852e+00 -2.326272010803222656e+00 2.762715148925781250e+01 -4.430737793445587158e-01 2.863703966140747070e+00
-7.087417125701904297e+00 -2.800862073898315430e+00 -2.386447715759277344e+01 -1.338123083114624023e-01 -2.330600023269653320e+00 3.951424837112426758e+00 -7.790977478027343750e+00 -2.360229969024658203e+00 1.784908485412597656e+01 1.177305126190185547e+01
1.811570358276367188e+01 -7.886926531791687012e-01 -5.296399593353271484e+00 1.611135244369506836e+00 -6.614848971366882324e-01 1.613487839698791504e+00 -1.664215850830078125e+01 2.390086174011230469e+01 3.606328010559082031e+00 2.035000228881835938e+01
-5.189674377441406250e+00 1.918066215515136719e+01 -2.272171676158905029e-01 -1.815634369850158691e+00 -3.909027099609375000e+00 2.322803258895874023e+00 3.596197605133056641e+00 4.838744163513183594e+00 2.857948780059814453e+00 5.093423843383789062e+00
-1.893994808197021484e+00 -7.393736243247985840e-01 -1.558168888092041016e+01 1.143779850006103516e+01 -3.607676625251770020e-01 9.574731588363647461e-01 -6.407356262207031250e+01 1.823557853698730469e+01 -1.667122840881347656e+01 8.679341316223144531e+00
1.382734298706054688e+01 -7.500027656555175781e+00 -1.919545936584472656e+01 -1.159633636474609375e+01 -8.293048143386840820e-01 1.313044548034667969e+00 -1.391602325439453125e+01 1.463259816169738770e+00 3.467191696166992188e+00 6.372762680053710938e+00
-1.118992614746093750e+01 7.801747918128967285e-01 -2.142600822448730469e+01 3.758901357650756836e+00 -1.275661706924438477e+00 2.287652730941772461e+00 -2.866915321350097656e+01 2.674647092819213867e+00 -9.169419288635253906e+00 2.933634519577026367e+00
6.444776058197021484e+00 5.426670551300048828e+00 -2.352352333068847656e+01 -2.385146617889404297e+00 3.151135444641113281e-01 1.654215574264526367e+00 -1.168616390228271484e+01 -1.930062174797058105e+00 -3.381958007812500000e+00 1.447157478332519531e+01
8.703977584838867188e+00 7.799128055572509766e+00 -2.122423362731933594e+01 -1.826438140869140625e+01 6.174998357892036438e-02 2.778507947921752930e+00 -7.561850547790527344e+00 1.857781600952148438e+01 -8.929795265197753906e+00 1.984622001647949219e+01
1.646508026123046875e+01 1.035513782501220703e+01 -1.117516326904296875e+01 9.130684852600097656e+00 6.827174127101898193e-02 3.585850238800048828e+00 2.563285231590270996e-01 4.836186408996582031e+00 6.306516647338867188e+00 2.901526832580566406e+01
9.395797848701477051e-01 7.856939315795898438e+00 -7.051527976989746094e+00 1.656177711486816406e+01 -1.924613952636718750e+00 3.282640457153320312e+00 -1.285330295562744141e+01 -8.282419204711914062e+00 5.239064216613769531e+00 7.181732654571533203e+00
4.465093016624450684e-01 1.747756767272949219e+01 -5.042155265808105469e+00 -1.080620574951171875e+01 4.035195350646972656e+00 4.405273914337158203e+00 -1.961370277404785156e+01 1.612937927246093750e+01 -2.000157928466796875e+01 2.968624496459960938e+01
1.739293336868286133e+00 1.517581558227539062e+01 -4.680133342742919922e+00 -1.731394004821777344e+01 -4.707627773284912109e+00 4.379595279693603516e+00 -3.298951148986816406e+00 1.810087966918945312e+01 3.125853061676025391e+00 2.220367240905761719e+01
1.179992675781250000e+01 3.939075708389282227e+00 -6.693613529205322266e+00 1.682978630065917969e+01 -2.266485452651977539e+00 3.245741844177246094e+00 -1.831202316284179688e+01 1.286426448822021484e+01 1.512089347839355469e+01 2.331706619262695312e+01
-4.920966148376464844e+00 1.716385650634765625e+01 -1.301778888702392578e+01 -2.648779153823852539e+00 -2.113318443298339844e+00 1.903270483016967773e+00 -8.219882965087890625e+00 4.942599833011627197e-01 2.143242263793945312e+01 5.267580747604370117e-01
2.072810554504394531e+01 1.668590784072875977e+00 -1.790720367431640625e+01 -1.695322036743164062e+01 9.089829027652740479e-02 9.338278174400329590e-01 6.508528709411621094e+00 1.185023784637451172e+01 1.726634740829467773e+00 2.133320236206054688e+01
6.054405212402343750e+00 -3.068413019180297852e+00 -2.420161628723144531e+01 -4.906880855560302734e+00 -1.896051406860351562e+00 3.430796384811401367e+00 -5.383884429931640625e+00 -1.123645210266113281e+01 5.064762592315673828e+00 1.422981739044189453e+01
8.381915092468261719e+00 1.455715656280517578e+01 2.634107768535614014e-01 -1.460299777984619141e+01 1.763654947280883789e+00 5.213933944702148438e+00 3.463686943054199219e+00 9.616413116455078125e+00 -8.908910751342773438e+00 1.177637195587158203e+01
1.766098403930664062e+01 -8.169065475463867188e+00 -6.909217357635498047e+00 -4.869697570800781250e+00 8.101536035537719727e-01 2.493599176406860352e+00 -5.662603378295898438e+00 2.887249374389648438e+01 -5.349457740783691406e+00 2.533987617492675781e+01
1.174764823913574219e+01 3.902195692062377930e+00 -1.707640266418457031e+01 -1.534831619262695312e+01 -3.155238553881645203e-02 4.092192649841308594e+00 -3.227975845336914062e+00 1.839477539062500000e+01 -9.449424743652343750e+00 1.595044422149658203e+01
2.423151016235351562e+00 1.830885124206542969e+01 -1.103748512268066406e+01 -1.021604156494140625e+01 -1.168515920639038086e+00 3.950131654739379883e+00 -8.095110058784484863e-01 5.668781280517578125e+00 8.258836746215820312e+00 6.710337162017822266e+00
-1.198944568634033203e+01 5.449160099029541016e+00 -2.160671424865722656e+01 -2.434158086776733398e+00 -4.439485669136047363e-01 4.009563446044921875e+00 -4.417440891265869141e+00 -5.462643146514892578e+00 -8.888738632202148438e+00 2.090373611450195312e+01
-7.690950870513916016e+00 1.999126434326171875e+01 -6.960902690887451172e+00 -1.272880172729492188e+01 -2.149686336517333984e+00 2.578535318374633789e+00 3.593276023864746094e+00 1.149909019470214844e+01 2.820492553710937500e+01 1.650157546997070312e+01
5.219978332519531250e+00 8.041680335998535156e+00 -2.109106254577636719e+01 -1.391255187988281250e+01 -8.082183003425598145e-01 2.388867855072021484e+00 -2.818449974060058594e+00 -1.867667317390441895e+00 1.056004714965820312e+01 2.433227157592773438e+01
7.867298126220703125e+00 1.390791606903076172e+01 -1.410501289367675781e+01 -1.101205635070800781e+01 -6.317016482353210449e-01 1.848194837570190430e+00 -1.087666416168212891e+01 2.352785491943359375e+01 3.917150020599365234e+00 2.757648229598999023e+00
1.055427742004394531e+01 1.117168307304382324e+00 -2.151103973388671875e+01 -2.599056720733642578e+00 -1.438593626022338867e+00 2.828324794769287109e+00 -2.648312091827392578e+00 -5.701537132263183594e+00 5.280748844146728516e+00 2.209139823913574219e+01
3.928452730178833008e+00 -1.158482170104980469e+01 -1.047827243804931641e+01 1.125562095642089844e+01 -3.589550852775573730e-01 1.313940644264221191e+00 -1.800256919860839844e+01 1.585436439514160156e+01 3.356652498245239258e+00 -1.135923004150390625e+01
8.131695389747619629e-01 5.376200079917907715e-01 -2.183489418029785156e+01 -1.971832466125488281e+01 -1.152712821960449219e+00 3.401083469390869141e+00 -3.080279111862182617e+00 -5.359842777252197266e+00 -1.273929119110107422e+00 2.603191375732421875e+01
1.417602252960205078e+01 2.182471084594726562e+01 -2.678336620330810547e+00 3.055350303649902344e+00 -1.061531454324722290e-01 2.847720146179199219e+00 4.967114448547363281e+00 6.962178707122802734e+00 2.476727485656738281e+00 2.722462272644042969e+01
1.045913505554199219e+01 5.887215614318847656e+00 -1.830270957946777344e+01 1.091290092468261719e+01 -3.375593125820159912e-01 1.533583045005798340e+00 -1.105603504180908203e+01 3.787868976593017578e+00 9.007132530212402344e+00 1.292016983032226562e+01
1.060907936096191406e+01 -6.397281646728515625e+00 -1.620645713806152344e+01 9.889340400695800781e-01 -1.799951940774917603e-01 2.830251693725585938e+00 -2.505313682556152344e+01 3.699268102645874023e+00 2.306750297546386719e+00 2.170931434631347656e+01
-5.621895790100097656e+00 1.539538574218750000e+01 -3.679222106933593750e+00 1.247086334228515625e+01 -2.191962718963623047e+00 3.848671674728393555e+00 -1.300715446472167969e+01 1.165209197998046875e+01 2.313842964172363281e+01 -1.038757610321044922e+01
-3.276560783386230469e+00 4.193593025207519531e+00 -1.981552314758300781e+01 -2.696798563003540039e+00 -2.614796876907348633e+00 4.439362525939941406e+00 -1.749972343444824219e+01 -1.439581203460693359e+01 -1.152644348144531250e+01 2.213314437866210938e+01
1.235493564605712891e+01 3.534096002578735352e+00 -2.149503898620605469e+01 -1.158137035369873047e+01 -5.649473667144775391e-01 3.742710590362548828e+00 1.331213235855102539e+00 -4.239784717559814453e+00 2.487192630767822266e+00 2.250646209716796875e+01
-9.635104179382324219e+00 2.323295974731445312e+01 -1.076411151885986328e+01 4.404342174530029297e-02 -7.358540534973144531e+00 3.654730558395385742e+00 -1.752364540100097656e+01 1.302993774414062500e+01 1.340224838256835938e+01 1.236949825286865234e+01
1.433876609802246094e+01 -5.017205238342285156e+00 -1.146351432800292969e+01 7.010310649871826172e+00 -1.004938960075378418e+00 3.467656850814819336e+00 7.923521399497985840e-01 1.127230548858642578e+01 1.659921455383300781e+01 1.819263458251953125e+01
1.685825729370117188e+01 9.646999359130859375e+00 -1.156394195556640625e+01 2.155531167984008789e+00 -8.844730854034423828e-01 3.817355155944824219e+00 -6.228609085083007812e+00 2.878317832946777344e+00 -2.604320347309112549e-01 1.310980033874511719e+01
9.048616409301757812e+00 7.447056293487548828e+00 -9.305521845817565918e-02 -1.095453262329101562e+01 -2.030312776565551758e+00 2.792402267456054688e+00 -9.368456840515136719e+00 3.938984680175781250e+01 -1.974509429931640625e+01 1.917106437683105469e+01
2.135556030273437500e+01 4.518737792968750000e+00 -1.541864490509033203e+01 -9.190580368041992188e+00 4.643945991992950439e-01 2.379520893096923828e+00 -9.257293343544006348e-01 1.324120903015136719e+01 -6.400970458984375000e+00 9.332142829895019531e+00
1.394078350067138672e+01 -1.587898850440979004e+00 -2.282955551147460938e+01 -6.616674423217773438e+00 -1.095700263977050781e+00 4.685220241546630859e+00 -1.363694477081298828e+01 2.473479807376861572e-01 6.954870223999023438e-01 1.875844192504882812e+01
1.437171840667724609e+01 1.061109733581542969e+01 -1.748526573181152344e+01 -1.488533782958984375e+01 4.754084944725036621e-01 3.278221130371093750e+00 -3.933513641357421875e+00 1.230865097045898438e+01 1.355103302001953125e+01 2.869139099121093750e+01
-2.025259017944335938e+00 2.185255813598632812e+01 -5.643070220947265625e+00 -4.947972297668457031e+00 1.304918408393859863e+00 3.335243225097656250e+00 -1.268935650587081909e-01 5.984534263610839844e+00 -7.490483283996582031e+00 1.374871444702148438e+01
7.035769462585449219e+00 1.129364490509033203e+01 -5.030088424682617188e-01 1.860923957824707031e+01 -9.586364030838012695e-01 3.077936887741088867e+00 -1.313502788543701172e+00 8.696220397949218750e+00 1.147605705261230469e+01 9.927769899368286133e-01
1.428747367858886719e+01 4.405622482299804688e+00 -5.616492748260498047e+00 5.024267673492431641e+00 -2.283978223800659180e+00 2.826536417007446289e+00 -5.860058784484863281e+00 2.504139900207519531e+01 1.626063919067382812e+01 -1.558538317680358887e+00
-1.878929328918457031e+01 1.613783717155456543e+00 -1.633282089233398438e+01 -1.614781498908996582e+00 -1.004733371734619141e+01 2.267066717147827148e+00 -3.041208457946777344e+01 -5.481647014617919922e+00 -2.888218688964843750e+01 6.948178291320800781e+00
1.142077255249023438e+01 -1.235744857788085938e+01 -1.282274818420410156e+01 -9.757547378540039062e-01 -3.743832349777221680e+00 5.131802558898925781e+00 -8.786196708679199219e+00 -3.317618131637573242e+00 7.615646362304687500e+00 8.678544044494628906e+00
6.457418441772460938e+00 7.126996040344238281e+00 -1.459040069580078125e+01 3.490190267562866211e+00 -1.322870731353759766e+00 4.210623264312744141e+00 -1.074792575836181641e+01 1.538010215759277344e+01 6.342672824859619141e+00 1.286036872863769531e+01
6.039279937744140625e+00 -1.386940765380859375e+01 -2.318450927734375000e+01 -8.010498046875000000e+00 -1.408036351203918457e+00 3.018792867660522461e+00 -5.180076980590820312e+01 1.020053505897521973e+00 -1.039555358886718750e+01 1.033803081512451172e+01
-1.319018173217773438e+01 -4.466908931732177734e+00 -2.103404808044433594e+01 4.842999935150146484e+00 -2.054563283920288086e+00 4.307945728302001953e+00 -3.537987518310546875e+01 -2.024129104614257812e+01 -1.801424789428710938e+01 1.474666500091552734e+01
1.615948867797851562e+01 1.675833892822265625e+01 -1.329096221923828125e+01 -2.546222686767578125e+00 7.086019217967987061e-02 5.105406761169433594e+00 6.810222625732421875e+00 4.411972999572753906e+00 -9.892679750919342041e-02 1.613785362243652344e+01
2.002719688415527344e+01 9.443173408508300781e+00 -6.507894039154052734e+00 1.110794258117675781e+01 1.892369240522384644e-01 3.009923934936523438e+00 8.407525420188903809e-01 5.107903957366943359e+00 1.260896492004394531e+01 1.944254875183105469e+01
-5.459751129150390625e+00 -1.138092231750488281e+01 -1.325406265258789062e+01 8.485308647155761719e+00 -2.980125665664672852e+00 3.831995248794555664e+00 -1.111102199554443359e+01 -5.769930839538574219e+00 1.565561676025390625e+01 -4.547730922698974609e+00
3.459185361862182617e+00 8.570981979370117188e+00 -1.362165737152099609e+01 9.469842910766601562e+00 -2.837698936462402344e+00 4.428914070129394531e+00 -4.877593040466308594e+00 -3.987969875335693359e+00 3.549696731567382812e+01 1.006789302825927734e+01
-1.963815116882324219e+01 2.122547149658203125e+01 -9.878807067871093750e+00 2.375092029571533203e+00 -4.184905052185058594e+00 -2.246096372604370117e+00 -4.631312370300292969e+00 3.182121038436889648e+00 7.238619327545166016e+00 -1.603445768356323242e+00
1.461441802978515625e+01 -1.089461326599121094e+00 -8.084693908691406250e+00 -1.458256530761718750e+01 -9.284777939319610596e-02 1.382190942764282227e+00 -1.119550609588623047e+01 3.383096694946289062e+01 -8.601629257202148438e+00 2.044121932983398438e+01
1.041888618469238281e+01 1.546831011772155762e+00 -1.437747097015380859e+01 1.425745773315429688e+01 -5.853971838951110840e-01 2.225292921066284180e+00 1.789975762367248535e+00 -2.306388139724731445e+00 8.736489295959472656e+00 1.202575016021728516e+01
4.282420158386230469e+00 1.879994869232177734e+00 -2.130814552307128906e+01 4.536276817321777344e+00 2.025820732116699219e+00 2.674720764160156250e+00 -1.740506935119628906e+01 -7.851488590240478516e+00 -7.914313316345214844e+00 1.774143028259277344e+01
1.249627590179443359e+00 1.532418632507324219e+01 -1.299814987182617188e+01 -1.484001731872558594e+01 -2.312144517898559570e+00 3.616357803344726562e+00 -2.833010196685791016e+00 3.586586475372314453e+00 1.648298454284667969e+01 1.555422401428222656e+01
6.490840435028076172e+00 -4.536488533020019531e+00 -2.311386299133300781e+01 -3.639144420623779297e+00 -1.123966217041015625e+00 2.192347049713134766e+00 -2.594621086120605469e+01 4.965668678283691406e+00 6.852693557739257812e+00 1.325571179389953613e+00
1.247526741027832031e+01 1.591696357727050781e+01 -1.488208961486816406e+01 -1.962616157531738281e+01 -3.559281826019287109e-01 2.748039484024047852e+00 -3.067783355712890625e+00 2.259828186035156250e+01 -3.073665857315063477e+00 1.517811775207519531e+01
1.836730003356933594e+01 4.207182407379150391e+00 -1.851816368103027344e+01 -1.208488845825195312e+01 4.954636096954345703e-01 1.909527778625488281e+00 7.636852264404296875e+00 1.118105220794677734e+01 -9.498276710510253906e-01 2.000423431396484375e+01
1.136087417602539062e+01 -2.727793693542480469e+00 -1.800706672668457031e+01 1.705092191696166992e-01 -5.619611144065856934e-01 1.813043117523193359e+00 -2.761247634887695312e+01 2.316694068908691406e+01 -9.278778076171875000e+00 2.646006345748901367e+00
2.329866600036621094e+01 6.988007426261901855e-01 -1.314468574523925781e+01 -3.137417078018188477e+00 6.267961859703063965e-01 1.515211224555969238e+00 -6.152848243713378906e+00 2.716389846801757812e+01 9.119328498840332031e+00 1.032140445709228516e+01
1.123585128784179688e+01 2.267908096313476562e+01 2.472005128860473633e+00 -6.002288341522216797e+00 1.328831791877746582e+00 3.878476142883300781e+00 3.719630718231201172e+00 1.137703895568847656e+01 -9.354967117309570312e+00 1.251903152465820312e+01
1.758982467651367188e+01 1.472656059265136719e+01 -6.372313022613525391e+00 -2.498437166213989258e-01 4.142970442771911621e-01 3.280738353729248047e+00 1.774068832397460938e+00 1.897990226745605469e+01 -8.461496353149414062e+00 1.048150062561035156e+01
7.476772308349609375e+00 5.960486412048339844e+00 -2.178421592712402344e+01 -1.904649543762207031e+01 5.484787821769714355e-01 2.613067150115966797e+00 -8.021367073059082031e+00 1.864042319357395172e-02 2.306698799133300781e+00 3.672824859619140625e+01
4.323028564453125000e+00 1.919161987304687500e+01 -1.521598625183105469e+01 2.226606130599975586e+00 3.108302354812622070e-01 2.929122447967529297e+00 -1.122834300994873047e+01 1.704250717163085938e+01 4.355284690856933594e+00 2.066666984558105469e+01
1.064125061035156250e+01 1.999698638916015625e+01 -1.581697177886962891e+01 -5.518257141113281250e+00 -2.541876792907714844e+00 5.830962657928466797e-01 -7.730239391326904297e+00 1.726632690429687500e+01 7.957908630371093750e+00 1.693666076660156250e+01
-1.144350051879882812e+00 5.986577033996582031e+00 -1.879550743103027344e+01 8.040319442749023438e+00 -1.668681740760803223e+00 2.146642923355102539e+00 -3.254943466186523438e+01 -8.560639381408691406e+00 -2.471422958374023438e+01 2.229120063781738281e+01
9.586775779724121094e+00 1.509171104431152344e+01 -1.188183021545410156e+01 -9.929409027099609375e-01 -5.535852432250976562e+00 -2.923635020852088928e-02 -1.857543438673019409e-01 3.321436166763305664e+00 4.529591500759124756e-01 8.585770606994628906e+00
1.055543136596679688e+01 8.740213394165039062e+00 -2.073477745056152344e+01 3.489587068557739258e+00 -2.818261384963989258e-01 1.329058766365051270e+00 -2.588598823547363281e+01 1.637604904174804688e+01 5.623102664947509766e+00 1.555565357208251953e+01
-8.966299057006835938e+00 -7.722202301025390625e+00 -1.530715084075927734e+01 1.481318283081054688e+01 -1.804809570312500000e+00 2.646890878677368164e+00 -3.373136138916015625e+01 7.930958271026611328e+00 2.468533039093017578e+00 -1.508668613433837891e+01
4.905797004699707031e+00 1.574994659423828125e+01 -5.920872688293457031e+00 6.240378856658935547e+00 -7.875073552131652832e-01 2.385741472244262695e+00 -1.663186836242675781e+01 -1.667753982543945312e+01 -2.144253492355346680e+00 1.711403465270996094e+01
1.948147010803222656e+01 1.558909416198730469e+01 -8.923337936401367188e+00 -4.787972927093505859e+00 4.391252398490905762e-01 2.428656101226806641e+00 8.009727478027343750e+00 7.887814044952392578e+00 -3.759822845458984375e+00 1.947682571411132812e+01
6.374366283416748047e+00 -3.265108585357666016e+00 -1.854118728637695312e+01 -6.673467159271240234e-02 -6.187695264816284180e-01 2.267225503921508789e+00 -1.203056144714355469e+01 -9.065540313720703125e+00 1.037457847595214844e+01 1.960812377929687500e+01
1.258414936065673828e+01 -1.681732535362243652e-01 -1.258886146545410156e+01 4.143879413604736328e+00 -1.024275541305541992e+00 1.636041164398193359e+00 -6.194580554962158203e+00 5.536966800689697266e+00 4.835773468017578125e+00 1.083144283294677734e+01
4.851216673851013184e-01 4.726469516754150391e+00 -1.803989219665527344e+01 5.912578105926513672e-02 -8.226110935211181641e-01 1.201734781265258789e+00 -3.208790969848632812e+01 -4.867422580718994141e+00 -1.163954162597656250e+01 2.566075134277343750e+01
1.694156265258789062e+01 9.918192863464355469e+00 -1.278104591369628906e+01 -7.573542118072509766e+00 5.421721339225769043e-01 3.029721260070800781e+00 -1.073838901519775391e+01 3.321104049682617188e+01 2.924856662750244141e+00 5.779965877532958984e+00
6.769141674041748047e+00 5.026943206787109375e+00 -1.697950172424316406e+01 -5.755847930908203125e+00 -2.207544088363647461e+00 3.169211387634277344e+00 -1.064922523498535156e+01 9.649941444396972656e+00 1.459304809570312500e+00 1.287588214874267578e+01
-2.968876361846923828e+00 1.961680603027343750e+01 -1.270907020568847656e+01 -1.590250778198242188e+01 -8.981989026069641113e-01 3.517387628555297852e+00 -1.564012336730957031e+01 3.299025726318359375e+01 9.100587844848632812e+00 6.729568958282470703e+00
2.256276845932006836e+00 1.364052581787109375e+01 -1.597739410400390625e+01 -8.228939056396484375e+00 -1.565820813179016113e+00 2.419292688369750977e+00 -8.221109390258789062e+00 2.104245424270629883e+00 2.459237098693847656e+01 7.205975055694580078e+00
6.073232650756835938e+00 -8.545424461364746094e+00 -1.828100013732910156e+01 2.405612707138061523e+00 -1.003446817398071289e+00 3.775774240493774414e+00 -3.297676086425781250e+01 -1.474017333984375000e+01 1.238577461242675781e+01 1.919361877441406250e+01
-5.029001235961914062e+00 -6.808516502380371094e+00 -2.282926750183105469e+01 1.103227233886718750e+01 -1.850728869438171387e+00 2.864100933074951172e+00 -1.363540935516357422e+01 -4.732044696807861328e+00 2.924893379211425781e+00 -7.368484735488891602e-01
1.475143146514892578e+01 1.184703350067138672e+01 -7.528538227081298828e+00 -5.618595600128173828e+00 -5.964173078536987305e-01 3.258544921875000000e+00 -1.263621330261230469e+00 8.935413360595703125e+00 -1.284862041473388672e+00 3.626196289062500000e+01
1.054885482788085938e+01 1.168902397155761719e+01 -1.409779357910156250e+01 1.663340687751770020e+00 -6.084381937980651855e-01 2.321081638336181641e+00 -3.542328357696533203e+00 1.814526939392089844e+01 6.583559513092041016e-01 9.648083686828613281e+00
-5.433347702026367188e+00 -4.591460227966308594e+00 -2.291744041442871094e+01 -3.425439596176147461e+00 -1.208486080169677734e+00 3.251088619232177734e+00 -2.179535484313964844e+01 1.622972488403320312e+01 -1.676426887512207031e+01 1.008341312408447266e+01
1.982157945632934570e+00 5.950510025024414062e+00 -2.026530265808105469e+01 4.617241621017456055e-01 -4.519109725952148438e-01 2.140371561050415039e+00 -1.580571460723876953e+01 1.190187454223632812e+01 -7.909010410308837891e+00 6.659418344497680664e-01
-2.355578184127807617e+00 -9.209884643554687500e+00 -1.571053409576416016e+01 -1.089605998992919922e+01 -1.250453710556030273e+00 3.169850111007690430e+00 -4.354289245605468750e+01 -8.446187973022460938e+00 -7.598861217498779297e+00 2.460002326965332031e+01
1.111393928527832031e+00 -1.321617317199707031e+01 -1.860821533203125000e+01 8.520406723022460938e+00 -1.056851863861083984e+00 2.200665235519409180e+00 -3.621360778808593750e+01 -1.239769744873046875e+01 1.530369377136230469e+01 2.447822332382202148e+00
1.372025680541992188e+01 1.916043090820312500e+01 -3.549415111541748047e+00 -1.195022964477539062e+01 6.293247342109680176e-01 2.371100664138793945e+00 1.709711074829101562e+00 1.659908103942871094e+01 -1.105923748016357422e+01 1.621567153930664062e+01
2.255324363708496094e+00 1.032040882110595703e+01 -1.558432579040527344e+01 -5.205851078033447266e+00 -1.866038322448730469e+00 2.148026227951049805e+00 1.331122398376464844e+00 9.486082077026367188e+00 1.163229584693908691e+00 9.278695106506347656e+00
1.254879665374755859e+01 8.115992546081542969e+00 -2.387154579162597656e+01 -1.655931282043457031e+01 1.353715732693672180e-02 2.700405597686767578e+00 -9.420522689819335938e+00 1.694062805175781250e+01 -1.031292724609375000e+01 1.157734012603759766e+01
7.005183696746826172e+00 4.605460643768310547e+00 -2.239450073242187500e+01 -1.589641761779785156e+01 1.417206645011901855e+00 2.827841997146606445e+00 -2.781593799591064453e+00 3.731820106506347656e+00 -8.842606544494628906e+00 2.175499343872070312e+01
8.535388946533203125e+00 6.984083175659179688e+00 -1.263426184654235840e+00 -1.457171344757080078e+01 -1.870026588439941406e+00 2.488855600357055664e+00 -8.539173126220703125e+00 2.795611953735351562e+01 -1.019048881530761719e+01 2.943432617187500000e+01
1.915377807617187500e+01 9.299936294555664062e+00 -1.266618537902832031e+01 2.695901632308959961e+00 -9.677644371986389160e-01 5.548982620239257812e+00 -1.599704742431640625e+00 2.026971435546875000e+01 1.160923957824707031e+01 5.237539291381835938e+00
1.515638923645019531e+01 -3.578135967254638672e+00 -2.261953353881835938e+01 -3.292744159698486328e+00 -1.336598545312881470e-01 3.705602645874023438e+00 -4.608110904693603516e+00 1.673552703857421875e+01 -5.157742023468017578e+00 9.977791786193847656e+00
1.502475643157958984e+01 7.495288848876953125e+00 -2.071606636047363281e+01 -1.469732475280761719e+01 1.029178351163864136e-01 3.861974954605102539e+00 5.612951755523681641e+00 8.444474220275878906e+00 5.238770484924316406e+00 2.125452423095703125e+01
-5.131003856658935547e+00 8.529339432716369629e-01 -2.166909980773925781e+01 -9.109309196472167969e+00 -1.310748815536499023e+00 2.323909044265747070e+00 -2.510162162780761719e+01 -1.929511260986328125e+01 -2.041474819183349609e+00 3.191254043579101562e+01
-1.068728256225585938e+01 -2.943374872207641602e+00 -2.472831344604492188e+01 -6.688282966613769531e+00 -1.409635305404663086e+00 3.436851263046264648e+00 -3.834946060180664062e+01 6.161732196807861328e+00 -3.127833938598632812e+01 1.126052570343017578e+01
1.932013130187988281e+01 8.063280105590820312e+00 -1.623611259460449219e+01 3.087244987487792969e+00 6.408277750015258789e-01 1.822573065757751465e+00 -1.112338066101074219e+01 3.329356002807617188e+01 -2.472743034362792969e+00 2.293893051147460938e+01
-1.456138372421264648e+00 1.123889923095703125e+01 -1.553307342529296875e+01 -2.309619903564453125e+00 -2.293041467666625977e+00 1.775287151336669922e+00 -2.912455558776855469e+01 7.174715518951416016e+00 3.615964508056640625e+01 5.330682754516601562e+00
1.753300189971923828e+00 6.755838394165039062e+00 -1.316453456878662109e+01 1.117445373535156250e+01 -2.984590291976928711e+00 1.321102142333984375e+00 -1.207181835174560547e+01 1.802355575561523438e+01 1.744948387145996094e+01 2.167860746383666992e+00
2.779761314392089844e+00 -1.425936698913574219e+01 -1.861185264587402344e+01 -1.046658897399902344e+01 -8.321317434310913086e-01 1.721365690231323242e+00 -4.509493255615234375e+01 9.006124496459960938e+00 -1.635600280761718750e+01 2.169311332702636719e+01
-9.037612915039062500e+00 1.914542317390441895e-01 -2.242423439025878906e+01 -9.906212806701660156e+00 -5.927690863609313965e-01 1.058985233306884766e+00 -4.217579650878906250e+01 -3.735746622085571289e+00 -1.931173706054687500e+01 7.821680545806884766e+00
1.847744750976562500e+01 -3.097520589828491211e+00 -5.703285217285156250e+00 -1.044021606445312500e+01 5.277945399284362793e-01 1.697146177291870117e+00 1.607625961303710938e+00 2.124071502685546875e+01 2.721006393432617188e+00 3.671773147583007812e+01
1.635243415832519531e+01 9.017202377319335938e+00 -6.226910114288330078e+00 -1.393446731567382812e+01 7.932015657424926758e-01 1.729705810546875000e+00 6.905596733093261719e+00 7.135139942169189453e+00 -3.323049783706665039e+00 2.636537933349609375e+01
3.904893636703491211e+00 -2.289525508880615234e+00 -2.370395851135253906e+01 -1.092001342773437500e+01 -1.354256033897399902e+00 2.346141576766967773e+00 -2.570235633850097656e+01 1.312676048278808594e+01 -5.359148025512695312e+00 1.403688526153564453e+01
1.616303062438964844e+01 -3.876870155334472656e+00 -1.476986503601074219e+01 8.070875167846679688e+00 -4.273592531681060791e-01 1.232656002044677734e+00 2.235203266143798828e+00 7.701687335968017578e+00 9.681014060974121094e+00 2.600917243957519531e+01
1.000637626647949219e+01 1.445312309265136719e+01 -1.724209213256835938e+01 -7.763595104217529297e+00 -2.870932221412658691e-01 2.270071029663085938e+00 -1.566508293151855469e+01 1.625852012634277344e+01 -1.199990272521972656e+00 2.234657859802246094e+01
1.849397468566894531e+01 4.939759254455566406e+00 -7.473501205444335938e+00 -3.955976724624633789e+00 -3.661029636859893799e-01 2.645788431167602539e+00 -1.161441230773925781e+01 2.916407012939453125e+01 5.939046382904052734e+00 1.960993957519531250e+01
-1.954366564750671387e-01 -5.086592674255371094e+00 -1.151612186431884766e+01 1.780527114868164062e+01 -1.515245437622070312e+00 1.830426692962646484e+00 -3.118854331970214844e+01 2.877843618392944336e+00 2.146612930297851562e+01 -7.317006587982177734e+00
5.254407405853271484e+00 1.168219375610351562e+01 -2.285578536987304688e+01 -5.110808372497558594e+00 -1.468794465065002441e+00 7.026744484901428223e-01 -4.742550373077392578e+00 1.761301040649414062e+01 -3.061080276966094971e-01 8.079971313476562500e+00
-1.619137954711914062e+01 1.393200206756591797e+01 -1.750755119323730469e+01 7.113452553749084473e-01 -2.319602727890014648e+00 4.999289512634277344e-01 -3.471650314331054688e+01 2.603167343139648438e+01 1.350250911712646484e+01 8.530817985534667969e+00
-8.127575874328613281e+00 9.085265994071960449e-01 -8.752425193786621094e+00 1.859248542785644531e+01 -2.562804937362670898e+00 1.819008111953735352e+00 -1.672807502746582031e+01 -5.533334732055664062e+00 2.317429161071777344e+01 4.010653018951416016e+00
3.344149589538574219e-01 -1.544969558715820312e+01 -2.021497154235839844e+01 -4.998074054718017578e+00 -1.077184200286865234e+00 3.777741432189941406e+00 -3.489211273193359375e+01 -2.229078292846679688e+01 2.415824890136718750e+00 2.088038253784179688e+01
1.900966262817382812e+01 3.323232412338256836e+00 -1.426084995269775391e+01 -2.036667346954345703e+00 -8.704216778278350830e-02 2.166874885559082031e+00 3.935999795794487000e-02 1.935872268676757812e+01 7.159527778625488281e+00 1.161537933349609375e+01
1.885205268859863281e+01 6.123877525329589844e+00 -1.186597061157226562e+01 8.734137535095214844e+00 5.155920982360839844e-01 1.875655651092529297e+00 -3.282932281494140625e+00 2.577443695068359375e+01 5.944161415100097656e-01 1.151720905303955078e+01
1.081330013275146484e+01 1.797625350952148438e+01 -1.017348861694335938e+01 8.547289371490478516e-01 -1.830309629440307617e+00 3.525751590728759766e+00 -1.348140621185302734e+01 1.338927841186523438e+01 2.386770439147949219e+01 1.419716453552246094e+01
6.271625518798828125e+00 1.097765636444091797e+01 -1.764068031311035156e+01 -1.569091033935546875e+01 -2.472477704286575317e-01 1.306002855300903320e+00 -1.897909355163574219e+01 2.196498107910156250e+01 2.336453914642333984e+00 1.410257053375244141e+01
9.427017211914062500e+00 1.403258705139160156e+01 -1.936099052429199219e+01 -3.722331047058105469e+00 4.322482049465179443e-01 1.756649613380432129e+00 3.149662971496582031e+00 1.124208068847656250e+01 5.704101562500000000e+00 2.826641082763671875e+01
2.844398260116577148e+00 2.332162141799926758e+00 -2.182849884033203125e+01 -1.907104253768920898e+00 -7.076054215431213379e-01 1.222353935241699219e+00 -1.098147964477539062e+01 -7.245334148406982422e+00 -7.541518211364746094e+00 2.719937515258789062e+01
8.814262390136718750e+00 1.421817183494567871e+00 -9.781041741371154785e-01 1.136068725585937500e+01 -3.142467737197875977e+00 3.635430574417114258e+00 2.236350059509277344e+00 2.279954719543457031e+01 2.820789337158203125e+01 1.338106632232666016e+01
1.953890800476074219e+01 1.713302016258239746e+00 -6.849611759185791016e+00 -1.048896598815917969e+01 4.835818111896514893e-01 1.586759686470031738e+00 2.059025764465332031e+00 1.833597373962402344e+01 -3.610093116760253906e+00 2.013499832153320312e+01
-3.403575420379638672e+00 -8.262886047363281250e+00 -1.544235134124755859e+01 1.074597740173339844e+01 -1.726821899414062500e+00 2.670121192932128906e+00 -3.131225395202636719e+01 9.368463516235351562e+00 -1.379100608825683594e+01 -1.232856559753417969e+01
6.357536315917968750e+00 1.578034591674804688e+01 -1.301560401916503906e+01 -1.884118461608886719e+01 -3.391723871231079102e+00 4.746325492858886719e+00 -7.449122428894042969e+00 1.234896564483642578e+01 1.106842422485351562e+01 1.023843288421630859e+01
-1.244094467163085938e+01 -2.529685735702514648e+00 -2.185692977905273438e+01 -1.665347814559936523e+00 -3.348599433898925781e+00 6.817012786865234375e+00 -1.390300655364990234e+01 -1.613285446166992188e+01 -5.364328384399414062e+00 1.269528293609619141e+01
1.063362121582031250e+01 9.660576820373535156e+00 -1.528548717498779297e+01 8.258134841918945312e+00 -8.051567673683166504e-01 5.533759117126464844e+00 -6.793672561645507812e+00 1.780926513671875000e+01 1.420071506500244141e+01 3.225060999393463135e-01
-8.396851539611816406e+00 -6.980000138282775879e-01 -1.708661460876464844e+01 7.754040241241455078e+00 -4.409059524536132812e+00 6.230175018310546875e+00 -3.398162841796875000e+01 -1.065678310394287109e+01 -1.253004837036132812e+01 2.486159086227416992e+00
1.553973102569580078e+01 -3.426363229751586914e+00 -2.884607315063476562e+00 1.113692164421081543e+00 -2.360457330942153931e-01 1.821176171302795410e+00 7.700585722923278809e-01 2.484925079345703125e+01 -1.030912303924560547e+01 1.729443931579589844e+01
-1.098732757568359375e+01 -1.100992488861083984e+01 -1.762632942199707031e+01 1.846936106681823730e+00 -2.580805301666259766e+00 4.202930450439453125e+00 -2.447414779663085938e+01 -6.450314044952392578e+00 1.117955398559570312e+01 -6.653295040130615234e+00
2.994397640228271484e+00 -1.540467929840087891e+01 -1.527599716186523438e+01 4.117815494537353516e+00 -2.543507099151611328e+00 4.203749656677246094e+00 -1.143685722351074219e+01 -1.357943248748779297e+01 2.274503707885742188e+01 8.149858474731445312e+00
-7.241213321685791016e+00 2.930230855941772461e+00 -2.195490455627441406e+01 -3.182534933090209961e+00 -1.804193496704101562e+00 3.305016279220581055e+00 -3.976789474487304688e+01 -4.603647708892822266e+00 5.547224998474121094e+00 1.634178161621093750e+01
5.913878440856933594e+00 3.900008440017700195e+00 -2.083055686950683594e+01 -5.604508876800537109e+00 -1.153960466384887695e+00 4.428813934326171875e+00 -1.776693153381347656e+01 1.129926800727844238e+00 -2.792605876922607422e+00 4.073910903930664062e+01
1.367322349548339844e+01 -1.946792483329772949e+00 -1.922997093200683594e+01 -1.808626556396484375e+01 3.034679889678955078e-01 2.609628677368164062e+00 -1.512114238739013672e+01 1.622037053108215332e+00 5.773053169250488281e+00 3.182094383239746094e+01
1.847490692138671875e+01 -3.359567642211914062e+00 -1.754074859619140625e+01 -6.257627964019775391e+00 3.723840788006782532e-02 1.729711532592773438e+00 -1.977205467224121094e+01 4.005272293090820312e+01 -1.832033157348632812e+00 -9.933122992515563965e-02
1.440085983276367188e+01 -7.229174613952636719e+00 -2.516733360290527344e+01 -8.314057350158691406e+00 -8.183142542839050293e-01 3.173279762268066406e+00 -1.645255661010742188e+01 1.287891197204589844e+01 -5.579429626464843750e+00 6.496719837188720703e+00
9.320627212524414062e+00 4.817020416259765625e+00 -1.256257629394531250e+01 8.203136444091796875e+00 -3.163890123367309570e+00 4.136458873748779297e+00 -1.786355257034301758e+00 -6.067346572875976562e+00 6.559329986572265625e+00 6.938286304473876953e+00
1.952109813690185547e+00 8.754362106323242188e+00 -1.740637779235839844e+01 -1.474574184417724609e+01 -1.342965841293334961e+00 3.509456157684326172e+00 -2.646332931518554688e+01 2.806455230712890625e+01 2.294754028320312500e+00 -4.398536205291748047e+00
1.075446224212646484e+01 2.090141773223876953e+00 -2.846592426300048828e+00 -1.434658050537109375e+01 -1.791514307260513306e-01 3.666110277175903320e+00 -4.254013061523437500e+00 3.050863265991210938e+01 -1.110946083068847656e+01 2.814941406250000000e+01
2.393227577209472656e+01 -1.657150149345397949e+00 -1.415471458435058594e+01 -1.105081844329833984e+01 3.998486101627349854e-01 1.164684057235717773e+00 1.219018936157226562e+00 1.274039363861083984e+01 -3.092187166213989258e+00 1.193959331512451172e+01
-2.702061414718627930e+00 -1.270031070709228516e+01 -1.741804695129394531e+01 -8.438821792602539062e+00 -1.512122035026550293e+00 3.857671260833740234e+00 -5.858601760864257812e+01 -5.553951740264892578e+00 -1.503639507293701172e+01 2.436751937866210938e+01
-7.493437290191650391e+00 -1.113243007659912109e+01 -2.047098350524902344e+01 2.316261291503906250e+00 -3.622677326202392578e-01 2.866812467575073242e+00 -3.061140823364257812e+01 1.282154178619384766e+01 2.009612083435058594e+00 -1.046288490295410156e+01
2.276796913146972656e+01 -2.163759946823120117e+00 -9.209474563598632812e+00 2.539545297622680664e+00 2.158294767141342163e-01 1.124964356422424316e+00 -1.277791500091552734e+01 4.019700622558593750e+01 -2.959655761718750000e+00 2.575680315494537354e-01
2.151177406311035156e+01 1.034414863586425781e+01 -7.307093620300292969e+00 -6.279562473297119141e+00 5.811788439750671387e-01 2.708564519882202148e+00 2.260627299547195435e-01 1.336526679992675781e+01 -7.544163703918457031e+00 1.646872138977050781e+01
4.306728363037109375e+00 -5.432632923126220703e+00 -2.406583786010742188e+01 -1.385486412048339844e+01 -5.691207051277160645e-01 2.727587938308715820e+00 -2.918525123596191406e+01 1.642774772644042969e+01 -3.762815475463867188e+00 9.957129478454589844e+00
1.877655601501464844e+01 3.387020111083984375e+00 -1.439983558654785156e+01 -7.613903045654296875e+00 -6.319142878055572510e-02 1.519860982894897461e+00 3.761100292205810547e+00 3.682923316955566406e+00 2.542807579040527344e+00 2.663512039184570312e+01
2.043843650817871094e+01 8.057348251342773438e+00 -5.180226325988769531e+00 -2.665468454360961914e-01 3.527400195598602295e-01 1.814505219459533691e+00 1.318025588989257812e+00 1.932164382934570312e+01 8.389042317867279053e-02 1.370959568023681641e+01
6.700539588928222656e+00 6.356267452239990234e+00 -1.216265678405761719e+01 -6.955366134643554688e-01 -3.287009298801422119e-01 1.397231101989746094e+00 -4.847841858863830566e-01 1.508145141601562500e+01 1.194412422180175781e+01 9.489157676696777344e+00
7.024677276611328125e+00 8.700950622558593750e+00 -1.026515769958496094e+01 9.676476478576660156e+00 -1.383337020874023438e+00 1.968323707580566406e+00 3.151440143585205078e+00 8.569586277008056641e-01 1.437336635589599609e+01 1.222214794158935547e+01
1.037025070190429688e+01 4.937632560729980469e+00 -1.065611648559570312e+01 1.041990280151367188e+01 -6.552777290344238281e+00 6.400187492370605469e+00 5.636507272720336914e-01 -3.344828367233276367e+00 5.952047348022460938e+00 1.753261685371398926e+00
1.264621734619140625e+01 -8.219771385192871094e+00 -6.607024669647216797e+00 2.832646846771240234e+00 -8.884737491607666016e-01 3.171197175979614258e-01 -2.839774513244628906e+01 2.492255926132202148e+00 1.715406799316406250e+01 2.287081909179687500e+01
7.652806282043457031e+00 7.171826362609863281e+00 -2.050586509704589844e+01 9.274992942810058594e-01 -1.455181837081909180e+00 -2.645331621170043945e-01 -6.102071762084960938e+00 1.185800170898437500e+01 1.239458560943603516e+00 5.678280353546142578e+00
1.771098518371582031e+01 7.533088684082031250e+00 -1.120840835571289062e+01 -1.594532728195190430e+00 -7.065056264400482178e-02 1.663764238357543945e+00 2.376667976379394531e+00 2.370248031616210938e+01 8.604782104492187500e+00 1.072420597076416016e+01
-1.319402027130126953e+01 2.677277565002441406e+00 -1.640566062927246094e+01 4.332606792449951172e+00 -1.077227830886840820e+00 2.446874618530273438e+00 -1.247418022155761719e+01 8.565326929092407227e-01 5.812892913818359375e+00 -6.532433032989501953e+00
1.267220020294189453e+00 -7.911633491516113281e+00 -1.967653465270996094e+01 -6.962272644042968750e+00 -1.345221996307373047e+00 2.247880458831787109e+00 -2.545192146301269531e+01 -6.323777675628662109e+00 5.549992084503173828e+00 4.796872615814208984e+00
-2.069218873977661133e+00 -1.229857254028320312e+01 -1.650922584533691406e+01 6.053687572479248047e+00 -2.541352272033691406e+00 3.388479948043823242e+00 -1.720397758483886719e+01 -1.254997539520263672e+01 2.256247329711914062e+01 1.441213417053222656e+01
2.504498243331909180e+00 1.020415782928466797e+00 -1.213155937194824219e+01 1.518260765075683594e+01 -5.567293763160705566e-01 2.314999341964721680e+00 -1.188065719604492188e+01 3.218420791625976562e+01 4.095335006713867188e+00 -5.924302577972412109e+00
2.658109903335571289e+00 1.502137064933776855e+00 -1.857777976989746094e+01 -1.087978363037109375e+01 -5.720348358154296875e-01 1.181687593460083008e+00 -5.711266517639160156e+00 1.289509654045104980e+00 -3.766388893127441406e+00 1.634480857849121094e+01
1.315186500549316406e+01 1.768444824218750000e+01 -3.733373165130615234e+00 -1.503376674652099609e+01 1.317947149276733398e+00 3.252385616302490234e+00 2.559734821319580078e+00 1.584670829772949219e+01 -1.163135147094726562e+01 1.521009254455566406e+01
2.207211112976074219e+01 4.275750637054443359e+00 -6.555808544158935547e+00 -3.967354536056518555e+00 4.532146155834197998e-01 1.830137133598327637e+00 8.856486678123474121e-01 1.815075874328613281e+01 -7.075923442840576172e+00 1.656975173950195312e+01
-5.374275684356689453e+00 -8.215449333190917969e+00 -2.267483520507812500e+01 3.322832822799682617e+00 -8.554258942604064941e-01 1.708219528198242188e+00 -3.581281280517578125e+01 3.034366369247436523e+00 -9.135898590087890625e+00 -4.350995540618896484e+00
2.799698352813720703e+00 1.049143981933593750e+01 -1.494511222839355469e+01 8.067285537719726562e+00 -3.017524957656860352e+00 8.791473507881164551e-02 -2.103741264343261719e+01 8.191177368164062500e+00 2.133506202697753906e+01 9.658223152160644531e+00
5.391193389892578125e+00 4.060695171356201172e+00 -1.521197032928466797e+01 1.178463459014892578e+01 -1.077036857604980469e+00 2.118267297744750977e+00 -1.561534976959228516e+01 2.544243240356445312e+01 1.017778587341308594e+01 -1.366127371788024902e+00
6.253238677978515625e+00 -6.823862552642822266e+00 -2.093934631347656250e+01 2.987338900566101074e-01 -5.472242832183837891e-01 1.472464561462402344e+00 -3.350878524780273438e+01 1.730922317504882812e+01 -9.591182708740234375e+00 5.511092185974121094e+00
2.167239904403686523e+00 -1.238182425498962402e+00 -1.902667427062988281e+01 5.383831024169921875e+00 -6.544302105903625488e-01 1.544896721839904785e+00 -1.980310821533203125e+01 1.273026847839355469e+01 -2.427041530609130859e+00 2.261227416992187500e+01
2.035636520385742188e+01 -4.526240348815917969e+00 -8.581459045410156250e+00 -3.810805797576904297e+00 5.033800601959228516e-01 1.216175079345703125e+00 -4.422282218933105469e+00 2.829150009155273438e+01 -8.362922668457031250e+00 1.537073421478271484e+01
-3.544228315353393555e+00 -1.041660785675048828e+01 -2.291312408447265625e+01 -9.778419494628906250e+00 -3.701292276382446289e-01 1.167424917221069336e+00 -4.402597045898437500e+01 2.250023841857910156e+01 -1.003330802917480469e+01 1.455621147155761719e+01
7.856020927429199219e+00 1.162358093261718750e+01 -1.305920600891113281e+01 -2.029335021972656250e+01 7.847114801406860352e-01 1.648016810417175293e+00 -1.212776374816894531e+01 2.854071426391601562e+01 1.921155452728271484e+00 9.886431694030761719e+00
-1.568200111389160156e+00 -1.117918014526367188e+01 -2.040911865234375000e+01 7.008824825286865234e+00 -2.271692991256713867e+00 3.329839229583740234e+00 -6.961188316345214844e+00 -6.948113918304443359e+00 4.416391372680664062e+00 6.848467826843261719e+00
1.982501792907714844e+01 6.442564964294433594e+00 -1.527728748321533203e+01 -1.725335693359375000e+01 6.311511993408203125e-01 1.484129548072814941e+00 5.493311882019042969e+00 1.789127922058105469e+01 2.156771183013916016e+00 2.650017738342285156e+01
-5.858920097351074219e+00 7.349033355712890625e+00 -1.051772880554199219e+01 -1.705668640136718750e+01 2.914200067520141602e+00 9.867541790008544922e-01 -1.158595848083496094e+01 1.004930305480957031e+01 -2.165789222717285156e+01 3.320065689086914062e+01
1.449472808837890625e+01 -8.298859596252441406e+00 -2.407083320617675781e+01 -1.660805320739746094e+01 2.677139639854431152e-01 1.287813544273376465e+00 -1.628115844726562500e+01 6.106927394866943359e+00 -6.004280090332031250e+00 1.890564727783203125e+01
-1.412066221237182617e+00 -1.382921218872070312e+01 -1.854663276672363281e+01 -9.292639493942260742e-01 -2.167315244674682617e+00 5.568158149719238281e+00 -1.938620376586914062e+01 -1.858746337890625000e+01 5.098533630371093750e+00 1.502933883666992188e+01
-4.847531795501708984e+00 1.121713757514953613e+00 -2.295158195495605469e+01 1.608667731285095215e+00 -4.611576199531555176e-01 2.673286199569702148e+00 -3.072260475158691406e+01 1.940412902832031250e+01 -2.129486465454101562e+01 -9.325660467147827148e-01
1.359654426574707031e+01 1.135002613067626953e+01 -1.180503749847412109e+01 1.195106887817382812e+01 -6.474896073341369629e-01 3.924084901809692383e+00 -7.947968482971191406e+00 2.119349098205566406e+01 -1.042333984375000000e+01 7.538882732391357422e+00
6.823420047760009766e+00 -9.929471969604492188e+00 -2.495766830444335938e+01 -1.193299007415771484e+01 -1.753037124872207642e-01 3.077934980392456055e+00 -3.294431304931640625e+01 1.149493217468261719e+01 -9.895580291748046875e+00 1.281649494171142578e+01
1.585799932479858398e+00 5.394203186035156250e+00 -1.921364402770996094e+01 -2.143458366394042969e+01 -3.691798150539398193e-01 3.123983621597290039e+00 -3.163805961608886719e+01 3.041148185729980469e+01 3.599835395812988281e+00 1.167612171173095703e+01
1.607549858093261719e+01 2.834611177444458008e+00 -1.024281311035156250e+01 -4.221112251281738281e+00 -1.340596675872802734e+00 2.527447462081909180e+00 -1.527093696594238281e+01 3.865891695022583008e+00 2.085896682739257812e+01 2.877646446228027344e+01
1.295559501647949219e+01 3.659802079200744629e-01 -1.819669342041015625e+01 -1.653871417045593262e+00 -3.967550396919250488e-01 4.860745429992675781e+00 -3.094420242309570312e+01 2.221192932128906250e+01 8.109605789184570312e+00 -6.593701362609863281e+00
6.360610961914062500e+00 4.144789695739746094e+00 -2.219037055969238281e+01 -1.094394016265869141e+01 -3.425451219081878662e-01 2.615030527114868164e+00 -2.056798362731933594e+01 8.744875907897949219e+00 -3.710125923156738281e+00 1.815194129943847656e+01
-6.453402638435363770e-01 1.504716873168945312e+01 -1.830877876281738281e+01 -1.931630516052246094e+01 -8.987748026847839355e-01 3.814881563186645508e+00 -1.589147853851318359e+01 2.199489974975585938e+01 1.331815338134765625e+01 1.128473377227783203e+01
1.160778045654296875e+01 2.139977073669433594e+01 -1.399538993835449219e+01 -1.434161186218261719e+01 2.095864862203598022e-01 3.328540325164794922e+00 -4.196213722229003906e+00 1.850187873840332031e+01 -1.184239578247070312e+01 1.506239891052246094e+01
1.524993515014648438e+01 1.663496780395507812e+01 -6.715807437896728516e+00 -4.316891193389892578e+00 4.939846098423004150e-01 2.046192407608032227e+00 -1.594694232940673828e+01 1.808243560791015625e+01 -1.070291900634765625e+01 2.187591934204101562e+01
-2.709373950958251953e+00 -4.712578773498535156e+00 -2.499669265747070312e+01 -4.007334232330322266e+00 -1.066855430603027344e+00 3.149754762649536133e+00 -1.417273426055908203e+01 7.155538082122802734e+00 -8.891530036926269531e+00 1.054735755920410156e+01
-9.688861846923828125e+00 -1.272477388381958008e+00 -1.117537498474121094e+01 9.125488281250000000e+00 -4.639618873596191406e+00 5.067879676818847656e+00 -2.145554161071777344e+01 -1.999173545837402344e+01 6.835616111755371094e+00 5.601607799530029297e+00
5.654600143432617188e+00 -3.577266454696655273e+00 -1.160358810424804688e+01 1.563975715637207031e+01 -1.566461563110351562e+00 3.053585767745971680e+00 -2.399333190917968750e+01 1.405086231231689453e+01 -2.859720468521118164e+00 -1.853795623779296875e+01
4.057950496673583984e+00 1.796507954597473145e+00 -1.813677978515625000e+01 -7.003855228424072266e+00 -8.363539576530456543e-01 2.867474555969238281e+00 -2.952618598937988281e+01 -3.773962259292602539e+00 -3.055918693542480469e+00 2.052160835266113281e+01
9.647985458374023438e+00 -2.371739387512207031e+00 -2.209566116333007812e+01 -1.582930946350097656e+01 -2.302476316690444946e-01 2.741038084030151367e+00 -2.185594558715820312e+01 1.284989261627197266e+01 -1.635502338409423828e+00 1.721232986450195312e+01
7.173535346984863281e+00 1.673499298095703125e+01 -1.883903312683105469e+01 -1.288002967834472656e+01 -8.963478207588195801e-01 2.499632120132446289e+00 -8.013777732849121094e+00 1.515572547912597656e+01 1.702747583389282227e+00 1.336194324493408203e+01
2.992182970046997070e+00 9.974262237548828125e+00 -1.655922126770019531e+01 -1.290281677246093750e+01 5.223314836621284485e-02 2.380418300628662109e+00 -2.553221893310546875e+01 3.344054794311523438e+01 7.649149417877197266e+00 -1.937415480613708496e+00
6.764084100723266602e-02 2.067782211303710938e+01 -1.707949638366699219e+01 2.860030412673950195e+00 1.346003860235214233e-01 3.522428274154663086e+00 -8.403285026550292969e+00 1.353792190551757812e+01 -1.522878265380859375e+01 8.986834526062011719e+00
1.614225959777832031e+01 9.165977478027343750e+00 -6.160713672637939453e+00 -1.046238660812377930e+00 -1.737891316413879395e+00 3.261332273483276367e+00 -8.545761108398437500e+00 3.136911773681640625e+01 1.978108215332031250e+01 9.366354942321777344e+00
-1.341434288024902344e+01 5.901077270507812500e+00 -7.104227066040039062e+00 4.248619556427001953e+00 -3.519627332687377930e+00 3.138324499130249023e+00 -3.798495864868164062e+01 2.248818206787109375e+01 2.022799110412597656e+01 5.717626214027404785e-02
1.086548805236816406e+01 4.689594268798828125e+00 -2.071135520935058594e+01 -1.333659172058105469e+01 -1.283551752567291260e-01 1.244020700454711914e+00 -2.128087425231933594e+01 1.728316307067871094e+01 -9.069577217102050781e+00 2.416491127014160156e+01
-8.068067431449890137e-01 -4.283277034759521484e+00 -1.602048301696777344e+01 6.482686519622802734e+00 -3.947770357131958008e+00 5.342154502868652344e+00 -3.552331542968750000e+01 -5.827816486358642578e+00 -2.646732330322265625e+00 -4.788811206817626953e+00
8.309449195861816406e+00 4.568762302398681641e+00 -2.093179893493652344e+01 -1.428878211975097656e+01 -5.493678450584411621e-01 2.751428842544555664e+00 -6.141496181488037109e+00 1.462038993835449219e+01 -9.609301567077636719e+00 1.653737068176269531e+01
1.264989089965820312e+01 -4.738753318786621094e+00 -5.476142406463623047e+00 1.090374660491943359e+01 -7.289682030677795410e-01 2.159832954406738281e+00 -3.601028823852539062e+01 2.865353393554687500e+01 -2.298431545495986938e-01 2.900315856933593750e+01
1.890307426452636719e+01 -5.578542351722717285e-01 -1.122616195678710938e+01 -2.866152763366699219e+00 4.834910109639167786e-02 1.738598346710205078e+00 -3.843628406524658203e+00 8.853139877319335938e+00 -1.124066829681396484e+00 2.025616073608398438e+01
2.502777338027954102e+00 -2.397428274154663086e+00 -2.243727493286132812e+01 6.767569780349731445e-01 -2.212565183639526367e+00 9.955547332763671875e+00 -3.816408157348632812e+00 -4.971657752990722656e+00 1.515514373779296875e+00 2.729247283935546875e+01
1.902693748474121094e+01 1.599528312683105469e+00 -1.779779052734375000e+01 -9.877904891967773438e+00 5.627862811088562012e-01 2.386175394058227539e+00 -1.221454143524169922e+01 3.669231033325195312e+01 -8.021209716796875000e+00 1.316228485107421875e+01
1.469932174682617188e+01 1.020674228668212891e+01 -4.892761409282684326e-01 -5.538567543029785156e+00 -1.922356039285659790e-01 1.580753564834594727e+00 -3.565949440002441406e+00 1.975613021850585938e+01 -9.904878616333007812e+00 2.495366859436035156e+01
-5.520776271820068359e+00 9.788367271423339844e+00 -1.539970779418945312e+01 -3.834401607513427734e+00 -1.806450963020324707e+00 1.900531530380249023e+00 -2.357892036437988281e+01 1.897453308105468750e+01 3.498881149291992188e+01 7.355365276336669922e+00
1.482926559448242188e+01 -9.283471107482910156e+00 -1.407439422607421875e+01 -7.431466102600097656e+00 -2.694959342479705811e-01 1.699986457824707031e+00 -1.677332878112792969e+01 6.950881004333496094e+00 1.141940116882324219e+00 2.636877250671386719e+01
-1.056434154510498047e+00 -4.315060138702392578e+00 -2.396377372741699219e+01 -8.684928894042968750e+00 -1.953977048397064209e-01 1.199196934700012207e+00 -1.798179817199707031e+01 1.704081535339355469e+01 -1.979406738281250000e+01 3.611373186111450195e+00
6.534242033958435059e-01 -1.291871833801269531e+01 -2.436094093322753906e+01 -5.374885082244873047e+00 -1.017014861106872559e+00 3.444443464279174805e+00 -1.288141250610351562e+01 -6.175302505493164062e+00 4.161451339721679688e+00 2.377048110961914062e+01
-6.526846289634704590e-01 1.244818019866943359e+01 -1.604792976379394531e+01 2.045919656753540039e+00 -2.146922349929809570e+00 -2.357360124588012695e-01 -6.475410938262939453e+00 8.665363311767578125e+00 3.857718467712402344e+00 2.070712471008300781e+01
1.785564613342285156e+01 1.077883720397949219e+01 -1.481700897216796875e+00 1.305260276794433594e+01 1.109212487936019897e-01 1.294484972953796387e+00 2.395091056823730469e+00 1.447774887084960938e+01 -4.281745910644531250e+00 1.091359329223632812e+01
4.030603408813476562e+00 1.241603088378906250e+01 -4.672409057617187500e+00 -2.225070381164550781e+01 1.520932435989379883e+00 6.787597179412841797e+00 1.812811851501464844e+00 1.630929946899414062e+01 -1.313167858123779297e+01 1.641721343994140625e+01
1.819418525695800781e+01 1.751301765441894531e+00 -1.251342177391052246e+00 9.681102752685546875e+00 1.592705994844436646e-01 1.105703234672546387e+00 -2.365086174011230469e+01 1.204650115966796875e+01 8.645870208740234375e+00 2.471497154235839844e+01
-1.962925910949707031e+00 2.020329833030700684e-01 -1.002657127380371094e+01 2.199413490295410156e+01 -2.867196798324584961e+00 3.926602125167846680e+00 -2.468510055541992188e+01 2.417450332641601562e+01 2.589072036743164062e+01 -4.781603336334228516e+00
1.856782150268554688e+01 5.729026794433593750e+00 -5.480034351348876953e+00 -7.156209468841552734e+00 5.739468336105346680e-01 2.049939155578613281e+00 3.101725503802299500e-02 2.424635505676269531e+01 -2.469805717468261719e+00 2.033014106750488281e+01
1.233148002624511719e+01 4.957646846771240234e+00 -1.131207466125488281e+01 2.415978908538818359e+00 -2.281901121139526367e+00 2.769561529159545898e+00 -2.098630905151367188e+00 1.949836730957031250e+01 2.444383621215820312e+00 1.772977828979492188e+01
-3.147434473037719727e+00 1.658588790893554688e+01 5.235612988471984863e-01 -9.657020568847656250e+00 -3.959739208221435547e+00 2.012839555740356445e+00 6.338274478912353516e+00 2.403120040893554688e+00 7.365677356719970703e+00 1.091902828216552734e+01
7.752165317535400391e+00 3.139858245849609375e+00 -2.257106781005859375e+01 -6.449792385101318359e+00 -2.238117903470993042e-01 1.245764017105102539e+00 -9.542607307434082031e+00 1.164655494689941406e+01 -9.389815330505371094e+00 1.273969268798828125e+01
2.804726123809814453e+00 -9.745258331298828125e+00 -2.198604774475097656e+01 4.953399896621704102e-01 -7.877164483070373535e-01 2.189100980758666992e+00 -4.356898117065429688e+01 1.115935611724853516e+01 -2.180639266967773438e+00 2.372497320175170898e+00
7.994707107543945312e+00 1.485791397094726562e+01 -2.224033832550048828e+00 -1.408415985107421875e+01 6.040161848068237305e-01 2.711115121841430664e+00 7.435274124145507812e+00 1.335080337524414062e+01 -4.769310951232910156e+00 3.164192199707031250e+01
2.689840316772460938e+00 8.736840248107910156e+00 -1.760172462463378906e+01 4.389186859130859375e+00 -2.964232563972473145e-01 1.615149617195129395e+00 -1.296511936187744141e+01 1.394253253936767578e+01 -1.212170600891113281e+00 2.463188171386718750e+01
-7.528412818908691406e+00 -4.818832874298095703e+00 -1.900193214416503906e+01 5.833669185638427734e+00 -6.687826514244079590e-01 1.702204227447509766e+00 -4.384935379028320312e+01 -1.799427390098571777e+00 1.187790203094482422e+01 -3.107181787490844727e+00
1.940839004516601562e+01 5.210903286933898926e-01 -1.295112800598144531e+01 -7.574717521667480469e+00 1.332334756851196289e+00 4.826924324035644531e+00 3.720564842224121094e+00 7.228078365325927734e+00 -7.277659416198730469e+00 1.063069629669189453e+01
1.114755058288574219e+01 1.360849285125732422e+01 -9.721326828002929688e+00 8.467634201049804688e+00 -9.036165475845336914e-01 5.122313976287841797e+00 -2.827956438064575195e+00 -1.908527731895446777e+00 1.464347457885742188e+01 1.495208358764648438e+01
-3.285190582275390625e+00 1.060376739501953125e+01 -1.759491157531738281e+01 -2.140802955627441406e+01 -4.248160719871520996e-01 4.391664981842041016e+00 -2.528209877014160156e+01 3.252093887329101562e+01 2.149738311767578125e+00 6.905962467193603516e+00
4.124908447265625000e+00 -1.412303161621093750e+01 -1.793854331970214844e+01 3.067822456359863281e+00 -1.509573817253112793e+00 3.557494401931762695e+00 -4.006228256225585938e+01 -1.685049057006835938e+01 3.706659317016601562e+00 8.407582283020019531e+00
1.645699691772460938e+01 1.012632369995117188e+01 -1.038503074645996094e+01 -2.586888790130615234e+00 2.095462530851364136e-01 3.858530759811401367e+00 -1.794487953186035156e+00 1.743703460693359375e+01 1.119485282897949219e+01 1.829237747192382812e+01
-6.681610107421875000e+00 1.755368041992187500e+01 -1.129263210296630859e+01 -7.305393218994140625e+00 4.721322655677795410e-01 2.661449193954467773e+00 -9.610991179943084717e-02 7.512216091156005859e+00 3.315391063690185547e+00 1.274908161163330078e+01
2.293618202209472656e+00 1.095536041259765625e+01 -1.485993480682373047e+01 -2.393907546997070312e+01 -9.186990261077880859e-01 2.360202550888061523e+00 -2.159089851379394531e+01 3.025814056396484375e+01 -7.738827705383300781e+00 1.773324775695800781e+01
1.623566627502441406e+01 1.004495620727539062e+01 -7.565050601959228516e+00 -9.773408889770507812e+00 -3.062880337238311768e-01 1.406195878982543945e+00 4.403757572174072266e+00 9.185968399047851562e+00 -2.100993156433105469e+00 3.053500175476074219e+01
1.579642963409423828e+01 1.513569235801696777e+00 -1.797999382019042969e+01 -1.148369693756103516e+01 8.441804349422454834e-02 1.652667403221130371e+00 -1.347072505950927734e+01 1.137067317962646484e+01 4.585491180419921875e+00 3.887928390502929688e+01
3.936403989791870117e-02 -1.387235260009765625e+01 -2.477164268493652344e+01 -8.300960540771484375e+00 -1.097377777099609375e+00 3.631248235702514648e+00 -2.971385383605957031e+01 -1.071895956993103027e+00 -1.256133174896240234e+01 1.122145271301269531e+01
9.688976407051086426e-01 3.038253545761108398e+00 -1.753346824645996094e+01 1.289140105247497559e+00 -2.618306159973144531e+00 2.050673007965087891e+00 -8.906370162963867188e+00 8.119864463806152344e+00 -5.547087669372558594e+00 2.437819480895996094e+01
1.029927635192871094e+01 -8.726925849914550781e+00 -1.879721450805664062e+01 -1.668977928161621094e+01 -3.442340493202209473e-01 2.034446001052856445e+00 -2.334152412414550781e+01 1.517460250854492188e+01 -6.020229816436767578e+00 1.934266853332519531e+01
1.422615337371826172e+01 5.571065902709960938e+00 -1.792280006408691406e+01 -2.594456911087036133e+00 -8.751377463340759277e-01 1.044937372207641602e+00 1.739769935607910156e+00 1.431760120391845703e+01 1.070569992065429688e+01 2.874032783508300781e+01
1.304781150817871094e+01 6.749699592590332031e+00 -9.136634826660156250e+00 1.720661354064941406e+01 -7.156485915184020996e-01 5.886601924896240234e+00 -5.083647727966308594e+00 2.096654510498046875e+01 5.291722297668457031e+00 4.460609436035156250e+00
3.751151084899902344e+00 1.403438949584960938e+01 -1.174492931365966797e+01 -2.914204120635986328e+00 -8.078868389129638672e-01 2.609195947647094727e+00 7.180303931236267090e-01 9.467751502990722656e+00 8.498067855834960938e+00 1.080422878265380859e+01
3.869728803634643555e+00 1.787854003906250000e+01 -1.058974647521972656e+01 -3.855659723281860352e+00 -1.881318926811218262e+00 2.780082464218139648e+00 -1.913779640197753906e+01 2.536126327514648438e+01 -4.200109481811523438e+00 4.689772605895996094e+00
6.339555740356445312e+00 8.046961784362792969e+00 -1.140541267395019531e+01 1.493819427490234375e+01 -2.505381822586059570e+00 3.882222890853881836e+00 -3.318387985229492188e+00 1.397885704040527344e+01 7.840020179748535156e+00 9.075469017028808594e+00
1.510985374450683594e+00 -7.918275833129882812e+00 -1.682522010803222656e+01 1.255737304687500000e+01 -1.415899515151977539e+00 2.137304067611694336e+00 -5.117266464233398438e+01 -3.286784589290618896e-01 -2.184725761413574219e+00 1.660870194435119629e+00
1.230736732482910156e+01 8.173516273498535156e+00 -1.452883148193359375e+01 3.968209028244018555e-01 -8.237895965576171875e-01 3.102852344512939453e+00 -2.628637123107910156e+01 2.769889068603515625e+01 -5.245574951171875000e+00 2.793244361877441406e+01
1.680809783935546875e+01 -2.190009355545043945e+00 -1.328152561187744141e+01 2.933256149291992188e+00 -2.947327494621276855e-01 1.716720461845397949e+00 -1.944016838073730469e+01 2.760888338088989258e+00 2.640688133239746094e+01 2.210334587097167969e+01
3.468162536621093750e+00 -4.829944610595703125e+00 -2.002755165100097656e+01 4.508982658386230469e+00 -8.191096782684326172e-01 2.120354413986206055e+00 -3.535181045532226562e+01 2.441213607788085938e+01 -8.932764053344726562e+00 -6.182068347930908203e+00
-6.401849269866943359e+00 -5.827348709106445312e+00 -2.484037017822265625e+01 -1.074926495552062988e+00 -9.990023970603942871e-01 3.237362861633300781e+00 -1.045492553710937500e+01 -2.213595867156982422e+00 -1.677515029907226562e+01 1.841271018981933594e+01
1.591293621063232422e+01 3.348472118377685547e+00 -2.042142295837402344e+01 -7.902009487152099609e+00 -2.507918775081634521e-01 2.644138574600219727e+00 -1.780619239807128906e+01 3.647202682495117188e+01 1.099595069885253906e+01 -2.682412564754486084e-01
1.211144447326660156e+01 3.253172039985656738e-01 -2.267368316650390625e+01 -1.510858154296875000e+01 5.410652160644531250e-01 2.980314016342163086e+00 -2.069443321228027344e+01 1.139432811737060547e+01 -8.868833541870117188e+00 1.660691261291503906e+01
1.471410179138183594e+01 1.504079723358154297e+01 -6.152145862579345703e+00 2.111482858657836914e+00 -1.866593211889266968e-01 1.688145399093627930e+00 4.231108665466308594e+00 2.752371788024902344e+00 1.182649803161621094e+01 2.432222175598144531e+01
1.993373870849609375e+01 1.319056320190429688e+01 -1.071741485595703125e+01 7.396203041076660156e+00 5.533896684646606445e-01 3.646158695220947266e+00 5.599271774291992188e+00 9.428396224975585938e+00 9.647893905639648438e+00 2.307085609436035156e+01
-7.655258655548095703e+00 -9.008407592773437500e+00 -2.508302497863769531e+01 -3.808915376663208008e+00 -1.497377902269363403e-01 1.538802385330200195e+00 -2.990082740783691406e+01 1.169425582885742188e+01 -8.789405822753906250e+00 -4.654956817626953125e+00
7.492467403411865234e+00 2.044455528259277344e+01 -3.420350074768066406e+00 -6.082826614379882812e+00 3.489437997341156006e-01 2.306529045104980469e+00 -7.332046508789062500e+00 1.467005729675292969e+01 3.450555801391601562e+00 4.396392059326171875e+01
1.360976028442382812e+01 1.198181629180908203e+01 -6.144567966461181641e+00 -1.729818153381347656e+01 2.884537577629089355e-01 2.739608764648437500e+00 5.586276054382324219e+00 1.482620429992675781e+01 -2.297007560729980469e+00 3.053858947753906250e+01
2.345162773132324219e+01 -8.120878338813781738e-01 -8.535466194152832031e+00 -4.081182956695556641e+00 -1.308215111494064331e-01 2.218008041381835938e+00 4.621448993682861328e+00 1.245321750640869141e+01 1.512945842742919922e+01 1.291222953796386719e+01
2.415971755981445312e+00 1.389151859283447266e+01 -2.033891868591308594e+01 2.083470106124877930e+00 -6.941088438034057617e-01 2.934344768524169922e+00 -3.700834751129150391e+00 6.126941680908203125e+00 1.514213752746582031e+01 2.132539176940917969e+01
2.439028978347778320e+00 2.227422904968261719e+01 -1.277113533020019531e+01 -3.205079555511474609e+00 2.532317042350769043e-01 2.087120532989501953e+00 -5.610487461090087891e+00 1.088234138488769531e+01 1.094259071350097656e+01 1.434702968597412109e+01
1.091802024841308594e+01 1.168079090118408203e+01 -1.505012130737304688e+01 -1.475534248352050781e+01 -7.635696232318878174e-02 1.246567964553833008e+00 -1.090823173522949219e+01 2.095486831665039062e+01 -2.338456153869628906e+00 1.404757404327392578e+01
1.159256649017333984e+01 2.214615345001220703e+00 -1.399872398376464844e+01 1.690035939216613770e+00 -1.506689548492431641e+00 2.045837402343750000e+00 -7.796822547912597656e+00 8.795059204101562500e+00 1.222743892669677734e+01 4.353028774261474609e+00
1.706677055358886719e+01 1.466682076454162598e+00 -1.320253562927246094e+01 -1.379651546478271484e+00 9.331865608692169189e-02 1.615404009819030762e+00 -8.959715843200683594e+00 1.171596431732177734e+01 -3.741480350494384766e+00 1.316915035247802734e+01
-8.975855827331542969e+00 5.063077926635742188e+00 -1.860827827453613281e+01 -9.689635038375854492e-01 -1.836706161499023438e+00 3.551782369613647461e+00 -2.350438690185546875e+01 1.215283775329589844e+01 5.788734436035156250e+00 5.739197254180908203e+00
8.015857696533203125e+00 1.471524620056152344e+01 -1.469306564331054688e+01 -7.593127489089965820e-01 -1.700763255357742310e-01 1.767733454704284668e+00 -1.022463321685791016e+01 2.162528991699218750e+01 -4.216986656188964844e+00 3.847311258316040039e+00
8.511766433715820312e+00 2.136598968505859375e+01 -7.047794818878173828e+00 -1.691938018798828125e+01 8.212230801582336426e-01 2.774814128875732422e+00 6.275562763214111328e+00 7.940079212188720703e+00 -6.057744979858398438e+00 2.254769325256347656e+01
1.230019950866699219e+01 1.577200889587402344e+01 -3.908274173736572266e+00 -1.549162673950195312e+01 9.515174031257629395e-01 2.972591638565063477e+00 3.214869976043701172e+00 1.441842651367187500e+01 -1.037795639038085938e+01 1.410044384002685547e+01
1.555171394348144531e+01 2.374606323242187500e+01 1.153711378574371338e-01 1.283672809600830078e+00 7.837844491004943848e-01 2.597371339797973633e+00 6.147629737854003906e+00 6.403946399688720703e+00 -5.879817485809326172e+00 2.139570045471191406e+01
9.119732975959777832e-01 -8.715892791748046875e+00 -2.288554191589355469e+01 -1.608433914184570312e+01 -3.099700808525085449e-01 1.157742142677307129e+00 -3.076949691772460938e+01 1.630571746826171875e+01 -1.486697006225585938e+01 2.337696647644042969e+01
6.856007575988769531e+00 -6.130799293518066406e+00 -2.021998023986816406e+01 8.120946884155273438e+00 -1.771249324083328247e-01 1.398867368698120117e+00 -2.215800476074218750e+01 2.677290534973144531e+01 -2.066635131835937500e+01 8.585594177246093750e+00
-1.307326984405517578e+01 -6.390110492706298828e+00 -2.246146965026855469e+01 -2.304441690444946289e+00 -1.496659755706787109e+00 3.019231557846069336e+00 -2.012600326538085938e+01 -7.989724636077880859e+00 -2.970748901367187500e+00 2.258388328552246094e+01
1.854891395568847656e+01 8.291807174682617188e+00 -1.412266731262207031e+01 7.712936401367187500e-01 -1.677695065736770630e-01 1.967458486557006836e+00 -2.702561020851135254e-01 2.885076332092285156e+01 -1.477060317993164062e+00 1.119316959381103516e+01
-1.259817504882812500e+01 -7.374780178070068359e+00 -1.862979507446289062e+01 -3.992381334304809570e+00 -2.306874036788940430e+00 4.149302482604980469e+00 -3.083301353454589844e+01 -2.017051315307617188e+01 -4.171864032745361328e+00 2.645906829833984375e+01
3.047039270401000977e+00 -4.573849201202392578e+00 -2.103589439392089844e+01 7.237528562545776367e-01 -1.344202280044555664e+00 2.882308721542358398e+00 -1.659721374511718750e+01 -6.803080081939697266e+00 4.841473102569580078e+00 1.684969139099121094e+01
-4.925679206848144531e+00 9.028419494628906250e+00 -1.498588371276855469e+01 4.272058963775634766e+00 -2.462832450866699219e+00 2.729691863059997559e-01 -6.556085586547851562e+00 5.658998489379882812e+00 -1.580252265930175781e+01 1.453507709503173828e+01
4.454239368438720703e+00 -1.034038639068603516e+01 -1.374977874755859375e+01 5.821406364440917969e+00 -1.167117357254028320e+00 1.314852714538574219e+00 -4.062498855590820312e+01 -1.476127815246582031e+01 -9.544898986816406250e+00 2.063772010803222656e+01
-9.507616996765136719e+00 4.601799011230468750e+00 -1.366855621337890625e+01 1.053127288818359375e+01 -2.862725257873535156e+00 2.155026197433471680e-01 -2.108043479919433594e+01 -1.854242682456970215e+00 -1.621347808837890625e+01 2.300546264648437500e+01
3.064358711242675781e+00 1.920311689376831055e+00 -1.723616218566894531e+01 -2.040590858459472656e+01 -6.281180381774902344e-01 1.729958176612854004e+00 -1.813775253295898438e+01 2.579873657226562500e+01 -1.794035148620605469e+01 2.579374885559082031e+01
9.041714668273925781e+00 6.064282894134521484e+00 -8.655029296875000000e+00 2.385951423645019531e+01 -7.946123480796813965e-01 1.751856088638305664e+00 -1.766602516174316406e+01 -3.862902879714965820e+00 1.470158767700195312e+01 6.412996292114257812e+00
4.654879570007324219e+00 -4.270740509033203125e+00 -2.984244108200073242e+00 1.285248947143554688e+01 -1.767252206802368164e+00 1.778907060623168945e+00 -2.335878944396972656e+01 3.674302673339843750e+01 6.892994880676269531e+00 -1.459513187408447266e+01
-7.824480056762695312e+00 1.214733695983886719e+01 -1.328380584716796875e+01 -1.354504942893981934e+00 -3.889070987701416016e+00 6.169179677963256836e-01 -3.785424232482910156e+00 9.880981445312500000e+00 2.284447288513183594e+01 4.983642101287841797e+00
8.380492210388183594e+00 4.283378601074218750e+00 -1.151245117187500000e+01 1.724917030334472656e+01 -6.957287192344665527e-01 2.100507020950317383e+00 -3.765248656272888184e-01 -3.373699665069580078e+00 1.795101356506347656e+01 1.387851142883300781e+01
3.636040687561035156e+00 2.021609497070312500e+01 -9.902940392494201660e-01 -1.337273979187011719e+01 8.434211611747741699e-01 4.106647491455078125e+00 3.446732044219970703e+00 1.172326755523681641e+01 -5.713537216186523438e+00 1.096047973632812500e+01
-1.999540805816650391e+00 2.912645339965820312e+00 -1.046513557434082031e+01 4.952820777893066406e+00 1.613261699676513672e+00 1.953366994857788086e+00 -8.836796760559082031e+00 6.711075782775878906e+00 -5.833414554595947266e+00 4.098758316040039062e+01
-3.429150342941284180e+00 -3.935536384582519531e+00 -2.020372962951660156e+01 -1.341592216491699219e+01 -6.408030986785888672e-01 1.267244577407836914e+00 -2.961577796936035156e+01 9.202065467834472656e+00 -1.901137542724609375e+01 1.915903091430664062e+01
1.195147132873535156e+01 2.627713680267333984e+00 -1.179021453857421875e+01 1.179466247558593750e+01 -2.591967821121215820e+00 3.915922880172729492e+00 -9.696402549743652344e+00 2.072054862976074219e+01 2.551780319213867188e+01 1.285159778594970703e+01
2.237951755523681641e+00 -8.139152526855468750e+00 -7.148606300354003906e+00 1.240888023376464844e+01 -1.801891803741455078e+00 3.039156675338745117e+00 -2.193932914733886719e+01 8.673806190490722656e+00 1.667739677429199219e+01 -1.647997665405273438e+01
9.514099121093750000e+00 -1.931374549865722656e+00 -1.490441322326660156e+01 9.514202117919921875e+00 -1.933319717645645142e-01 1.290808081626892090e+00 -1.077056312561035156e+01 -1.267684340476989746e+00 1.027143383026123047e+01 2.576690673828125000e+01
4.123201370239257812e+00 3.492685556411743164e+00 -2.023050880432128906e+01 1.497702002525329590e+00 -7.639220356941223145e-02 9.002398848533630371e-01 -2.912050437927246094e+01 1.277775955200195312e+01 -1.253889369964599609e+01 2.492291033267974854e-01
1.297409820556640625e+01 2.436469316482543945e+00 -1.974992752075195312e+01 9.305797576904296875e+00 -4.064278900623321533e-01 1.838820099830627441e+00 -3.504159545898437500e+01 1.306654834747314453e+01 1.177831077575683594e+01 6.872017383575439453e+00
-6.588090419769287109e+00 -1.076390221714973450e-01 -1.444940757751464844e+01 1.178191566467285156e+01 -4.104942679405212402e-01 2.030425548553466797e+00 -2.771016693115234375e+01 2.359297943115234375e+01 -1.003456306457519531e+01 1.311614894866943359e+01
-4.155138492584228516e+00 7.258541107177734375e+00 -9.035255432128906250e+00 1.360707378387451172e+01 -7.176810503005981445e-01 1.971951007843017578e+00 -1.661942481994628906e+01 2.812784957885742188e+01 1.768047332763671875e+01 -9.009425163269042969e+00
5.218439698219299316e-01 -7.182222843170166016e+00 -1.741592979431152344e+01 6.194408416748046875e+00 -9.391342997550964355e-01 1.772590160369873047e+00 -1.713358116149902344e+01 -1.523123931884765625e+01 1.322736549377441406e+01 8.307277679443359375e+00
1.947374725341796875e+01 3.867301702499389648e+00 -3.923648834228515625e+00 7.182384967803955078e+00 -1.080734610557556152e+00 1.600697875022888184e+00 -6.637234687805175781e+00 3.030056571960449219e+01 1.034000968933105469e+01 1.842910385131835938e+01
2.076048088073730469e+01 4.879508018493652344e+00 -1.566955661773681641e+01 2.272876262664794922e+00 3.148575425148010254e-01 1.704790711402893066e+00 -6.988591194152832031e+00 3.003975296020507812e+01 -4.913626015186309814e-01 8.012281417846679688e+00
-1.864432144165039062e+01 2.096663284301757812e+01 -1.234559059143066406e+01 -3.151093482971191406e+00 -1.052982044219970703e+01 -7.593748569488525391e-01 -1.241200923919677734e+01 9.792156219482421875e+00 -2.516695785522460938e+01 4.515758037567138672e+00
2.724651813507080078e+00 2.102195978164672852e+00 -1.759718513488769531e+01 8.606022834777832031e+00 -9.308398962020874023e-01 3.630314588546752930e+00 -9.164992332458496094e+00 1.506304740905761719e+01 -1.336294078826904297e+01 2.338610649108886719e+01
5.436202049255371094e+00 4.234865665435791016e+00 -1.828107833862304688e+01 3.557141304016113281e+00 -1.754574626684188843e-01 1.161788702011108398e+00 -1.991106796264648438e+01 1.297565078735351562e+01 -2.296579742431640625e+01 1.952126121520996094e+01
1.126219654083251953e+01 1.242679283022880554e-01 -6.871944665908813477e-02 -9.428083419799804688e+00 -4.718560576438903809e-01 1.313025474548339844e+00 -4.877930641174316406e+00 1.487394905090332031e+01 -4.309056282043457031e+00 4.083983993530273438e+01
-1.065350151062011719e+01 -2.758138895034790039e+00 -1.836665916442871094e+01 -1.069547080993652344e+01 -2.513432979583740234e+00 5.159742355346679688e+00 -3.063306045532226562e+01 -1.031340789794921875e+01 -2.635483741760253906e+00 2.596677398681640625e+01
9.643058776855468750e+00 9.679504036903381348e-01 -2.171432876586914062e+01 2.165309429168701172e+00 1.447515562176704407e-02 1.254186391830444336e+00 -1.171352863311767578e+00 -1.806598067283630371e+00 3.857720136642456055e+00 2.823688125610351562e+01
9.181992530822753906e+00 6.276048660278320312e+00 -1.364023780822753906e+01 1.197084045410156250e+01 -6.237114071846008301e-01 1.768955349922180176e+00 -1.617680740356445312e+01 1.363243699073791504e+00 1.126736545562744141e+01 2.245971679687500000e+01
-9.405871391296386719e+00 1.320708751678466797e+01 -6.128587245941162109e+00 -9.187213897705078125e+00 -2.936461210250854492e+00 1.800219058990478516e+00 -4.139179706573486328e+00 9.762196540832519531e+00 3.931098175048828125e+01 2.256653594970703125e+01
1.540665817260742188e+01 1.191062927246093750e+01 -1.559864616394042969e+01 3.571909666061401367e+00 4.895063638687133789e-01 3.878933191299438477e+00 -1.393858432769775391e+00 2.450470209121704102e+00 2.915292263031005859e+00 2.497567558288574219e+01
