TCGA.3B.A9HJ.01 1.669943618774414062e+01 -1.471165752410888672e+01 5.364463806152343750e+00 -2.566996192932128906e+01 1.360303640365600586e+00 -6.315254569053649902e-01 3.070787239074707031e+01 -3.665576934814453125e+01 -6.542751312255859375e+00 1.987419128417968750e+01
TCGA.3B.A9HL.01 2.515974998474121094e+01 3.900334596633911133e+00 1.838619232177734375e+01 -7.396823406219482422e+00 4.017837047576904297e+00 -3.480861783027648926e-01 4.433442306518554688e+01 9.753973007202148438e+00 -1.372190666198730469e+01 1.817845463752746582e+00
TCGA.3B.A9HO.01 1.749193954467773438e+01 -2.352351427078247070e+00 3.511517763137817383e+00 -2.534629440307617188e+01 2.082365274429321289e+00 -7.089796662330627441e-02 4.898229980468750000e+01 -2.200704383850097656e+01 -1.825050354003906250e+01 1.341367721557617188e+01
TCGA.3B.A9HP.01 9.969843864440917969e+00 -1.835499954223632812e+01 6.902968406677246094e+00 -8.459506034851074219e+00 3.921038210391998291e-01 -1.538415789604187012e+00 2.597971534729003906e+01 -1.615432929992675781e+01 -2.783262252807617188e+01 -2.173906517028808594e+01
TCGA.3B.A9HQ.01 7.818318367004394531e+00 -2.337271308898925781e+01 -1.567990064620971680e+00 -1.343485641479492188e+01 -3.211262226104736328e-01 -8.437938094139099121e-01 3.730387496948242188e+01 -1.236356067657470703e+01 -2.423003768920898438e+01 -1.914923286437988281e+01
TCGA.3B.A9HR.01 -3.347434997558593750e+00 -1.722080421447753906e+01 2.581456005573272705e-01 4.600996971130371094e+00 3.110113739967346191e-01 -3.017541170120239258e+00 1.421174812316894531e+01 1.308914566040039062e+01 -3.804564237594604492e+00 -1.964620971679687500e+01
TCGA.3B.A9HS.01 1.001948451995849609e+01 -9.571494102478027344e+00 1.636794662475585938e+01 -1.931237030029296875e+01 4.458402633666992188e+00 4.377293586730957031e-01 3.641090774536132812e+01 9.008981704711914062e+00 -3.942350769042968750e+01 2.452052879333496094e+01
TCGA.3B.A9HT.01 -4.241548061370849609e+00 -1.487783527374267578e+01 1.366738080978393555e+00 -2.289575576782226562e+01 3.457394361495971680e+00 -2.564490795135498047e+00 2.158807182312011719e+01 -3.274309921264648438e+01 -1.137210273742675781e+01 2.069289398193359375e+01
TCGA.3B.A9HU.01 8.562203407287597656e+00 -2.196261787414550781e+01 -9.698526263236999512e-01 -1.659242248535156250e+01 5.589617043733596802e-02 -1.518230438232421875e+00 3.137974739074707031e+01 -2.151145362854003906e+01 -1.973302650451660156e+01 -1.142580413818359375e+01
TCGA.3B.A9HV.01 1.593526482582092285e+00 -1.657758140563964844e+01 1.009466171264648438e+01 1.150896453857421875e+01 2.257622718811035156e+00 -5.467804431915283203e+00 -1.267484092712402344e+01 2.140986442565917969e+00 -2.581905555725097656e+01 -9.721240997314453125e+00
TCGA.3B.A9HX.01 -4.299560546875000000e+00 -1.657546997070312500e+01 1.436369132995605469e+01 -5.192817687988281250e+00 3.534134149551391602e+00 -2.197169780731201172e+00 1.234394931793212891e+01 -1.477591323852539062e+01 -2.664989852905273438e+01 6.984350681304931641e+00
TCGA.3B.A9HY.01 -6.082947731018066406e+00 -2.308793449401855469e+01 8.956205368041992188e+00 -4.967024326324462891e+00 4.841175675392150879e-01 -2.796964883804321289e+00 2.635049247741699219e+01 7.667314261198043823e-03 -3.138385963439941406e+01 -2.093420028686523438e+00
TCGA.3B.A9HZ.01 4.251566410064697266e+00 -2.330147552490234375e+01 4.319546699523925781e+00 -1.462541389465332031e+01 1.217094138264656067e-01 -1.665696740150451660e+00 4.636330032348632812e+01 -1.353698158264160156e+01 -2.616110992431640625e+01 -9.370195388793945312e+00
TCGA.3B.A9I0.01 3.789656400680541992e+00 -1.952822875976562500e+01 -6.862203121185302734e+00 -1.456723308563232422e+01 -1.749537885189056396e-03 -1.676049709320068359e+00 4.180874252319335938e+01 3.850277900695800781e+00 -1.778652000427246094e+01 -2.707041358947753906e+01
TCGA.3B.A9I1.01 8.095003128051757812e+00 -1.844292640686035156e+01 1.709012222290039062e+01 5.735676765441894531e+00 8.798042535781860352e-01 -2.943052530288696289e+00 8.501031875610351562e+00 -2.906235504150390625e+01 -3.409383773803710938e+01 -1.840743255615234375e+01
TCGA.3B.A9I3.01 -9.870414137840270996e-01 -2.363031196594238281e+01 1.397987174987792969e+01 -1.236727714538574219e+01 7.738144993782043457e-01 -1.336715102195739746e+00 2.639288520812988281e+01 -2.053194618225097656e+01 -1.974043655395507812e+01 2.219489336013793945e+00
TCGA.3R.A8YX.01 -9.595176696777343750e+00 -3.279627084732055664e+00 4.721637725830078125e+00 -1.425815582275390625e+01 3.120336055755615234e+00 3.412339687347412109e-01 2.512568855285644531e+01 1.164438056945800781e+01 -3.835686492919921875e+01 3.708706665039062500e+01
TCGA.DX.A1KU.01 1.919198274612426758e+00 -7.836059093475341797e+00 2.104578399658203125e+01 -1.310238075256347656e+01 2.690959692001342773e+00 -2.892809629440307617e+00 1.960362243652343750e+01 -1.576911163330078125e+01 -2.570588111877441406e+01 2.219889831542968750e+01
TCGA.DX.A1KW.01 2.283036041259765625e+01 7.456686973571777344e+00 1.966445732116699219e+01 -1.282168149948120117e+00 4.198899745941162109e+00 9.465470910072326660e-01 2.938992500305175781e+01 2.551756668090820312e+01 -3.466164779663085938e+01 2.210220909118652344e+01
TCGA.DX.A1KX.01 1.077742004394531250e+01 6.446743011474609375e+00 1.761615562438964844e+01 -2.000414466857910156e+01 3.467920064926147461e+00 -1.468690633773803711e-01 3.124765205383300781e+01 -2.276470899581909180e+00 -3.326257467269897461e+00 3.423014640808105469e+00
TCGA.DX.A1KY.01 1.706818580627441406e+01 2.418539285659790039e+00 2.774635696411132812e+01 1.085802650451660156e+01 5.049048900604248047e+00 -5.407565116882324219e+00 1.322314357757568359e+01 4.594512557983398438e+01 -3.928429031372070312e+01 -2.541936635971069336e-01
TCGA.DX.A1KZ.01 1.146215343475341797e+01 3.034603834152221680e+00 1.133505058288574219e+01 -2.060356521606445312e+01 2.287308454513549805e+00 -8.937244415283203125e-01 5.100402450561523438e+01 -1.084446525573730469e+01 -2.175827217102050781e+01 9.620532989501953125e+00
TCGA.DX.A1L0.01 2.281381416320800781e+01 4.453601837158203125e+00 2.330352401733398438e+01 -6.284454345703125000e+00 2.830291986465454102e+00 2.392429262399673462e-01 2.224862098693847656e+01 3.628683471679687500e+01 -1.941788482666015625e+01 1.885928153991699219e+01
TCGA.DX.A1L1.01 7.826691627502441406e+00 -5.055454730987548828e+00 8.034668922424316406e+00 -2.463625526428222656e+01 2.094650506973266602e+00 -7.974782586097717285e-01 4.263380050659179688e+01 -1.256934165954589844e+01 -2.962759208679199219e+01 2.961676979064941406e+01
TCGA.DX.A1L2.01 2.284104919433593750e+01 2.869501829147338867e+00 1.837034225463867188e+01 -1.535008144378662109e+01 2.836297273635864258e+00 5.549722313880920410e-01 2.998237800598144531e+01 -2.068775177001953125e+00 -6.043810844421386719e+00 8.707520484924316406e+00
TCGA.DX.A1L3.01 1.356987285614013672e+01 5.118180513381958008e-01 9.074867248535156250e+00 -2.245293617248535156e+01 2.211021661758422852e+00 1.332276910543441772e-01 3.875343704223632812e+01 -2.000963973999023438e+01 -1.359364414215087891e+01 2.048119926452636719e+01
TCGA.DX.A1L4.01 -1.628695279359817505e-01 -2.933106184005737305e+00 1.618023681640625000e+01 -2.093408012390136719e+01 3.763225793838500977e+00 -6.650596261024475098e-01 2.326987457275390625e+01 -3.005543899536132812e+01 1.997594118118286133e+00 1.210579586029052734e+01
TCGA.DX.A23R.01 1.285704898834228516e+01 9.043223381042480469e+00 2.405130386352539062e+01 7.408633232116699219e+00 6.696232795715332031e+00 1.348697304725646973e+00 -9.419362246990203857e-02 1.885551261901855469e+01 -5.469717502593994141e+00 -5.414308309555053711e-01
TCGA.DX.A23T.01 8.792784690856933594e+00 5.191972255706787109e-01 7.389444828033447266e+00 -2.541705513000488281e+01 4.181178569793701172e+00 -2.098896503448486328e-01 2.487083435058593750e+01 -3.063214492797851562e+01 -1.805705547332763672e+00 1.021217441558837891e+01
TCGA.DX.A23U.01 -4.067538738250732422e+00 -6.134436130523681641e-01 1.531434631347656250e+01 -1.327495384216308594e+01 1.396522641181945801e+00 5.834667086601257324e-01 1.420637416839599609e+01 -1.355606460571289062e+01 7.751000404357910156e+00 9.101854324340820312e+00
TCGA.DX.A23V.01 2.857419586181640625e+01 6.616138666868209839e-02 1.313648033142089844e+01 -1.730211639404296875e+01 3.433043718338012695e+00 1.127820163965225220e-01 4.438500595092773438e+01 -1.542689895629882812e+01 -9.305033683776855469e+00 3.040338277816772461e+00
TCGA.DX.A23Y.01 1.125891208648681641e+01 -4.616843700408935547e+00 7.858271598815917969e+00 -2.493489265441894531e+01 2.970002651214599609e+00 -1.267348170280456543e+00 4.722687530517578125e+01 7.455199241638183594e+00 -3.443178558349609375e+01 2.292706108093261719e+01
TCGA.DX.A23Z.01 2.313080024719238281e+01 -2.154759168624877930e+00 1.804830932617187500e+01 -7.537113666534423828e+00 2.263781070709228516e+00 5.395961403846740723e-01 3.266167068481445312e+01 -1.109099578857421875e+01 -4.767547607421875000e+00 -4.275682926177978516e+00
TCGA.DX.A240.01 -1.598649024963378906e+00 -2.247220754623413086e+00 2.106559371948242188e+01 -2.061174154281616211e+00 2.610389471054077148e+00 8.813162446022033691e-01 1.219219017028808594e+01 -3.019267082214355469e+01 -1.846722412109375000e+01 6.706950664520263672e+00
TCGA.DX.A2IZ.01 4.269937992095947266e+00 -8.680196762084960938e+00 2.311344528198242188e+01 9.869812011718750000e+00 5.422988414764404297e+00 3.349178552627563477e+00 3.671599197387695312e+01 1.102334308624267578e+01 -6.059299850463867188e+01 1.612862014770507812e+01
TCGA.DX.A2J0.01 1.883645820617675781e+01 -8.115546703338623047e-01 2.006958770751953125e+01 -1.044145298004150391e+01 1.464249610900878906e+00 1.658951342105865479e-01 2.505394363403320312e+01 3.056774330139160156e+01 -2.649087333679199219e+01 8.276891708374023438e+00
TCGA.DX.A2J1.01 9.934223175048828125e+00 2.548564195632934570e+00 5.654711246490478516e+00 -2.442358016967773438e+01 3.410447835922241211e+00 2.624834775924682617e-01 2.766512870788574219e+01 -2.617499732971191406e+01 -6.566980481147766113e-02 8.458332061767578125e+00
TCGA.DX.A2J4.01 2.191839790344238281e+01 -7.977120876312255859e+00 1.278214740753173828e+01 -1.525555896759033203e+01 7.217964529991149902e-01 5.542227625846862793e-01 2.877431297302246094e+01 -2.609507560729980469e+01 -4.301601409912109375e+00 4.687919139862060547e+00
TCGA.DX.A3LS.01 3.901369333267211914e+00 -8.629394531250000000e+00 1.681762695312500000e+01 -1.767727470397949219e+01 2.884062051773071289e+00 -7.979808747768402100e-02 3.790131759643554688e+01 -1.969539833068847656e+01 -2.392655372619628906e+01 1.267852401733398438e+01
TCGA.DX.A3LT.01 7.621125578880310059e-01 4.508334636688232422e+00 7.897413253784179688e+00 -1.710433769226074219e+01 3.084193468093872070e+00 -2.912440896034240723e-01 1.805364418029785156e+01 1.493336677551269531e+01 -9.118427276611328125e+00 2.336913108825683594e+01
TCGA.DX.A3LU.01 1.907464218139648438e+01 2.904886722564697266e+00 3.100905895233154297e+00 -2.042441940307617188e+01 3.362105607986450195e+00 -2.739782929420471191e-01 3.560821914672851562e+01 -1.694371414184570312e+01 -3.456863641738891602e+00 5.131292819976806641e+00
TCGA.DX.A3LW.01 1.845260620117187500e+01 1.121841144561767578e+01 1.719881057739257812e+01 1.138945817947387695e+00 4.952551364898681641e+00 7.688645720481872559e-01 1.789935111999511719e+01 2.509170341491699219e+01 -6.736004352569580078e+00 -3.889797925949096680e-01
TCGA.DX.A3LY.01 1.496152687072753906e+01 4.894370079040527344e+00 1.123281097412109375e+01 -2.138966751098632812e+01 2.226583719253540039e+00 -1.253830909729003906e+00 5.044236755371093750e+01 6.090660691261291504e-01 -3.213634490966796875e+01 1.218035793304443359e+01
TCGA.DX.A3M1.01 1.481212520599365234e+01 8.320213317871093750e+00 2.344354248046875000e+01 -4.865203857421875000e+00 4.184224605560302734e+00 1.125413030385971069e-01 8.666746139526367188e+00 2.993706703186035156e+01 -1.185456657409667969e+01 9.655506134033203125e+00
TCGA.DX.A3M2.01 8.138187408447265625e+00 5.573832988739013672e+00 1.475216388702392578e+00 -2.115416908264160156e+01 4.033643245697021484e+00 -3.116018474102020264e-01 2.609352302551269531e+01 -2.395670127868652344e+01 -8.139631748199462891e-01 1.280323219299316406e+01
TCGA.DX.A3U5.01 1.958901977539062500e+01 5.147191047668457031e+00 1.079586029052734375e+01 -1.762529373168945312e+01 3.319058656692504883e+00 -2.331849813461303711e+00 4.697586441040039062e+01 4.105070114135742188e+00 -1.950819015502929688e+01 1.378204154968261719e+01
TCGA.DX.A3U6.01 1.543586063385009766e+01 -1.065856838226318359e+01 1.023637580871582031e+01 -2.643857765197753906e+01 3.264134168624877930e+00 -4.069820642471313477e-01 2.974394798278808594e+01 -3.678943252563476562e+01 -7.822668075561523438e+00 1.608832359313964844e+01
TCGA.DX.A3U7.01 -7.135502815246582031e+00 -1.364760112762451172e+01 -1.543319940567016602e+00 -6.178325653076171875e+00 8.828244805335998535e-01 -4.124562740325927734e+00 3.315810012817382812e+01 2.624107360839843750e+01 -3.461003875732421875e+01 -1.272526645660400391e+01
TCGA.DX.A3U8.01 -5.144140243530273438e+00 -1.264039897918701172e+01 -2.092895507812500000e+00 -1.725063705444335938e+01 2.693371534347534180e+00 -2.471369028091430664e+00 2.129257011413574219e+01 -2.451656532287597656e+01 -1.660648155212402344e+01 2.952629470825195312e+01
TCGA.DX.A3U9.01 -6.676543235778808594e+00 -1.914159965515136719e+01 3.328860998153686523e+00 2.770711779594421387e-01 7.740300893783569336e-01 -3.573404550552368164e+00 7.653526306152343750e+00 1.362671661376953125e+01 -4.034062385559082031e+00 -8.719880104064941406e+00
TCGA.DX.A3UA.01 -1.003333210945129395e+00 4.258130073547363281e+00 1.834287261962890625e+01 -2.997089624404907227e+00 4.827337741851806641e+00 -1.874971032142639160e+00 -4.620067179203033447e-01 1.099070167541503906e+01 -2.191765213012695312e+01 1.872615432739257812e+01
TCGA.DX.A3UB.01 1.408461570739746094e+01 -1.412496471405029297e+01 2.041226577758789062e+01 -5.237507820129394531e+00 1.309529304504394531e+00 -1.527555108070373535e+00 2.890717887878417969e+01 -3.448152542114257812e+01 -2.221186065673828125e+01 -1.282790064811706543e+00
TCGA.DX.A3UC.01 5.565086364746093750e+00 -2.527944374084472656e+01 4.306914329528808594e+00 -4.523218274116516113e-01 3.830123841762542725e-01 -3.404179334640502930e+00 1.645281410217285156e+01 -9.058105468750000000e+00 -2.569243240356445312e+01 -4.153054809570312500e+01
TCGA.DX.A3UD.01 3.443481206893920898e+00 -1.574845981597900391e+01 -6.393291950225830078e+00 -4.507656574249267578e+00 -1.401515901088714600e-01 -1.175433278083801270e+00 3.459082412719726562e+01 -6.664257049560546875e-01 -1.821128654479980469e+01 -3.805489349365234375e+01
TCGA.DX.A3UE.01 -1.328869819641113281e+00 -1.825089454650878906e+01 -2.310691118240356445e+00 -2.613383054733276367e+00 -8.769158273935317993e-02 -1.635115265846252441e+00 3.671623611450195312e+01 2.198854446411132812e+01 -1.219096565246582031e+01 -2.048680305480957031e+01
TCGA.DX.A3UF.01 4.311184883117675781e+00 -2.305776023864746094e+01 1.004900455474853516e+01 -1.836345434188842773e+00 2.667169868946075439e-01 -1.540437340736389160e+00 3.296665954589843750e+01 -1.607255935668945312e+00 -5.763039398193359375e+01 -1.999374198913574219e+01
TCGA.DX.A48J.01 1.424634838104248047e+01 -1.599896717071533203e+01 2.123209714889526367e+00 -8.453637361526489258e-02 -4.965851902961730957e-01 -3.332565724849700928e-01 1.359498023986816406e+01 -1.829053306579589844e+01 1.640329599380493164e+00 -1.090966987609863281e+01
TCGA.DX.A48K.01 -1.048238182067871094e+01 -3.760040521621704102e+00 1.305803680419921875e+01 -8.767027854919433594e+00 3.932430028915405273e+00 -4.503520131111145020e-01 3.313899755477905273e+00 -1.771290779113769531e+00 -5.735310077667236328e+00 2.999588012695312500e+01
TCGA.DX.A48L.01 -5.222856044769287109e+00 -1.620211219787597656e+01 -1.454574346542358398e+00 -1.059695005416870117e+00 -1.457675099372863770e-01 -1.159253120422363281e+00 9.640583038330078125e+00 2.101177406311035156e+01 -1.536838626861572266e+01 -1.848242759704589844e+01
TCGA.DX.A48N.01 1.893154335021972656e+01 2.232294321060180664e+00 2.398612022399902344e+01 -2.186589956283569336e+00 3.769544124603271484e+00 1.065165162086486816e+00 3.824599838256835938e+01 3.105452346801757812e+01 -2.188156509399414062e+01 -1.530973315238952637e+00
TCGA.DX.A48O.01 1.143245410919189453e+01 -1.740281677246093750e+01 -3.553499937057495117e+00 -3.501857995986938477e+00 -2.333344817161560059e-01 -8.867075443267822266e-01 2.479888343811035156e+01 -2.046304893493652344e+01 -1.791332244873046875e+01 -3.135536003112792969e+01
TCGA.DX.A48P.01 9.992946624755859375e+00 -1.978119659423828125e+01 -2.350889444351196289e+00 -7.466819286346435547e+00 -3.792044520378112793e-01 -6.961992383003234863e-01 2.100935554504394531e+01 -2.160720443725585938e+01 -8.516683578491210938e+00 -1.716692352294921875e+01
TCGA.DX.A48R.01 -2.656093239784240723e-01 -1.576635169982910156e+01 9.923999905586242676e-01 8.723697662353515625e+00 -2.450476586818695068e-01 -1.834488272666931152e+00 1.746429800987243652e+00 1.442026329040527344e+01 -2.327758979797363281e+01 -2.845392417907714844e+01
TCGA.DX.A48U.01 7.538671493530273438e+00 -1.357749462127685547e+01 -3.757950067520141602e+00 8.250686526298522949e-01 -2.651939988136291504e-01 -8.286723494529724121e-01 1.575601959228515625e+01 -6.697493553161621094e+00 1.228434324264526367e+00 -2.313926124572753906e+01
TCGA.DX.A6B7.01 1.003825283050537109e+01 -1.465263271331787109e+01 -2.250431299209594727e+00 5.197317004203796387e-01 -2.449865937232971191e-01 -7.392390370368957520e-01 2.557605361938476562e+01 -1.312889385223388672e+01 -2.212046384811401367e+00 -2.181053352355957031e+01
TCGA.DX.A6B8.01 -1.264147758483886719e+01 1.210486888885498047e+00 9.949891090393066406e+00 -2.755920171737670898e+00 3.634037733078002930e+00 -2.473743677139282227e+00 -7.592888355255126953e+00 -5.916118621826171875e-01 -8.629807233810424805e-01 1.459443664550781250e+01
TCGA.DX.A6B9.01 1.702010726928710938e+01 -1.539838123321533203e+01 2.592984771728515625e+01 4.254344940185546875e+00 -4.024021327495574951e-03 -8.884322047233581543e-01 1.523386859893798828e+01 -3.084002304077148438e+01 -9.644224166870117188e+00 -4.762774944305419922e+00
TCGA.DX.A6BA.01 2.325465902686119080e-03 -2.330523490905761719e+01 6.259754180908203125e+00 -1.336248159408569336e+00 3.853689730167388916e-01 -2.238849163055419922e+00 3.229383850097656250e+01 -7.613799571990966797e-01 -4.884809112548828125e+01 -2.832703590393066406e+01
TCGA.DX.A6BB.01 1.078474330902099609e+01 -1.848939895629882812e+01 2.210683107376098633e+00 4.006791591644287109e+00 -1.931061148643493652e-01 -3.171373307704925537e-01 2.174794578552246094e+01 1.332848072052001953e+00 1.317655801773071289e+00 -1.980834770202636719e+01
TCGA.DX.A6BE.01 1.645429801940917969e+01 -1.035993194580078125e+01 1.593597412109375000e+01 -2.018412208557128906e+01 1.546761989593505859e+00 -2.435161918401718140e-01 3.563213729858398438e+01 -2.707600212097167969e+01 -7.532485008239746094e+00 8.853174209594726562e+00
TCGA.DX.A6BF.01 1.691740036010742188e+01 8.449522972106933594e+00 5.204516410827636719e+00 -1.895941352844238281e+01 3.385030508041381836e+00 -3.814977593719959259e-03 3.065818405151367188e+01 2.437763786315917969e+01 -1.601563453674316406e+01 1.344713783264160156e+01
TCGA.DX.A6BG.01 -1.885014653205871582e+00 -7.406460762023925781e+00 1.585676002502441406e+01 -1.746544837951660156e+01 2.367529630661010742e+00 -2.604368925094604492e-01 1.671764945983886719e+01 -3.034815406799316406e+01 -6.645349979400634766e+00 9.188097953796386719e+00
TCGA.DX.A6BH.01 1.638117218017578125e+01 -5.668482303619384766e+00 2.243158721923828125e+01 -1.173337268829345703e+01 1.746279239654541016e+00 6.197138428688049316e-01 4.094823837280273438e+01 3.953125476837158203e-01 -1.676154136657714844e+01 -4.096302986145019531e+00
TCGA.DX.A6YQ.01 -8.241709709167480469e+00 -5.602454185485839844e+00 4.676916599273681641e+00 -2.187560081481933594e+01 2.822387933731079102e+00 -9.506743550300598145e-01 1.357073688507080078e+01 -2.808052301406860352e+00 -1.296730995178222656e+01 2.860818862915039062e+01
TCGA.DX.A6YR.01 1.076633834838867188e+01 4.776747226715087891e-01 1.706866073608398438e+01 -1.807891845703125000e+01 3.292238950729370117e+00 -2.760274335741996765e-02 2.223548126220703125e+01 4.324346065521240234e+00 -7.062764167785644531e+00 2.088316345214843750e+01
TCGA.DX.A6YS.01 1.357517242431640625e+01 2.820165872573852539e+00 2.114544105529785156e+01 -9.686168670654296875e+00 2.238267660140991211e+00 5.813867449760437012e-01 9.520799636840820312e+00 6.246426105499267578e-01 7.411138534545898438e+00 -1.186593890190124512e+00
TCGA.DX.A6YT.01 3.440021991729736328e+00 3.634956598281860352e+00 1.550953960418701172e+01 -1.346899509429931641e+01 2.292643308639526367e+00 3.247197866439819336e-01 2.759980201721191406e+01 9.977593421936035156e-01 7.191556930541992188e+00 1.796965217590332031e+01
TCGA.DX.A6YU.01 1.111002063751220703e+01 -3.203429937362670898e+00 1.504383087158203125e+01 -2.499597930908203125e+01 3.107630968093872070e+00 -2.903862714767456055e+00 2.983510208129882812e+01 6.723099946975708008e-01 -2.366560459136962891e+00 1.873592567443847656e+01
TCGA.DX.A6YV.01 2.984260797500610352e+00 1.084799575805664062e+01 1.665095138549804688e+01 -6.322704315185546875e+00 2.109030485153198242e+00 -2.268309444189071655e-01 4.845980167388916016e+00 1.143762016296386719e+01 4.315239906311035156e+00 4.473096847534179688e+00
TCGA.DX.A6YX.01 -1.351289081573486328e+01 -3.603190183639526367e+00 2.953966856002807617e+00 -1.364367866516113281e+01 3.857418537139892578e+00 -1.220260739326477051e+00 1.488968658447265625e+01 1.847594261169433594e+01 -1.500557804107666016e+01 4.394301605224609375e+01
TCGA.DX.A6YZ.01 1.591949367523193359e+01 -3.503793001174926758e+00 1.731634140014648438e+01 -1.929553222656250000e+01 1.242573261260986328e+00 -5.695427060127258301e-01 2.088608551025390625e+01 -5.767778396606445312e+00 -2.535016834735870361e-01 2.268036842346191406e+01
TCGA.DX.A6Z0.01 1.408750247955322266e+01 7.362463951110839844e+00 1.874131393432617188e+01 -1.674031066894531250e+01 2.745876550674438477e+00 -2.259190559387207031e+00 1.845991134643554688e+01 1.124210453033447266e+01 -1.534690380096435547e+00 2.367219352722167969e+01
TCGA.DX.A6Z2.01 9.494621276855468750e+00 -1.918259620666503906e+01 -2.505867719650268555e+00 -1.449194526672363281e+01 -3.583304584026336670e-02 -1.058747529983520508e+00 2.834808540344238281e+01 -1.578638839721679688e+01 -1.233122920989990234e+01 -1.430425643920898438e+01
TCGA.DX.A7EF.01 -1.446420001983642578e+01 -4.530596733093261719e+00 4.755239963531494141e+00 -6.115242958068847656e+00 3.238464593887329102e+00 -8.579478263854980469e-01 8.658596038818359375e+00 9.818207740783691406e+00 1.902835130691528320e+00 2.781016731262207031e+01
TCGA.DX.A7EI.01 -4.959138870239257812e+00 -6.373183250427246094e+00 2.276041412353515625e+01 7.764680862426757812e+00 4.692312717437744141e+00 -1.806857824325561523e+00 -1.195816159248352051e+00 1.580778217315673828e+01 -3.455831146240234375e+01 1.099438285827636719e+01
TCGA.DX.A7EL.01 8.171242713928222656e+00 -2.548354530334472656e+01 1.893501520156860352e+00 -1.341429710388183594e+01 -4.292656183242797852e-01 -5.945687890052795410e-01 4.273438644409179688e+01 -1.908796691894531250e+01 -3.635291671752929688e+01 -1.417653942108154297e+01
TCGA.DX.A7EM.01 -3.866985440254211426e-01 -2.613288497924804688e+01 4.988983631134033203e+00 -8.546174049377441406e+00 -2.166671454906463623e-01 -1.461480617523193359e+00 3.265087509155273438e+01 2.330336093902587891e+00 -3.119126701354980469e+01 -2.966933441162109375e+01
TCGA.DX.A7EN.01 3.460020422935485840e-01 -1.339809513092041016e+01 -2.334662199020385742e+00 3.832958936691284180e+00 2.950078547000885010e-01 -2.376466512680053711e+00 8.273588180541992188e+00 3.485487699508666992e-01 -7.036333084106445312e+00 -2.524905204772949219e+01
TCGA.DX.A7EO.01 -3.909827470779418945e+00 -1.197129249572753906e+00 9.526464462280273438e+00 8.079244613647460938e+00 2.110183715820312500e+00 2.669282436370849609e+00 -7.473830223083496094e+00 -2.135746192932128906e+01 -2.108386039733886719e+01 9.618989944458007812e+00
TCGA.DX.A7EQ.01 3.198329806327819824e-01 3.709451198577880859e+00 3.850368738174438477e+00 6.481565952301025391e+00 2.847292661666870117e+00 2.532559156417846680e+00 3.591919183731079102e+00 -1.798414993286132812e+01 -4.163117980957031250e+01 5.115972042083740234e+00
TCGA.DX.A7ER.01 -6.063980609178543091e-02 -1.317379713058471680e+00 4.125153064727783203e+00 9.468012809753417969e+00 1.701006889343261719e+00 1.881997704505920410e+00 -2.577434301376342773e+00 -2.414479446411132812e+01 -3.032713508605957031e+01 3.928353071212768555e+00
TCGA.DX.A7ES.01 1.912352752685546875e+01 -1.469156455993652344e+01 1.085813522338867188e+01 -1.971017074584960938e+01 1.995241880416870117e+00 -7.109630107879638672e-01 3.425168228149414062e+01 -2.189939689636230469e+01 -1.246976375579833984e+01 5.547993659973144531e+00
TCGA.DX.A7ET.01 1.966326497495174408e-02 1.045952960848808289e-01 2.198973894119262695e+00 -2.324514579772949219e+01 4.935703754425048828e+00 -1.085857272148132324e+00 1.855320358276367188e+01 -1.681897926330566406e+01 -1.251229882240295410e+00 3.015718650817871094e+01
TCGA.DX.A7EU.01 1.621088027954101562e+01 1.200521469116210938e+01 1.558708477020263672e+01 -1.333255195617675781e+01 6.088705539703369141e+00 4.892039112746715546e-03 1.718887329101562500e+01 7.086710929870605469e+00 1.356352329254150391e+00 9.489027976989746094e+00
TCGA.DX.A8BG.01 8.245853424072265625e+00 -1.048392486572265625e+01 8.670908927917480469e+00 -2.673066329956054688e+01 3.941261529922485352e+00 -3.829878568649291992e+00 2.851330757141113281e+01 -2.105135726928710938e+01 1.954753637313842773e+00 2.349644660949707031e+01
TCGA.DX.A8BH.01 -5.367238044738769531e+00 -4.233382225036621094e+00 -1.238502383232116699e+00 -2.042613220214843750e+01 3.395282506942749023e+00 -1.895315051078796387e+00 1.879386329650878906e+01 -1.889659500122070312e+01 -6.029127836227416992e-01 2.494373130798339844e+01
TCGA.DX.A8BJ.01 -1.073594665527343750e+01 1.303539991378784180e+00 1.592800331115722656e+01 -3.263038396835327148e+00 2.757080793380737305e+00 -2.265909910202026367e+00 -7.334509372711181641e+00 -1.048434448242187500e+01 -1.368902683258056641e+01 2.853124046325683594e+01
TCGA.DX.A8BK.01 1.304850220680236816e+00 4.756954193115234375e+00 3.070194482803344727e+00 -2.001057624816894531e+01 4.402431011199951172e+00 -1.732549786567687988e+00 1.300212097167968750e+01 -1.075963592529296875e+01 4.754710197448730469e+00 1.764422798156738281e+01
TCGA.DX.A8BL.01 4.382475852966308594e+00 -2.526518583297729492e+00 4.555648326873779297e+00 -2.489005279541015625e+01 4.482233524322509766e+00 -1.483845353126525879e+00 1.565085029602050781e+01 -2.784526348114013672e+00 4.817105770111083984e+00 2.346916007995605469e+01
TCGA.DX.A8BM.01 1.116842555999755859e+01 3.068862199783325195e+00 2.424899864196777344e+01 -9.223584175109863281e+00 4.177410125732421875e+00 -1.643321275711059570e+00 1.471203804016113281e+01 8.873716354370117188e+00 2.931407690048217773e+00 1.797735810279846191e+00
TCGA.DX.A8BN.01 1.202093029022216797e+01 1.499386119842529297e+01 9.603661537170410156e+00 -1.016958045959472656e+01 7.316879749298095703e+00 -1.142027258872985840e+00 1.534169006347656250e+01 -1.615869283676147461e+00 9.596227645874023438e+00 9.551394462585449219e+00
TCGA.DX.A8BO.01 -3.399572968482971191e-01 -1.496648430824279785e+00 6.921040058135986328e+00 -2.538706970214843750e+01 2.219742774963378906e+00 -1.907590746879577637e+00 3.258148193359375000e+01 -1.921389198303222656e+01 -4.185614585876464844e+00 2.562251472473144531e+01
TCGA.DX.A8BP.01 -8.881623268127441406e+00 -8.275592803955078125e+00 -2.738405942916870117e+00 -1.820899963378906250e+01 2.934792280197143555e+00 -2.116518735885620117e+00 1.851776313781738281e+01 -3.172562408447265625e+01 -2.669252967834472656e+01 3.870526123046875000e+01
TCGA.DX.A8BQ.01 1.190413951873779297e+00 -9.470574378967285156e+00 -3.277902126312255859e+00 -2.488993072509765625e+01 3.350347280502319336e+00 -1.167263984680175781e+00 3.331208801269531250e+01 -2.738545989990234375e+01 -7.273414611816406250e+00 2.520211601257324219e+01
TCGA.DX.A8BR.01 9.832076072692871094e+00 1.597121953964233398e+00 9.625682830810546875e+00 -2.179039382934570312e+01 4.099038600921630859e+00 -1.643581032752990723e+00 3.440463256835937500e+01 -9.309669494628906250e+00 5.676949977874755859e+00 1.424663639068603516e+01
TCGA.DX.A8BS.01 -5.368353843688964844e+00 3.496481180191040039e+00 1.254071044921875000e+01 -1.482983875274658203e+01 3.198161840438842773e+00 -2.583951473236083984e+00 3.421007394790649414e+00 -6.531808376312255859e+00 1.435833215713500977e+00 2.313771247863769531e+01
TCGA.DX.A8BT.01 9.787793159484863281e+00 2.720785856246948242e+00 1.448142051696777344e+01 -2.096432876586914062e+01 3.457687139511108398e+00 2.182528525590896606e-01 4.510892868041992188e+01 -9.014301300048828125e+00 -1.834746742248535156e+01 2.240669822692871094e+01
TCGA.DX.A8BU.01 -9.478483200073242188e+00 -8.352350234985351562e+00 1.052302742004394531e+01 -1.380858182907104492e+00 4.792361736297607422e+00 -4.868104457855224609e+00 -1.034334063529968262e+00 7.131287574768066406e+00 5.773811817169189453e+00 7.475755214691162109e+00
TCGA.DX.A8BV.01 9.912955284118652344e+00 4.547396659851074219e+00 1.980579757690429688e+01 -1.280921173095703125e+01 3.498497247695922852e+00 -1.170744299888610840e+00 2.195244407653808594e+01 2.213292270898818970e-01 7.411154747009277344e+00 4.052339792251586914e-01
TCGA.DX.A8BX.01 1.228750038146972656e+01 1.057370376586914062e+01 1.394292068481445312e+01 -1.891530609130859375e+01 4.793949127197265625e+00 3.541798591613769531e-01 3.273816299438476562e+01 1.689158439636230469e+01 -1.821980857849121094e+01 1.954072761535644531e+01
TCGA.DX.A8BZ.01 -5.108860492706298828e+00 4.876619338989257812e+00 2.201756477355957031e+00 -1.595065975189208984e+01 4.550882816314697266e+00 -2.176195859909057617e+00 1.587017059326171875e+01 -8.194808959960937500e+00 -5.789147615432739258e-01 2.944826889038085938e+01
TCGA.DX.AATS.01 -5.931823730468750000e+00 9.357527732849121094e+00 1.745511245727539062e+01 -3.811800718307495117e+00 7.255896091461181641e+00 2.858010768890380859e+00 -3.280247449874877930e+00 1.568544387817382812e+01 -2.495510816574096680e+00 1.386949920654296875e+01
TCGA.DX.AB2E.01 -1.139107131958007812e+01 -2.404087543487548828e+00 -1.222157478332519531e+00 -9.091776847839355469e+00 2.599586248397827148e+00 -2.135687589645385742e+00 1.697718620300292969e+01 -5.407659530639648438e+00 -3.893448257446289062e+01 3.717683029174804688e+01
TCGA.DX.AB2F.01 2.562256050109863281e+01 8.511928558349609375e+00 1.846599960327148438e+01 -1.023794555664062500e+01 3.520108461380004883e+00 3.658549189567565918e-01 4.904503250122070312e+01 1.157714080810546875e+01 -8.238035202026367188e+00 -3.137245416641235352e+00
TCGA.DX.AB2G.01 1.487665748596191406e+01 3.306955337524414062e+00 5.969599246978759766e+00 -2.176960372924804688e+01 3.552015542984008789e+00 1.571096032857894897e-01 3.859022140502929688e+01 1.594695568084716797e+01 -8.749439239501953125e+00 3.050235509872436523e+00
TCGA.DX.AB2H.01 7.607933044433593750e+00 -6.486948966979980469e+00 2.534348297119140625e+01 7.088693141937255859e+00 3.628401517868041992e+00 1.611954808235168457e+00 1.117514228820800781e+01 1.523083114624023438e+01 -3.686511993408203125e+01 1.110068702697753906e+01
TCGA.DX.AB2J.01 1.515679073333740234e+01 -6.700523376464843750e+00 2.230581855773925781e+01 1.187687778472900391e+01 2.815440177917480469e+00 1.494514584541320801e+00 1.618661117553710938e+01 -6.218310832977294922e+00 -5.382873153686523438e+01 7.088557720184326172e+00
TCGA.DX.AB2L.01 -1.026762202382087708e-01 -1.778075456619262695e+00 2.006193161010742188e+01 -1.346341705322265625e+01 1.413382887840270996e+00 2.450485378503799438e-01 1.720430564880371094e+01 -1.170659828186035156e+01 4.916795730590820312e+00 2.529633760452270508e+00
TCGA.DX.AB2O.01 6.546142578125000000e+00 -8.891971111297607422e-01 1.593674564361572266e+01 -1.449485206604003906e+01 6.984819889068603516e+00 -6.360004544258117676e-01 1.873649215698242188e+01 2.968234252929687500e+01 -5.460278511047363281e+00 2.210337066650390625e+01
TCGA.DX.AB2P.01 -8.111529350280761719e+00 -3.106467723846435547e-01 1.660294342041015625e+01 -1.083830928802490234e+01 4.846895694732666016e+00 -1.082677960395812988e+00 -8.260452151298522949e-01 -1.816476821899414062e+00 -2.106191158294677734e+00 2.801094055175781250e+01
TCGA.DX.AB2Q.01 -1.403051662445068359e+01 -1.630550622940063477e-01 8.231121063232421875e+00 -1.248988151550292969e+01 4.683053493499755859e+00 -1.579579949378967285e+00 1.407452869415283203e+01 -5.486421585083007812e-01 -4.367759704589843750e+00 3.163644981384277344e+01
TCGA.DX.AB2S.01 1.000187206268310547e+01 -1.299717235565185547e+01 4.527204334735870361e-01 -2.889291000366210938e+01 4.172755241394042969e+00 -1.063638091087341309e+00 2.781445503234863281e+01 -3.642289352416992188e+01 -3.177706956863403320e+00 1.662000083923339844e+01
TCGA.DX.AB2T.01 9.648106575012207031e+00 -6.945868492126464844e+00 1.450144290924072266e+01 -2.299007225036621094e+01 4.058339118957519531e+00 -7.314012646675109863e-01 2.814287376403808594e+01 2.022358179092407227e+00 3.359372138977050781e+00 6.468221187591552734e+00
TCGA.DX.AB2V.01 1.607652854919433594e+01 -1.276126146316528320e+00 1.465649414062500000e+01 -2.150156211853027344e+01 2.516698598861694336e+00 3.203981816768646240e-01 4.780515670776367188e+01 4.048197746276855469e+00 -2.248152351379394531e+01 2.417020797729492188e+01
TCGA.DX.AB2W.01 -8.862946510314941406e+00 -1.749010086059570312e-01 7.661168277263641357e-02 -1.659657669067382812e+01 5.416852951049804688e+00 -2.385340929031372070e+00 1.713829612731933594e+01 -1.258996963500976562e+01 -5.895967483520507812e+00 2.624746894836425781e+01
TCGA.DX.AB2X.01 -1.274012088775634766e+01 -1.089072693139314651e-02 2.392269372940063477e+00 -1.206197834014892578e+01 5.303341388702392578e+00 -1.356907963752746582e+00 2.525373268127441406e+01 1.172982597351074219e+01 -2.023342704772949219e+01 4.261894989013671875e+01
TCGA.DX.AB2Z.01 -1.159200191497802734e+01 -1.045012760162353516e+01 -8.284670710563659668e-01 -1.806016159057617188e+01 5.701952457427978516e+00 -1.748287916183471680e+00 1.298986053466796875e+01 -2.602525711059570312e+01 -5.778519630432128906e+00 3.398627090454101562e+01
TCGA.DX.AB30.01 4.155611991882324219e+00 4.335574150085449219e+00 2.311016464233398438e+01 1.380887889862060547e+01 9.425549507141113281e+00 -6.536300182342529297e+00 -1.319520378112792969e+01 2.012637901306152344e+01 -1.849137115478515625e+01 3.062729597091674805e+00
TCGA.DX.AB32.01 1.291967868804931641e+01 -7.699552536010742188e+00 4.147194385528564453e+00 -2.606594657897949219e+01 2.998584508895874023e+00 -2.391120910644531250e+00 2.658017730712890625e+01 -1.691237258911132812e+01 -1.701388657093048096e-01 1.092932701110839844e+01
TCGA.DX.AB35.01 2.354828071594238281e+01 9.003573417663574219e+00 2.019575119018554688e+01 -6.600883483886718750e+00 4.567216873168945312e+00 5.211736559867858887e-01 3.124411773681640625e+01 7.298521995544433594e+00 1.444341421127319336e+00 -8.944534301757812500e+00
TCGA.DX.AB36.01 -1.197357177734375000e+01 -5.342143058776855469e+00 1.148975086212158203e+01 -2.309460401535034180e+00 3.161654233932495117e+00 -2.259710282087326050e-01 2.603194999694824219e+01 -1.212069129943847656e+01 -2.824364900588989258e+00 1.292313098907470703e+01
TCGA.DX.AB37.01 9.897400856018066406e+00 -4.833170890808105469e+00 1.328989982604980469e+00 -2.584685325622558594e+01 3.086571455001831055e+00 -9.301660656929016113e-01 3.329951858520507812e+01 -5.246442794799804688e+00 -2.929266691207885742e+00 1.449456596374511719e+01
TCGA.DX.AB3A.01 2.210481834411621094e+01 6.414835929870605469e+00 2.054443359375000000e+01 2.808154344558715820e+00 4.918286800384521484e+00 9.472842216491699219e-01 1.684834671020507812e+01 2.411796951293945312e+01 -1.329814147949218750e+01 -2.143268346786499023e+00
TCGA.DX.AB3B.01 -1.634091615676879883e+00 -5.115877628326416016e+00 9.696381568908691406e+00 9.176553726196289062e+00 2.012525796890258789e+00 1.840498089790344238e+00 2.431443452835083008e+00 -1.544556331634521484e+01 -2.088939094543457031e+01 9.483196258544921875e+00
TCGA.DX.AB3C.01 -4.115809440612792969e+00 -3.839595794677734375e+00 3.131851673126220703e+00 8.118301391601562500e+00 4.714460849761962891e+00 4.648356914520263672e+00 -3.267074346542358398e+00 -1.136577320098876953e+01 -1.736039543151855469e+01 6.812630176544189453e+00
TCGA.FX.A2QS.01 9.833979606628417969e+00 6.702263832092285156e+00 2.493621444702148438e+01 7.512742877006530762e-01 4.110311985015869141e+00 6.616541743278503418e-01 1.429281234741210938e+01 4.116270828247070312e+01 -4.580107879638671875e+01 2.027389717102050781e+01
TCGA.FX.A3NJ.01 1.452004337310791016e+01 -1.773323059082031250e+01 3.558259725570678711e+00 -1.770323514938354492e+00 -2.548094987869262695e-01 -6.622463464736938477e-01 2.121502113342285156e+01 -7.507671356201171875e+00 5.982918739318847656e+00 -9.975906372070312500e+00
TCGA.FX.A3NK.01 1.439745044708251953e+01 -7.120833396911621094e+00 2.702533340454101562e+01 -8.014048576354980469e+00 2.233478307723999023e+00 5.807364583015441895e-01 3.587833023071289062e+01 3.456840276718139648e+00 -2.134503746032714844e+01 -9.199844598770141602e-01
TCGA.FX.A3RE.01 1.907339668273925781e+01 -5.685810089111328125e+00 2.182035255432128906e+01 6.653991699218750000e+00 2.694319725036621094e+00 -1.940400153398513794e-01 5.951006710529327393e-02 6.444284439086914062e+00 -3.518275070190429688e+01 4.546990394592285156e+00
TCGA.FX.A3TO.01 1.498067498207092285e+00 1.078462028503417969e+01 1.314942264556884766e+01 -1.447909164428710938e+01 5.477370262145996094e+00 -4.477911591529846191e-01 3.167041301727294922e+00 -1.099000811576843262e+00 4.469458103179931641e+00 9.784317016601562500e+00
TCGA.FX.A48G.01 1.702344512939453125e+01 -9.247986793518066406e+00 1.097896575927734375e+01 -7.173520326614379883e-02 2.037796020507812500e+00 -2.858228921890258789e+00 -2.765135765075683594e+00 -2.713905334472656250e+01 -1.466438865661621094e+01 1.619285464286804199e+00
TCGA.FX.A76Y.01 1.682570266723632812e+01 -1.893337059020996094e+01 1.166080474853515625e+01 4.719791412353515625e+00 8.933525532484054565e-02 -1.392275452613830566e+00 4.676283359527587891e+00 -2.652532768249511719e+01 -5.215683937072753906e+00 -4.547274112701416016e+00
TCGA.FX.A8OO.01 2.023577451705932617e+00 -7.141458988189697266e-01 8.799345970153808594e+00 1.008740806579589844e+01 2.996103525161743164e+00 2.657625198364257812e+00 -7.244733810424804688e+00 -1.382806587219238281e+01 -2.655796241760253906e+01 -2.929843664169311523e-01
TCGA.HB.A2OT.01 -1.183223056793212891e+01 4.285214900970458984e+00 1.205137348175048828e+01 -1.345933723449707031e+01 7.457497119903564453e+00 -3.330432415008544922e+00 8.688438415527343750e+00 -2.033998298645019531e+01 1.795560121536254883e-01 1.557649612426757812e+01
TCGA.HB.A3L4.01 8.850398063659667969e+00 -1.104614257812500000e+01 1.278785610198974609e+01 1.015145587921142578e+01 2.641459226608276367e+00 -3.979512929916381836e+00 -1.005187511444091797e+01 -5.207493305206298828e+00 -1.009124565124511719e+01 -5.538916587829589844e+00
TCGA.HB.A3YV.01 2.104874992370605469e+01 4.066700935363769531e+00 2.911911010742187500e+01 3.448085069656372070e+00 9.671754837036132812e+00 1.253830909729003906e+00 4.715217590332031250e+01 2.276181221008300781e+01 -2.372533035278320312e+01 3.900532960891723633e+00
TCGA.HB.A43Z.01 1.642632126808166504e+00 -1.582380962371826172e+01 1.543082141876220703e+01 9.933938980102539062e+00 1.675059318542480469e+00 -2.619551181793212891e+00 -6.250702857971191406e+00 1.521630954742431641e+01 -3.523149108886718750e+01 -1.559789085388183594e+01
TCGA.HB.A5W3.01 1.012144470214843750e+01 -2.238429069519042969e+01 5.894288063049316406e+00 -2.347009420394897461e+00 1.327598392963409424e-01 -1.577161431312561035e+00 2.878437614440917969e+01 -1.681531333923339844e+01 -4.266070938110351562e+01 -2.027493858337402344e+01
TCGA.HS.A5N7.01 1.783752083778381348e+00 -2.468209457397460938e+01 8.767557144165039062e+00 -6.922569274902343750e+00 4.864800572395324707e-01 -3.409504890441894531e+00 2.261298179626464844e+01 3.626797199249267578e+00 -3.401049041748046875e+01 -2.769421958923339844e+01
TCGA.HS.A5N8.01 -3.074023127555847168e-01 -1.149881124496459961e+00 2.629006195068359375e+01 7.529206275939941406e+00 9.159344673156738281e+00 -8.263983726501464844e+00 -7.847476005554199219e+00 -7.632866382598876953e+00 -2.685799598693847656e+01 1.717560005187988281e+01
TCGA.HS.A5NA.01 6.456333160400390625e+00 -1.761068916320800781e+01 1.193685340881347656e+01 7.010376930236816406e+00 1.470263123512268066e+00 -3.824719667434692383e+00 8.476466178894042969e+00 -1.747673225402832031e+01 -3.329033279418945312e+01 -1.311653137207031250e+01
TCGA.IE.A3OV.01 1.653162360191345215e+00 -2.201375579833984375e+01 -5.406543612480163574e-01 -1.424254226684570312e+01 2.886599898338317871e-01 -2.498132705688476562e+00 3.804237365722656250e+01 1.692415809631347656e+01 -2.368375968933105469e+01 -1.311434173583984375e+01
TCGA.IE.A4EH.01 1.020868968963623047e+01 -1.463326168060302734e+01 9.759768486022949219e+00 3.589783430099487305e+00 2.865127801895141602e+00 -1.799473643302917480e+00 -1.361993789672851562e+00 -2.209050559997558594e+01 -2.138511466979980469e+01 -1.940364265441894531e+01
TCGA.IE.A4EI.01 5.357458114624023438e+00 -2.221705818176269531e+01 6.315447330474853516e+00 4.865631103515625000e+00 7.568040490150451660e-01 -3.461965560913085938e+00 4.057544326782226562e+01 1.781501197814941406e+01 -3.008305931091308594e+01 -3.264540863037109375e+01
TCGA.IE.A4EJ.01 1.093254947662353516e+01 -1.716893196105957031e+00 1.698468971252441406e+01 -2.223961448669433594e+01 3.078399896621704102e+00 -2.919990301132202148e+00 2.365972328186035156e+01 -5.594896316528320312e+00 -4.939494431018829346e-01 1.736118125915527344e+01
TCGA.IE.A4EK.01 9.541404724121093750e+00 -1.348492622375488281e+01 -3.418476283550262451e-01 5.278264045715332031e+00 1.624989509582519531e-01 -1.747400164604187012e+00 1.546824836730957031e+01 -1.617599868774414062e+01 -8.807486534118652344e+00 -3.136248207092285156e+01
TCGA.IE.A6BZ.01 5.730720996856689453e+00 8.200047492980957031e+00 1.550030994415283203e+01 -1.254175758361816406e+01 2.256484270095825195e+00 4.154400900006294250e-02 1.063347911834716797e+01 8.983214378356933594e+00 8.407011032104492188e+00 1.275050067901611328e+01
TCGA.IF.A3RQ.01 2.088710403442382812e+01 7.687627792358398438e+00 9.463260650634765625e+00 -1.066633224487304688e+01 2.879252910614013672e+00 2.812780812382698059e-02 3.886887741088867188e+01 1.929001808166503906e+01 -3.450828170776367188e+01 1.072164154052734375e+01
TCGA.IF.A4AJ.01 -4.181200981140136719e+00 -2.224452018737792969e+01 1.558036565780639648e+00 -1.017395401000976562e+01 4.818330407142639160e-01 -3.131834745407104492e+00 3.028983497619628906e+01 1.516782379150390625e+01 -4.152876281738281250e+01 -1.562189388275146484e+01
TCGA.IF.A4AK.01 -5.885139465332031250e+00 -2.593157005310058594e+01 9.068702697753906250e+00 -9.376056790351867676e-01 4.388422966003417969e-01 -3.185095310211181641e+00 3.718055725097656250e+01 5.938586711883544922e+00 -3.706129455566406250e+01 -1.468121719360351562e+01
TCGA.IS.A3K6.01 7.168304443359375000e+00 -1.677881050109863281e+01 1.183824729919433594e+01 -1.212772130966186523e+00 4.906818866729736328e+00 -8.782404899597167969e+00 1.697080230712890625e+01 -3.419817352294921875e+01 -3.568613052368164062e+01 -4.202250003814697266e+00
TCGA.IS.A3K7.01 -5.029745101928710938e+00 9.907811880111694336e-01 8.689939498901367188e+00 -1.791064834594726562e+01 4.340080738067626953e+00 -6.632450222969055176e-01 5.260089039802551270e-01 -2.496349143981933594e+01 -1.449801731109619141e+01 2.449091148376464844e+01
TCGA.IS.A3K8.01 2.137260627746582031e+01 -1.340768241882324219e+01 1.416401863098144531e+01 6.255332946777343750e+00 1.028657674789428711e+00 -2.230151891708374023e+00 2.419610261917114258e+00 -2.724433326721191406e+01 -6.271505355834960938e+00 9.661830961704254150e-02
TCGA.IS.A3KA.01 8.751811981201171875e+00 -1.835574150085449219e+01 1.208726119995117188e+01 -5.433701515197753906e+00 4.896967887878417969e+00 -7.311880588531494141e+00 3.069391012191772461e+00 -7.150398254394531250e+00 -2.585949325561523438e+01 2.364407348632812500e+01
TCGA.IW.A3M4.01 2.010309982299804688e+01 -1.211284065246582031e+01 1.744772720336914062e+01 9.185089111328125000e+00 1.522054433822631836e+00 -2.933815717697143555e+00 -1.026989340782165527e+00 -3.159042739868164062e+01 -2.495373535156250000e+01 -7.651989936828613281e+00
TCGA.IW.A3M5.01 -3.081946134567260742e+00 6.992837905883789062e+00 1.454654693603515625e+01 5.988065242767333984e+00 1.659097671508789062e+01 -1.312161803245544434e+00 -1.501637363433837891e+01 -6.854484558105468750e+00 -1.517872333526611328e+01 1.113286018371582031e+01
TCGA.IW.A3M6.01 3.921684026718139648e+00 -1.416061878204345703e+01 1.352616786956787109e+01 -5.819437980651855469e+00 1.186683654785156250e+00 -1.459899663925170898e+00 1.880464172363281250e+01 -1.858740043640136719e+01 -3.794795989990234375e+01 -1.577621698379516602e+00
TCGA.JV.A5VE.01 2.184782981872558594e+00 -1.673142242431640625e+01 1.292293739318847656e+01 -1.940322637557983398e+00 4.244601249694824219e+00 -1.786694526672363281e+00 1.585475540161132812e+01 -2.603660774230957031e+01 -2.466164970397949219e+01 -1.110991477966308594e+01
TCGA.JV.A5VF.01 -8.978075981140136719e+00 3.311916351318359375e+00 1.448646736145019531e+01 3.284082651138305664e+00 1.141384124755859375e+01 -3.359485387802124023e+00 -1.341674804687500000e+01 -2.641210556030273438e+00 -1.908249282836914062e+01 2.731188392639160156e+01
TCGA.JV.A75J.01 -6.568732857704162598e-01 1.285825014114379883e+00 1.896203994750976562e+01 1.081060218811035156e+01 1.646899104118347168e+00 5.395168304443359375e+00 -1.611910629272460938e+01 6.581301689147949219e+00 -2.707174110412597656e+01 1.872336196899414062e+01
TCGA.K1.A3PN.01 1.629866719245910645e+00 -2.436231422424316406e+01 4.694709777832031250e+00 1.522479295730590820e+00 -2.739429473876953125e-01 -2.598633289337158203e+00 2.042811965942382812e+01 1.090552139282226562e+01 -2.743965530395507812e+01 -3.872377014160156250e+01
TCGA.K1.A3PN.02 1.625733017921447754e+00 -2.108837318420410156e+01 2.351095914840698242e+00 2.565881013870239258e+00 6.789160519838333130e-02 -3.269515275955200195e+00 1.697597312927246094e+01 1.658867073059082031e+01 -3.070750617980957031e+01 -3.645058441162109375e+01
TCGA.K1.A3PO.01 1.708071517944335938e+01 -1.728178596496582031e+01 1.864323425292968750e+01 -1.346138381958007812e+01 9.526503682136535645e-01 -7.318626642227172852e-01 1.798514556884765625e+01 -2.440143775939941406e+01 -6.404717445373535156e+00 2.202268838882446289e+00
TCGA.K1.A42W.01 7.391628265380859375e+00 -2.117513465881347656e+01 4.066068172454833984e+00 -6.983530044555664062e+00 3.785986900329589844e-01 -2.013770103454589844e+00 5.140755081176757812e+01 2.340209633111953735e-01 -2.951265144348144531e+01 -1.664503669738769531e+01
TCGA.K1.A42X.01 1.679066658020019531e+01 -1.378601169586181641e+01 9.676492691040039062e+00 1.291805648803710938e+01 1.149674654006958008e+00 -2.253544330596923828e+00 -9.495140075683593750e+00 -2.224316406250000000e+01 -1.597007942199707031e+01 -5.350211620330810547e+00
TCGA.K1.A42X.02 1.701852607727050781e+01 -1.366258525848388672e+01 9.277542114257812500e+00 1.212593078613281250e+01 1.659420013427734375e+00 -3.091718435287475586e+00 -9.348841667175292969e+00 -2.303350639343261719e+01 -1.648928642272949219e+01 -5.231520175933837891e+00
TCGA.K1.A6RT.01 4.225797653198242188e+00 -1.904807090759277344e+01 1.234787702560424805e+00 -2.425010108947753906e+01 2.558989286422729492e+00 -7.899081110954284668e-01 2.515607833862304688e+01 -2.948904800415039062e+01 -3.888199090957641602e+00 1.692014503479003906e+01
TCGA.K1.A6RU.01 1.519023704528808594e+01 2.826180934906005859e+00 1.622628593444824219e+01 -2.049088668823242188e+01 2.606660366058349609e+00 -5.943534374237060547e-01 3.552148056030273438e+01 8.048599243164062500e+00 -3.021248102188110352e+00 1.299018478393554688e+01
TCGA.K1.A6RV.01 -1.247728347778320312e+01 5.622437477111816406e+00 7.805499076843261719e+00 -7.184309959411621094e+00 5.994547367095947266e+00 -9.036059379577636719e-01 -4.789903640747070312e+00 -8.031121253967285156e+00 -1.311987876892089844e+00 2.145202445983886719e+01
TCGA.KD.A5QS.01 -9.181227684020996094e-01 5.173932075500488281e+00 1.367126464843750000e+01 -6.528342247009277344e+00 4.749612331390380859e+00 -2.030557394027709961e+00 -5.241805076599121094e+00 5.622833728790283203e+00 -1.184193515777587891e+01 1.874477195739746094e+01
TCGA.KD.A5QT.01 1.100747203826904297e+01 -1.820918273925781250e+01 1.174670505523681641e+01 1.121549510955810547e+01 1.026074409484863281e+00 -2.198840141296386719e+00 -4.909819662570953369e-01 -2.639072608947753906e+01 -4.047005081176757812e+01 -1.282938098907470703e+01
TCGA.KD.A5QU.01 6.104188919067382812e+00 -1.762324333190917969e+01 1.156370925903320312e+01 3.203262567520141602e+00 3.532491922378540039e+00 -5.190793514251708984e+00 -3.948415994644165039e+00 -5.228729248046875000e+00 -1.431339550018310547e+01 -1.732036781311035156e+01
TCGA.KF.A41W.01 -7.130539894104003906e+00 -9.868735313415527344e+00 1.572513198852539062e+01 -8.325592994689941406e+00 5.600182056427001953e+00 -1.068590760231018066e+00 -6.251513361930847168e-01 -1.997837638854980469e+01 -2.502813911437988281e+01 2.704813194274902344e+01
TCGA.LI.A67I.01 5.045323967933654785e-01 2.993846178054809570e+00 2.103394508361816406e+01 -8.488201141357421875e+00 5.471939086914062500e+00 -4.259211540222167969e+00 -2.954389154911041260e-01 1.166398048400878906e+01 -1.006214618682861328e+01 1.080622959136962891e+01
TCGA.LI.A9QH.01 7.695552349090576172e+00 1.156564521789550781e+01 1.766273689270019531e+01 -8.950820922851562500e+00 7.785363674163818359e+00 -1.133304476737976074e+00 -3.504053652286529541e-01 1.274446678161621094e+01 5.344769001007080078e+00 5.163492679595947266e+00
TCGA.MB.A5Y8.01 -9.337274551391601562e+00 7.213770389556884766e+00 7.632015228271484375e+00 -1.187326049804687500e+01 2.857861042022705078e+00 -8.465755581855773926e-01 5.070639610290527344e+00 -4.322144508361816406e+00 -1.219961929321289062e+01 3.562424468994140625e+01
TCGA.MB.A5Y9.01 3.358384370803833008e+00 -3.554189205169677734e-01 -2.957326412200927734e+00 -2.523260688781738281e+01 3.845352411270141602e+00 -1.017106771469116211e+00 2.879112052917480469e+01 -3.108163833618164062e+01 -9.022039413452148438e+00 2.666970062255859375e+01
TCGA.MB.A5YA.01 5.666274547576904297e+00 -1.493065166473388672e+01 -4.505445957183837891e+00 -8.031185150146484375e+00 8.675343543291091919e-02 -1.337143778800964355e+00 4.178966903686523438e+01 2.097948551177978516e+00 -6.591554641723632812e+00 -2.013640594482421875e+01
TCGA.MB.A8JK.01 4.924878120422363281e+00 -3.065158128738403320e+00 1.976719284057617188e+01 -1.478386211395263672e+01 5.347437381744384766e+00 -2.257235288619995117e+00 2.475684547424316406e+01 -7.362980842590332031e+00 5.578455924987792969e+00 4.068470478057861328e+00
TCGA.MB.A8JL.01 1.923803806304931641e+00 3.591034412384033203e-01 2.223456382751464844e+01 2.901832461357116699e-01 1.975115537643432617e+00 8.221051096916198730e-01 5.675046920776367188e+00 1.463540458679199219e+01 -4.912616729736328125e+01 2.929242324829101562e+01
TCGA.MJ.A68H.01 2.845690727233886719e+00 -2.158877372741699219e+01 9.655735015869140625e+00 4.257854461669921875e+00 2.178264856338500977e-01 -8.732473850250244141e-01 1.324505615234375000e+01 -6.978228092193603516e+00 -4.955989074707031250e+01 -1.273958492279052734e+01
TCGA.MJ.A68J.01 7.138261318206787109e+00 -5.018179416656494141e+00 1.500800132751464844e+01 -2.184352111816406250e+01 1.100746512413024902e+00 -2.977685630321502686e-01 3.294674682617187500e+01 -1.772547340393066406e+01 4.562341213226318359e+00 9.289862632751464844e+00
TCGA.MJ.A850.01 -5.266234874725341797e+00 1.306775689125061035e+00 6.121577262878417969e+00 6.094033241271972656e+00 2.708140373229980469e+00 2.823876857757568359e+00 -4.344562053680419922e+00 -1.543422222137451172e+01 -2.803455543518066406e+01 4.394185543060302734e+00
TCGA.MO.A47P.01 2.306092262268066406e+01 -1.586270523071289062e+01 8.955017089843750000e+00 -3.559228658676147461e+00 4.426741600036621094e-01 -1.354207873344421387e+00 3.408852767944335938e+01 -2.503938484191894531e+01 -1.665429115295410156e+01 -1.005012869834899902e+00
TCGA.MO.A47R.01 1.374973964691162109e+01 -2.607529401779174805e+00 2.123786163330078125e+01 3.884745359420776367e+00 2.479563236236572266e+00 8.529777526855468750e-01 1.837364578247070312e+01 1.259787082672119141e+01 -4.623437500000000000e+01 -2.755413293838500977e+00
TCGA.N1.A6IA.01 -7.095744609832763672e+00 -4.572442054748535156e+00 2.098535919189453125e+01 -1.826192617416381836e+00 2.513348817825317383e+00 3.046850264072418213e-01 -4.236534118652343750e+00 -8.287056922912597656e+00 -2.545866966247558594e+01 2.868410682678222656e+01
TCGA.PC.A5DK.01 1.492824363708496094e+01 -1.960125923156738281e+01 2.703635990619659424e-01 -6.022668361663818359e+00 -2.410060167312622070e-01 -7.468292713165283203e-01 2.861776161193847656e+01 -2.162857818603515625e+01 -5.696659088134765625e+00 -1.156840515136718750e+01
TCGA.PC.A5DL.01 1.223105907440185547e+01 -2.134433937072753906e+01 4.747364819049835205e-01 -2.538345098495483398e+00 -1.646375656127929688e-01 -1.054172515869140625e+00 2.533427047729492188e+01 -1.779960632324218750e+01 1.109664201736450195e+00 -1.043104171752929688e+01
TCGA.PC.A5DM.01 -1.034727573394775391e+01 -3.794376134872436523e+00 4.600759983062744141e+00 -8.577864646911621094e+00 5.203143596649169922e+00 -1.257751464843750000e+00 4.854863643646240234e+00 1.507739257812500000e+01 4.102191627025604248e-01 1.816527366638183594e+01
TCGA.PC.A5DN.01 1.074487209320068359e+01 -1.161542892456054688e+01 2.807869338989257812e+01 -1.882778882980346680e+00 4.934758663177490234e+00 -3.424760103225708008e-01 1.731538581848144531e+01 -1.085236549377441406e+00 -3.721231079101562500e+01 1.663817405700683594e+01
TCGA.PC.A5DO.01 2.288782358169555664e+00 -2.172777366638183594e+01 1.813851594924926758e+00 -8.593410491943359375e+00 -8.774586021900177002e-03 -1.700673222541809082e+00 4.271989822387695312e+01 1.513830780982971191e+00 -4.554327392578125000e+01 -2.732442665100097656e+01
TCGA.PC.A5DP.01 -1.768819451332092285e+00 -2.273967170715332031e+01 2.876780271530151367e+00 5.319435000419616699e-01 2.998710572719573975e-01 -2.878792047500610352e+00 2.498366737365722656e+01 2.132122993469238281e+01 -3.428243255615234375e+01 -3.145053291320800781e+01
TCGA.PT.A8TR.01 1.269626045227050781e+01 1.062223196029663086e+00 1.562073993682861328e+01 1.294322490692138672e+01 2.860223054885864258e+00 1.711530327796936035e+00 -1.493752598762512207e+00 9.449836730957031250e+00 -5.589276885986328125e+01 -7.583116531372070312e+00
TCGA.QC.A6FX.01 1.361664175987243652e+00 -6.180690526962280273e-01 9.991886138916015625e+00 -2.265870094299316406e+01 1.679223537445068359e+00 -1.390865594148635864e-01 3.308134841918945312e+01 -7.671089649200439453e+00 -1.167939567565917969e+01 3.173793601989746094e+01
TCGA.QC.A7B5.01 -6.982251167297363281e+00 4.444302082061767578e+00 8.481186866760253906e+00 -1.684988594055175781e+01 3.234551191329956055e+00 -5.085572004318237305e-01 9.972284436225891113e-01 -1.750338554382324219e+01 -1.219091701507568359e+01 3.125379562377929688e+01
TCGA.QC.AA9N.01 2.603295445442199707e-01 -3.575687408447265625e+00 2.013365936279296875e+01 4.293434023857116699e-01 7.156164646148681641e+00 -3.243579626083374023e+00 4.205863571166992188e+01 -5.393670082092285156e+00 -2.705550193786621094e+01 1.804293823242187500e+01
TCGA.QQ.A5V2.01 -1.299323201179504395e+00 8.594772338867187500e+00 4.622688770294189453e+00 -1.524976348876953125e+01 1.971944093704223633e+00 -1.769890666007995605e+00 1.420376491546630859e+01 -1.650461769104003906e+01 -2.907505607604980469e+01 3.203998565673828125e+01
TCGA.QQ.A5V9.01 6.532570838928222656e+00 6.734813213348388672e+00 9.484397888183593750e+00 -2.272796440124511719e+01 3.637696981430053711e+00 -4.839715957641601562e-01 3.503715515136718750e+01 3.183082818984985352e+00 -9.686035156250000000e+00 1.574709510803222656e+01
TCGA.QQ.A5VA.01 8.222329139709472656e+00 -1.734216499328613281e+01 1.119913101196289062e+01 -2.340076828002929688e+01 2.501020193099975586e+00 -6.260201334953308105e-01 2.967976570129394531e+01 -1.866429138183593750e+01 -2.813406372070312500e+01 2.584538650512695312e+01
TCGA.QQ.A5VB.01 -1.072654438018798828e+01 -1.988366365432739258e+00 7.937194824218750000e+00 -1.920193099975585938e+01 7.027134418487548828e+00 -2.054691076278686523e+00 6.368794918060302734e+00 -1.790352058410644531e+01 -1.714232063293457031e+01 3.876158142089843750e+01
TCGA.QQ.A5VC.01 -1.731024742126464844e+01 1.673937559127807617e+00 5.843858718872070312e+00 -8.115754127502441406e+00 3.718037605285644531e+00 -1.530815124511718750e+00 6.354587078094482422e+00 4.491878986358642578e+00 -7.458509445190429688e+00 2.909178924560546875e+01
TCGA.QQ.A5VD.01 3.641261816024780273e+00 -1.820943260192871094e+01 1.266833496093750000e+01 -1.218145370483398438e+01 5.002636313438415527e-01 -4.382890462875366211e-01 2.993690681457519531e+01 -1.088301467895507812e+01 -2.610409164428710938e+01 3.850722789764404297e+00
TCGA.QQ.A8VB.01 1.166961765289306641e+01 -2.392346143722534180e+00 3.087992858886718750e+01 1.233603858947753906e+01 2.217908143997192383e+00 1.660548806190490723e+00 -4.146944999694824219e+00 2.731659317016601562e+01 -4.022440338134765625e+01 1.332798123359680176e+00
TCGA.QQ.A8VD.01 -3.229960680007934570e+00 -1.056590795516967773e+00 2.333769607543945312e+01 -3.295799016952514648e+00 1.606205463409423828e+00 4.235391616821289062e-01 8.528877258300781250e+00 -1.699833869934082031e+01 -1.332941627502441406e+01 9.510499000549316406e+00
TCGA.QQ.A8VF.01 -9.221827507019042969e+00 -1.230302238464355469e+01 4.427626132965087891e+00 -1.274047088623046875e+01 3.004047155380249023e+00 -1.387733101844787598e+00 3.178890991210937500e+01 -3.053197860717773438e-01 -2.852664947509765625e+01 3.407242584228515625e+01
TCGA.QQ.A8VG.01 4.349913001060485840e-01 -1.384613704681396484e+01 1.490918350219726562e+01 -1.953151321411132812e+01 3.248220205307006836e+00 -8.304919600486755371e-01 2.923596382141113281e+01 -2.973145675659179688e+01 -1.569063568115234375e+01 1.435533809661865234e+01
TCGA.QQ.A8VH.01 3.682360887527465820e+00 8.086885452270507812e+00 2.036328315734863281e+01 5.748494625091552734e+00 1.330387973785400391e+01 5.357058525085449219e+00 -7.800374507904052734e+00 -1.656332492828369141e+00 -2.167802238464355469e+01 6.899487972259521484e+00
TCGA.RN.A68Q.01 2.650553464889526367e+00 -1.660827827453613281e+01 9.555883407592773438e+00 -1.679817581176757812e+01 2.866798162460327148e+00 -7.097024321556091309e-01 2.235186195373535156e+01 -3.155426788330078125e+01 -4.028678238391876221e-01 3.014792680740356445e+00
TCGA.RN.AAAQ.01 -1.702050328254699707e+00 -1.368881607055664062e+01 7.702558040618896484e+00 -1.926644515991210938e+01 4.142417430877685547e+00 -1.369568586349487305e+00 2.549223709106445312e+01 -2.427655982971191406e+01 -2.107028961181640625e+01 2.061723709106445312e+01
TCGA.SG.A6Z4.01 -7.326887607574462891e+00 1.656306505203247070e+00 1.918207550048828125e+01 -9.580692291259765625e+00 4.822538852691650391e+00 -6.176117062568664551e-01 -1.885553479194641113e+00 6.194660186767578125e+00 3.615884304046630859e+00 1.224247360229492188e+01
TCGA.SG.A6Z7.01 3.234112977981567383e+00 1.351243257522583008e+00 2.590330886840820312e+01 1.270127201080322266e+01 6.334469318389892578e+00 3.106309413909912109e+00 -1.420937156677246094e+01 1.267231464385986328e+01 -1.716759681701660156e+01 8.877609252929687500e+00
TCGA.SG.A849.01 -5.101432800292968750e+00 -7.218045711517333984e+00 1.307268261909484863e+00 -2.420934677124023438e+01 4.605440139770507812e+00 -9.892581105232238770e-01 2.291063499450683594e+01 -2.262590980529785156e+01 -6.149493217468261719e+00 2.742395591735839844e+01
TCGA.SI.A71O.06 -8.629911422729492188e+00 -1.573263549804687500e+01 1.228735446929931641e+01 -1.659315490722656250e+01 6.064596652984619141e+00 -1.931405425071716309e+00 1.414988708496093750e+01 -2.179268074035644531e+01 -8.631623268127441406e+00 2.946068763732910156e+01
TCGA.SI.A71O.01 -6.916462898254394531e+00 2.830907583236694336e+00 1.613120460510253906e+01 -1.078845787048339844e+01 1.458992004394531250e+00 -9.912529587745666504e-01 4.260055065155029297e+00 5.770673274993896484e+00 7.258638858795166016e+00 2.675275993347167969e+01
TCGA.SI.A71P.01 1.347028136253356934e+00 -1.347199726104736328e+01 1.136297416687011719e+01 -2.031536293029785156e+01 3.128142595291137695e+00 -9.417784810066223145e-01 2.878663635253906250e+01 -2.867741203308105469e+01 -1.756343650817871094e+01 2.092607307434082031e+01
TCGA.SI.A71Q.01 6.322066307067871094e+00 1.191488981246948242e+00 2.567531585693359375e+01 1.500718021392822266e+01 6.057047367095947266e+00 3.465132951736450195e+00 -1.618961906433105469e+01 5.759415626525878906e+00 -1.269700241088867188e+01 3.566655158996582031e+00
TCGA.SI.AA8B.01 -9.552937507629394531e+00 5.028201580047607422e+00 1.448240089416503906e+01 -7.932133674621582031e+00 4.050935745239257812e+00 -4.816454052925109863e-01 -7.071191787719726562e+00 8.785374641418457031e+00 -1.434946358203887939e-01 2.947006034851074219e+01
TCGA.SI.AA8C.01 6.828886985778808594e+00 2.062067270278930664e+00 2.965229606628417969e+01 8.621941566467285156e+00 3.638071775436401367e+00 2.058333635330200195e+00 -8.826086997985839844e+00 9.155880928039550781e+00 -2.420674514770507812e+01 6.187871456146240234e+00
TCGA.UE.A6QT.01 1.236570072174072266e+01 -1.659890174865722656e+01 3.159988880157470703e+00 -2.440761566162109375e+01 1.177190780639648438e+00 -1.604370713233947754e+00 4.057236099243164062e+01 -3.285651016235351562e+01 -1.210718536376953125e+01 1.769231986999511719e+01
TCGA.UE.A6QU.01 4.272333621978759766e+00 -8.269496917724609375e+00 8.653781890869140625e+00 -2.647610473632812500e+01 3.083219766616821289e+00 -7.825443744659423828e-01 2.622553062438964844e+01 -1.376019668579101562e+01 -2.215068817138671875e+01 3.176584053039550781e+01
TCGA.VT.A80G.01 -7.702448844909667969e+00 3.813820362091064453e+00 1.632094192504882812e+01 -6.851572036743164062e+00 4.716117858886718750e+00 -3.396723747253417969e+00 -5.527495384216308594e+00 9.297834396362304688e+00 -1.054018020629882812e+01 3.109000205993652344e+01
TCGA.VT.A80J.01 -4.682511329650878906e+00 -1.021933937072753906e+01 7.422474861145019531e+00 -2.465721511840820312e+01 4.200426101684570312e+00 -1.528268933296203613e+00 2.968965721130371094e+01 -2.415994071960449219e+01 -1.521399307250976562e+01 3.232232666015625000e+01
TCGA.VT.A80J.02 -3.467581748962402344e+00 -5.629464149475097656e+00 4.005857944488525391e+00 -2.135960006713867188e+01 4.273396015167236328e+00 -1.401507019996643066e+00 2.172898674011230469e+01 5.371682167053222656e+00 -3.127161598205566406e+01 4.947380065917968750e+01
TCGA.VT.AB3D.01 7.284729957580566406e+00 -9.525371551513671875e+00 3.887321949005126953e+00 -3.033436775207519531e+01 3.663368701934814453e+00 -1.005365371704101562e+00 2.152171897888183594e+01 -2.399654197692871094e+01 -8.048191666603088379e-02 1.987397384643554688e+01
TCGA.WK.A8XO.01 -3.087198495864868164e+00 -7.517615795135498047e+00 1.099900054931640625e+01 -2.033378982543945312e+01 2.494957685470581055e+00 -6.551356613636016846e-02 4.298105239868164062e+01 -2.354279136657714844e+01 -3.593910217285156250e+01 1.788146591186523438e+01
TCGA.WK.A8XQ.01 9.964671134948730469e+00 3.199617862701416016e-01 2.645362281799316406e+01 2.365051507949829102e+00 5.253271102905273438e+00 1.939055562019348145e+00 1.404249072074890137e+00 -1.251426696777343750e+00 -3.448749542236328125e+01 1.328036975860595703e+01
TCGA.WK.A8XS.01 -4.417850494384765625e+00 -1.984906196594238281e+01 1.020368480682373047e+01 4.126212120056152344e+00 7.798424363136291504e-01 -2.686641693115234375e+00 8.278034210205078125e+00 6.457797050476074219e+00 -4.224696350097656250e+01 -2.528096389770507812e+01
TCGA.WK.A8XT.01 2.865839719772338867e+00 -2.923313856124877930e+00 1.192442893981933594e+01 1.215786552429199219e+01 2.224120855331420898e+00 3.136947393417358398e+00 -1.017303276062011719e+01 -2.114740371704101562e+01 -2.844377708435058594e+01 4.637969493865966797e+00
TCGA.WK.A8XX.01 3.502187490463256836e+00 -2.056237792968750000e+01 -1.841710805892944336e+00 -9.331189155578613281e+00 2.429088354110717773e-01 -2.003408670425415039e+00 4.197839736938476562e+01 -9.642183303833007812e+00 -3.288437652587890625e+01 -3.276266479492187500e+01
TCGA.WK.A8XY.01 3.418814897537231445e+00 -2.007825088500976562e+01 4.665000438690185547e+00 7.919629573822021484e+00 5.116466879844665527e-01 -4.138030529022216797e+00 2.902836418151855469e+01 1.336691856384277344e+01 -5.631138992309570312e+01 -3.285615539550781250e+01
TCGA.WK.A8XZ.01 -1.404693871736526489e-01 -2.548401832580566406e+01 4.574036598205566406e+00 -2.218138456344604492e+00 -2.453828752040863037e-01 -1.322648882865905762e+00 2.958889961242675781e+01 -1.137650489807128906e+01 -4.208341598510742188e+01 -3.947178649902343750e+01
TCGA.WK.A8Y0.01 -8.918848991394042969e+00 -6.053584575653076172e+00 7.908883571624755859e+00 -1.817091751098632812e+01 5.225759029388427734e+00 -3.188519716262817383e+00 5.401039123535156250e+00 -8.780875205993652344e+00 -2.093050575256347656e+01 3.334938812255859375e+01
TCGA.WP.A9GB.01 7.939273834228515625e+00 -1.563874149322509766e+01 1.181206512451171875e+01 1.623263740539550781e+01 1.309938430786132812e+00 -2.966444492340087891e+00 -9.134281158447265625e+00 -1.456931495666503906e+01 -2.775654602050781250e+01 -1.602151298522949219e+01
TCGA.X2.A95T.01 1.040200424194335938e+01 -1.828957557678222656e+01 1.356271839141845703e+01 7.826335906982421875e+00 1.252981781959533691e+00 -2.702353239059448242e+00 5.145152091979980469e+00 -2.833547019958496094e+01 -1.190467929840087891e+01 -1.407584095001220703e+01
TCGA.X6.A7W8.01 -4.719202041625976562e+00 1.110454797744750977e+00 3.206132650375366211e+00 -1.967766571044921875e+01 4.844692707061767578e+00 -1.292095899581909180e+00 4.664796829223632812e+00 4.245790481567382812e+00 -1.107010126113891602e+00 3.343535995483398438e+01
TCGA.X6.A7WA.01 3.704037070274353027e-01 -2.317396545410156250e+01 1.454989671707153320e+00 -7.705305099487304688e+00 -6.844233721494674683e-02 -1.664973258972167969e+00 4.359496688842773438e+01 -2.861180305480957031e+00 -3.381409072875976562e+01 -2.160607337951660156e+01
TCGA.X6.A7WB.01 1.052228331565856934e+00 -2.050487327575683594e+01 1.374386692047119141e+01 8.315686225891113281e+00 6.591562032699584961e-01 -2.542530298233032227e+00 2.637866735458374023e+00 -1.221167945861816406e+01 -3.900071334838867188e+01 -2.509797286987304688e+01
TCGA.X6.A7WC.01 -8.802251815795898438e+00 -3.292646169662475586e+00 1.461962032318115234e+01 -1.582924556732177734e+01 3.028607606887817383e+00 -1.933002769947052002e-01 -4.525481760501861572e-01 1.263719558715820312e+00 -1.374983501434326172e+01 3.463216781616210938e+01
TCGA.X6.A7WD.01 -8.981675148010253906e+00 -1.921115493774414062e+01 4.149974346160888672e+00 -4.301728248596191406e+00 1.136335611343383789e+00 -4.896029472351074219e+00 2.322755813598632812e+01 2.375100326538085938e+01 -2.540494346618652344e+01 -2.030718040466308594e+01
TCGA.X6.A8C2.01 -1.109121227264404297e+01 1.690152645111083984e+00 1.547058391571044922e+01 -1.308451461791992188e+01 4.142748832702636719e+00 -2.013922452926635742e+00 -1.045361638069152832e+00 1.482930946350097656e+01 -5.475950241088867188e+00 2.735774803161621094e+01
TCGA.X6.A8C3.01 -1.014106941223144531e+01 -8.398853302001953125e+00 1.884584188461303711e+00 -1.842115402221679688e+01 5.003666400909423828e+00 -3.614929199218750000e+00 2.194480323791503906e+01 -7.210025787353515625e+00 -1.141886138916015625e+01 3.810826873779296875e+01
TCGA.X6.A8C5.01 1.289957714080810547e+01 -2.140260887145996094e+01 1.789031267166137695e+00 -1.361519145965576172e+01 -1.991673558950424194e-02 -1.381942152976989746e+00 3.019478797912597656e+01 -1.721084403991699219e+01 -1.860660552978515625e+01 -2.204633903503417969e+01
TCGA.X6.A8C6.01 1.395395755767822266e+01 2.097154378890991211e+00 1.952770423889160156e+01 -1.708784866333007812e+01 3.922217130661010742e+00 -1.946950256824493408e-01 2.010458755493164062e+01 4.766030311584472656e+00 -4.615301609039306641e+00 1.295047569274902344e+01
TCGA.X6.A8C7.01 1.403229683637619019e-01 -3.753452062606811523e+00 1.296395874023437500e+01 1.035410308837890625e+01 3.005967855453491211e+00 2.725843191146850586e+00 4.983517825603485107e-01 -2.440076637268066406e+01 -2.229804801940917969e+01 8.077502250671386719e+00
TCGA.X9.A971.01 -1.028629207611083984e+01 -1.538687419891357422e+01 3.763263940811157227e+00 -9.685419201850891113e-01 7.011119723320007324e-01 -4.530360698699951172e+00 1.861890029907226562e+01 3.347836685180664062e+01 -4.353195571899414062e+01 -1.272952270507812500e+01
TCGA.X9.A973.01 5.158632755279541016e+00 -5.910930156707763672e+00 2.279342269897460938e+01 -7.877534866333007812e+00 3.896680593490600586e+00 -4.249199032783508301e-01 2.556263160705566406e+01 -9.005478858947753906e+00 -3.055880546569824219e+01 1.697191047668457031e+01
TCGA.Z4.A8JB.01 -6.275729179382324219e+00 -2.730730533599853516e+00 2.285202026367187500e+01 -4.582515716552734375e+00 1.581672549247741699e+00 3.098930716514587402e-01 1.112523460388183594e+01 -1.882923316955566406e+01 -1.167066287994384766e+01 9.783172607421875000e+00
TCGA.Z4.A9VC.01 2.305561256408691406e+01 2.249813079833984375e-01 1.941931533813476562e+01 2.843255281448364258e+00 3.898649454116821289e+00 5.414389446377754211e-02 9.112745285034179688e+00 -7.156454086303710938e+00 -2.917565727233886719e+01 1.049543190002441406e+01
TCGA.Z4.AAPF.01 -8.433286666870117188e+00 -4.847894668579101562e+00 9.256595611572265625e+00 5.816253662109375000e+00 2.134697437286376953e+00 3.154568910598754883e+00 -1.009835338592529297e+01 -1.353466796875000000e+01 -2.639077949523925781e+01 8.635482788085937500e+00
TCGA.Z4.AAPG.01 -1.148652935028076172e+01 3.845645427703857422e+00 6.023513317108154297e+00 -1.426894569396972656e+01 6.178789615631103516e+00 -1.151682496070861816e+00 3.886193037033081055e+00 8.308448791503906250e+00 -2.760246467590332031e+01 4.007004547119140625e+01
