TCGA.02.0003.01 -5.128049105405807495e-02 3.887331187725067139e-01 6.752855777740478516e-01 -8.540983796119689941e-01 1.761065572500228882e-01 -3.269533514976501465e-01 6.445510983467102051e-01 -2.689796388149261475e-01 -5.370226502418518066e-02 2.130937576293945312e-01
TCGA.02.0007.01 -5.537497252225875854e-02 3.858843743801116943e-01 6.313056349754333496e-01 -8.420965075492858887e-01 1.827960461378097534e-01 -3.333232402801513672e-01 6.367886662483215332e-01 -2.463758885860443115e-01 -5.716310441493988037e-02 2.178444564342498779e-01
TCGA.02.0009.01 -6.512916833162307739e-02 4.068749845027923584e-01 5.790229439735412598e-01 -8.296216726303100586e-01 1.917665749788284302e-01 -3.526017069816589355e-01 6.153836846351623535e-01 -2.077172398567199707e-01 -6.360729783773422241e-02 2.161464244127273560e-01
TCGA.02.0010.01 -4.178015142679214478e-02 3.724835813045501709e-01 7.405533194541931152e-01 -8.724675774574279785e-01 1.667368113994598389e-01 -3.087007701396942139e-01 6.679449081420898438e-01 -3.130082786083221436e-01 -4.688083380460739136e-02 2.134609520435333252e-01
TCGA.02.0011.01 -7.077489048242568970e-02 4.222323894500732422e-01 5.605756044387817383e-01 -8.258573412895202637e-01 1.956225484609603882e-01 -3.622840642929077148e-01 6.057937741279602051e-01 -1.902548968791961670e-01 -6.693920493125915527e-02 2.129338085651397705e-01
TCGA.02.0014.01 -6.015128642320632935e-02 3.999887406826019287e-01 6.141862869262695312e-01 -8.389046788215637207e-01 1.865489184856414795e-01 -3.432412743568420410e-01 6.269192099571228027e-01 -2.301583588123321533e-01 -5.999410152435302734e-02 2.153810560703277588e-01
TCGA.02.0021.01 -4.980526119470596313e-02 3.872719109058380127e-01 6.835846900939941406e-01 -8.556507229804992676e-01 1.743747740983963013e-01 -3.243043422698974609e-01 6.460912823677062988e-01 -2.748825848102569580e-01 -5.317622423171997070e-02 2.130772173404693604e-01
TCGA.02.0024.01 -5.655629187822341919e-02 4.047610163688659668e-01 6.650245189666748047e-01 -8.537142872810363770e-01 1.794551759958267212e-01 -3.348472416400909424e-01 6.389738321304321289e-01 -2.561208903789520264e-01 -5.733930319547653198e-02 2.098996043205261230e-01
TCGA.02.0027.01 -5.108784884214401245e-02 3.870120942592620850e-01 6.940889358520507812e-01 -8.632848858833312988e-01 1.763310283422470093e-01 -3.237067461013793945e-01 6.570851206779479980e-01 -2.793549001216888428e-01 -5.263829976320266724e-02 2.131131142377853394e-01
TCGA.02.0028.01 -3.802637010812759399e-02 3.614241778850555420e-01 7.598074674606323242e-01 -8.776709437370300293e-01 1.638424098491668701e-01 -3.004797697067260742e-01 6.781792044639587402e-01 -3.290848731994628906e-01 -4.417429864406585693e-02 2.153819948434829712e-01
TCGA.02.0033.01 -6.626702100038528442e-02 4.085435569286346436e-01 5.690253973007202148e-01 -8.262370228767395020e-01 1.928270012140274048e-01 -3.546603918075561523e-01 6.115111708641052246e-01 -2.016757130622863770e-01 -6.474501639604568481e-02 2.162850350141525269e-01
TCGA.02.0034.01 -7.679151743650436401e-02 4.332856237888336182e-01 5.159099698066711426e-01 -8.118371367454528809e-01 2.007802873849868774e-01 -3.741334676742553711e-01 5.866468548774719238e-01 -1.614599823951721191e-01 -7.164760679006576538e-02 2.125430107116699219e-01
TCGA.02.0038.01 -6.669539958238601685e-02 4.108773469924926758e-01 5.632685422897338867e-01 -8.232554793357849121e-01 1.926692873239517212e-01 -3.562777936458587646e-01 6.067377924919128418e-01 -1.975710391998291016e-01 -6.516221165657043457e-02 2.154407203197479248e-01
TCGA.02.0043.01 -4.895434528589248657e-02 3.811517655849456787e-01 6.806206703186035156e-01 -8.549515604972839355e-01 1.750379055738449097e-01 -3.229728043079376221e-01 6.483979821205139160e-01 -2.757098376750946045e-01 -5.225297063589096069e-02 2.151646167039871216e-01
TCGA.02.0047.01 -5.933993309736251831e-02 4.083855450153350830e-01 6.506558656692504883e-01 -8.512838482856750488e-01 1.827546656131744385e-01 -3.396486639976501465e-01 6.360473632812500000e-01 -2.461975514888763428e-01 -5.893627554178237915e-02 2.103353887796401978e-01
TCGA.02.0052.01 -6.857342272996902466e-02 4.144059717655181885e-01 5.585430860519409180e-01 -8.232074379920959473e-01 1.943382918834686279e-01 -3.587859869003295898e-01 6.063079237937927246e-01 -1.929746568202972412e-01 -6.612342596054077148e-02 2.148817181587219238e-01
TCGA.02.0054.01 -6.885045021772384644e-02 4.161387383937835693e-01 5.538793206214904785e-01 -8.209517002105712891e-01 1.942387968301773071e-01 -3.601500391960144043e-01 6.022404432296752930e-01 -1.900238394737243652e-01 -6.659261137247085571e-02 2.145988941192626953e-01
TCGA.02.0057.01 -6.145016103982925415e-02 3.992011845111846924e-01 5.928658246994018555e-01 -8.315610289573669434e-01 1.883994191884994507e-01 -3.463228940963745117e-01 6.198245882987976074e-01 -2.191515266895294189e-01 -6.148619949817657471e-02 2.169294655323028564e-01
TCGA.02.0058.01 -3.864266723394393921e-02 3.631462752819061279e-01 7.424461841583251953e-01 -8.703781962394714355e-01 1.644930988550186157e-01 -3.038167655467987061e-01 6.684857010841369629e-01 -3.193685710430145264e-01 -4.541390389204025269e-02 2.159579098224639893e-01
TCGA.02.0060.01 -7.023205608129501343e-02 4.152410626411437988e-01 5.515518188476562500e-01 -8.230636715888977051e-01 1.965229660272598267e-01 -3.608138859272003174e-01 6.072234511375427246e-01 -1.884300112724304199e-01 -6.701926141977310181e-02 2.156075686216354370e-01
TCGA.02.0064.01 -7.383484393358230591e-02 4.231685101985931396e-01 5.340489745140075684e-01 -8.187285065650939941e-01 1.995755136013031006e-01 -3.673896789550781250e-01 5.997710824012756348e-01 -1.751372814178466797e-01 -6.932177394628524780e-02 2.146168947219848633e-01
TCGA.02.0069.01 -7.331555336713790894e-02 4.361387491226196289e-01 5.771540403366088867e-01 -8.334223628044128418e-01 1.952368170022964478e-01 -3.641724586486816406e-01 6.091028451919555664e-01 -1.930470913648605347e-01 -6.819158047437667847e-02 2.081424146890640259e-01
TCGA.02.0071.01 -6.105708330869674683e-02 4.000607430934906006e-01 5.945541858673095703e-01 -8.311820626258850098e-01 1.875212043523788452e-01 -3.463947176933288574e-01 6.181465983390808105e-01 -2.195399105548858643e-01 -6.105633825063705444e-02 2.160414606332778931e-01
TCGA.02.0074.01 -6.992862373590469360e-02 4.175563454627990723e-01 5.467786788940429688e-01 -8.190741539001464844e-01 1.953026354312896729e-01 -3.621413111686706543e-01 5.999791026115417480e-01 -1.852260529994964600e-01 -6.711862981319427490e-02 2.144973725080490112e-01
TCGA.02.0075.01 -7.719380408525466919e-02 4.324049055576324463e-01 5.209425687789916992e-01 -8.154693841934204102e-01 2.016556710004806519e-01 -3.733460307121276855e-01 5.925621390342712402e-01 -1.639471203088760376e-01 -7.153953611850738525e-02 2.128710597753524780e-01
TCGA.02.0080.01 -3.926085680723190308e-02 3.644616305828094482e-01 7.510059475898742676e-01 -8.751532435417175293e-01 1.649918407201766968e-01 -3.033879697322845459e-01 6.739025712013244629e-01 -3.230342566967010498e-01 -4.526615142822265625e-02 2.153957486152648926e-01
TCGA.02.0083.01 -5.420448631048202515e-02 3.955896198749542236e-01 6.584855914115905762e-01 -8.495594859123229980e-01 1.786905974149703979e-01 -3.325038850307464600e-01 6.370747089385986328e-01 -2.572442293167114258e-01 -5.627067387104034424e-02 2.129154056310653687e-01
TCGA.02.0085.01 -5.608012527227401733e-02 3.890842497348785400e-01 6.199589967727661133e-01 -8.372880816459655762e-01 1.831749230623245239e-01 -3.366070091724395752e-01 6.288721561431884766e-01 -2.390474528074264526e-01 -5.810350179672241211e-02 2.175190001726150513e-01
TCGA.02.0086.01 -4.189725965261459351e-02 3.643477857112884521e-01 7.057295441627502441e-01 -8.588770031929016113e-01 1.690036505460739136e-01 -3.106665015220642090e-01 6.575554013252258301e-01 -2.984147369861602783e-01 -4.802513122558593750e-02 2.180042117834091187e-01
TCGA.02.0089.01 -4.255475848913192749e-02 3.729031383991241455e-01 7.272021770477294922e-01 -8.674358725547790527e-01 1.677398979663848877e-01 -3.111004829406738281e-01 6.624011993408203125e-01 -3.054524362087249756e-01 -4.760721325874328613e-02 2.138533890247344971e-01
TCGA.02.0099.01 -5.844619125127792358e-02 3.960599899291992188e-01 6.017860770225524902e-01 -8.311129212379455566e-01 1.849510818719863892e-01 -3.430543839931488037e-01 6.177452206611633301e-01 -2.261001169681549072e-01 -5.980902910232543945e-02 2.165748775005340576e-01
TCGA.02.0102.01 -5.943446606397628784e-02 3.943941295146942139e-01 5.950225591659545898e-01 -8.304879665374755859e-01 1.867559850215911865e-01 -3.436114788055419922e-01 6.197064518928527832e-01 -2.229115366935729980e-01 -6.050230562686920166e-02 2.179263830184936523e-01
TCGA.02.0107.01 -7.176779955625534058e-02 4.207119643688201904e-01 5.493979454040527344e-01 -8.228932619094848633e-01 1.972143650054931641e-01 -3.634914159774780273e-01 6.046705245971679688e-01 -1.847160160541534424e-01 -6.790054589509963989e-02 2.141681015491485596e-01
TCGA.02.0113.01 -6.208878010511398315e-02 4.007946550846099854e-01 6.073387265205383301e-01 -8.386093974113464355e-01 1.885538548231124878e-01 -3.445504605770111084e-01 6.288570761680603027e-01 -2.255505472421646118e-01 -6.116290390491485596e-02 2.156956940889358521e-01
TCGA.02.0114.01 -4.769700020551681519e-02 3.821299970149993896e-01 7.154828310012817383e-01 -8.686106204986572266e-01 1.728956550359725952e-01 -3.177925348281860352e-01 6.633315682411193848e-01 -2.936390936374664307e-01 -5.031155049800872803e-02 2.129092216491699219e-01
TCGA.02.0115.01 -5.794883519411087036e-02 3.915403187274932861e-01 6.029269695281982422e-01 -8.323940634727478027e-01 1.855171918869018555e-01 -3.408709168434143066e-01 6.226128339767456055e-01 -2.287952601909637451e-01 -5.957075208425521851e-02 2.183198630809783936e-01
TCGA.02.0116.01 -5.839867144823074341e-02 3.931255042552947998e-01 6.089656352996826172e-01 -8.356192111968994141e-01 1.857657879590988159e-01 -3.412221074104309082e-01 6.257058978080749512e-01 -2.305656522512435913e-01 -5.905468761920928955e-02 2.173088490962982178e-01
TCGA.02.2466.01 -7.782039791345596313e-02 4.387532174587249756e-01 5.215507149696350098e-01 -8.141420483589172363e-01 2.006527781486511230e-01 -3.752987980842590332e-01 5.869302153587341309e-01 -1.617355197668075562e-01 -7.167921960353851318e-02 2.102981656789779663e-01
TCGA.02.2470.01 -6.874809414148330688e-02 4.168098568916320801e-01 5.480326414108276367e-01 -8.175509572029113770e-01 1.938663870096206665e-01 -3.605735599994659424e-01 5.977212190628051758e-01 -1.873625814914703369e-01 -6.734419614076614380e-02 2.147978693246841431e-01
TCGA.02.2483.01 -4.709301143884658813e-02 3.811241090297698975e-01 7.114700078964233398e-01 -8.659337162971496582e-01 1.722764819860458374e-01 -3.175826072692871094e-01 6.599866151809692383e-01 -2.926581799983978271e-01 -5.056088417768478394e-02 2.135191112756729126e-01
TCGA.02.2485.01 -4.770860821008682251e-02 3.767924308776855469e-01 6.935511231422424316e-01 -8.602245450019836426e-01 1.743536889553070068e-01 -3.194505572319030762e-01 6.566337347030639648e-01 -2.842549383640289307e-01 -5.068819969892501831e-02 2.156617343425750732e-01
TCGA.02.2486.01 -6.095870584249496460e-02 3.977731168270111084e-01 5.970108509063720703e-01 -8.332902789115905762e-01 1.881926357746124268e-01 -3.453935980796813965e-01 6.221589446067810059e-01 -2.218735218048095703e-01 -6.086158007383346558e-02 2.171802669763565063e-01
TCGA.06.0122.01 -4.822248965501785278e-02 3.747728168964385986e-01 6.802786588668823242e-01 -8.558744788169860840e-01 1.757093966007232666e-01 -3.209515511989593506e-01 6.530150771141052246e-01 -2.782036364078521729e-01 -5.133169889450073242e-02 2.174218147993087769e-01
TCGA.06.0124.01 -5.731628090143203735e-02 3.920006453990936279e-01 6.075043678283691406e-01 -8.330305218696594238e-01 1.844417899847030640e-01 -3.400717973709106445e-01 6.224239468574523926e-01 -2.312211096286773682e-01 -5.923832952976226807e-02 2.176358699798583984e-01
TCGA.06.0125.01 -4.324177652597427368e-02 3.745666444301605225e-01 7.142314910888671875e-01 -8.619449734687805176e-01 1.682310700416564941e-01 -3.130579888820648193e-01 6.553628444671630859e-01 -2.987149953842163086e-01 -4.923710227012634277e-02 2.146085053682327271e-01
TCGA.06.0126.01 -6.477566808462142944e-02 4.066140949726104736e-01 5.784553289413452148e-01 -8.282477259635925293e-01 1.910041719675064087e-01 -3.519510626792907715e-01 6.140965819358825684e-01 -2.075913101434707642e-01 -6.364132463932037354e-02 2.157298326492309570e-01
TCGA.06.0128.01 -4.050322622060775757e-02 3.680403530597686768e-01 7.424941658973693848e-01 -8.723105788230895996e-01 1.659912019968032837e-01 -3.063499629497528076e-01 6.696134209632873535e-01 -3.163439929485321045e-01 -4.612921178340911865e-02 2.145661562681198120e-01
TCGA.06.0129.01 -6.097980588674545288e-02 4.044615328311920166e-01 6.136276721954345703e-01 -8.387162089347839355e-01 1.865245252847671509e-01 -3.449151515960693359e-01 6.240749955177307129e-01 -2.284079790115356445e-01 -6.092423200607299805e-02 2.144546061754226685e-01
TCGA.06.0130.01 -7.557817548513412476e-02 4.266722202301025391e-01 5.230231285095214844e-01 -8.155482411384582520e-01 2.009462863206863403e-01 -3.704493045806884766e-01 5.952409505844116211e-01 -1.678368002176284790e-01 -7.087212800979614258e-02 2.144873589277267456e-01
TCGA.06.0133.01 -6.528637558221817017e-02 4.113954603672027588e-01 5.790549516677856445e-01 -8.281055688858032227e-01 1.906274706125259399e-01 -3.540883660316467285e-01 6.101370453834533691e-01 -2.060769796371459961e-01 -6.386419385671615601e-02 2.143175452947616577e-01
TCGA.06.0137.01 -5.576016753911972046e-02 3.928080499172210693e-01 6.339690685272216797e-01 -8.421244621276855469e-01 1.819014549255371094e-01 -3.361017704010009766e-01 6.314137578010559082e-01 -2.448865771293640137e-01 -5.745540559291839600e-02 2.155190706253051758e-01
TCGA.06.0139.01 -7.374250143766403198e-02 4.247924983501434326e-01 5.309837460517883301e-01 -8.164513111114501953e-01 1.989060193300247192e-01 -3.679087162017822266e-01 5.957261323928833008e-01 -1.735243499279022217e-01 -6.994833797216415405e-02 2.143437117338180542e-01
TCGA.06.0140.01 -5.307383090257644653e-02 3.826765716075897217e-01 6.359916925430297852e-01 -8.416197896003723145e-01 1.807767897844314575e-01 -3.312945365905761719e-01 6.352470517158508301e-01 -2.510445713996887207e-01 -5.593582987785339355e-02 2.184659689664840698e-01
TCGA.06.0141.01 -6.391825526952743530e-02 4.069885015487670898e-01 5.778520107269287109e-01 -8.264048695564270020e-01 1.899175643920898438e-01 -3.517000675201416016e-01 6.102605462074279785e-01 -2.081763446331024170e-01 -6.384549289941787720e-02 2.159229815006256104e-01
TCGA.06.0142.01 -6.430525332689285278e-02 4.047042727470397949e-01 5.752130150794982910e-01 -8.266948461532592773e-01 1.909931451082229614e-01 -3.516796827316284180e-01 6.128928661346435547e-01 -2.069636136293411255e-01 -6.355465203523635864e-02 2.165963351726531982e-01
TCGA.06.0143.01 -8.015703409910202026e-02 4.391870200634002686e-01 5.039180517196655273e-01 -8.103508353233337402e-01 2.038385719060897827e-01 -3.790891766548156738e-01 5.842241048812866211e-01 -1.516218483448028564e-01 -7.339908182621002197e-02 2.118145972490310669e-01
TCGA.06.0145.01 -3.891255706548690796e-02 3.609298169612884521e-01 7.366442084312438965e-01 -8.688469529151916504e-01 1.655420511960983276e-01 -3.042380809783935547e-01 6.687951683998107910e-01 -3.166501820087432861e-01 -4.522925615310668945e-02 2.167125195264816284e-01
TCGA.06.0147.01 -5.612540990114212036e-02 3.929322063922882080e-01 6.376649737358093262e-01 -8.445066809654235840e-01 1.823365241289138794e-01 -3.356109857559204102e-01 6.347889304161071777e-01 -2.467469274997711182e-01 -5.757371336221694946e-02 2.156130075454711914e-01
TCGA.06.0155.01 -7.331167906522750854e-02 4.221254289150238037e-01 5.389841198921203613e-01 -8.202534317970275879e-01 1.990018635988235474e-01 -3.661311864852905273e-01 6.020951867103576660e-01 -1.779435873031616211e-01 -6.867332011461257935e-02 2.142948806285858154e-01
TCGA.06.0169.01 -7.338512688875198364e-02 4.254194796085357666e-01 5.330150723457336426e-01 -8.167617917060852051e-01 1.983894407749176025e-01 -3.680279850959777832e-01 5.946744084358215332e-01 -1.746146678924560547e-01 -6.965686380863189697e-02 2.141315639019012451e-01
TCGA.06.0875.01 -8.187931030988693237e-02 4.458046853542327881e-01 4.896488487720489502e-01 -8.041934370994567871e-01 2.042503803968429565e-01 -3.836742341518402100e-01 5.728633403778076172e-01 -1.419659107923507690e-01 -7.493537664413452148e-02 2.106309980154037476e-01
TCGA.06.0876.01 -5.611025542020797729e-02 3.909581601619720459e-01 6.219437718391418457e-01 -8.377852439880371094e-01 1.829380840063095093e-01 -3.372837305068969727e-01 6.278575658798217773e-01 -2.392784059047698975e-01 -5.799723416566848755e-02 2.168084532022476196e-01
TCGA.06.0877.01 -5.348781496286392212e-02 3.800953924655914307e-01 6.291862130165100098e-01 -8.401800990104675293e-01 1.820071041584014893e-01 -3.316013216972351074e-01 6.358508467674255371e-01 -2.481931000947952271e-01 -5.598750710487365723e-02 2.196997553110122681e-01
TCGA.06.0878.01 -7.643649727106094360e-02 4.333277046680450439e-01 5.184203386306762695e-01 -8.121197819709777832e-01 2.000105232000350952e-01 -3.736992478370666504e-01 5.864561200141906738e-01 -1.626161187887191772e-01 -7.115459442138671875e-02 2.118965834379196167e-01
TCGA.06.0879.01 -5.921734124422073364e-02 3.986406624317169189e-01 6.155828237533569336e-01 -8.377103209495544434e-01 1.851432919502258301e-01 -3.416271507740020752e-01 6.260488629341125488e-01 -2.317774295806884766e-01 -5.978681147098541260e-02 2.150667160749435425e-01
TCGA.06.0881.01 -7.625352591276168823e-02 4.295941293239593506e-01 5.218716263771057129e-01 -8.151102662086486816e-01 2.011059969663619995e-01 -3.717511594295501709e-01 5.933710932731628418e-01 -1.659372746944427490e-01 -7.126188278198242188e-02 2.136268168687820435e-01
TCGA.06.0882.01 -6.836151331663131714e-02 4.145089387893676758e-01 5.500736236572265625e-01 -8.186452388763427734e-01 1.939304023981094360e-01 -3.594449162483215332e-01 6.005055308341979980e-01 -1.891833692789077759e-01 -6.688626855611801147e-02 2.153074294328689575e-01
TCGA.06.0939.01 -6.116137653589248657e-02 3.991155326366424561e-01 5.898290276527404785e-01 -8.295593857765197754e-01 1.879129409790039062e-01 -3.465681076049804688e-01 6.169561743736267090e-01 -2.178045213222503662e-01 -6.160683929920196533e-02 2.169577926397323608e-01
TCGA.06.1084.01 -5.706345289945602417e-02 3.912316858768463135e-01 6.053630709648132324e-01 -8.317329287528991699e-01 1.841468065977096558e-01 -3.399339318275451660e-01 6.211006045341491699e-01 -2.304920256137847900e-01 -5.925708264112472534e-02 2.178348898887634277e-01
TCGA.06.1086.01 -7.402928918600082397e-02 4.301798045635223389e-01 5.351178646087646484e-01 -8.165662884712219238e-01 1.975470036268234253e-01 -3.687573969364166260e-01 5.925429463386535645e-01 -1.735689342021942139e-01 -6.998535245656967163e-02 2.118768393993377686e-01
TCGA.06.1087.01 -6.088388711214065552e-02 4.105325639247894287e-01 6.489346027374267578e-01 -8.524839282035827637e-01 1.842327266931533813e-01 -3.411537408828735352e-01 6.379768848419189453e-01 -2.434993237257003784e-01 -5.946318060159683228e-02 2.098681181669235229e-01
TCGA.06.1800.01 -7.719864696264266968e-02 4.331170022487640381e-01 5.094399452209472656e-01 -8.093122839927673340e-01 2.012382596731185913e-01 -3.747043907642364502e-01 5.846214294433593750e-01 -1.580853760242462158e-01 -7.227279990911483765e-02 2.128446400165557861e-01
TCGA.06.1801.01 -7.352808862924575806e-02 4.247877001762390137e-01 5.313601493835449219e-01 -8.161030411720275879e-01 1.985197365283966064e-01 -3.681277334690093994e-01 5.947135090827941895e-01 -1.734292209148406982e-01 -6.942810118198394775e-02 2.138892114162445068e-01
TCGA.06.1802.01 -6.083511561155319214e-02 4.071335494518280029e-01 6.210429668426513672e-01 -8.407066464424133301e-01 1.853493005037307739e-01 -3.447156846523284912e-01 6.246818304061889648e-01 -2.306893467903137207e-01 -6.025745719671249390e-02 2.123520970344543457e-01
TCGA.06.1805.01 -5.315177887678146362e-02 3.881711065769195557e-01 6.633912324905395508e-01 -8.526832461357116699e-01 1.793616861104965210e-01 -3.294034004211425781e-01 6.449807286262512207e-01 -2.627973258495330811e-01 -5.497691780328750610e-02 2.152561098337173462e-01
TCGA.06.2557.01 -6.164862960577011108e-02 4.069277346134185791e-01 6.078708171844482422e-01 -8.363292813301086426e-01 1.866500824689865112e-01 -3.469935655593872070e-01 6.198452711105346680e-01 -2.239891886711120605e-01 -6.126055866479873657e-02 2.135867774486541748e-01
TCGA.06.2558.01 -6.267536431550979614e-02 4.105941057205200195e-01 6.008657813072204590e-01 -8.330741524696350098e-01 1.868701726198196411e-01 -3.485054969787597656e-01 6.153234839439392090e-01 -2.190321832895278931e-01 -6.266144663095474243e-02 2.127959728240966797e-01
TCGA.06.2559.01 -8.316626399755477905e-02 4.442030489444732666e-01 4.873181879520416260e-01 -8.060007691383361816e-01 2.064395695924758911e-01 -3.839944005012512207e-01 5.787301659584045410e-01 -1.398908942937850952e-01 -7.513369619846343994e-02 2.111592292785644531e-01
TCGA.06.2561.01 -6.580189615488052368e-02 4.103932976722717285e-01 5.742297172546386719e-01 -8.268914818763732910e-01 1.914594620466232300e-01 -3.540523052215576172e-01 6.107440590858459473e-01 -2.038736790418624878e-01 -6.456075608730316162e-02 2.150219082832336426e-01
TCGA.06.2562.01 -4.552949219942092896e-02 3.703912794589996338e-01 6.856349706649780273e-01 -8.543950319290161133e-01 1.728056818246841431e-01 -3.171569108963012695e-01 6.518779993057250977e-01 -2.838917970657348633e-01 -5.020932108163833618e-02 2.176684588193893433e-01
TCGA.06.2563.01 -5.083007365465164185e-02 3.787674307823181152e-01 6.391252875328063965e-01 -8.405250906944274902e-01 1.787210851907730103e-01 -3.291622400283813477e-01 6.336630582809448242e-01 -2.548183798789978027e-01 -5.453236401081085205e-02 2.189468145370483398e-01
TCGA.06.2564.01 -7.534427195787429810e-02 4.320037066936492920e-01 5.189599990844726562e-01 -8.109515905380249023e-01 1.989550590515136719e-01 -3.726688623428344727e-01 5.845878720283508301e-01 -1.642935276031494141e-01 -7.101373374462127686e-02 2.123809903860092163e-01
TCGA.06.2565.01 -4.034898430109024048e-02 3.668871223926544189e-01 7.380495071411132812e-01 -8.702446818351745605e-01 1.660732626914978027e-01 -3.067195415496826172e-01 6.679067015647888184e-01 -3.140833079814910889e-01 -4.585717618465423584e-02 2.146495282649993896e-01
TCGA.06.2566.01 -5.591099709272384644e-02 3.981035053730010986e-01 6.539601683616638184e-01 -8.500308394432067871e-01 1.806365698575973511e-01 -3.348583579063415527e-01 6.377158761024475098e-01 -2.531702220439910889e-01 -5.700457841157913208e-02 2.128432542085647583e-01
TCGA.06.2567.01 -7.602115720510482788e-02 4.321803450584411621e-01 5.242812633514404297e-01 -8.145605325698852539e-01 1.998702138662338257e-01 -3.721448183059692383e-01 5.904471278190612793e-01 -1.661767959594726562e-01 -7.089886069297790527e-02 2.120721638202667236e-01
TCGA.06.2569.01 -7.918310910463333130e-02 4.314055442810058594e-01 5.121493935585021973e-01 -8.153752684593200684e-01 2.045659571886062622e-01 -3.753162026405334473e-01 5.955412387847900391e-01 -1.581586301326751709e-01 -7.196206599473953247e-02 2.136761397123336792e-01
TCGA.06.2570.01 -5.640331655740737915e-02 3.920705020427703857e-01 6.204420328140258789e-01 -8.375322222709655762e-01 1.832333952188491821e-01 -3.381410539150238037e-01 6.266538500785827637e-01 -2.381990402936935425e-01 -5.827341973781585693e-02 2.169369757175445557e-01
TCGA.12.0670.01 -5.089414864778518677e-02 3.828308880329132080e-01 6.593816280364990234e-01 -8.484563827514648438e-01 1.776590198278427124e-01 -3.274184167385101318e-01 6.409226655960083008e-01 -2.637812197208404541e-01 -5.411094427108764648e-02 2.166568189859390259e-01
TCGA.12.0820.01 -8.023755997419357300e-02 4.385466277599334717e-01 4.996649026870727539e-01 -8.087509870529174805e-01 2.040894031524658203e-01 -3.792752027511596680e-01 5.829941630363464355e-01 -1.498444676399230957e-01 -7.383970916271209717e-02 2.123622596263885498e-01
TCGA.12.0821.01 -9.270646423101425171e-02 4.642194807529449463e-01 4.434391558170318604e-01 -7.954089045524597168e-01 2.140031754970550537e-01 -4.000465273857116699e-01 5.609075427055358887e-01 -1.067528054118156433e-01 -8.064138889312744141e-02 2.084074765443801880e-01
TCGA.12.0822.01 -6.759908050298690796e-02 4.139929115772247314e-01 5.552244186401367188e-01 -8.199255466461181641e-01 1.930288523435592651e-01 -3.584048151969909668e-01 6.013500690460205078e-01 -1.923971772193908691e-01 -6.637726724147796631e-02 2.151483446359634399e-01
TCGA.12.0826.01 -6.789054721593856812e-02 4.188693463802337646e-01 5.719299912452697754e-01 -8.267265558242797852e-01 1.922128051519393921e-01 -3.578492403030395508e-01 6.065031290054321289e-01 -1.990070939064025879e-01 -6.585600972175598145e-02 2.128448188304901123e-01
TCGA.12.0827.01 -6.232348829507827759e-02 4.006047546863555908e-01 5.970952510833740234e-01 -8.349488377571105957e-01 1.894266456365585327e-01 -3.466499447822570801e-01 6.236583590507507324e-01 -2.206568866968154907e-01 -6.172869354486465454e-02 2.169612050056457520e-01
TCGA.12.0828.01 -6.192220002412796021e-02 4.071108996868133545e-01 6.044166088104248047e-01 -8.349474668502807617e-01 1.868520528078079224e-01 -3.474358320236206055e-01 6.185528635978698730e-01 -2.220103740692138672e-01 -6.155100464820861816e-02 2.135867923498153687e-01
TCGA.12.0829.01 -6.683053821325302124e-02 4.168208241462707520e-01 5.795571804046630859e-01 -8.291236758232116699e-01 1.913523524999618530e-01 -3.558682799339294434e-01 6.097514033317565918e-01 -2.039519846439361572e-01 -6.493906676769256592e-02 2.129160910844802856e-01
TCGA.12.1088.01 -8.551798015832901001e-02 4.505308568477630615e-01 4.751632213592529297e-01 -8.025771379470825195e-01 2.081275433301925659e-01 -3.885108530521392822e-01 5.719830393791198730e-01 -1.311956346035003662e-01 -7.709189504384994507e-02 2.106731832027435303e-01
TCGA.12.1089.01 -6.314232200384140015e-02 4.046539962291717529e-01 5.761682987213134766e-01 -8.249314427375793457e-01 1.892369836568832397e-01 -3.513494729995727539e-01 6.088775396347045898e-01 -2.078440785408020020e-01 -6.289516389369964600e-02 2.159231454133987427e-01
TCGA.12.1090.01 -7.124125212430953979e-02 4.194747507572174072e-01 5.379456281661987305e-01 -8.165834546089172363e-01 1.966845095157623291e-01 -3.639967441558837891e-01 5.974195599555969238e-01 -1.798813641071319580e-01 -6.852851063013076782e-02 2.148792296648025513e-01
TCGA.12.1091.01 -7.634910196065902710e-02 4.358363449573516846e-01 5.293571352958679199e-01 -8.159589767456054688e-01 1.992688030004501343e-01 -3.722561597824096680e-01 5.903716683387756348e-01 -1.674298495054244995e-01 -7.104945182800292969e-02 2.105527669191360474e-01
TCGA.12.1092.01 -7.201685756444931030e-02 4.248791933059692383e-01 5.381255149841308594e-01 -8.160685896873474121e-01 1.962722241878509521e-01 -3.660208880901336670e-01 5.934110283851623535e-01 -1.778447031974792480e-01 -6.894557178020477295e-02 2.130742073059082031e-01
TCGA.12.1093.01 -6.429485231637954712e-02 4.058351218700408936e-01 5.746989250183105469e-01 -8.259884715080261230e-01 1.907501965761184692e-01 -3.520632684230804443e-01 6.111057400703430176e-01 -2.064922153949737549e-01 -6.380527466535568237e-02 2.163464874029159546e-01
TCGA.12.1094.01 -5.430798977613449097e-02 3.866015374660491943e-01 6.153588294982910156e-01 -8.329632282257080078e-01 1.815644353628158569e-01 -3.359568119049072266e-01 6.228055953979492188e-01 -2.386290580034255981e-01 -5.767873674631118774e-02 2.183359861373901367e-01
TCGA.12.1095.01 -7.385421544313430786e-02 4.251506626605987549e-01 5.324249267578125000e-01 -8.172850012779235840e-01 1.989806741476058960e-01 -3.680231571197509766e-01 5.965482592582702637e-01 -1.739335656166076660e-01 -6.975504755973815918e-02 2.141014039516448975e-01
TCGA.12.1096.01 -7.008067518472671509e-02 4.172652661800384521e-01 5.505852699279785156e-01 -8.212628960609436035e-01 1.956147402524948120e-01 -3.614993393421173096e-01 6.033201813697814941e-01 -1.871589124202728271e-01 -6.705445051193237305e-02 2.145551741123199463e-01
TCGA.12.1097.01 -6.307814270257949829e-02 4.039237797260284424e-01 5.852240920066833496e-01 -8.294466137886047363e-01 1.894988566637039185e-01 -3.497540950775146484e-01 6.152237057685852051e-01 -2.128636240959167480e-01 -6.260117888450622559e-02 2.161090970039367676e-01
TCGA.12.1098.01 -3.096430562436580658e-02 3.401977121829986572e-01 7.486726641654968262e-01 -8.660679459571838379e-01 1.592144519090652466e-01 -2.917254865169525146e-01 6.717166304588317871e-01 -3.347704410552978516e-01 -4.081842303276062012e-02 2.211365848779678345e-01
TCGA.12.1099.01 -5.871645361185073853e-02 4.021925032138824463e-01 6.378123164176940918e-01 -8.463893532752990723e-01 1.836963295936584473e-01 -3.398512303829193115e-01 6.330680847167968750e-01 -2.421227395534515381e-01 -5.877269059419631958e-02 2.130631655454635620e-01
TCGA.12.1597.01 -4.185479134321212769e-02 3.601112067699432373e-01 6.945655345916748047e-01 -8.554244637489318848e-01 1.702760308980941772e-01 -3.111745119094848633e-01 6.560902595520019531e-01 -2.941358387470245361e-01 -4.782529175281524658e-02 2.200773805379867554e-01
TCGA.12.1598.01 -6.757438927888870239e-02 4.181722104549407959e-01 5.757465958595275879e-01 -8.283345699310302734e-01 1.920692771673202515e-01 -3.573561310768127441e-01 6.083447933197021484e-01 -2.010897994041442871e-01 -6.525252759456634521e-02 2.127769738435745239e-01
TCGA.12.1599.01 -7.087107747793197632e-02 4.185651242733001709e-01 5.425169467926025391e-01 -8.186424374580383301e-01 1.965012997388839722e-01 -3.631176352500915527e-01 6.000221371650695801e-01 -1.827356815338134766e-01 -6.812182068824768066e-02 2.150773257017135620e-01
TCGA.12.1600.01 -5.928596109151840210e-02 3.950144052505493164e-01 6.025248765945434570e-01 -8.336101770401000977e-01 1.865224391222000122e-01 -3.428763747215270996e-01 6.228122115135192871e-01 -2.265980541706085205e-01 -6.010402739048004150e-02 2.174865603446960449e-01
TCGA.12.1602.01 -5.577255040407180786e-02 3.906396329402923584e-01 6.321998238563537598e-01 -8.420752882957458496e-01 1.825456023216247559e-01 -3.358524739742279053e-01 6.330355405807495117e-01 -2.443901002407073975e-01 -5.705164372920989990e-02 2.161158770322799683e-01
TCGA.12.3644.01 -7.297084480524063110e-02 4.249216616153717041e-01 5.431438088417053223e-01 -8.203727602958679199e-01 1.975587606430053711e-01 -3.661052584648132324e-01 5.998665094375610352e-01 -1.792949885129928589e-01 -6.857997924089431763e-02 2.128379642963409424e-01
TCGA.12.3646.01 -4.664076119661331177e-02 3.775361180305480957e-01 7.152535915374755859e-01 -8.678244948387145996e-01 1.722907871007919312e-01 -3.159987330436706543e-01 6.644393801689147949e-01 -2.954497337341308594e-01 -4.947391897439956665e-02 2.138736546039581299e-01
TCGA.12.3648.01 -5.551121383905410767e-02 3.887786567211151123e-01 6.343613862991333008e-01 -8.434065580368041992e-01 1.827118247747421265e-01 -3.347070217132568359e-01 6.356307864189147949e-01 -2.467344701290130615e-01 -5.704762786626815796e-02 2.170933485031127930e-01
TCGA.12.3649.01 -5.275293439626693726e-02 3.869228661060333252e-01 6.520828604698181152e-01 -8.469609618186950684e-01 1.791200339794158936e-01 -3.303500413894653320e-01 6.384754776954650879e-01 -2.576406002044677734e-01 -5.531035363674163818e-02 2.158882021903991699e-01
TCGA.12.3650.01 -6.090592592954635620e-02 4.026507437229156494e-01 5.961225032806396484e-01 -8.309484124183654785e-01 1.867177635431289673e-01 -3.472243547439575195e-01 6.150634288787841797e-01 -2.197062522172927856e-01 -6.107150763273239136e-02 2.152261286973953247e-01
TCGA.12.3651.01 -6.351109594106674194e-02 4.088086783885955811e-01 5.829626321792602539e-01 -8.269675374031066895e-01 1.885891407728195190e-01 -3.514642119407653809e-01 6.093094944953918457e-01 -2.097260057926177979e-01 -6.308090686798095703e-02 2.140905112028121948e-01
TCGA.12.3652.01 -6.202996522188186646e-02 4.151866137981414795e-01 6.405727863311767578e-01 -8.498157858848571777e-01 1.850159913301467896e-01 -3.451317846775054932e-01 6.313122510910034180e-01 -2.371025830507278442e-01 -6.006260216236114502e-02 2.091889232397079468e-01
TCGA.12.3653.01 -7.282354682683944702e-02 4.233671724796295166e-01 5.404649376869201660e-01 -8.201877474784851074e-01 1.981653571128845215e-01 -3.667510449886322021e-01 5.993297100067138672e-01 -1.787510067224502563e-01 -6.839510053396224976e-02 2.141224294900894165e-01
TCGA.14.0736.01 -6.307645887136459351e-02 4.149430096149444580e-01 6.259933710098266602e-01 -8.443086743354797363e-01 1.862141042947769165e-01 -3.466575741767883301e-01 6.268504261970520020e-01 -2.295097112655639648e-01 -6.150556355714797974e-02 2.100024819374084473e-01
TCGA.14.0783.01 -6.353311985731124878e-02 4.049375951290130615e-01 5.876746177673339844e-01 -8.310081362724304199e-01 1.899351924657821655e-01 -3.497928977012634277e-01 6.172533035278320312e-01 -2.135009318590164185e-01 -6.271558254957199097e-02 2.157662659883499146e-01
TCGA.14.0786.01 -6.607875972986221313e-02 4.075170457363128662e-01 5.690413713455200195e-01 -8.261246085166931152e-01 1.927579194307327271e-01 -3.540243506431579590e-01 6.121825575828552246e-01 -2.021789997816085815e-01 -6.472291797399520874e-02 2.165411263704299927e-01
TCGA.14.0787.01 -5.218369513750076294e-02 3.813479542732238770e-01 6.253775358200073242e-01 -8.354044556617736816e-01 1.798237413167953491e-01 -3.319186270236968994e-01 6.274041533470153809e-01 -2.465332299470901489e-01 -5.619630217552185059e-02 2.190588265657424927e-01
TCGA.14.0789.01 -6.855290383100509644e-02 4.173108637332916260e-01 5.530550479888916016e-01 -8.194540143013000488e-01 1.934422701597213745e-01 -3.600499033927917480e-01 5.993776321411132812e-01 -1.898038089275360107e-01 -6.705236434936523438e-02 2.143650501966476440e-01
TCGA.14.0790.01 -2.881520055234432220e-02 3.405548036098480225e-01 7.914876937866210938e-01 -8.815626502037048340e-01 1.555908471345901489e-01 -2.854459583759307861e-01 6.875431537628173828e-01 -3.570851087570190430e-01 -3.793193399906158447e-02 2.178070694208145142e-01
TCGA.14.0812.01 -5.457564443349838257e-02 3.933775126934051514e-01 6.386227011680603027e-01 -8.418622612953186035e-01 1.800191849470138550e-01 -3.352257013320922852e-01 6.290493607521057129e-01 -2.475781738758087158e-01 -5.681999027729034424e-02 2.145788371562957764e-01
TCGA.14.0813.01 -7.168177515268325806e-02 4.251810610294342041e-01 5.452879071235656738e-01 -8.187330365180969238e-01 1.957190930843353271e-01 -3.653521239757537842e-01 5.957966446876525879e-01 -1.811843514442443848e-01 -6.813652068376541138e-02 2.123326808214187622e-01
TCGA.14.0817.01 -6.176906079053878784e-02 4.016110897064208984e-01 5.976762175559997559e-01 -8.336458802223205566e-01 1.882888674736022949e-01 -3.468983769416809082e-01 6.206836104393005371e-01 -2.203600406646728516e-01 -6.127548217773437500e-02 2.158875614404678345e-01
TCGA.14.0865.01 -6.443845480680465698e-02 4.205709993839263916e-01 6.335024833679199219e-01 -8.485224843025207520e-01 1.867761164903640747e-01 -3.477369546890258789e-01 6.298699975013732910e-01 -2.306256890296936035e-01 -6.188227236270904541e-02 2.081502377986907959e-01
TCGA.14.0866.01 -5.839996784925460815e-02 3.993272483348846436e-01 6.234873533248901367e-01 -8.399260640144348145e-01 1.839755326509475708e-01 -3.408574461936950684e-01 6.268364787101745605e-01 -2.358253598213195801e-01 -5.897131562232971191e-02 2.142793387174606323e-01
TCGA.14.0867.01 -5.751786381006240845e-02 3.966171741485595703e-01 6.358705759048461914e-01 -8.443418145179748535e-01 1.829637885093688965e-01 -3.371293246746063232e-01 6.344450116157531738e-01 -2.432671487331390381e-01 -5.804517865180969238e-02 2.139303684234619141e-01
TCGA.14.0871.01 -8.166094869375228882e-02 4.407754540443420410e-01 5.005557537078857422e-01 -8.104601502418518066e-01 2.052706331014633179e-01 -3.803685903549194336e-01 5.857549905776977539e-01 -1.479955613613128662e-01 -7.370546460151672363e-02 2.110648006200790405e-01
TCGA.14.1034.01 -5.297008901834487915e-02 3.905832469463348389e-01 6.716247200965881348e-01 -8.547673821449279785e-01 1.779737919569015503e-01 -3.279432058334350586e-01 6.464598774909973145e-01 -2.665167152881622314e-01 -5.522330105304718018e-02 2.137878835201263428e-01
TCGA.14.1037.01 -6.623942404985427856e-02 4.114249348640441895e-01 5.895189046859741211e-01 -8.342805504798889160e-01 1.917502433061599731e-01 -3.521023988723754883e-01 6.204134821891784668e-01 -2.108596861362457275e-01 -6.404054164886474609e-02 2.139777243137359619e-01
TCGA.14.1396.01 -6.387285143136978149e-02 4.079210162162780762e-01 5.783159732818603516e-01 -8.264153599739074707e-01 1.896985322237014771e-01 -3.521146774291992188e-01 6.090363264083862305e-01 -2.083312571048736572e-01 -6.392291933298110962e-02 2.158292531967163086e-01
TCGA.14.1401.01 -7.664658874273300171e-02 4.342303574085235596e-01 5.111581683158874512e-01 -8.087367415428161621e-01 2.001092284917831421e-01 -3.746098279953002930e-01 5.820536017417907715e-01 -1.591314971446990967e-01 -7.215271890163421631e-02 2.123363018035888672e-01
TCGA.14.1402.01 -3.618321567773818970e-02 3.582802116870880127e-01 7.555448412895202637e-01 -8.731409907341003418e-01 1.620064228773117065e-01 -2.993313670158386230e-01 6.729429364204406738e-01 -3.286373913288116455e-01 -4.352341592311859131e-02 2.157795578241348267e-01
TCGA.14.1451.01 -7.885224372148513794e-02 4.354668557643890381e-01 5.043975114822387695e-01 -8.093051314353942871e-01 2.029252499341964722e-01 -3.769717216491699219e-01 5.846880078315734863e-01 -1.537844240665435791e-01 -7.299008965492248535e-02 2.126451730728149414e-01
TCGA.14.1452.01 -5.600459128618240356e-02 3.893563449382781982e-01 6.170886754989624023e-01 -8.360596299171447754e-01 1.832760572433471680e-01 -3.376013338565826416e-01 6.264979243278503418e-01 -2.373991161584854126e-01 -5.797351151704788208e-02 2.176304608583450317e-01
TCGA.14.1453.01 -5.359188467264175415e-02 3.865188360214233398e-01 6.289010047912597656e-01 -8.382577300071716309e-01 1.807063668966293335e-01 -3.342985510826110840e-01 6.281164288520812988e-01 -2.456236183643341064e-01 -5.645465105772018433e-02 2.175584435462951660e-01
TCGA.14.1454.01 -6.899613887071609497e-02 4.162923693656921387e-01 5.589069128036499023e-01 -8.232685327529907227e-01 1.941925138235092163e-01 -3.595089316368103027e-01 6.054852604866027832e-01 -1.920077055692672729e-01 -6.612075120210647583e-02 2.139270603656768799e-01
TCGA.14.1455.01 -9.762876480817794800e-02 4.757491648197174072e-01 4.258207976818084717e-01 -7.918907999992370605e-01 2.174893170595169067e-01 -4.077756106853485107e-01 5.534259676933288574e-01 -9.193418174982070923e-02 -8.329036831855773926e-02 2.064376771450042725e-01
TCGA.14.1456.01 -4.274674504995346069e-02 3.677519857883453369e-01 7.117345333099365234e-01 -8.624528050422668457e-01 1.694557070732116699e-01 -3.114305734634399414e-01 6.599600315093994141e-01 -3.001962304115295410e-01 -4.839941114187240601e-02 2.172702550888061523e-01
TCGA.14.1458.01 -4.942577332258224487e-02 3.740082085132598877e-01 6.497321128845214844e-01 -8.444054126739501953e-01 1.778609305620193481e-01 -3.250257372856140137e-01 6.406416296958923340e-01 -2.631971538066864014e-01 -5.363672226667404175e-02 2.201717197895050049e-01
TCGA.14.1459.01 -7.847756892442703247e-02 4.354854226112365723e-01 5.187263488769531250e-01 -8.155912160873413086e-01 2.026121616363525391e-01 -3.750314116477966309e-01 5.922024250030517578e-01 -1.610130965709686279e-01 -7.209935784339904785e-02 2.120660543441772461e-01
TCGA.14.1794.01 -6.699202209711074829e-02 4.151875674724578857e-01 5.744252204895019531e-01 -8.275987505912780762e-01 1.919385045766830444e-01 -3.563860058784484863e-01 6.089650988578796387e-01 -2.016282081604003906e-01 -6.495213508605957031e-02 2.136155664920806885e-01
TCGA.14.1795.01 -6.598348170518875122e-02 4.137578904628753662e-01 5.911624431610107422e-01 -8.341515660285949707e-01 1.909807324409484863e-01 -3.531755208969116211e-01 6.174195408821105957e-01 -2.108864784240722656e-01 -6.369774043560028076e-02 2.130803763866424561e-01
TCGA.14.1821.01 -4.961540549993515015e-02 3.813953101634979248e-01 6.662180423736572266e-01 -8.498291969299316406e-01 1.762039214372634888e-01 -3.253345489501953125e-01 6.421228051185607910e-01 -2.686945199966430664e-01 -5.353173613548278809e-02 2.167455106973648071e-01
TCGA.14.1823.01 -4.666086286306381226e-02 3.754895329475402832e-01 6.748756766319274902e-01 -8.500171899795532227e-01 1.733425706624984741e-01 -3.207067251205444336e-01 6.435367465019226074e-01 -2.767149806022644043e-01 -5.199867486953735352e-02 2.174009084701538086e-01
TCGA.14.1825.01 -7.765968888998031616e-02 4.362945854663848877e-01 5.055397152900695801e-01 -8.069721460342407227e-01 2.008343040943145752e-01 -3.765684068202972412e-01 5.793114304542541504e-01 -1.548307836055755615e-01 -7.248593866825103760e-02 2.117394208908081055e-01
TCGA.14.1827.01 -5.946753174066543579e-02 4.026901125907897949e-01 6.076472997665405273e-01 -8.330587744712829590e-01 1.844094097614288330e-01 -3.438314795494079590e-01 6.172548532485961914e-01 -2.268159091472625732e-01 -6.093514710664749146e-02 2.144187241792678833e-01
TCGA.14.1829.01 -5.544934421777725220e-02 4.000872075557708740e-01 6.615746021270751953e-01 -8.516682982444763184e-01 1.791556626558303833e-01 -3.337813019752502441e-01 6.382281780242919922e-01 -2.564501464366912842e-01 -5.673864483833312988e-02 2.113111317157745361e-01
TCGA.14.2554.01 -5.641619116067886353e-02 3.963374197483062744e-01 6.351236104965209961e-01 -8.423109054565429688e-01 1.816371530294418335e-01 -3.366341292858123779e-01 6.304561495780944824e-01 -2.441424131393432617e-01 -5.820483714342117310e-02 2.143248319625854492e-01
TCGA.14.2555.01 -5.892018228769302368e-02 4.050286710262298584e-01 6.391710042953491211e-01 -8.464057445526123047e-01 1.830641180276870728e-01 -3.403624892234802246e-01 6.314147710800170898e-01 -2.418394535779953003e-01 -5.904582142829895020e-02 2.119723260402679443e-01
TCGA.14.3476.01 -7.275443524122238159e-02 4.242666065692901611e-01 5.369208455085754395e-01 -8.172096610069274902e-01 1.974567025899887085e-01 -3.665687441825866699e-01 5.961220860481262207e-01 -1.766919493675231934e-01 -6.892789900302886963e-02 2.133593708276748657e-01
TCGA.14.3477.01 -6.013839691877365112e-02 4.138641059398651123e-01 6.435292959213256836e-01 -8.473793864250183105e-01 1.823289841413497925e-01 -3.421534299850463867e-01 6.282007098197937012e-01 -2.406934946775436401e-01 -6.009947508573532104e-02 2.090050429105758667e-01
TCGA.14.4157.01 -4.532235115766525269e-02 3.725173473358154297e-01 7.048680782318115234e-01 -8.620657324790954590e-01 1.717196255922317505e-01 -3.146902918815612793e-01 6.595870852470397949e-01 -2.934577763080596924e-01 -4.977112263441085815e-02 2.162699550390243530e-01
TCGA.15.1446.01 -5.636315792798995972e-02 3.878331482410430908e-01 6.160019636154174805e-01 -8.364604711532592773e-01 1.839287132024765015e-01 -3.370378017425537109e-01 6.290732026100158691e-01 -2.370999157428741455e-01 -5.801565945148468018e-02 2.180357426404953003e-01
TCGA.15.1447.01 -6.941425055265426636e-02 4.315420687198638916e-01 5.988878011703491211e-01 -8.377251625061035156e-01 1.908144503831863403e-01 -3.577335476875305176e-01 6.137594580650329590e-01 -2.075014263391494751e-01 -6.581784039735794067e-02 2.074929922819137573e-01
TCGA.15.1449.01 -8.419709652662277222e-02 4.493915736675262451e-01 4.881017208099365234e-01 -8.062316775321960449e-01 2.064942568540573120e-01 -3.855558037757873535e-01 5.766645073890686035e-01 -1.382844895124435425e-01 -7.578465342521667480e-02 2.096411734819412231e-01
TCGA.16.0846.01 -6.429596990346908569e-02 4.086730182170867920e-01 5.830281972885131836e-01 -8.285756707191467285e-01 1.896929740905761719e-01 -3.515950441360473633e-01 6.125522255897521973e-01 -2.094877809286117554e-01 -6.350504606962203979e-02 2.145654410123825073e-01
TCGA.16.0848.01 -6.701429933309555054e-02 4.116712510585784912e-01 5.724223852157592773e-01 -8.277123570442199707e-01 1.928120404481887817e-01 -3.553700149059295654e-01 6.124077439308166504e-01 -2.014351487159729004e-01 -6.467939913272857666e-02 2.145758271217346191e-01
TCGA.16.0849.01 -4.787337034940719604e-02 3.762402236461639404e-01 6.883511543273925781e-01 -8.584638833999633789e-01 1.747702807188034058e-01 -3.198094964027404785e-01 6.546936631202697754e-01 -2.825045287609100342e-01 -5.141863971948623657e-02 2.168549895286560059e-01
TCGA.16.0850.01 -4.492027312517166138e-02 3.783970773220062256e-01 7.279926538467407227e-01 -8.706591725349426270e-01 1.698335558176040649e-01 -3.136925101280212402e-01 6.650542616844177246e-01 -3.029906451702117920e-01 -4.883858561515808105e-02 2.130475342273712158e-01
TCGA.16.0861.01 -8.921615034341812134e-02 4.569832384586334229e-01 4.589073061943054199e-01 -7.988288402557373047e-01 2.111192792654037476e-01 -3.942032754421234131e-01 5.669606328010559082e-01 -1.184144839644432068e-01 -7.861164957284927368e-02 2.092014402151107788e-01
TCGA.16.1045.01 -6.714924424886703491e-02 4.169352948665618896e-01 5.747432708740234375e-01 -8.276529908180236816e-01 1.917551904916763306e-01 -3.571219146251678467e-01 6.074846386909484863e-01 -2.013064622879028320e-01 -6.508503109216690063e-02 2.132292240858078003e-01
TCGA.16.1047.01 -7.077880948781967163e-02 4.191785752773284912e-01 5.446640253067016602e-01 -8.196583390235900879e-01 1.964098066091537476e-01 -3.635355830192565918e-01 5.999576449394226074e-01 -1.836480200290679932e-01 -6.779523938894271851e-02 2.149838060140609741e-01
TCGA.16.1048.01 -6.948741525411605835e-02 4.188887774944305420e-01 5.498484373092651367e-01 -8.190016150474548340e-01 1.942505389451980591e-01 -3.612577319145202637e-01 5.989817380905151367e-01 -1.870390474796295166e-01 -6.746440380811691284e-02 2.140041887760162354e-01
TCGA.16.1055.01 -8.616592735052108765e-02 4.505880177021026611e-01 4.750139415264129639e-01 -8.038071990013122559e-01 2.089959830045700073e-01 -3.891656696796417236e-01 5.740425586700439453e-01 -1.303697675466537476e-01 -7.692964375019073486e-02 2.106060981750488281e-01
TCGA.16.1056.01 -4.979246109724044800e-02 3.817888200283050537e-01 6.682564020156860352e-01 -8.504685759544372559e-01 1.760661453008651733e-01 -3.250311017036437988e-01 6.434473395347595215e-01 -2.690322101116180420e-01 -5.332565307617187500e-02 2.158756852149963379e-01
TCGA.16.1060.01 -6.695065647363662720e-02 4.141486585140228271e-01 5.809184908866882324e-01 -8.308706879615783691e-01 1.920799463987350464e-01 -3.546939492225646973e-01 6.144223213195800781e-01 -2.053861320018768311e-01 -6.485120952129364014e-02 2.137805521488189697e-01
TCGA.16.1062.01 -5.041872709989547729e-02 3.765730559825897217e-01 6.374460458755493164e-01 -8.394613862037658691e-01 1.786465048789978027e-01 -3.279438316822052002e-01 6.341042518615722656e-01 -2.552525103092193604e-01 -5.465606600046157837e-02 2.197618931531906128e-01
TCGA.16.1063.01 -4.064568132162094116e-02 3.692295849323272705e-01 7.410368323326110840e-01 -8.715028166770935059e-01 1.658203750848770142e-01 -3.071775436401367188e-01 6.678627729415893555e-01 -3.147497773170471191e-01 -4.612365365028381348e-02 2.139080464839935303e-01
TCGA.16.1460.01 -4.177653044462203979e-02 3.651661872863769531e-01 7.160905003547668457e-01 -8.631448745727539062e-01 1.685355007648468018e-01 -3.092617988586425781e-01 6.621877551078796387e-01 -3.036215007305145264e-01 -4.765278100967407227e-02 2.172893583774566650e-01
TCGA.19.0955.01 -6.971021741628646851e-02 4.163013994693756104e-01 5.509332418441772461e-01 -8.213903307914733887e-01 1.955552548170089722e-01 -3.609898686408996582e-01 6.036024689674377441e-01 -1.882495284080505371e-01 -6.713695824146270752e-02 2.152543216943740845e-01
TCGA.19.0957.01 -7.260727137327194214e-02 4.228880703449249268e-01 5.335983633995056152e-01 -8.162614107131958008e-01 1.977949589490890503e-01 -3.664388656616210938e-01 5.954512953758239746e-01 -1.762356311082839966e-01 -6.951263546943664551e-02 2.147219926118850708e-01
TCGA.19.0960.01 -7.940719276666641235e-02 4.353962540626525879e-01 5.061593055725097656e-01 -8.112125992774963379e-01 2.038280218839645386e-01 -3.774200677871704102e-01 5.875497460365295410e-01 -1.538284868001937866e-01 -7.247114926576614380e-02 2.124151587486267090e-01
TCGA.19.0962.01 -5.539543181657791138e-02 3.893590271472930908e-01 6.238676309585571289e-01 -8.380914330482482910e-01 1.822865903377532959e-01 -3.363721966743469238e-01 6.281890869140625000e-01 -2.412514537572860718e-01 -5.757230520248413086e-02 2.172208279371261597e-01
TCGA.19.0963.01 -7.853697985410690308e-02 4.379542768001556396e-01 5.185581445693969727e-01 -8.146294951438903809e-01 2.020051628351211548e-01 -3.760104775428771973e-01 5.888509154319763184e-01 -1.600536108016967773e-01 -7.201636582612991333e-02 2.110855728387832642e-01
TCGA.19.0964.01 -2.456227503716945648e-02 3.343053758144378662e-01 8.162757158279418945e-01 -8.869163393974304199e-01 1.506704241037368774e-01 -2.779901623725891113e-01 6.935935616493225098e-01 -3.741936981678009033e-01 -3.510048240423202515e-02 2.173122763633728027e-01
TCGA.19.1385.01 -6.321430951356887817e-02 4.075806140899658203e-01 5.958899259567260742e-01 -8.330958485603332520e-01 1.885784417390823364e-01 -3.489933609962463379e-01 6.178467273712158203e-01 -2.170324176549911499e-01 -6.260102987289428711e-02 2.142768055200576782e-01
TCGA.19.1386.01 -4.243854433298110962e-02 3.715390861034393311e-01 7.376320362091064453e-01 -8.724926710128784180e-01 1.677969694137573242e-01 -3.093545436859130859e-01 6.696606278419494629e-01 -3.108304440975189209e-01 -4.658111929893493652e-02 2.134272456169128418e-01
TCGA.19.1387.01 -6.116267293691635132e-02 4.034166038036346436e-01 6.181311607360839844e-01 -8.411229252815246582e-01 1.867372542619705200e-01 -3.439875841140747070e-01 6.287209987640380859e-01 -2.301966995000839233e-01 -6.027495115995407104e-02 2.138320356607437134e-01
TCGA.19.1388.01 -6.407464295625686646e-02 4.227273762226104736e-01 6.167957782745361328e-01 -8.391805291175842285e-01 1.855076700448989868e-01 -3.501976728439331055e-01 6.155316233634948730e-01 -2.225868254899978638e-01 -6.310752034187316895e-02 2.083751708269119263e-01
TCGA.19.1389.01 -6.603284925222396851e-02 4.088408946990966797e-01 5.671148300170898438e-01 -8.246391415596008301e-01 1.923867762088775635e-01 -3.548610806465148926e-01 6.091626286506652832e-01 -2.006319463253021240e-01 -6.473322212696075439e-02 2.160112261772155762e-01
TCGA.19.1390.01 -5.615253001451492310e-02 3.956571519374847412e-01 6.437622308731079102e-01 -8.464738726615905762e-01 1.817889064550399780e-01 -3.359632790088653564e-01 6.352428197860717773e-01 -2.483628243207931519e-01 -5.705956369638442993e-02 2.140171527862548828e-01
TCGA.19.1392.01 -4.532469063997268677e-02 3.779783546924591064e-01 7.148060798645019531e-01 -8.651772141456604004e-01 1.704492270946502686e-01 -3.156543076038360596e-01 6.590568423271179199e-01 -2.960065603256225586e-01 -4.942316561937332153e-02 2.136014550924301147e-01
TCGA.19.1786.01 -7.233964651823043823e-02 4.292475879192352295e-01 5.589592456817626953e-01 -8.249761462211608887e-01 1.955566406250000000e-01 -3.643673956394195557e-01 6.023386120796203613e-01 -1.865171194076538086e-01 -6.824576854705810547e-02 2.106561809778213501e-01
TCGA.19.1787.01 -5.375406891107559204e-02 3.900710046291351318e-01 6.753296852111816406e-01 -8.580932617187500000e-01 1.791824847459793091e-01 -3.281743526458740234e-01 6.519469618797302246e-01 -2.671954631805419922e-01 -5.443325638771057129e-02 2.132755070924758911e-01
TCGA.19.1788.01 -3.805331140756607056e-02 3.612976670265197754e-01 7.509772777557373047e-01 -8.736446499824523926e-01 1.639374941587448120e-01 -3.016171455383300781e-01 6.733085513114929199e-01 -3.247173726558685303e-01 -4.470285773277282715e-02 2.159348428249359131e-01
TCGA.19.1789.01 -4.601403325796127319e-02 3.755691647529602051e-01 7.095674276351928711e-01 -8.640447854995727539e-01 1.715875566005706787e-01 -3.147867321968078613e-01 6.613544821739196777e-01 -2.942287027835845947e-01 -5.004911124706268311e-02 2.147006988525390625e-01
TCGA.19.1790.01 -6.350513547658920288e-02 4.040080010890960693e-01 5.929851531982421875e-01 -8.338277935981750488e-01 1.900739818811416626e-01 -3.488647341728210449e-01 6.213727593421936035e-01 -2.163684368133544922e-01 -6.225156784057617188e-02 2.157790511846542358e-01
TCGA.19.1791.01 -6.759088486433029175e-02 4.121146500110626221e-01 5.642490983009338379e-01 -8.249787092208862305e-01 1.935964077711105347e-01 -3.572171330451965332e-01 6.088252663612365723e-01 -1.968048512935638428e-01 -6.506850570440292358e-02 2.149938344955444336e-01
TCGA.19.2619.01 -5.725695937871932983e-02 3.943701982498168945e-01 6.088221073150634766e-01 -8.326773047447204590e-01 1.837107092142105103e-01 -3.403742313385009766e-01 6.201257109642028809e-01 -2.314810454845428467e-01 -5.965910851955413818e-02 2.169986963272094727e-01
TCGA.19.2620.01 -4.353331774473190308e-02 3.700172305107116699e-01 7.120175361633300781e-01 -8.631247878074645996e-01 1.699554175138473511e-01 -3.126928210258483887e-01 6.603911519050598145e-01 -2.983997166156768799e-01 -4.836331307888031006e-02 2.160178571939468384e-01
TCGA.19.2621.01 -5.222690850496292114e-02 3.820650279521942139e-01 6.343760490417480469e-01 -8.395911455154418945e-01 1.797713786363601685e-01 -3.315484225749969482e-01 6.317812800407409668e-01 -2.501799464225769043e-01 -5.514490604400634766e-02 2.179853916168212891e-01
TCGA.19.2623.01 -6.097374111413955688e-02 4.002709090709686279e-01 5.903508663177490234e-01 -8.288781642913818359e-01 1.872874051332473755e-01 -3.465965688228607178e-01 6.151612401008605957e-01 -2.178461253643035889e-01 -6.174573302268981934e-02 2.164525985717773438e-01
TCGA.19.2624.01 -8.030154556035995483e-02 4.394304454326629639e-01 5.100521445274353027e-01 -8.134002089500427246e-01 2.039936035871505737e-01 -3.781369328498840332e-01 5.886187553405761719e-01 -1.544216871261596680e-01 -7.322339713573455811e-02 2.114487588405609131e-01
TCGA.19.2625.01 -6.771663576364517212e-02 4.137122035026550293e-01 5.591625571250915527e-01 -8.224386572837829590e-01 1.934536695480346680e-01 -3.583898246288299561e-01 6.042730212211608887e-01 -1.942288875579833984e-01 -6.589960306882858276e-02 2.152101248502731323e-01
TCGA.19.2629.01 -4.968789964914321899e-02 3.801794946193695068e-01 6.851185560226440430e-01 -8.588252067565917969e-01 1.762891858816146851e-01 -3.221212029457092285e-01 6.547407507896423340e-01 -2.784254848957061768e-01 -5.237601697444915771e-02 2.159330695867538452e-01
TCGA.19.2631.01 -5.293341726064682007e-02 3.845154345035552979e-01 6.402994394302368164e-01 -8.429556488990783691e-01 1.801751852035522461e-01 -3.316042125225067139e-01 6.349666714668273926e-01 -2.525154948234558105e-01 -5.569898337125778198e-02 2.176052182912826538e-01
TCGA.19.4068.01 -5.234349519014358521e-02 3.823305666446685791e-01 6.364917755126953125e-01 -8.407804369926452637e-01 1.799181252717971802e-01 -3.311044275760650635e-01 6.333181858062744141e-01 -2.516319453716278076e-01 -5.554199218750000000e-02 2.183213382959365845e-01
TCGA.26.1438.01 -7.629970461130142212e-02 4.304891228675842285e-01 5.172561407089233398e-01 -8.125756382942199707e-01 2.008703798055648804e-01 -3.725021779537200928e-01 5.896072983741760254e-01 -1.634947806596755981e-01 -7.171056419610977173e-02 2.135596126317977905e-01
TCGA.26.1439.01 -7.036963850259780884e-02 4.189325273036956787e-01 5.521323084831237793e-01 -8.224624395370483398e-01 1.958632618188858032e-01 -3.624390959739685059e-01 6.031522154808044434e-01 -1.874038577079772949e-01 -6.706944108009338379e-02 2.144112288951873779e-01
TCGA.26.1440.01 -8.163485676050186157e-02 4.418629109859466553e-01 4.954423010349273682e-01 -8.079673051834106445e-01 2.050550431013107300e-01 -3.817791938781738281e-01 5.808305740356445312e-01 -1.455236822366714478e-01 -7.409749925136566162e-02 2.113376855850219727e-01
TCGA.26.1443.01 -5.406587570905685425e-02 3.837626576423645020e-01 6.211591958999633789e-01 -8.365884423255920410e-01 1.821290403604507446e-01 -3.344852328300476074e-01 6.288345456123352051e-01 -2.426379323005676270e-01 -5.689375847578048706e-02 2.192390412092208862e-01
TCGA.26.1799.01 -6.324812024831771851e-02 4.031153619289398193e-01 5.762052536010742188e-01 -8.254948854446411133e-01 1.898385286331176758e-01 -3.502115011215209961e-01 6.116867661476135254e-01 -2.087424844503402710e-01 -6.338465213775634766e-02 2.168382257223129272e-01
TCGA.27.1830.01 -5.754639953374862671e-02 3.937999904155731201e-01 6.249467134475708008e-01 -8.410468697547912598e-01 1.842413693666458130e-01 -3.387246429920196533e-01 6.311975121498107910e-01 -2.388152629137039185e-01 -5.816445499658584595e-02 2.160128951072692871e-01
TCGA.27.1831.01 -7.368195801973342896e-02 4.320521354675292969e-01 5.621653199195861816e-01 -8.286518454551696777e-01 1.969652622938156128e-01 -3.660908937454223633e-01 6.055359840393066406e-01 -1.863999962806701660e-01 -6.835856288671493530e-02 2.102563381195068359e-01
TCGA.27.1832.01 -6.344478577375411987e-02 4.041421413421630859e-01 5.740694999694824219e-01 -8.243749737739562988e-01 1.897327750921249390e-01 -3.507068753242492676e-01 6.099218130111694336e-01 -2.072597146034240723e-01 -6.371305882930755615e-02 2.165666073560714722e-01
TCGA.27.1833.01 -4.088536649942398071e-02 3.583967685699462891e-01 6.751126050949096680e-01 -8.452737927436828613e-01 1.695707589387893677e-01 -3.126778006553649902e-01 6.437281370162963867e-01 -2.855490744113922119e-01 -4.870168864727020264e-02 2.215545475482940674e-01
TCGA.27.1834.01 -7.158266752958297729e-02 4.241589307785034180e-01 5.585120916366577148e-01 -8.254731297492980957e-01 1.960176974534988403e-01 -3.632130026817321777e-01 6.051927804946899414e-01 -1.881504058837890625e-01 -6.750060617923736572e-02 2.123593240976333618e-01
TCGA.27.1835.01 -5.691900104284286499e-02 3.990094959735870361e-01 6.191602945327758789e-01 -8.351582884788513184e-01 1.819239407777786255e-01 -3.402096033096313477e-01 6.192259788513183594e-01 -2.353580147027969360e-01 -5.938976258039474487e-02 2.147105187177658081e-01
TCGA.27.1836.01 -6.254259496927261353e-02 4.120790958404541016e-01 6.207678318023681641e-01 -8.420166373252868652e-01 1.863954365253448486e-01 -3.467617332935333252e-01 6.248753070831298828e-01 -2.281186729669570923e-01 -6.126824766397476196e-02 2.112109065055847168e-01
TCGA.27.1837.01 -6.582405418157577515e-02 4.125469326972961426e-01 5.701954960823059082e-01 -8.241575360298156738e-01 1.909540295600891113e-01 -3.555876314640045166e-01 6.053792834281921387e-01 -2.008403837680816650e-01 -6.446615606546401978e-02 2.140824049711227417e-01
TCGA.27.1838.01 -8.177527040243148804e-02 4.437859356403350830e-01 4.883610904216766357e-01 -8.040037751197814941e-01 2.045690119266510010e-01 -3.829870820045471191e-01 5.746132731437683105e-01 -1.417776793241500854e-01 -7.493028044700622559e-02 2.111337333917617798e-01
TCGA.27.2518.01 -5.896637588739395142e-02 3.945958316326141357e-01 6.062586903572082520e-01 -8.343824148178100586e-01 1.858471482992172241e-01 -3.414746820926666260e-01 6.244998574256896973e-01 -2.287521660327911377e-01 -5.998653173446655273e-02 2.170146107673645020e-01
TCGA.27.2519.01 -6.269083172082901001e-02 4.046771824359893799e-01 5.753327012062072754e-01 -8.236405253410339355e-01 1.887073069810867310e-01 -3.509299755096435547e-01 6.069448590278625488e-01 -2.081183791160583496e-01 -6.326591223478317261e-02 2.162095755338668823e-01
TCGA.27.2521.01 -4.575725644826889038e-02 3.811067938804626465e-01 7.171889543533325195e-01 -8.662928938865661621e-01 1.704256981611251831e-01 -3.164224922657012939e-01 6.585605740547180176e-01 -2.961684763431549072e-01 -4.985459148883819580e-02 2.128683179616928101e-01
TCGA.27.2523.01 -3.892896324396133423e-02 3.637720644474029541e-01 7.119401693344116211e-01 -8.566427826881408691e-01 1.651349216699600220e-01 -3.085666894912719727e-01 6.511926054954528809e-01 -3.033431470394134521e-01 -4.697689414024353027e-02 2.171897739171981812e-01
TCGA.27.2524.01 -4.092430323362350464e-02 3.662241101264953613e-01 7.173866629600524902e-01 -8.615844845771789551e-01 1.669712811708450317e-01 -3.090541660785675049e-01 6.587181687355041504e-01 -3.039402663707733154e-01 -4.736385494470596313e-02 2.161468118429183960e-01
TCGA.27.2526.01 -5.366807430982589722e-02 3.874183893203735352e-01 6.139726638793945312e-01 -8.309826254844665527e-01 1.805156171321868896e-01 -3.362860083580017090e-01 6.184477210044860840e-01 -2.382176667451858521e-01 -5.770546197891235352e-02 2.181562781333923340e-01
TCGA.27.2527.01 -6.013467162847518921e-02 4.029757976531982422e-01 6.160636544227600098e-01 -8.384265303611755371e-01 1.854596883058547974e-01 -3.434115648269653320e-01 6.244230270385742188e-01 -2.303961962461471558e-01 -6.049371510744094849e-02 2.141990810632705688e-01
TCGA.27.2528.01 -4.009746760129928589e-02 3.643831312656402588e-01 7.259782552719116211e-01 -8.648850917816162109e-01 1.664022505283355713e-01 -3.072425425052642822e-01 6.628911495208740234e-01 -3.093297481536865234e-01 -4.642736166715621948e-02 2.162604779005050659e-01
TCGA.28.1745.01 -7.346519082784652710e-02 4.239692091941833496e-01 5.347615480422973633e-01 -8.180813193321228027e-01 1.987099349498748779e-01 -3.675844073295593262e-01 5.976080894470214844e-01 -1.753110885620117188e-01 -6.905841827392578125e-02 2.140344083309173584e-01
TCGA.28.1746.01 -6.563959270715713501e-02 4.098945856094360352e-01 5.645421147346496582e-01 -8.222900629043579102e-01 1.915299594402313232e-01 -3.552865684032440186e-01 6.046833395957946777e-01 -1.995643228292465210e-01 -6.510717421770095825e-02 2.158965915441513062e-01
TCGA.28.1747.01 -6.868901103734970093e-02 4.239226281642913818e-01 5.815142393112182617e-01 -8.306698203086853027e-01 1.917514950037002563e-01 -3.581884503364562988e-01 6.091266274452209473e-01 -2.012971639633178711e-01 -6.561452895402908325e-02 2.103062868118286133e-01
TCGA.28.1749.01 -5.242026597261428833e-02 3.836458027362823486e-01 6.439247131347656250e-01 -8.435198664665222168e-01 1.793750375509262085e-01 -3.301650285720825195e-01 6.363132596015930176e-01 -2.548083662986755371e-01 -5.539871752262115479e-02 2.172280251979827881e-01
TCGA.28.1750.01 -5.511710792779922485e-02 3.859944939613342285e-01 6.209216713905334473e-01 -8.373953104019165039e-01 1.829132288694381714e-01 -3.356989920139312744e-01 6.296120285987854004e-01 -2.408450692892074585e-01 -5.716063082218170166e-02 2.183564752340316772e-01
TCGA.28.1751.01 -6.569271534681320190e-02 4.063198864459991455e-01 5.695393085479736328e-01 -8.259222507476806641e-01 1.923924535512924194e-01 -3.532202839851379395e-01 6.125453114509582520e-01 -2.030403912067413330e-01 -6.459689140319824219e-02 2.167590707540512085e-01
TCGA.28.1752.01 -6.209700554609298706e-02 3.999677300453186035e-01 5.922657251358032227e-01 -8.322131037712097168e-01 1.891526132822036743e-01 -3.469284772872924805e-01 6.208530068397521973e-01 -2.182368785142898560e-01 -6.173125654458999634e-02 2.168855369091033936e-01
TCGA.28.1753.01 -6.537935882806777954e-02 4.137430191040039062e-01 5.971270799636840820e-01 -8.358526825904846191e-01 1.901037245988845825e-01 -3.521233201026916504e-01 6.187943816184997559e-01 -2.141721397638320923e-01 -6.319557875394821167e-02 2.126217931509017944e-01
TCGA.28.1755.01 -9.481994062662124634e-02 4.669142663478851318e-01 4.344279468059539795e-01 -7.944353222846984863e-01 2.162136882543563843e-01 -4.032909274101257324e-01 5.596372485160827637e-01 -1.002734825015068054e-01 -8.175482600927352905e-02 2.085918337106704712e-01
TCGA.28.1756.01 -4.022305458784103394e-02 3.586577773094177246e-01 7.131181955337524414e-01 -8.613279461860656738e-01 1.681393235921859741e-01 -3.071903288364410400e-01 6.623719334602355957e-01 -3.054196536540985107e-01 -4.670158773660659790e-02 2.195641100406646729e-01
TCGA.28.1757.01 -6.849249452352523804e-02 4.197115004062652588e-01 5.674771070480346680e-01 -8.252719640731811523e-01 1.927091926336288452e-01 -3.587724566459655762e-01 6.050655245780944824e-01 -1.960801631212234497e-01 -6.631121784448623657e-02 2.127143144607543945e-01
TCGA.28.1760.01 -6.046763807535171509e-02 3.969024419784545898e-01 5.857268571853637695e-01 -8.268327116966247559e-01 1.874603033065795898e-01 -3.456098437309265137e-01 6.150047183036804199e-01 -2.169971764087677002e-01 -6.172025203704833984e-02 2.176674157381057739e-01
TCGA.28.2502.01 -6.334514170885086060e-02 4.067104756832122803e-01 6.058666706085205078e-01 -8.384761214256286621e-01 1.890305131673812866e-01 -3.477737307548522949e-01 6.252378821372985840e-01 -2.218588292598724365e-01 -6.171073019504547119e-02 2.140161991119384766e-01
TCGA.28.2506.01 -4.882720857858657837e-02 3.820008933544158936e-01 6.768449544906616211e-01 -8.528493046760559082e-01 1.746547520160675049e-01 -3.238147497177124023e-01 6.446188688278198242e-01 -2.737783193588256836e-01 -5.256474763154983521e-02 2.152006328105926514e-01
TCGA.28.2509.01 -5.359370261430740356e-02 3.914961516857147217e-01 6.761968135833740234e-01 -8.577706813812255859e-01 1.785922050476074219e-01 -3.282750546932220459e-01 6.502340435981750488e-01 -2.675471007823944092e-01 -5.475357174873352051e-02 2.129846066236495972e-01
TCGA.28.2513.01 -6.208566576242446899e-02 4.024986922740936279e-01 5.834997892379760742e-01 -8.270904421806335449e-01 1.884452253580093384e-01 -3.486078977584838867e-01 6.125187873840332031e-01 -2.134541273117065430e-01 -6.280024349689483643e-02 2.166560739278793335e-01
TCGA.28.2514.01 -4.783882945775985718e-02 3.860270082950592041e-01 7.025629281997680664e-01 -8.614404797554016113e-01 1.719833463430404663e-01 -3.206905722618103027e-01 6.516719460487365723e-01 -2.857889533042907715e-01 -5.144630372524261475e-02 2.120284736156463623e-01
TCGA.32.1970.01 -6.747949868440628052e-02 4.161261618137359619e-01 5.818558931350708008e-01 -8.316667675971984863e-01 1.923868060111999512e-01 -3.560450375080108643e-01 6.141493916511535645e-01 -2.042575925588607788e-01 -6.435266137123107910e-02 2.127151489257812500e-01
TCGA.32.1973.01 -9.326984733343124390e-02 4.659113585948944092e-01 4.448649287223815918e-01 -7.966683506965637207e-01 2.142889946699142456e-01 -4.006442427635192871e-01 5.618209242820739746e-01 -1.065982580184936523e-01 -8.075217902660369873e-02 2.079254835844039917e-01
TCGA.32.1976.01 -6.657900661230087280e-02 4.122086167335510254e-01 5.699176788330078125e-01 -8.255034685134887695e-01 1.920712143182754517e-01 -3.556863665580749512e-01 6.085224747657775879e-01 -2.004163712263107300e-01 -6.487953662872314453e-02 2.145120352506637573e-01
TCGA.32.1977.01 -5.557713657617568970e-02 3.957625031471252441e-01 6.512281894683837891e-01 -8.486996293067932129e-01 1.807009428739547729e-01 -3.341760039329528809e-01 6.376382708549499512e-01 -2.528031170368194580e-01 -5.698566883802413940e-02 2.136294245719909668e-01
TCGA.32.1978.01 -4.494366794824600220e-02 3.729473352432250977e-01 7.086313962936401367e-01 -8.634750247001647949e-01 1.714029163122177124e-01 -3.148381710052490234e-01 6.600001454353332520e-01 -2.951593995094299316e-01 -4.924344271421432495e-02 2.159471511840820312e-01
TCGA.32.1982.01 -5.700162798166275024e-02 3.996830880641937256e-01 6.550841927528381348e-01 -8.522474169731140137e-01 1.818400770425796509e-01 -3.361232876777648926e-01 6.402125358581542969e-01 -2.522838413715362549e-01 -5.705431103706359863e-02 2.124729752540588379e-01
TCGA.32.1986.01 -6.891164928674697876e-02 4.153902232646942139e-01 5.593082308769226074e-01 -8.239672780036926270e-01 1.945531517267227173e-01 -3.591033518314361572e-01 6.068788170814514160e-01 -1.929809153079986572e-01 -6.637790799140930176e-02 2.147407382726669312e-01
TCGA.32.1987.01 -5.957982689142227173e-02 3.957962989807128906e-01 5.962740182876586914e-01 -8.306869864463806152e-01 1.864947229623794556e-01 -3.435140550136566162e-01 6.193025708198547363e-01 -2.233772873878479004e-01 -6.101140379905700684e-02 2.176428586244583130e-01
TCGA.32.1991.01 -7.128944247961044312e-02 4.248509705066680908e-01 5.665300488471984863e-01 -8.283228278160095215e-01 1.953131407499313354e-01 -3.618824481964111328e-01 6.084359884262084961e-01 -1.920276433229446411e-01 -6.713445484638214111e-02 2.115296721458435059e-01
TCGA.32.2491.01 -5.770836025476455688e-02 3.916616737842559814e-01 6.056897640228271484e-01 -8.332961797714233398e-01 1.851637810468673706e-01 -3.406209349632263184e-01 6.231439113616943359e-01 -2.302205264568328857e-01 -5.931711941957473755e-02 2.180993556976318359e-01
TCGA.32.2494.01 -6.641461700201034546e-02 4.117177128791809082e-01 5.683029890060424805e-01 -8.248897194862365723e-01 1.921797841787338257e-01 -3.557200431823730469e-01 6.076968312263488770e-01 -2.002346962690353394e-01 -6.508412957191467285e-02 2.151713818311691284e-01
TCGA.32.2495.01 -3.003146313130855560e-02 3.445577025413513184e-01 7.855108976364135742e-01 -8.800467252731323242e-01 1.564524024724960327e-01 -2.883283793926239014e-01 6.839180588722229004e-01 -3.519048988819122314e-01 -3.893750905990600586e-02 2.171878665685653687e-01
TCGA.32.2615.01 -7.867931574583053589e-02 4.322660863399505615e-01 5.138149857521057129e-01 -8.147886395454406738e-01 2.035990208387374878e-01 -3.751162290573120117e-01 5.936133265495300293e-01 -1.590064913034439087e-01 -7.179149985313415527e-02 2.130670398473739624e-01
TCGA.32.2616.01 -6.496099382638931274e-02 4.107132852077484131e-01 6.006677150726318359e-01 -8.373805284500122070e-01 1.900705248117446899e-01 -3.500920534133911133e-01 6.232603192329406738e-01 -2.169360816478729248e-01 -6.270160526037216187e-02 2.130048125982284546e-01
TCGA.32.2632.01 -5.663260072469711304e-02 3.986165225505828857e-01 6.514092087745666504e-01 -8.497840762138366699e-01 1.814765334129333496e-01 -3.356246948242187500e-01 6.380774974822998047e-01 -2.511563003063201904e-01 -5.733051151037216187e-02 2.128066420555114746e-01
TCGA.32.2634.01 -5.877497047185897827e-02 3.937511742115020752e-01 6.138872504234313965e-01 -8.382626175880432129e-01 1.860882788896560669e-01 -3.408188819885253906e-01 6.292313933372497559e-01 -2.324937283992767334e-01 -5.885960906744003296e-02 2.168108075857162476e-01
TCGA.32.2638.01 -4.161582142114639282e-02 3.682364523410797119e-01 7.105029821395874023e-01 -8.593942523002624512e-01 1.677433997392654419e-01 -3.112648427486419678e-01 6.548103690147399902e-01 -2.995992600917816162e-01 -4.812733829021453857e-02 2.163916826248168945e-01
TCGA.32.4208.01 -5.164093524217605591e-02 3.815288245677947998e-01 6.826071739196777344e-01 -8.608649373054504395e-01 1.785790175199508667e-01 -3.237510919570922852e-01 6.583416461944580078e-01 -2.756949663162231445e-01 -5.298786610364913940e-02 2.161265611648559570e-01
TCGA.32.4209.01 -4.359646886587142944e-02 3.685399293899536133e-01 7.049439549446105957e-01 -8.603810667991638184e-01 1.704775094985961914e-01 -3.130373656749725342e-01 6.583250761032104492e-01 -2.954847216606140137e-01 -4.871883988380432129e-02 2.169935554265975952e-01
TCGA.32.4210.01 -7.902429252862930298e-02 4.366888999938964844e-01 5.120126605033874512e-01 -8.132647275924682617e-01 2.030651867389678955e-01 -3.771649599075317383e-01 5.879574418067932129e-01 -1.569436490535736084e-01 -7.232490181922912598e-02 2.121555358171463013e-01
TCGA.32.4211.01 -6.082602590322494507e-02 3.992727100849151611e-01 5.998762249946594238e-01 -8.336303830146789551e-01 1.875571161508560181e-01 -3.452586531639099121e-01 6.215799450874328613e-01 -2.228441238403320312e-01 -6.086029112339019775e-02 2.163417935371398926e-01
TCGA.32.4213.01 -7.503009587526321411e-02 4.351143836975097656e-01 5.552458763122558594e-01 -8.266504406929016113e-01 1.979048401117324829e-01 -3.680506944656372070e-01 6.027873754501342773e-01 -1.814626455307006836e-01 -6.957607716321945190e-02 2.099104821681976318e-01
TCGA.32.4719.01 -4.702355712652206421e-02 3.837345540523529053e-01 7.065100073814392090e-01 -8.629477620124816895e-01 1.715708822011947632e-01 -3.197212815284729004e-01 6.534940600395202637e-01 -2.888799905776977539e-01 -5.058036744594573975e-02 2.125519365072250366e-01
TCGA.41.2571.01 -6.705201417207717896e-02 4.098558425903320312e-01 5.681325197219848633e-01 -8.268673419952392578e-01 1.936159282922744751e-01 -3.558567464351654053e-01 6.120218634605407715e-01 -2.000301331281661987e-01 -6.474084407091140747e-02 2.158745378255844116e-01
TCGA.41.2572.01 -4.396774619817733765e-02 3.746619224548339844e-01 7.213019132614135742e-01 -8.668295741081237793e-01 1.693810969591140747e-01 -3.130812644958496094e-01 6.620529890060424805e-01 -3.012129962444305420e-01 -4.845504462718963623e-02 2.140868306159973145e-01
TCGA.41.2573.01 -7.703656703233718872e-02 4.306318461894989014e-01 5.203740000724792480e-01 -8.150984644889831543e-01 2.016939073801040649e-01 -3.727847039699554443e-01 5.936573147773742676e-01 -1.636886000633239746e-01 -7.096646726131439209e-02 2.127486914396286011e-01
TCGA.41.2575.01 -5.901689082384109497e-02 4.037114679813385010e-01 6.251783370971679688e-01 -8.401108980178833008e-01 1.835189461708068848e-01 -3.419590592384338379e-01 6.247119307518005371e-01 -2.349421083927154541e-01 -5.949583649635314941e-02 2.127040028572082520e-01
TCGA.41.3392.01 -6.191200762987136841e-02 4.004912078380584717e-01 5.914907455444335938e-01 -8.315184116363525391e-01 1.887952536344528198e-01 -3.477013111114501953e-01 6.188073158264160156e-01 -2.173184603452682495e-01 -6.125962734222412109e-02 2.164331525564193726e-01
TCGA.41.3393.01 -5.977355688810348511e-02 4.030158221721649170e-01 6.327702999114990234e-01 -8.455356359481811523e-01 1.848101317882537842e-01 -3.407474756240844727e-01 6.331538558006286621e-01 -2.389887869358062744e-01 -5.965590476989746094e-02 2.133266627788543701e-01
TCGA.41.3915.01 -5.717272311449050903e-02 3.949589431285858154e-01 6.425459980964660645e-01 -8.480412364006042480e-01 1.833012700080871582e-01 -3.364430069923400879e-01 6.389137506484985352e-01 -2.472450435161590576e-01 -5.715662986040115356e-02 2.144685834646224976e-01
TCGA.41.4097.01 -4.480283707380294800e-02 3.709507286548614502e-01 7.056393623352050781e-01 -8.620467782020568848e-01 1.714567989110946655e-01 -3.141073584556579590e-01 6.601124405860900879e-01 -2.944029867649078369e-01 -4.925382137298583984e-02 2.164338231086730957e-01
