2.888025902211666107e-02 -4.401424527168273926e-01 1.083280205726623535e+00 6.075265258550643921e-02 2.554840743541717529e-01 -3.560030758380889893e-01 -6.084832549095153809e-02 1.097158670425415039e+00 2.190968394279479980e-02 1.104332804679870605e+00
9.596892446279525757e-02 -8.697689175605773926e-01 -1.091989398002624512e+00 8.403344154357910156e-01 -2.481044270098209381e-02 2.302706688642501831e-01 1.944199204444885254e-02 -1.181713461875915527e+00 -2.574398815631866455e-01 3.604654371738433838e-01
-7.086665630340576172e-01 -8.747813105583190918e-01 9.587685018777847290e-02 -9.686235189437866211e-01 -5.620499849319458008e-01 6.246829032897949219e-01 -2.936529815196990967e-01 -1.132027208805084229e-01 -4.666841328144073486e-01 5.019896030426025391e-01
6.570669412612915039e-01 6.024803519248962402e-01 -1.136204361915588379e+00 7.438274621963500977e-01 -1.120925024151802063e-01 -4.556449130177497864e-02 1.641838252544403076e-01 -9.890752434730529785e-01 1.168802678585052490e-01 -9.375225901603698730e-01
-4.048670828342437744e-01 -2.975210547447204590e-01 6.933729052543640137e-01 -1.024363040924072266e+00 -1.067678406834602356e-01 2.647797763347625732e-01 -3.059925138950347900e-01 -3.527215123176574707e-02 -4.089877903461456299e-01 5.324366688728332520e-02
8.838258981704711914e-01 3.704587817192077637e-01 -2.919434010982513428e-01 4.241888821125030518e-01 -8.640278130769729614e-02 1.570354029536247253e-02 -4.941165149211883545e-01 -4.967105686664581299e-01 4.717678725719451904e-01 -7.612456083297729492e-01
1.824140101671218872e-01 1.887579560279846191e-01 -6.165803074836730957e-01 9.056069701910018921e-02 3.875582665205001831e-02 -9.200485050678253174e-02 2.401190698146820068e-01 -1.210359573364257812e+00 -2.245985567569732666e-01 -4.187265336513519287e-01
-2.763515412807464600e-01 -1.063795924186706543e+00 9.206143766641616821e-02 2.476128488779067993e-01 -1.809358149766921997e-01 2.981546819210052490e-01 3.669878840446472168e-02 4.550427198410034180e-03 -3.665613234043121338e-01 1.486380457878112793e+00
4.602991640567779541e-01 5.235471129417419434e-01 3.325381316244602203e-03 2.957377731800079346e-01 1.486810892820358276e-01 3.235674202442169189e-01 1.478894650936126709e-01 -5.612403750419616699e-01 4.368651807308197021e-01 -9.997732639312744141e-01
-9.112570434808731079e-02 -8.894628845155239105e-03 -7.998843789100646973e-01 1.047977432608604431e-01 -2.357459813356399536e-01 1.374000757932662964e-01 4.082610309123992920e-01 -1.071378231048583984e+00 -3.566191494464874268e-01 -5.932319760322570801e-01
-5.175976753234863281e-01 -8.124966174364089966e-02 8.435813784599304199e-01 -8.172608613967895508e-01 -1.086939312517642975e-02 5.047075152397155762e-01 -7.253876328468322754e-02 2.879036366939544678e-01 -2.195390760898590088e-01 1.536066830158233643e-01
9.101478457450866699e-01 5.468466877937316895e-01 -1.400445342063903809e+00 8.999851942062377930e-01 -8.694721013307571411e-02 6.848864257335662842e-02 3.162533938884735107e-01 -3.935222923755645752e-01 3.132716119289398193e-01 -1.088051915168762207e+00
4.490228369832038879e-02 7.327871769666671753e-02 -6.289907097816467285e-01 -6.765566021203994751e-02 -1.690216213464736938e-01 1.167405098676681519e-01 3.694273531436920166e-01 -1.581081986427307129e+00 -5.005025863647460938e-01 -1.786255538463592529e-01
6.561341136693954468e-02 -7.603282481431961060e-02 1.188755869865417480e+00 -2.055692523717880249e-01 -9.326348081231117249e-03 5.152354761958122253e-02 -1.284239590167999268e-01 1.412296772003173828e+00 4.134783446788787842e-01 8.128074407577514648e-01
-4.219443500041961670e-01 3.503056168556213379e-01 1.117194056510925293e+00 -9.604963064193725586e-01 1.327316612005233765e-01 3.170294463634490967e-01 -2.357956767082214355e-02 3.925656974315643311e-01 -5.450454354286193848e-02 -2.663659751415252686e-01
-3.981842100620269775e-01 -6.119733452796936035e-01 7.733032107353210449e-01 -1.488615125417709351e-01 -5.969533231109380722e-03 -1.806629449129104614e-01 -1.444473955780267715e-02 1.330326437950134277e+00 -1.589718163013458252e-01 1.412120938301086426e+00
1.020566105842590332e+00 7.669631838798522949e-01 -1.279271721839904785e+00 7.484521865844726562e-01 -1.535775214433670044e-01 -1.583525687456130981e-01 3.074159920215606689e-01 -3.427520096302032471e-01 3.549846112728118896e-01 -1.085207104682922363e+00
-4.021809622645378113e-02 -8.068488240242004395e-01 -9.902299046516418457e-01 7.020250558853149414e-01 -2.072060853242874146e-01 3.062866628170013428e-01 2.288524210453033447e-01 -8.403297066688537598e-01 -2.349777519702911377e-01 5.215957760810852051e-01
-1.701408475637435913e-01 2.364158034324645996e-01 1.144064784049987793e+00 -4.170293509960174561e-01 1.968683153390884399e-01 1.594830602407455444e-01 6.982116959989070892e-03 5.364819169044494629e-01 2.224439084529876709e-01 2.339648306369781494e-01
-8.435127735137939453e-01 -6.234658360481262207e-01 2.749868929386138916e-01 -6.760903596878051758e-01 -4.421182274818420410e-01 -7.703079283237457275e-02 -1.794673502445220947e-01 -4.265466034412384033e-01 -9.822341203689575195e-01 7.371820211410522461e-01
-3.592918440699577332e-02 -6.819127202033996582e-01 -1.080247998237609863e+00 3.631480038166046143e-01 -1.140968874096870422e-01 -3.200150430202484131e-01 6.504181027412414551e-02 -9.881091713905334473e-01 -6.614501476287841797e-01 8.319877982139587402e-01
1.217784546315670013e-02 -1.948047280311584473e-01 9.746629595756530762e-01 1.881249099969863892e-01 3.229796141386032104e-02 -9.663160145282745361e-02 -7.358971238136291504e-02 9.881036877632141113e-01 4.646784961223602295e-01 9.792956113815307617e-01
-2.900353372097015381e-01 -1.439678072929382324e-01 1.073220372200012207e+00 -8.463184833526611328e-01 -1.041611209511756897e-01 2.567554414272308350e-01 -2.243449985980987549e-01 6.222417950630187988e-01 -1.711226999759674072e-01 3.981584608554840088e-01
6.473328918218612671e-02 -3.126618266105651855e-01 8.573538661003112793e-01 3.562114536762237549e-01 1.461544483900070190e-01 -1.550525575876235962e-01 -1.444800198078155518e-01 8.908825516700744629e-01 5.221483707427978516e-01 1.028224825859069824e+00
-4.069738090038299561e-01 2.861424088478088379e-01 7.573046721518039703e-03 -8.509455919265747070e-01 -4.389917850494384766e-01 7.156546711921691895e-01 -4.643973708152770996e-02 -5.415611863136291504e-01 9.071531239897012711e-04 -9.547166824340820312e-01
-1.302025169134140015e-01 -6.493406891822814941e-01 6.965469717979431152e-01 4.100240767002105713e-01 1.830282956361770630e-01 8.768866956233978271e-02 1.172986924648284912e-01 8.156270384788513184e-01 9.592041373252868652e-02 1.502001166343688965e+00
1.631479412317276001e-01 -4.789234995841979980e-01 -8.034194111824035645e-01 6.380416154861450195e-01 -1.321683079004287720e-01 2.022732347249984741e-01 7.347282767295837402e-02 -1.249634742736816406e+00 -1.894741356372833252e-01 1.307716667652130127e-01
-7.395198345184326172e-01 -8.560608029365539551e-01 -2.538617700338363647e-02 -6.167732477188110352e-01 -5.434390902519226074e-01 4.164026305079460144e-02 5.102625489234924316e-02 -7.520259022712707520e-01 -1.238724708557128906e+00 1.048285603523254395e+00
4.131589829921722412e-01 -5.597544908523559570e-01 -1.012523531913757324e+00 8.530444502830505371e-01 1.880515068769454956e-01 -9.901173412799835205e-02 6.421950459480285645e-02 -3.114531338214874268e-01 -1.582153141498565674e-01 1.475323140621185303e-01
6.604068279266357422e-01 6.530044674873352051e-01 -2.130609303712844849e-01 2.424507290124893188e-01 1.380623430013656616e-01 -2.613188326358795166e-01 -1.474498212337493896e-01 -7.933523058891296387e-01 2.368236482143402100e-01 -8.600198030471801758e-01
-1.636158674955368042e-01 2.683426737785339355e-01 7.843419909477233887e-01 -7.773829698562622070e-01 1.492096632719039917e-01 2.465782612562179565e-01 -4.915379583835601807e-01 5.445429682731628418e-02 1.164390742778778076e-01 -6.338998079299926758e-01
3.909893706440925598e-02 8.611565083265304565e-02 9.472927451133728027e-01 -2.754597365856170654e-01 9.774043411016464233e-02 2.855354249477386475e-01 -2.368864119052886963e-01 7.905542254447937012e-01 4.276616275310516357e-01 1.563775837421417236e-01
-9.927449375391006470e-02 -2.271251082420349121e-01 1.053139328956604004e+00 6.506821140646934509e-03 1.949848979711532593e-01 -3.230061009526252747e-02 4.537203907966613770e-02 1.249197363853454590e+00 2.540381848812103271e-01 1.016392588615417480e+00
-9.425261989235877991e-03 2.058450579643249512e-01 8.951429724693298340e-01 9.469427913427352905e-02 1.247203871607780457e-01 1.306859701871871948e-01 -1.942254006862640381e-01 8.157261013984680176e-01 5.729100704193115234e-01 3.364551365375518799e-01
-1.471291035413742065e-01 2.799674868583679199e-01 3.267723619937896729e-01 -6.242779493331909180e-01 2.796491049230098724e-02 -4.249431565403938293e-02 -3.252183496952056885e-01 -6.905768513679504395e-01 -2.138301432132720947e-01 -4.986438453197479248e-01
-3.428814709186553955e-01 -4.628047347068786621e-01 5.562738776206970215e-01 -2.288342565298080444e-01 7.879736274480819702e-02 2.386236041784286499e-01 -3.601554036140441895e-02 9.138196110725402832e-01 -2.263878881931304932e-01 9.385260343551635742e-01
1.180939897894859314e-01 7.008149027824401855e-01 5.646423697471618652e-01 -3.894062936305999756e-01 -1.481480337679386139e-02 -3.430030643939971924e-01 -1.008172333240509033e-01 -8.430721163749694824e-01 -4.027298092842102051e-02 -4.834122359752655029e-01
-2.255381196737289429e-01 5.618136376142501831e-02 1.306735396385192871e+00 -4.599936902523040771e-01 -4.421896487474441528e-02 -3.918561041355133057e-01 1.105686724185943604e-01 1.275332450866699219e+00 -1.516909897327423096e-01 6.431778669357299805e-01
-2.120503038167953491e-01 6.988078951835632324e-01 7.138399481773376465e-01 -7.542749643325805664e-01 2.033310383558273315e-01 -1.500775199383497238e-02 -2.172832190990447998e-01 1.419152915477752686e-01 7.532164454460144043e-02 -7.186274528503417969e-01
2.864416502416133881e-02 -1.148010134696960449e+00 -3.212657868862152100e-01 9.010428190231323242e-01 7.534634321928024292e-02 1.351539511233568192e-02 3.457888960838317871e-02 6.509014964103698730e-02 -3.680408298969268799e-01 1.226683020591735840e+00
1.741782575845718384e-01 8.641702532768249512e-01 5.872015357017517090e-01 -1.603064388036727905e-01 2.879638075828552246e-01 -2.536423876881599426e-02 8.844622969627380371e-02 -6.004931330680847168e-01 1.470387876033782959e-01 -9.715046882629394531e-01
7.510917782783508301e-01 6.595255732536315918e-01 -1.140292286872863770e+00 6.835650205612182617e-01 -2.708424068987369537e-02 -5.942084267735481262e-02 9.883978962898254395e-02 -8.100543618202209473e-01 3.543525636196136475e-01 -1.034858107566833496e+00
4.881759360432624817e-02 2.353098988533020020e-01 -2.300143986940383911e-01 -6.210122257471084595e-02 1.481623500585556030e-01 4.480224549770355225e-01 1.492170989513397217e-01 -2.039995491504669189e-01 5.312235355377197266e-01 -9.834361672401428223e-01
-3.736183941364288330e-01 -7.228285819292068481e-02 -5.874475091695785522e-02 -6.283124685287475586e-01 -3.591516613960266113e-01 4.695926234126091003e-02 9.696957468986511230e-02 -1.202830791473388672e+00 -7.000871896743774414e-01 -1.331373155117034912e-01
1.649843603372573853e-01 -9.577342271804809570e-01 -9.241085648536682129e-01 1.226803183555603027e+00 1.801872104406356812e-01 -1.807751208543777466e-01 1.505686342716217041e-01 -1.655304729938507080e-01 -3.529018461704254150e-01 5.684991478919982910e-01
-4.583229124546051025e-01 -6.139338612556457520e-01 -2.265568524599075317e-01 -2.645986974239349365e-01 -1.697055846452713013e-01 3.404419124126434326e-01 -1.314744055271148682e-01 -1.149424314498901367e+00 -3.845552504062652588e-01 2.596369385719299316e-02
1.805564314126968384e-01 -8.455773591995239258e-01 -8.933818936347961426e-01 1.100761055946350098e+00 1.972906440496444702e-01 -1.252666264772415161e-01 3.283981978893280029e-01 -2.591989338397979736e-01 -3.180129826068878174e-01 5.209145545959472656e-01
-6.459097266197204590e-01 -4.984436631202697754e-01 6.577572226524353027e-01 -6.299313306808471680e-01 7.957189530134201050e-02 4.383390843868255615e-01 3.782013058662414551e-02 8.375211358070373535e-01 3.945049643516540527e-02 8.290247917175292969e-01
7.668956518173217773e-01 2.220683693885803223e-01 -9.716940522193908691e-01 8.932667970657348633e-01 -4.148492123931646347e-03 -1.646788865327835083e-01 1.431820094585418701e-01 -1.021057486534118652e+00 2.473041415214538574e-02 -7.076796889305114746e-01
2.782576978206634521e-01 2.915697731077671051e-02 -6.292186379432678223e-01 8.499004691839218140e-02 -8.451784402132034302e-02 -8.224685490131378174e-02 1.570456922054290771e-01 -1.318234682083129883e+00 -2.876925766468048096e-01 -2.501039206981658936e-01
-3.202579915523529053e-01 -9.711884856224060059e-01 2.553636133670806885e-01 6.563122272491455078e-01 1.860880702733993530e-01 1.928626149892807007e-01 -8.799645304679870605e-02 5.516123175621032715e-01 -1.164391636848449707e-02 1.266048550605773926e+00
1.710315607488155365e-02 3.560983538627624512e-01 7.894632220268249512e-01 -6.793601512908935547e-01 -2.059717923402786255e-01 1.750933974981307983e-01 -4.911877214908599854e-01 1.613864302635192871e-02 6.930634379386901855e-02 -2.977627217769622803e-01
5.958024263381958008e-01 -2.676436305046081543e-01 -9.530392289161682129e-01 1.085262894630432129e+00 1.794396489858627319e-01 3.107604086399078369e-01 2.243488132953643799e-01 -2.852591574192047119e-01 1.616949737071990967e-01 -3.652311265468597412e-01
-5.057116150856018066e-01 -2.507426142692565918e-01 1.300203919410705566e+00 -8.903802633285522461e-01 -2.600899934768676758e-01 -4.556531608104705811e-01 1.819345355033874512e-02 1.253152251243591309e+00 -4.060268700122833252e-01 7.914034128189086914e-01
-3.436075747013092041e-01 -8.800522685050964355e-01 -9.751614183187484741e-02 2.618373930454254150e-01 -9.041763097047805786e-02 6.453462243080139160e-01 -4.216411709785461426e-02 3.782804906368255615e-01 2.574875056743621826e-01 7.201534509658813477e-01
-3.405140340328216553e-01 -3.956478238105773926e-01 9.417781233787536621e-01 -6.842074543237686157e-02 1.945590041577816010e-02 4.644516408443450928e-01 2.100768387317657471e-01 1.033776283264160156e+00 2.955765426158905029e-01 1.077946782112121582e+00
-2.213865965604782104e-01 -5.903291702270507812e-01 2.112192362546920776e-01 -1.081431880593299866e-01 1.461896151304244995e-01 7.133719921112060547e-01 -2.679715454578399658e-01 1.045155227184295654e-01 2.300697267055511475e-01 8.245542645454406738e-02
2.254184633493423462e-01 7.538130879402160645e-01 -3.380659520626068115e-01 -1.855637878179550171e-01 -1.311911083757877350e-02 3.795922696590423584e-01 -5.330798029899597168e-02 -7.600347399711608887e-01 4.175967872142791748e-01 -1.246065497398376465e+00
2.705476582050323486e-01 4.409090876579284668e-01 -2.334543019533157349e-01 -9.115598350763320923e-02 1.002884432673454285e-01 5.206052586436271667e-02 -1.239487826824188232e-01 -1.112967491149902344e+00 1.082381904125213623e-01 -8.335216641426086426e-01
1.445182226598262787e-02 -5.501502156257629395e-01 1.558903902769088745e-01 7.774755954742431641e-01 6.739484518766403198e-02 3.072920739650726318e-01 9.296467900276184082e-02 8.450068831443786621e-01 5.262441635131835938e-01 8.297367095947265625e-01
-2.687780559062957764e-01 1.981161236763000488e-01 9.172019362449645996e-01 -1.135321974754333496e+00 -1.259681135416030884e-01 2.250944226980209351e-01 -2.290203273296356201e-01 4.442122876644134521e-01 -2.698127329349517822e-01 -3.417530953884124756e-01
8.124074935913085938e-01 4.665580391883850098e-01 -4.789298474788665771e-01 2.246145159006118774e-01 1.890946477651596069e-01 5.515430495142936707e-02 -3.563523590564727783e-01 -8.109324574470520020e-01 2.994459569454193115e-01 -9.933619499206542969e-01
-2.633285820484161377e-01 -9.778664112091064453e-01 3.535617887973785400e-01 -4.795974195003509521e-01 -9.873545914888381958e-02 4.721476733684539795e-01 -2.705783545970916748e-01 9.200140833854675293e-02 -4.316329061985015869e-01 5.387374162673950195e-01
3.028282225131988525e-01 -7.702513337135314941e-01 -5.702744126319885254e-01 1.093422651290893555e+00 2.492064088582992554e-01 2.930266559123992920e-01 4.818197786808013916e-01 2.117508351802825928e-01 6.207737326622009277e-02 4.651325047016143799e-01
4.054633677005767822e-01 5.260699391365051270e-01 -1.020919203758239746e+00 5.812977552413940430e-01 -1.000833585858345032e-01 -1.139778047800064087e-01 1.056931912899017334e-01 -9.561987519264221191e-01 2.654859721660614014e-01 -9.428561329841613770e-01
-2.858195640146732330e-02 -5.367045998573303223e-01 4.109443724155426025e-01 8.885165452957153320e-01 4.129717648029327393e-01 4.984365031123161316e-02 -3.173257410526275635e-01 6.180546879768371582e-01 6.298295259475708008e-01 7.202038764953613281e-01
9.686102867126464844e-01 6.723228096961975098e-01 -1.346882462501525879e+00 6.930781602859497070e-01 -1.773697286844253540e-01 -4.526646807789802551e-02 3.047917783260345459e-01 -3.584747612476348877e-01 4.325148761272430420e-01 -1.100945591926574707e+00
1.961149126291275024e-01 8.219975829124450684e-01 1.377982348203659058e-01 -4.363639056682586670e-01 1.645715683698654175e-01 -3.157589137554168701e-01 -2.062604129314422607e-01 -4.609358608722686768e-01 2.155251204967498779e-01 -9.722113609313964844e-01
4.481954872608184814e-01 6.250448822975158691e-01 -8.327513337135314941e-01 1.724625974893569946e-01 -1.028957441449165344e-01 2.066303938627243042e-01 9.892156720161437988e-02 -7.397206425666809082e-01 4.870369136333465576e-01 -1.102702736854553223e+00
4.968039095401763916e-01 -5.004762411117553711e-01 -1.195767998695373535e+00 9.203133583068847656e-01 1.452808231115341187e-01 2.922167479991912842e-01 2.952007949352264404e-01 -5.630441308021545410e-01 -8.180648088455200195e-03 -3.282328844070434570e-01
-6.728765964508056641e-01 -9.681577235460281372e-02 5.679215788841247559e-01 -6.897445917129516602e-01 2.065288871526718140e-01 5.021684169769287109e-01 -2.043788731098175049e-01 2.550563514232635498e-01 2.256606519222259521e-01 -2.407819926738739014e-01
-4.892487227916717529e-01 -5.565053820610046387e-01 -1.020283341407775879e+00 -5.291197448968887329e-02 -7.081010937690734863e-01 -1.023425608873367310e-01 2.976743876934051514e-01 -9.291986823081970215e-01 -8.136012554168701172e-01 3.378881514072418213e-01
-4.349571466445922852e-01 -5.257462859153747559e-01 2.818965017795562744e-01 -1.592336744070053101e-01 8.130552619695663452e-02 2.058265656232833862e-01 -3.219133317470550537e-01 -3.336830437183380127e-01 4.965731501579284668e-02 -8.499547839164733887e-02
-1.421803086996078491e-01 -5.250945687294006348e-01 -8.053422570228576660e-01 2.375222593545913696e-01 -4.173214435577392578e-01 8.411483466625213623e-02 1.134462058544158936e-01 -9.258653521537780762e-01 -4.655593931674957275e-01 3.157655298709869385e-01
1.445432454347610474e-01 -1.169675067067146301e-01 6.119498610496520996e-01 5.092262029647827148e-01 5.769370198249816895e-01 -2.341544181108474731e-01 -4.401035606861114502e-01 -4.413590729236602783e-01 3.741498887538909912e-01 -1.633644998073577881e-01
-8.283213526010513306e-02 -5.779229998588562012e-01 4.324499517679214478e-02 6.304252147674560547e-01 1.924235671758651733e-01 -2.425773292779922485e-01 1.428269445896148682e-01 -8.383780717849731445e-03 -2.109114229679107666e-01 1.206407785415649414e+00
6.361981388181447983e-03 5.983489155769348145e-01 6.861192584037780762e-01 -4.437555968761444092e-01 9.696423262357711792e-02 9.128944575786590576e-02 -3.870907127857208252e-01 2.625069320201873779e-01 5.214886665344238281e-01 -6.943961381912231445e-01
4.562045633792877197e-01 5.298845171928405762e-01 -9.055066704750061035e-01 4.982810318470001221e-01 -7.555926591157913208e-02 1.564126461744308472e-01 8.170095086097717285e-02 -1.048979282379150391e+00 2.474220693111419678e-01 -1.063708662986755371e+00
-4.022858664393424988e-02 -6.990351080894470215e-01 -5.642798542976379395e-01 6.959944963455200195e-01 -4.948646575212478638e-02 2.779650986194610596e-01 -9.985537268221378326e-03 -7.564925551414489746e-01 -1.329618990421295166e-01 4.450541436672210693e-01
-3.406806886196136475e-01 1.454620901495218277e-02 9.203907847404479980e-01 -3.904258906841278076e-01 1.063948497176170349e-01 4.459665343165397644e-02 1.333742518909275532e-03 5.725814700126647949e-01 5.118378996849060059e-02 5.787672996520996094e-01
2.422587424516677856e-01 -1.009294152259826660e+00 -6.398139595985412598e-01 1.167367815971374512e+00 6.012641638517379761e-02 9.820352494716644287e-02 3.400672376155853271e-01 1.162967085838317871e-02 -4.073552191257476807e-01 8.341608643531799316e-01
-3.863770663738250732e-01 -5.280471444129943848e-01 8.360535502433776855e-01 -5.499864816665649414e-01 1.982062309980392456e-01 2.559107840061187744e-01 -4.704636633396148682e-01 9.613727927207946777e-01 5.802628397941589355e-02 8.144489526748657227e-01
4.150615036487579346e-01 7.936314940452575684e-01 5.202721953392028809e-01 1.409971863031387329e-01 2.606231272220611572e-01 1.377875059843063354e-01 -2.458765208721160889e-01 -2.414658367633819580e-01 7.197458744049072266e-01 -1.012899041175842285e+00
-2.998245656490325928e-01 -1.510520935058593750e+00 -7.116895318031311035e-01 2.647607624530792236e-01 -1.725865751504898071e-01 2.139035314321517944e-01 -2.162791192531585693e-01 -6.550948023796081543e-01 -6.646832227706909180e-01 9.544581174850463867e-01
-1.419554091989994049e-02 -6.176146864891052246e-01 -4.972251355648040771e-01 4.251773655414581299e-01 -1.443392969667911530e-02 -7.113368809223175049e-02 1.832334697246551514e-01 -9.264152646064758301e-01 -2.792814075946807861e-01 5.093709826469421387e-01
5.618922710418701172e-01 6.054263561964035034e-02 -5.703840851783752441e-01 4.334757626056671143e-01 1.837001889944076538e-01 1.468366831541061401e-01 3.548440337181091309e-02 -8.471718430519104004e-01 5.313834547996520996e-02 -4.742266833782196045e-01
2.273030430078506470e-01 1.049672007560729980e+00 -2.683444917201995850e-01 -3.330436646938323975e-01 -7.618018891662359238e-03 -2.802744209766387939e-01 -1.807503998279571533e-01 -6.774383187294006348e-01 2.006423175334930420e-01 -1.048109412193298340e+00
3.933006823062896729e-01 3.055804371833801270e-01 -1.091422200202941895e+00 6.169221401214599609e-01 5.644708126783370972e-02 1.184174269437789917e-01 3.081645071506500244e-01 -7.780097126960754395e-01 9.917840361595153809e-02 -8.802891373634338379e-01
-4.936502501368522644e-02 4.372041672468185425e-02 1.054073691368103027e+00 -4.472864568233489990e-01 8.389448374509811401e-02 4.113313853740692139e-01 -3.052591979503631592e-01 6.257067322731018066e-01 4.215247333049774170e-01 6.230440735816955566e-02
-2.923328578472137451e-01 3.374823927879333496e-01 -7.547410577535629272e-02 -2.017873376607894897e-01 -4.718596339225769043e-01 -2.681632712483406067e-02 -8.275333046913146973e-02 -9.940147995948791504e-01 -2.683094143867492676e-02 -7.147202491760253906e-01
3.973572552204132080e-01 1.818268932402133942e-02 -9.985242486000061035e-01 7.300716638565063477e-01 4.889636486768722534e-02 2.531283795833587646e-01 2.002123892307281494e-01 -6.192891001701354980e-01 1.432515084743499756e-01 -8.369118571281433105e-01
4.630815088748931885e-01 -3.570364713668823242e-01 -7.005601525306701660e-01 1.306816458702087402e+00 2.461864203214645386e-01 4.418156668543815613e-02 3.312537968158721924e-01 -4.323723614215850830e-01 1.384004950523376465e-02 2.421629130840301514e-01
2.529582679271697998e-01 -5.359749197959899902e-01 -3.307438790798187256e-01 4.571709930896759033e-01 -1.799487620592117310e-01 -1.402092725038528442e-01 2.305860221385955811e-01 -1.002698302268981934e+00 -5.829440355300903320e-01 8.925849199295043945e-01
-5.021287798881530762e-01 -5.772766470909118652e-01 8.326219916343688965e-01 -4.164482057094573975e-01 -2.230233885347843170e-02 -2.162577584385871887e-02 -1.477648913860321045e-01 1.207453012466430664e+00 -1.589277088642120361e-01 1.242929697036743164e+00
2.422542721033096313e-01 -5.748663544654846191e-01 1.916639059782028198e-01 8.422207236289978027e-01 3.625931143760681152e-01 9.537075459957122803e-02 -1.720723509788513184e-02 3.271680772304534912e-01 2.126770913600921631e-01 6.738277673721313477e-01
-3.983418643474578857e-01 -7.951208949089050293e-01 -3.803404271602630615e-01 6.820859760046005249e-02 -2.344265729188919067e-01 3.628025576472282410e-02 -9.713175892829895020e-02 -7.773299813270568848e-01 -6.017729043960571289e-01 7.130753397941589355e-01
-2.621047198772430420e-01 -7.943911105394363403e-02 1.372441649436950684e+00 -6.103056669235229492e-01 1.254319213330745697e-02 -3.328563645482063293e-02 -8.862873911857604980e-02 1.456237435340881348e+00 4.659458994865417480e-02 7.427598237991333008e-01
-4.252047240734100342e-01 -4.278940558433532715e-01 9.886898398399353027e-01 -4.319994151592254639e-01 -9.781569987535476685e-02 1.242114156484603882e-01 -7.528021931648254395e-02 1.603550195693969727e+00 -1.281955838203430176e-02 1.073666334152221680e+00
8.543440699577331543e-01 2.793909907341003418e-01 -1.355801939964294434e+00 1.129159808158874512e+00 1.023018881678581238e-01 3.556178137660026550e-02 1.589945256710052490e-01 -8.787993788719177246e-01 1.705286204814910889e-01 -8.123318552970886230e-01
-1.713077072054147720e-03 -1.301204562187194824e-01 -4.845815598964691162e-01 6.241308450698852539e-01 1.194766256958246231e-03 1.220462173223495483e-01 7.901039719581604004e-02 -1.180452346801757812e+00 -7.267132401466369629e-02 -2.869555354118347168e-02
5.402346607297658920e-03 -4.052792191505432129e-01 6.079925894737243652e-01 6.978281736373901367e-01 2.315414398908615112e-01 -1.376352459192276001e-01 1.200352609157562256e-01 9.477035403251647949e-01 4.153821170330047607e-01 1.443297505378723145e+00
1.372977048158645630e-01 -1.001060366630554199e+00 5.244509130716323853e-02 9.283207654953002930e-01 -1.226473525166511536e-01 -1.141104251146316528e-01 6.474938988685607910e-02 1.684668958187103271e-01 7.368132472038269043e-02 1.275710344314575195e+00
3.375824987888336182e-01 -1.070565104484558105e+00 -1.116292595863342285e+00 1.268760204315185547e+00 4.655616730451583862e-02 3.707309663295745850e-01 4.533931314945220947e-01 3.378280997276306152e-02 -1.576204597949981689e-01 -1.341985166072845459e-01
5.900641437619924545e-03 7.041283249855041504e-01 -2.295141965150833130e-01 -5.955504179000854492e-01 1.883974764496088028e-03 -2.662838399410247803e-01 -8.062961697578430176e-02 -7.768723368644714355e-01 -7.216921448707580566e-02 -9.199911355972290039e-01
5.328063964843750000e-01 -3.080584406852722168e-01 -5.903766751289367676e-01 1.115125060081481934e+00 3.690509498119354248e-01 -4.353203251957893372e-02 1.568289101123809814e-01 -5.777905583381652832e-01 5.820438265800476074e-02 1.605606675148010254e-01
-1.644064635038375854e-01 -1.690918803215026855e-01 9.928409457206726074e-01 -4.307222068309783936e-01 3.035938441753387451e-01 3.517208993434906006e-01 -1.050381958484649658e-01 7.566114068031311035e-01 6.093260645866394043e-02 2.911128103733062744e-01
5.059321876615285873e-03 -6.152917742729187012e-01 -7.241283059120178223e-01 2.847791016101837158e-01 5.062877386808395386e-02 -1.253580003976821899e-01 -1.772435605525970459e-01 -9.826048016548156738e-01 -2.974974215030670166e-01 2.545781433582305908e-01
-2.141585201025009155e-01 -3.779435753822326660e-01 7.675606608390808105e-01 -4.409411922097206116e-03 2.304821275174617767e-02 2.942346632480621338e-01 -1.780772507190704346e-01 7.778318524360656738e-01 3.806013762950897217e-01 9.024285078048706055e-01
1.411436945199966431e-01 3.543615937232971191e-01 -1.045346856117248535e+00 -1.582370139658451080e-02 -2.637137174606323242e-01 3.186902701854705811e-01 1.816562116146087646e-01 -9.259955286979675293e-01 2.597766816616058350e-01 -9.787572622299194336e-01
3.657342493534088135e-01 5.548872351646423340e-01 -1.133849263191223145e+00 4.697743952274322510e-01 1.972602866590023041e-02 -1.073738485574722290e-01 1.487827003002166748e-01 -9.964961409568786621e-01 2.161156833171844482e-01 -1.050895333290100098e+00
-1.318267434835433960e-01 -4.605716560035943985e-03 1.118200659751892090e+00 -4.616957604885101318e-01 3.189316093921661377e-01 2.902370411902666092e-03 -1.359978020191192627e-01 6.139180064201354980e-02 -1.047239601612091064e-01 1.460825502872467041e-01
4.075275957584381104e-01 2.871013283729553223e-01 -2.278672009706497192e-01 7.128378376364707947e-03 1.291449517011642456e-01 3.059417903423309326e-01 2.451860010623931885e-01 -1.133197903633117676e+00 -4.057064652442932129e-02 -4.833383262157440186e-01
9.133414030075073242e-01 6.744648814201354980e-01 -1.414395213127136230e+00 8.808926343917846680e-01 -1.510788351297378540e-01 2.942369505763053894e-02 2.808778584003448486e-01 -4.142773449420928955e-01 3.359385430812835693e-01 -1.286149144172668457e+00
2.213961035013198853e-01 3.726189732551574707e-01 -1.124364972114562988e+00 1.189767345786094666e-01 -1.050891354680061340e-01 2.641899287700653076e-01 2.589007914066314697e-01 -8.310912251472473145e-01 2.023572623729705811e-01 -1.008054733276367188e+00
-1.565281003713607788e-01 4.979072213172912598e-01 9.947823882102966309e-01 -8.059715032577514648e-01 8.694570511579513550e-02 2.453381866216659546e-01 -3.854335844516754150e-01 -1.619210541248321533e-01 1.567446887493133545e-01 -7.236311435699462891e-01
-2.440736629068851471e-02 -4.015178233385086060e-02 -3.136955201625823975e-01 -4.042058885097503662e-01 -1.335464864969253540e-01 8.086280822753906250e-01 -9.373983740806579590e-02 -1.212312936782836914e+00 -1.371834576129913330e-01 -7.719253301620483398e-01
2.179333120584487915e-01 -5.360869765281677246e-01 -1.039991974830627441e+00 2.720213234424591064e-01 -4.047384262084960938e-01 4.728371202945709229e-01 -1.513528525829315186e-01 -1.406016826629638672e+00 -3.064375221729278564e-01 -5.254074931144714355e-02
-2.533803284168243408e-01 -4.059442877769470215e-01 8.839084506034851074e-01 -8.453462123870849609e-01 -7.434762269258499146e-02 1.746793836355209351e-01 -3.876129686832427979e-01 7.434166073799133301e-01 -3.411095440387725830e-01 6.445684432983398438e-01
4.855232536792755127e-01 -5.269735455513000488e-01 -1.255148530006408691e+00 1.202965855598449707e+00 1.786092370748519897e-01 9.994183480739593506e-02 2.102368175983428955e-01 -8.404236435890197754e-01 -1.733624041080474854e-01 9.191986918449401855e-02
-4.603793323040008545e-01 -1.301074624061584473e-01 7.617995142936706543e-01 -7.739099264144897461e-01 -5.500677973031997681e-02 3.692254126071929932e-01 -1.387020647525787354e-01 -2.903930246829986572e-01 -2.790587246417999268e-01 5.126610398292541504e-02
-3.319396674633026123e-01 -5.614097714424133301e-01 6.405135989189147949e-01 4.487377703189849854e-01 1.844390183687210083e-01 1.613612025976181030e-01 3.888083994388580322e-01 9.206923842430114746e-01 1.054604947566986084e-01 1.483281135559082031e+00
-3.993371967226266861e-03 4.111974686384201050e-02 1.012451767921447754e+00 -2.673573195934295654e-01 2.133845351636409760e-02 3.848976790904998779e-01 -1.416321694850921631e-01 1.013090610504150391e+00 3.338563144207000732e-01 4.036845266819000244e-01
6.220529675483703613e-01 6.183446049690246582e-01 -1.286378741264343262e+00 6.929279565811157227e-01 -7.072169333696365356e-02 -9.898918680846691132e-03 2.983938157558441162e-01 -7.987783551216125488e-01 2.291794717311859131e-01 -1.078841447830200195e+00
1.698974519968032837e-01 3.445882201194763184e-01 1.186650633811950684e+00 2.082783132791519165e-01 2.449246793985366821e-01 -4.412605240941047668e-02 -2.824167311191558838e-01 7.445563673973083496e-01 5.128650665283203125e-01 3.000673353672027588e-01
2.603046000003814697e-01 -3.624793291091918945e-01 -6.375434994697570801e-01 5.592017173767089844e-01 -1.207620836794376373e-02 3.028431832790374756e-01 2.160801589488983154e-01 -7.897000908851623535e-01 -5.424585938453674316e-02 -2.364072203636169434e-02
-8.440396934747695923e-02 1.314883772283792496e-02 1.239256024360656738e+00 -4.784522950649261475e-01 1.934711784124374390e-01 4.064605757594108582e-02 -2.407007515430450439e-01 7.677277922630310059e-01 1.108979880809783936e-01 4.369262754917144775e-01
-6.152246519923210144e-02 1.453210711479187012e-01 -4.509256780147552490e-01 -2.693141400814056396e-01 -1.146113350987434387e-01 2.408906668424606323e-01 2.921600639820098877e-01 -1.211827158927917480e+00 -1.235754787921905518e-01 -6.161389350891113281e-01
3.336688037961721420e-03 -9.774024039506912231e-02 5.046462416648864746e-01 3.463628143072128296e-02 2.383099645376205444e-01 1.495857685804367065e-01 -1.783055365085601807e-01 -2.381458580493927002e-01 6.578275561332702637e-02 -2.683354914188385010e-01
-5.474523305892944336e-01 -9.348724484443664551e-01 -7.462468743324279785e-01 -4.160107076168060303e-01 -4.276899099349975586e-01 1.959215253591537476e-01 4.403796792030334473e-02 -9.318801760673522949e-01 -8.743114471435546875e-01 4.345381557941436768e-01
7.056554406881332397e-02 -1.204025506973266602e+00 -5.765021443367004395e-01 7.341684103012084961e-01 -1.897146850824356079e-01 7.930146157741546631e-02 8.460133336484432220e-03 -1.097448170185089111e-01 -2.377308905124664307e-01 7.870787382125854492e-01
2.204930931329727173e-01 -1.386849284172058105e-01 1.139353632926940918e+00 6.024381145834922791e-03 1.038077697157859802e-01 -2.920248210430145264e-01 -2.860750854015350342e-01 1.411232352256774902e+00 2.543325126171112061e-01 9.329186677932739258e-01
3.578295186161994934e-02 -8.914067745208740234e-01 -2.755268663167953491e-02 9.444367289543151855e-01 1.135330125689506531e-01 3.292066752910614014e-01 2.091257274150848389e-01 5.053222775459289551e-01 3.127151429653167725e-01 1.122386455535888672e+00
2.043546587228775024e-01 1.050300836563110352e+00 2.239507883787155151e-01 -4.920390546321868896e-01 1.833010166883468628e-01 -4.944010451436042786e-02 -2.105830013751983643e-01 -5.635293126106262207e-01 2.650627791881561279e-01 -1.008836984634399414e+00
2.573398649692535400e-01 1.117456480860710144e-01 -8.778901696205139160e-01 3.747527897357940674e-01 -3.297705203294754028e-02 1.290321797132492065e-01 3.756057322025299072e-01 -1.049003362655639648e+00 -4.503300786018371582e-02 -5.417439341545104980e-01
-6.771550774574279785e-01 1.832972168922424316e-01 9.032303690910339355e-01 -9.023115634918212891e-01 1.578201204538345337e-01 4.557186067104339600e-01 5.313637852668762207e-02 3.727457225322723389e-01 -6.711950898170471191e-02 -8.464011549949645996e-02
-7.821294665336608887e-01 -5.806744098663330078e-01 -5.741032212972640991e-02 -4.957828670740127563e-02 3.358625620603561401e-02 7.274366617202758789e-01 2.707445323467254639e-01 -4.440442621707916260e-01 -3.259717524051666260e-01 4.358418285846710205e-01
-2.888462878763675690e-02 1.330532431602478027e-01 1.265465140342712402e+00 -5.526832342147827148e-01 -1.832204610109329224e-01 -1.364393383264541626e-01 -1.935070455074310303e-01 1.505789279937744141e+00 1.337735354900360107e-01 5.323184728622436523e-01
-9.794596582651138306e-02 -1.029693558812141418e-01 1.106291174888610840e+00 1.480355411767959595e-01 7.026555389165878296e-02 -2.065808922052383423e-01 1.860490739345550537e-01 1.421948194503784180e+00 3.814034163951873779e-01 1.067657113075256348e+00
6.864344477653503418e-01 7.273851037025451660e-01 -1.343956828117370605e+00 5.702461004257202148e-01 -1.792702227830886841e-01 1.168650225736200809e-03 2.045428454875946045e-01 -5.909544825553894043e-01 3.190042674541473389e-01 -1.284147620201110840e+00
3.536893427371978760e-01 -8.121175318956375122e-02 -1.159800171852111816e+00 7.598696947097778320e-01 1.035142466425895691e-01 2.821074053645133972e-02 2.461614310741424561e-01 -9.329714179039001465e-01 2.384039759635925293e-02 -3.992923796176910400e-01
8.497437462210655212e-03 1.307374835014343262e-01 -3.554891049861907959e-01 -2.292547076940536499e-01 -1.077556684613227844e-01 5.231541395187377930e-01 7.622548937797546387e-02 -7.103993296623229980e-01 1.435620486736297607e-01 -9.433941841125488281e-01
8.076824992895126343e-02 6.197142004966735840e-01 7.918778806924819946e-02 -3.276745975017547607e-01 5.894153565168380737e-02 4.474019706249237061e-01 -5.457869172096252441e-02 -1.570775806903839111e-01 5.668259859085083008e-01 -1.206100821495056152e+00
5.478271842002868652e-01 8.524770140647888184e-01 1.728593558073043823e-01 -2.735414206981658936e-01 1.813049167394638062e-01 -2.925462424755096436e-01 -3.222273886203765869e-01 -5.319481492042541504e-01 2.562321126461029053e-01 -1.018385648727416992e+00
3.981502950191497803e-01 -3.917453885078430176e-01 -8.490749001502990723e-01 7.406004667282104492e-01 -7.292637135833501816e-03 2.714198548346757889e-03 2.869536578655242920e-01 -1.260668635368347168e+00 -3.207989037036895752e-01 1.665928065776824951e-01
2.523720562458038330e-01 1.849362254142761230e-01 -5.037880539894104004e-01 1.735478788614273071e-01 2.645161151885986328e-01 2.572398483753204346e-01 3.526028990745544434e-02 -8.349335789680480957e-01 1.061573922634124756e-01 -7.906246185302734375e-01
4.701193869113922119e-01 2.785065770149230957e-01 -9.769967198371887207e-01 6.374820470809936523e-01 1.794384978711605072e-02 8.096222579479217529e-02 9.824696183204650879e-02 -1.125748157501220703e+00 7.850322127342224121e-02 -7.155779600143432617e-01
-1.010275855660438538e-01 -1.366489529609680176e-01 1.341014027595520020e+00 -4.641011655330657959e-01 -9.647465497255325317e-02 -8.907712996006011963e-02 -3.688561618328094482e-01 1.377663493156433105e+00 3.073332011699676514e-01 7.228071689605712891e-01
-7.237998843193054199e-01 -2.430928349494934082e-01 9.923953413963317871e-01 -9.743033647537231445e-01 -1.174836829304695129e-01 3.383263051509857178e-01 -1.264502108097076416e-01 1.208408713340759277e+00 -8.047536015510559082e-02 6.788413524627685547e-01
7.353308051824569702e-02 8.657193779945373535e-01 1.715053766965866089e-01 -6.255602836608886719e-01 9.617739170789718628e-02 -9.770585596561431885e-02 -1.702686250209808350e-01 -6.963606476783752441e-01 8.481881022453308105e-02 -9.795451164245605469e-01
-3.981108367443084717e-01 -9.977549314498901367e-01 3.733071386814117432e-01 -7.932422310113906860e-02 -3.070701062679290771e-01 -1.669909432530403137e-02 -1.982156336307525635e-01 2.916202247142791748e-01 -2.823314964771270752e-01 1.499666810035705566e+00
-5.802093073725700378e-02 -8.313843607902526855e-01 -3.972736299037933350e-01 5.269951820373535156e-01 -8.966762572526931763e-02 -9.950675070285797119e-02 1.844179332256317139e-01 -7.317751049995422363e-01 -6.646740436553955078e-01 1.128172874450683594e+00
-3.330257833003997803e-01 2.827907204627990723e-01 1.451334118843078613e+00 -9.286022186279296875e-01 -1.236283853650093079e-01 -2.395548298954963684e-02 -9.010007977485656738e-02 1.199651479721069336e+00 -7.172137498855590820e-03 2.507311403751373291e-01
-4.759891331195831299e-01 -2.084860205650329590e-01 1.266241192817687988e+00 -6.259042024612426758e-01 -8.307719975709915161e-02 1.306714862585067749e-01 -1.522918045520782471e-01 1.496740579605102539e+00 2.821232974529266357e-01 8.096774816513061523e-01
2.371300011873245239e-01 9.553621411323547363e-01 1.729370802640914917e-01 -4.029193818569183350e-01 2.828171942383050919e-03 -4.282833635807037354e-01 -1.454256474971771240e-01 -6.741812825202941895e-01 1.364543139934539795e-01 -1.025122761726379395e+00
8.086669445037841797e-01 9.564985632896423340e-01 -8.914914727210998535e-01 4.980919659137725830e-01 -6.223554164171218872e-02 1.106808800250291824e-02 1.223310530185699463e-01 -5.435569882392883301e-01 5.878956317901611328e-01 -1.093572497367858887e+00
-3.678466379642486572e-01 5.298905968666076660e-01 1.264138102531433105e+00 -7.494856119155883789e-01 -7.403535395860671997e-02 3.751583993434906006e-01 1.290181186050176620e-02 3.497657477855682373e-01 1.445285975933074951e-01 -2.752567231655120850e-01
2.065395265817642212e-01 3.820834755897521973e-01 -1.115225180983543396e-01 1.471121460199356079e-01 2.534503638744354248e-01 -1.508940011262893677e-01 9.145686030387878418e-02 -1.036818981170654297e+00 1.404417455196380615e-01 -7.147565484046936035e-01
-1.281863898038864136e-01 4.621708989143371582e-01 4.865092337131500244e-01 -7.606306076049804688e-01 -1.493848115205764771e-01 3.154456317424774170e-01 -1.852433383464813232e-01 -6.170597672462463379e-01 2.262386679649353027e-02 -9.049379825592041016e-01
1.535928994417190552e-01 5.486168265342712402e-01 6.531278043985366821e-02 -5.325086116790771484e-01 -6.159824877977371216e-02 -2.400996163487434387e-02 6.445130705833435059e-02 -1.083928108215332031e+00 -8.330181241035461426e-02 -6.030941009521484375e-01
-4.381195828318595886e-02 -5.499971508979797363e-01 5.730695128440856934e-01 7.635478973388671875e-01 2.154245823621749878e-01 -2.457268387079238892e-01 2.034495174884796143e-01 5.892109274864196777e-01 6.337127089500427246e-02 1.549179434776306152e+00
1.650180965662002563e-01 -3.991385102272033691e-01 -1.132760167121887207e+00 6.842120885848999023e-01 2.561449073255062103e-02 3.454541862010955811e-01 3.027807772159576416e-01 -1.152154564857482910e+00 -1.511135399341583252e-01 -3.495786488056182861e-01
-7.600890398025512695e-01 -8.991952538490295410e-01 5.260402560234069824e-01 -6.565970182418823242e-01 -5.070859789848327637e-01 -4.546429589390754700e-02 -1.827616989612579346e-01 -2.686746418476104736e-01 -7.665629386901855469e-01 1.219549059867858887e+00
-1.498321536928415298e-03 -4.909349679946899414e-01 3.599046766757965088e-01 6.222027540206909180e-01 3.352821767330169678e-01 8.437258191406726837e-03 2.279331386089324951e-01 3.553543984889984131e-01 1.242749392986297607e-01 1.322956085205078125e+00
7.380261272192001343e-02 1.397532820701599121e-01 1.260403513908386230e+00 3.615870326757431030e-02 6.123452633619308472e-02 -1.887974888086318970e-01 -2.744403481483459473e-02 1.359550595283508301e+00 2.612368762493133545e-01 7.975391149520874023e-01
2.372118383646011353e-01 1.688128113746643066e-01 -5.737648606300354004e-01 1.010534986853599548e-01 -9.490797296166419983e-03 1.955817267298698425e-02 2.355791032314300537e-01 -1.152117490768432617e+00 -9.454885125160217285e-02 -4.049670994281768799e-01
3.471982181072235107e-01 2.448692917823791504e-01 -9.406700730323791504e-01 2.951971590518951416e-01 -1.504932790994644165e-01 -9.039360098540782928e-03 3.165322244167327881e-01 -1.221801638603210449e+00 -2.058496773242950439e-01 -6.752561926841735840e-01
1.135725602507591248e-01 -1.028890967369079590e+00 -8.120258897542953491e-02 4.896028339862823486e-01 1.050232909619808197e-02 1.139184087514877319e-01 -1.642820537090301514e-01 -8.180355429649353027e-01 -4.420717060565948486e-01 9.151670932769775391e-01
-3.318670690059661865e-01 1.816862262785434723e-02 6.055137515068054199e-01 -7.645766735076904297e-01 -3.148560225963592529e-01 2.247510999441146851e-01 -1.731960475444793701e-01 -3.479650318622589111e-01 -2.061677277088165283e-01 -2.514028251171112061e-01
-1.477830260992050171e-01 2.484387755393981934e-01 -6.250169873237609863e-01 1.000966690480709076e-02 -9.019125252962112427e-02 1.591192334890365601e-01 1.630006730556488037e-01 -1.266800522804260254e+00 -3.404703736305236816e-02 -8.688394427299499512e-01
-1.914707869291305542e-01 1.762519478797912598e-01 1.240556120872497559e+00 -6.998789310455322266e-01 2.084207981824874878e-01 3.412487804889678955e-01 -3.090438544750213623e-01 6.902901530265808105e-01 1.446942985057830811e-01 -1.811074912548065186e-01
-1.027514114975929260e-01 -4.348710179328918457e-01 -3.158105313777923584e-01 1.589532047510147095e-01 -1.392867118120193481e-01 -4.318569600582122803e-01 -1.378168165683746338e-01 -1.130975842475891113e+00 -5.038791894912719727e-01 6.239372491836547852e-01
6.561353206634521484e-01 5.047417283058166504e-01 -1.101439118385314941e+00 4.679254591464996338e-01 5.845206230878829956e-02 -1.816950589418411255e-01 1.454337537288665771e-01 -7.863863110542297363e-01 2.120001018047332764e-01 -8.935764431953430176e-01
-2.619949877262115479e-01 -5.922855734825134277e-01 6.299039721488952637e-01 1.017532572150230408e-01 3.831933140754699707e-01 -1.054197698831558228e-01 1.986998021602630615e-01 6.472180485725402832e-01 -1.482267677783966064e-01 1.285359740257263184e+00
3.191290199756622314e-01 -5.810529589653015137e-01 -1.065380692481994629e+00 7.289881706237792969e-01 -3.732771575450897217e-01 1.596305221319198608e-01 2.022766768932342529e-01 -9.286059737205505371e-01 -2.686798870563507080e-01 1.137172281742095947e-01
-1.207161322236061096e-01 -3.168562054634094238e-01 7.983092665672302246e-01 2.073218971490859985e-01 2.117568701505661011e-01 2.897845804691314697e-01 1.462033297866582870e-02 1.114260435104370117e+00 4.976794421672821045e-01 1.057653307914733887e+00
2.643646299839019775e-01 -8.526882529258728027e-01 -8.088122010231018066e-01 9.119436740875244141e-01 -1.215800717473030090e-01 1.265947073698043823e-01 4.308737218379974365e-01 -7.075734734535217285e-01 -4.312818348407745361e-01 7.079345583915710449e-01
-2.000683397054672241e-01 -6.310802102088928223e-01 7.441698908805847168e-01 1.530685089528560638e-02 5.308263748884201050e-02 2.072754353284835815e-01 6.203183531761169434e-02 1.178141474723815918e+00 5.566594004631042480e-02 1.329521059989929199e+00
5.131040811538696289e-01 8.017007708549499512e-01 -6.693168282508850098e-01 3.070141933858394623e-02 1.199309751391410828e-01 -2.683213651180267334e-01 1.263605356216430664e-01 -5.804187655448913574e-01 3.442420661449432373e-01 -9.195670485496520996e-01
1.694454811513423920e-02 -5.288496613502502441e-01 6.566419005393981934e-01 6.550289392471313477e-01 1.431394368410110474e-01 -1.137074381113052368e-01 1.531603839248418808e-02 1.126604318618774414e+00 3.564130961894989014e-01 1.443760156631469727e+00
2.952351272106170654e-01 -2.809444069862365723e-01 7.301470637321472168e-01 7.327487468719482422e-01 2.918739914894104004e-01 -5.494905710220336914e-01 7.993546128273010254e-02 9.095478653907775879e-01 4.740962684154510498e-01 1.332214236259460449e+00
-2.675329148769378662e-01 1.876717247068881989e-02 1.360499978065490723e+00 -6.625130176544189453e-01 -8.711526170372962952e-03 9.408698976039886475e-02 2.310070395469665527e-02 1.296753644943237305e+00 1.154679954051971436e-01 5.990053415298461914e-01
-5.087016224861145020e-01 4.391834139823913574e-01 1.350815415382385254e+00 -9.697610139846801758e-01 -4.837486892938613892e-02 -1.182450633496046066e-02 -3.574551641941070557e-01 4.723798930644989014e-01 -1.451567709445953369e-01 -1.143029630184173584e-01
-1.992534250020980835e-01 5.563167929649353027e-01 1.295364022254943848e+00 -7.904459238052368164e-01 3.573422878980636597e-02 1.410727351903915405e-01 -2.782223522663116455e-01 4.391805827617645264e-01 1.602415740489959717e-01 -3.311198651790618896e-01
-2.102677077054977417e-01 -1.706082187592983246e-02 -5.376299470663070679e-02 -4.587505757808685303e-01 -9.754765778779983521e-02 -1.102066785097122192e-01 4.707333445549011230e-02 -1.244348406791687012e+00 -4.553721249103546143e-01 -1.342380940914154053e-01
-1.224101558327674866e-01 1.066541001200675964e-01 7.384592890739440918e-01 -3.759325444698333740e-01 1.731009334325790405e-01 6.722248792648315430e-01 1.269313599914312363e-02 3.631150424480438232e-01 3.538973033428192139e-01 -2.930913865566253662e-01
5.390884876251220703e-01 -6.092089414596557617e-01 -6.004830002784729004e-01 1.229925155639648438e+00 2.027986496686935425e-01 2.577565237879753113e-02 -1.088142096996307373e-01 -1.124012768268585205e-01 1.578781306743621826e-01 3.709774315357208252e-01
-2.495119422674179077e-01 -1.076826810836791992e+00 6.922189146280288696e-02 -2.642949521541595459e-01 -2.768332958221435547e-01 8.852583356201648712e-03 -1.274612843990325928e-01 -2.120576202869415283e-01 -7.487093210220336914e-01 1.051314711570739746e+00
5.903848409652709961e-01 1.095419764518737793e+00 -1.477642804384231567e-01 -1.740420907735824585e-01 1.292032450437545776e-01 -3.678136765956878662e-01 -3.542805016040802002e-01 -4.466257393360137939e-01 4.854047000408172607e-01 -1.155642271041870117e+00
4.525105059146881104e-01 2.331822514533996582e-01 -1.106683373451232910e+00 5.834523439407348633e-01 7.671450823545455933e-02 1.628930419683456421e-01 2.999766170978546143e-01 -6.543771624565124512e-01 3.040108382701873779e-01 -7.801679372787475586e-01
-2.163141816854476929e-01 -2.245463728904724121e-01 1.377246260643005371e+00 -5.689264535903930664e-01 -1.857457309961318970e-01 -4.872185885906219482e-01 -1.852932870388031006e-01 1.696120500564575195e+00 -1.960096415132284164e-04 8.229299783706665039e-01
-4.433474242687225342e-01 -5.193940997123718262e-01 5.764951109886169434e-01 7.537069171667098999e-02 1.270620673894882202e-01 2.099421471357345581e-01 1.090811789035797119e-01 7.719370722770690918e-01 -4.646638035774230957e-02 1.278570294380187988e+00
-1.207058206200599670e-01 6.862276047468185425e-02 -6.032047867774963379e-01 -2.806333005428314209e-01 -3.605223894119262695e-01 -6.055064871907234192e-02 2.970779836177825928e-01 -1.245983600616455078e+00 -4.527205526828765869e-01 -1.345697343349456787e-01
7.064754962921142578e-01 4.105303883552551270e-01 -9.233298897743225098e-01 5.411131381988525391e-01 -6.303203850984573364e-02 3.223709389567375183e-02 5.993661284446716309e-02 -6.937529444694519043e-01 3.343801200389862061e-01 -1.125462174415588379e+00
-4.773517549037933350e-01 7.145994156599044800e-02 1.254333853721618652e+00 -9.814174175262451172e-01 -3.068459965288639069e-02 4.296355545520782471e-01 -3.145643277093768120e-04 7.527634501457214355e-01 -6.356039643287658691e-02 1.033582985401153564e-01
3.753077685832977295e-01 5.635941624641418457e-01 -4.225259721279144287e-01 1.356996446847915649e-01 1.119320653378963470e-02 2.192346379160881042e-02 8.953123353421688080e-03 -8.308237195014953613e-01 4.146010577678680420e-01 -1.009549021720886230e+00
4.110927879810333252e-01 2.639885544776916504e-01 -1.100589632987976074e+00 3.495217859745025635e-01 -1.951163560152053833e-01 -6.206514313817024231e-02 2.199687063694000244e-01 -1.019071221351623535e+00 -3.360036015510559082e-02 -7.129403948783874512e-01
3.143943250179290771e-01 -2.426064610481262207e-01 -7.957771420478820801e-01 6.668736934661865234e-01 1.145768687129020691e-01 -6.357087194919586182e-02 1.513896882534027100e-01 -9.046725630760192871e-01 -2.792266011238098145e-02 -9.317412972450256348e-02
3.963117003440856934e-01 -5.116743445396423340e-01 -7.389057278633117676e-01 1.009223818778991699e+00 4.975771158933639526e-02 -1.978550702333450317e-01 3.801283240318298340e-02 -7.585387825965881348e-01 -1.397913992404937744e-01 2.413301169872283936e-01
9.419232010841369629e-01 -3.459110856056213379e-01 -5.519221425056457520e-01 1.150071382522583008e+00 1.545938104391098022e-01 1.015361994504928589e-01 2.642621695995330811e-01 -5.247870087623596191e-02 4.986676573753356934e-02 1.240015625953674316e-01
2.922362983226776123e-01 -1.482593417167663574e-01 1.067875981330871582e+00 -4.081020504236221313e-02 2.515841722488403320e-01 -3.554767072200775146e-01 -3.195108473300933838e-01 5.833722949028015137e-01 3.007634580135345459e-01 6.033719778060913086e-01
2.474929951131343842e-02 -6.418600678443908691e-01 -9.859862923622131348e-01 4.778026640415191650e-01 3.104703687131404877e-02 1.603711694478988647e-01 1.781212389469146729e-01 -1.015209794044494629e+00 -3.007295429706573486e-01 1.603046953678131104e-01
2.237473875284194946e-01 5.002530217170715332e-01 -5.888109803199768066e-01 -3.863511234521865845e-02 -1.358080841600894928e-02 -5.933083966374397278e-02 1.505233347415924072e-01 -1.210300207138061523e+00 -2.086701989173889160e-02 -5.574198961257934570e-01
3.270335868000984192e-02 -9.587553739547729492e-01 -6.287825703620910645e-01 1.009363412857055664e+00 -4.720092564821243286e-02 3.490666449069976807e-01 1.534984409809112549e-01 4.203817546367645264e-01 2.257950007915496826e-01 8.778963088989257812e-01
-4.288158938288688660e-02 -2.380155920982360840e-01 9.031707644462585449e-01 2.407747656106948853e-01 2.759068310260772705e-01 1.252933591604232788e-01 -4.298809170722961426e-02 1.029411315917968750e+00 4.519433677196502686e-01 1.019472479820251465e+00
1.399002224206924438e-01 -3.010701537132263184e-01 6.519410014152526855e-01 6.821571588516235352e-01 1.337482482194900513e-01 -2.973371446132659912e-01 -1.256913244724273682e-01 9.969119429588317871e-01 4.286434352397918701e-01 1.370420813560485840e+00
-3.455648124217987061e-01 -7.031608223915100098e-01 -4.623444974422454834e-01 2.635649740695953369e-01 -7.270879298448562622e-02 -5.402489379048347473e-02 3.780355155467987061e-01 -5.833662152290344238e-01 -7.570275068283081055e-01 8.069462776184082031e-01
2.804495953023433685e-02 3.272354006767272949e-01 1.510850638151168823e-01 6.243553012609481812e-02 7.472112029790878296e-02 3.633262813091278076e-01 -5.101200938224792480e-02 -1.267011463642120361e-01 5.938434600830078125e-01 -9.242236614227294922e-01
9.180706739425659180e-01 8.389816880226135254e-01 -1.280491471290588379e+00 6.103402376174926758e-01 -6.900716572999954224e-02 -9.623773396015167236e-02 1.488266289234161377e-01 -4.176774322986602783e-01 4.045405089855194092e-01 -1.299504995346069336e+00
5.516066551208496094e-01 5.680347084999084473e-01 -1.059849619865417480e+00 2.357885986566543579e-01 -6.486917287111282349e-02 5.348144099116325378e-02 3.191834390163421631e-01 -8.646841645240783691e-01 2.691845595836639404e-01 -8.733232021331787109e-01
-5.567818880081176758e-01 -3.647828698158264160e-01 9.630379080772399902e-01 -1.027414575219154358e-01 2.059564739465713501e-01 1.625773757696151733e-01 1.859042346477508545e-01 1.300351142883300781e+00 6.157466769218444824e-02 1.155152201652526855e+00
-4.234580099582672119e-01 -1.065085530281066895e+00 1.436342447996139526e-01 2.613473236560821533e-01 -5.375737696886062622e-02 1.459026783704757690e-01 -2.210345864295959473e-02 1.301123797893524170e-01 -5.296018123626708984e-01 1.526944160461425781e+00
-3.483106791973114014e-01 -7.445771694183349609e-01 -7.095750421285629272e-02 2.084827572107315063e-01 -9.436211735010147095e-02 1.427829712629318237e-01 9.514740109443664551e-02 -5.354009270668029785e-01 -4.890953600406646729e-01 9.004087448120117188e-01
-6.763967871665954590e-01 1.127644106745719910e-01 1.083331942558288574e+00 -7.731437683105468750e-01 -1.504004932940006256e-02 4.371903240680694580e-01 2.115312516689300537e-01 7.349560856819152832e-01 -2.942994236946105957e-02 3.879368603229522705e-01
-1.828811615705490112e-01 4.437784552574157715e-01 1.142997860908508301e+00 -8.078712224960327148e-01 4.765634983777999878e-02 1.809542030096054077e-01 -1.257082521915435791e-01 3.856723010540008545e-01 -1.193311810493469238e-02 -3.649238049983978271e-01
4.170873463153839111e-01 7.615550160408020020e-01 -3.746283948421478271e-01 -1.551184505224227905e-01 1.213391050696372986e-01 2.407006546854972839e-02 -3.196296095848083496e-02 -7.308008074760437012e-01 3.293802440166473389e-01 -1.046132087707519531e+00
-5.289232730865478516e-01 1.780952811241149902e-01 1.332204222679138184e+00 -9.317845106124877930e-01 -6.929076462984085083e-02 -1.849154382944107056e-01 8.017936348915100098e-02 9.211574196815490723e-01 -2.489285767078399658e-01 3.730205595493316650e-01
1.397134922444820404e-02 6.945436447858810425e-02 -6.305077672004699707e-01 -7.571063190698623657e-02 -3.976954817771911621e-01 6.076280400156974792e-02 1.805124580860137939e-01 -1.290605068206787109e+00 -2.849128544330596924e-01 -4.855314791202545166e-01
9.756525978446006775e-03 -6.733555197715759277e-01 -8.786759339272975922e-03 9.141075611114501953e-01 3.748098313808441162e-01 2.608609497547149658e-01 2.141168415546417236e-01 5.690169930458068848e-01 3.954946696758270264e-01 7.944014072418212891e-01
2.622529566287994385e-01 7.783225178718566895e-01 -7.670322060585021973e-01 2.348866127431392670e-02 -3.929854184389114380e-02 6.575785577297210693e-02 5.728545784950256348e-02 -1.033542394638061523e+00 2.966264188289642334e-01 -1.077401876449584961e+00
3.996690269559621811e-03 3.599942326545715332e-01 9.270433783531188965e-01 -9.339226484298706055e-01 -1.701058894395828247e-01 -7.849313318729400635e-02 -4.089603126049041748e-01 3.266405761241912842e-01 1.140994727611541748e-01 -6.184390783309936523e-01
-1.353791207075119019e-01 5.866866707801818848e-01 9.420587420463562012e-01 -4.922247827053070068e-01 2.621130049228668213e-01 4.420640766620635986e-01 -1.274739205837249756e-01 4.445029199123382568e-01 4.401257932186126709e-01 -5.853409767150878906e-01
9.918591007590293884e-03 -1.192997172474861145e-01 7.811672091484069824e-01 1.807891279458999634e-01 2.777977846562862396e-02 -5.242778733372688293e-02 -1.218756735324859619e-01 1.361083626747131348e+00 5.888348817825317383e-01 1.075946688652038574e+00
-9.433943629264831543e-01 -8.739275485277175903e-02 8.673233389854431152e-01 -9.547296762466430664e-01 1.554215997457504272e-01 5.388470888137817383e-01 2.098212540149688721e-01 6.387544274330139160e-01 -6.270423531532287598e-02 4.610966742038726807e-01
3.486206009984016418e-02 -8.961982280015945435e-02 -7.803507447242736816e-01 3.402415812015533447e-01 2.744780182838439941e-01 2.774824798107147217e-01 2.575503289699554443e-01 -1.043546915054321289e+00 -2.296009659767150879e-02 -6.559429168701171875e-01
-4.204262197017669678e-01 5.067165493965148926e-01 1.441771864891052246e+00 -8.128854036331176758e-01 3.766243904829025269e-02 1.867800801992416382e-01 2.947375178337097168e-02 7.325612902641296387e-01 4.302307963371276855e-02 5.781331658363342285e-02
-5.521256923675537109e-01 1.882796920835971832e-02 8.391112685203552246e-01 -1.098120093345642090e+00 -3.416202068328857422e-01 1.911345571279525757e-01 -1.460953652858734131e-01 -6.521323323249816895e-02 -5.805791616439819336e-01 -1.901239273138344288e-03
-1.061167493462562561e-01 1.411325335502624512e-01 1.207366824150085449e+00 -6.108851432800292969e-01 2.327181957662105560e-02 -6.510306894779205322e-02 -3.090550005435943604e-01 4.480219781398773193e-01 2.152416110038757324e-02 5.625763535499572754e-02
-5.872905254364013672e-01 -5.809157490730285645e-01 4.360679686069488525e-01 6.256952136754989624e-02 7.054268568754196167e-02 -1.524261385202407837e-01 2.291643321514129639e-01 8.130142092704772949e-02 -6.194770336151123047e-01 1.360219717025756836e+00
-1.964726299047470093e-01 6.199782341718673706e-02 9.684223532676696777e-01 -8.954269886016845703e-01 -2.418569661676883698e-02 4.493151605129241943e-01 -1.428627073764801025e-01 5.848247408866882324e-01 9.415158629417419434e-02 -1.430298984050750732e-01
-5.938773155212402344e-01 -1.067672014236450195e+00 -6.501424908638000488e-01 -7.693264633417129517e-02 -5.511569380760192871e-01 3.250278532505035400e-01 -7.666042447090148926e-02 -7.896423935890197754e-01 -5.692726373672485352e-01 6.890031099319458008e-01
1.289177089929580688e-01 2.960891127586364746e-01 -1.009626984596252441e+00 1.170081123709678650e-01 -1.978791505098342896e-01 4.258098304271697998e-01 1.990303397178649902e-02 -8.959675431251525879e-01 6.857630610466003418e-02 -1.150511145591735840e+00
-8.966860920190811157e-02 7.161387801170349121e-01 4.517261087894439697e-01 -6.880307197570800781e-01 3.894411772489547729e-02 4.128992855548858643e-01 -1.200305521488189697e-01 -1.584506332874298096e-01 2.613532245159149170e-01 -1.168481469154357910e+00
-4.771389663219451904e-01 -3.600884079933166504e-01 7.013093829154968262e-01 -3.422457873821258545e-01 4.058777689933776855e-01 4.518934786319732666e-01 -2.225192487239837646e-01 7.073282599449157715e-01 3.192795217037200928e-01 2.728268206119537354e-01
2.282883673906326294e-01 -3.568853735923767090e-01 6.938332915306091309e-01 5.263019800186157227e-01 -5.245197564363479614e-02 -2.103579193353652954e-01 -2.347943186759948730e-02 1.008468747138977051e+00 3.757545650005340576e-01 1.318549752235412598e+00
-1.249800100922584534e-01 -7.075814008712768555e-01 1.097668781876564026e-01 5.215632915496826172e-01 2.133108228445053101e-01 4.296801611781120300e-02 -2.618631720542907715e-02 2.152900397777557373e-01 -3.140047192573547363e-02 1.524802684783935547e+00
4.706944897770881653e-02 2.190536856651306152e-01 1.277473330497741699e+00 -3.999534547328948975e-01 -1.600606180727481842e-02 1.278655380010604858e-01 -3.221299946308135986e-01 1.012111186981201172e+00 2.911494672298431396e-01 1.940074265003204346e-01
-2.347200959920883179e-01 9.691672772169113159e-02 1.176998019218444824e+00 -6.295310258865356445e-01 1.393646448850631714e-01 2.585477530956268311e-01 -1.078092157840728760e-01 4.011797606945037842e-01 6.571695208549499512e-02 5.294591188430786133e-03
-5.310712382197380066e-02 -3.030332922935485840e-01 -9.049296975135803223e-01 1.551689058542251587e-01 -3.524603247642517090e-01 3.150435388088226318e-01 9.852692484855651855e-02 -1.155786871910095215e+00 -1.230873167514801025e-01 -2.482341229915618896e-01
-5.453357696533203125e-01 -7.003528475761413574e-01 1.053117886185646057e-01 -4.746901690959930420e-01 -3.420268893241882324e-01 -1.260175090283155441e-02 -1.574179232120513916e-01 -4.675774872303009033e-01 -8.614032268524169922e-01 5.956366062164306641e-01
-4.674793779850006104e-01 -5.359564423561096191e-01 -8.334479928016662598e-01 -1.848987191915512085e-01 -1.827289015054702759e-01 6.945955157279968262e-01 1.886252462863922119e-01 -8.715268969535827637e-01 -3.889778256416320801e-02 -5.886844396591186523e-01
1.744377166032791138e-01 -3.910618424415588379e-01 -3.056548535823822021e-01 -9.574035182595252991e-03 -2.032279223203659058e-01 4.443865735083818436e-03 -1.909334361553192139e-01 -1.335167527198791504e+00 -5.059024095535278320e-01 3.236236870288848877e-01
-5.117182731628417969e-01 -9.397258162498474121e-01 4.251722395420074463e-01 -2.358192056417465210e-01 -1.606261879205703735e-01 -2.133076339960098267e-01 -4.207286238670349121e-02 2.474940717220306396e-01 -7.156333923339843750e-01 1.234726667404174805e+00
-1.560164541006088257e-01 6.695356965065002441e-01 1.161466479301452637e+00 -8.333061933517456055e-01 -5.939949303865432739e-02 2.179897874593734741e-01 -1.742376983165740967e-01 1.849007308483123779e-01 1.556412875652313232e-01 -7.506211996078491211e-01
2.946623228490352631e-02 -4.006935954093933105e-01 7.467336058616638184e-01 5.308612585067749023e-01 2.917803823947906494e-01 -1.966387182474136353e-01 9.462490677833557129e-02 1.062128067016601562e+00 1.579205691814422607e-01 1.342818260192871094e+00
1.202029213309288025e-01 5.631274580955505371e-01 -4.063046872615814209e-01 -7.235417515039443970e-02 7.963006943464279175e-02 4.295914471149444580e-01 2.166056334972381592e-01 -7.848181128501892090e-01 4.100405871868133545e-01 -1.126924276351928711e+00
-2.095184773206710815e-01 1.136155650019645691e-01 1.232922911643981934e+00 -8.838357925415039062e-01 -1.556488424539566040e-01 -4.077194035053253174e-01 -2.650570571422576904e-01 6.684053540229797363e-01 -1.482901871204376221e-01 -6.879386305809020996e-02
3.966107666492462158e-01 2.845007777214050293e-01 -5.822511315345764160e-01 1.470334678888320923e-01 9.762834757566452026e-02 7.525609433650970459e-02 -4.576465487480163574e-02 -8.712607026100158691e-01 2.647003829479217529e-01 -8.019937276840209961e-01
5.360950902104377747e-02 5.042821764945983887e-01 1.025160908699035645e+00 -1.979821771383285522e-01 3.501948118209838867e-01 -3.674503043293952942e-02 -4.574301540851593018e-01 2.755696475505828857e-01 5.583801269531250000e-01 -4.455517232418060303e-01
-1.561287492513656616e-01 4.253566861152648926e-01 -2.767761647701263428e-01 -4.686878621578216553e-01 -6.274092942476272583e-02 -3.948171809315681458e-02 1.805368065834045410e-02 -1.274337172508239746e+00 -1.434442102909088135e-01 -6.974898576736450195e-01
4.802008569240570068e-01 9.290405511856079102e-01 -5.138002038002014160e-01 -1.717189401388168335e-01 -6.824982911348342896e-02 5.389736220240592957e-02 -5.976900458335876465e-02 -8.144918084144592285e-01 3.337050378322601318e-01 -1.098253965377807617e+00
-3.583877384662628174e-01 -9.336309432983398438e-01 1.167327538132667542e-01 -2.653077542781829834e-01 -3.951021432876586914e-01 -8.947151713073253632e-03 -1.405198872089385986e-01 -2.925820648670196533e-01 -7.382748126983642578e-01 1.136080861091613770e+00
1.944930106401443481e-01 3.966448903083801270e-01 1.171847224235534668e+00 -5.380072593688964844e-01 1.144766733050346375e-01 1.123890727758407593e-01 -2.818365395069122314e-01 2.118365466594696045e-01 2.072479426860809326e-01 -4.725151956081390381e-01
-7.063288688659667969e-01 -2.348607182502746582e-01 7.374376654624938965e-01 -5.775341987609863281e-01 1.573794931173324585e-01 5.723763108253479004e-01 1.677879989147186279e-01 3.213845193386077881e-01 -2.022460103034973145e-02 1.806757748126983643e-01
-3.265617787837982178e-01 3.125955462455749512e-01 1.159964919090270996e+00 -4.943179786205291748e-01 -1.269871741533279419e-01 1.757405847311019897e-01 1.932796835899353027e-02 7.912134528160095215e-01 3.199805915355682373e-01 1.855308115482330322e-01
1.207781657576560974e-01 -5.572354793548583984e-01 -8.097060322761535645e-01 3.633251488208770752e-01 4.910295456647872925e-02 5.300335213541984558e-02 -1.438659131526947021e-01 -1.150084018707275391e+00 -2.349959909915924072e-01 -1.062404811382293701e-01
4.914442002773284912e-01 2.698960900306701660e-01 -1.158800721168518066e+00 6.735056638717651367e-01 8.312832564115524292e-02 1.376230567693710327e-01 3.641184270381927490e-01 -7.132998108863830566e-01 1.731030642986297607e-01 -9.032453298568725586e-01
8.508009910583496094e-01 9.121128916740417480e-01 -1.134861111640930176e+00 5.949387550354003906e-01 1.709877513349056244e-02 -2.603401616215705872e-02 1.327142417430877686e-01 -4.013119041919708252e-01 6.377573013305664062e-01 -1.144890189170837402e+00
1.581488400697708130e-01 2.534442543983459473e-01 1.146812081336975098e+00 -4.480560719966888428e-01 1.361452788114547729e-01 -1.771344617009162903e-02 -1.212169229984283447e-01 3.048778474330902100e-01 7.546243071556091309e-02 -1.474270522594451904e-01
-2.435445636510848999e-01 -8.225756287574768066e-01 9.316507726907730103e-02 3.668961822986602783e-01 -7.321694400161504745e-03 -8.958669006824493408e-02 3.982171714305877686e-01 -1.505006849765777588e-01 -4.969405233860015869e-01 1.525153875350952148e+00
3.803538382053375244e-01 5.009681582450866699e-01 -9.448502659797668457e-01 7.370629161596298218e-02 1.015471145510673523e-01 -1.032991558313369751e-01 1.213990151882171631e-01 -1.096351504325866699e+00 1.302239596843719482e-01 -7.459023594856262207e-01
4.240291416645050049e-01 4.046733975410461426e-01 -5.616589188575744629e-01 1.253440529108047485e-01 7.899533957242965698e-02 -1.404253393411636353e-01 -5.004456639289855957e-02 -9.644326567649841309e-01 1.464721858501434326e-01 -6.306412816047668457e-01
6.783250570297241211e-01 1.352332234382629395e-01 -1.037571787834167480e+00 1.146691918373107910e+00 1.599071472883224487e-01 -2.618158757686614990e-01 -2.694717049598693848e-02 -7.662230134010314941e-01 1.254993379116058350e-01 -3.858807981014251709e-01
-2.385343760251998901e-01 1.886084675788879395e-01 -4.867490381002426147e-02 -3.135182559490203857e-01 6.312029808759689331e-02 5.532656908035278320e-01 -8.946449495851993561e-03 -4.042198956012725830e-01 3.646795451641082764e-01 -7.077757120132446289e-01
-5.599974393844604492e-01 -7.362050563097000122e-02 1.249760985374450684e+00 -6.467609405517578125e-01 1.178550049662590027e-01 2.238177508115768433e-01 1.450586020946502686e-01 1.216033577919006348e+00 -2.013114094734191895e-02 6.528016328811645508e-01
6.556199193000793457e-01 1.201606988906860352e+00 -6.106379628181457520e-01 3.213586658239364624e-02 3.747802227735519409e-02 -2.002446204423904419e-01 -7.350161671638488770e-02 -6.959765553474426270e-01 4.371131360530853271e-01 -1.250260353088378906e+00
-4.015708267688751221e-01 -2.150053344666957855e-02 5.044643282890319824e-01 -7.182124853134155273e-01 -7.305885106325149536e-02 1.886319965124130249e-01 -4.215702414512634277e-02 -5.099588036537170410e-01 -2.321166098117828369e-01 -5.074138641357421875e-01
-2.848710715770721436e-01 -4.692364335060119629e-01 1.071762204170227051e+00 -3.799746185541152954e-02 4.484634846448898315e-02 -1.805412918329238892e-01 1.284593045711517334e-01 1.258366227149963379e+00 1.335332095623016357e-01 1.245243072509765625e+00
6.973921060562133789e-01 5.883086323738098145e-01 -1.171476244926452637e+00 7.531069517135620117e-01 1.994557231664657593e-01 2.242610976099967957e-02 3.745193183422088623e-01 -4.602750837802886963e-01 4.930143058300018311e-01 -9.988414049148559570e-01
5.103275775909423828e-01 -6.899067759513854980e-01 -6.825461983680725098e-01 1.278470396995544434e+00 2.012144774198532104e-01 -4.107083752751350403e-02 -6.410512328147888184e-02 -6.020961403846740723e-01 -9.747114777565002441e-02 3.522341549396514893e-01
-7.637321949005126953e-01 -6.528249382972717285e-01 2.561680227518081665e-02 -9.448130130767822266e-01 -4.287266135215759277e-01 1.406509727239608765e-01 -2.983753383159637451e-01 -6.266837716102600098e-01 -8.555021286010742188e-01 2.468765079975128174e-01
-1.255796290934085846e-02 -1.067740395665168762e-01 1.110629439353942871e+00 8.439352363348007202e-02 1.040364429354667664e-01 -4.195644557476043701e-01 -4.474142193794250488e-02 1.508642554283142090e+00 3.426479995250701904e-01 1.084705233573913574e+00
4.436176121234893799e-01 8.020382374525070190e-02 -8.200026350095868111e-04 7.786812633275985718e-02 2.245529443025588989e-01 1.385889668017625809e-02 -3.276556432247161865e-01 -7.980836033821105957e-01 8.526703715324401855e-02 -6.583223342895507812e-01
5.176414921879768372e-02 -3.190049529075622559e-01 -9.170542359352111816e-01 4.242565929889678955e-01 2.570031583309173584e-01 3.711476624011993408e-01 3.206084072589874268e-01 -6.724473834037780762e-01 -5.041125416755676270e-02 -5.482479333877563477e-01
-1.797026246786117554e-01 4.070143103599548340e-01 6.643735766410827637e-01 -8.225632905960083008e-01 -1.943497210741043091e-01 2.899615466594696045e-01 -2.348836362361907959e-01 -4.569175541400909424e-01 1.009175181388854980e-02 -7.916567325592041016e-01
4.303293526172637939e-01 6.298106312751770020e-01 -5.594320893287658691e-01 1.535183340311050415e-01 -3.224278241395950317e-02 -1.094366461038589478e-01 -1.411336958408355713e-01 -7.241877913475036621e-01 3.434134423732757568e-01 -1.136642336845397949e+00
-1.863199323415756226e-01 6.031945347785949707e-01 1.023766398429870605e+00 -8.846818208694458008e-01 -4.490644484758377075e-02 -9.077443182468414307e-02 -2.452535331249237061e-01 -1.824984848499298096e-01 -1.750028431415557861e-01 -5.797718763351440430e-01
-4.131979644298553467e-01 -8.863837271928787231e-02 1.088714957237243652e+00 -3.112606704235076904e-01 2.318375557661056519e-01 3.355478346347808838e-01 1.125041544437408447e-01 1.133420467376708984e+00 2.503751218318939209e-01 8.370727300643920898e-01
-1.158635988831520081e-01 5.160579085350036621e-01 2.594000399112701416e-01 -2.683812081813812256e-01 8.237539976835250854e-02 2.891137301921844482e-01 -1.001424491405487061e-01 -3.197038471698760986e-01 2.640751302242279053e-01 -9.157309532165527344e-01
-1.072155013680458069e-01 6.572785973548889160e-01 1.197241425514221191e+00 -7.140070199966430664e-01 4.645328968763351440e-02 8.141969144344329834e-02 -7.599905133247375488e-02 3.582210242748260498e-01 1.884659230709075928e-01 -4.167049825191497803e-01
3.196062520146369934e-02 3.522077202796936035e-01 1.224581245332956314e-02 -1.692066043615341187e-01 2.345462590456008911e-01 7.575851399451494217e-03 -3.173175454139709473e-02 -9.933724999427795410e-01 1.432321965694427490e-01 -7.753804326057434082e-01
3.369697034358978271e-01 -3.410705924034118652e-01 -9.872477650642395020e-01 6.591521501541137695e-01 1.111018583178520203e-01 1.397226471453905106e-02 3.106634318828582764e-01 -1.170025348663330078e+00 -2.853861153125762939e-01 4.982200264930725098e-02
4.410441219806671143e-01 -7.857698947191238403e-02 -8.804708123207092285e-01 7.740328311920166016e-01 2.267664521932601929e-01 1.290969699621200562e-01 2.624972760677337646e-01 -6.671145558357238770e-01 1.218006014823913574e-02 -4.768913090229034424e-01
-3.906132280826568604e-01 -2.905835509300231934e-01 -2.440369874238967896e-01 -1.484602540731430054e-01 -3.954462409019470215e-01 2.940637171268463135e-01 2.406095564365386963e-01 -1.116896390914916992e+00 -5.549603700637817383e-01 1.481340229511260986e-01
4.113731682300567627e-01 -5.370703935623168945e-01 -9.880822300910949707e-01 7.095874547958374023e-01 9.522330015897750854e-02 9.135411679744720459e-02 5.483290553092956543e-02 -8.619325757026672363e-01 -2.009096443653106689e-01 2.504632174968719482e-01
-3.073476254940032959e-01 -4.139654040336608887e-01 1.148494601249694824e+00 -3.812898099422454834e-01 -1.422432810068130493e-01 -3.742210566997528076e-01 -5.006220936775207520e-02 1.302185535430908203e+00 -6.971627473831176758e-03 1.108882308006286621e+00
-2.250865548849105835e-01 5.518625378608703613e-01 1.161293387413024902e+00 -1.092507958412170410e+00 -1.344353891909122467e-02 3.507624194025993347e-02 -2.096179425716400146e-01 1.940164268016815186e-01 -1.313550770282745361e-01 -4.340929687023162842e-01
-2.876535356044769287e-01 -1.216033175587654114e-01 9.306523203849792480e-01 -4.210121333599090576e-01 1.456172913312911987e-01 1.115424484014511108e-01 3.648957610130310059e-02 -1.469319164752960205e-01 -3.828934729099273682e-01 4.542160332202911377e-01
-4.785836637020111084e-01 -1.325922608375549316e-01 1.086210608482360840e+00 -5.527064800262451172e-01 9.065633267164230347e-02 1.678797453641891479e-01 4.288324713706970215e-02 7.449359297752380371e-01 -5.536177754402160645e-02 6.339606046676635742e-01
-1.772435754537582397e-01 4.197149872779846191e-01 9.957441687583923340e-01 -8.473646640777587891e-01 1.130576059222221375e-01 4.407081305980682373e-01 -3.249893486499786377e-01 7.269577383995056152e-01 2.636274993419647217e-01 -4.947074353694915771e-01
-7.038103342056274414e-01 -2.811235785484313965e-01 5.520648360252380371e-01 -5.666025876998901367e-01 -1.279957741498947144e-01 -4.566449206322431564e-03 6.002196669578552246e-02 -4.769115746021270752e-01 -5.830013751983642578e-01 4.534818232059478760e-01
-1.711174100637435913e-01 6.180734038352966309e-01 1.046440482139587402e+00 -7.471855878829956055e-01 1.030718348920345306e-02 3.822318613529205322e-01 -1.869465410709381104e-01 4.188728034496307373e-01 2.671212852001190186e-01 -5.888942480087280273e-01
3.838853538036346436e-01 2.692092061042785645e-01 -5.720520615577697754e-01 3.446185886859893799e-01 -1.511995941400527954e-01 5.942485854029655457e-02 -1.474329922348260880e-02 -1.270993113517761230e+00 8.547374606132507324e-02 -6.400423049926757812e-01
6.022031903266906738e-01 3.434541821479797363e-01 -8.567937016487121582e-01 6.671984195709228516e-01 1.852423883974552155e-04 -8.137513697147369385e-02 3.008916974067687988e-02 -1.215703248977661133e+00 -3.589778905734419823e-03 -6.884043812751770020e-01
-7.375671863555908203e-01 -6.866414099931716919e-02 1.170498728752136230e+00 -5.602724552154541016e-01 3.711449354887008667e-02 4.636313617229461670e-01 2.769183814525604248e-01 7.402355074882507324e-01 -7.144600152969360352e-03 5.414527654647827148e-01
3.533794358372688293e-02 8.081899285316467285e-01 8.161835074424743652e-01 -7.001155614852905273e-01 -6.227011233568191528e-02 -1.496613174676895142e-01 -4.534114301204681396e-01 -2.597110569477081299e-01 1.393146216869354248e-01 -1.013048410415649414e+00
4.804522097110748291e-01 9.970685839653015137e-01 -5.619395375251770020e-01 1.926056295633316040e-01 1.499222777783870697e-02 -2.466475516557693481e-01 -1.360779702663421631e-01 -7.961962819099426270e-01 3.985281884670257568e-01 -1.168544292449951172e+00
7.692925930023193359e-01 -2.370952963829040527e-01 -8.922777771949768066e-01 9.562616348266601562e-01 3.120810985565185547e-01 6.880579749122262001e-04 6.995180249214172363e-02 -7.848330140113830566e-01 -6.809261441230773926e-02 -1.265297234058380127e-01
-3.752578794956207275e-01 -1.048332929611206055e+00 -6.103051304817199707e-01 2.766726315021514893e-01 -5.648375302553176880e-02 2.118212431669235229e-01 2.262082695960998535e-02 -8.995895981788635254e-01 -3.843252956867218018e-01 3.655492365360260010e-01
-1.670728065073490143e-02 -5.721923708915710449e-01 -9.275391697883605957e-01 3.533526957035064697e-01 -1.834938675165176392e-01 4.027314484119415283e-01 3.214932382106781006e-01 -1.172842383384704590e+00 -3.300836384296417236e-01 -4.615440964698791504e-02
-9.327677637338638306e-02 3.028469718992710114e-02 -5.693991780281066895e-01 -1.167400851845741272e-01 -1.783653050661087036e-01 2.030029147863388062e-01 -4.413667321205139160e-02 -9.626505970954895020e-01 -1.729848980903625488e-02 -6.853193044662475586e-01
1.768697649240493774e-01 -6.442989110946655273e-01 -4.183586537837982178e-01 8.703360557556152344e-01 2.948378585278987885e-02 -1.102514415979385376e-01 1.785390079021453857e-01 -4.454298317432403564e-01 -2.688299715518951416e-01 8.439658880233764648e-01
1.782968193292617798e-01 3.926741480827331543e-01 1.236697807908058167e-01 -2.071002265438437462e-03 2.396350353956222534e-01 2.714968025684356689e-01 1.307201087474822998e-01 -6.077101826667785645e-01 1.815540492534637451e-01 -7.087306976318359375e-01
-5.543838739395141602e-01 -8.140597343444824219e-01 2.779225409030914307e-01 -8.522782474756240845e-02 1.656014472246170044e-01 2.494145482778549194e-01 -1.052850186824798584e-01 5.037772059440612793e-01 -3.621480762958526611e-01 1.276630759239196777e+00
-6.356552988290786743e-02 -3.528742790222167969e-01 -7.005952000617980957e-01 3.467318117618560791e-01 -1.116299107670783997e-01 3.589497506618499756e-01 4.787413179874420166e-01 -1.045672416687011719e+00 -3.387273848056793213e-01 -1.914073526859283447e-01
8.109601140022277832e-01 7.956666350364685059e-01 -1.167506098747253418e+00 6.302838325500488281e-01 -1.418836861848831177e-01 -7.516402285546064377e-03 1.695314049720764160e-02 -6.632698178291320801e-01 5.789201259613037109e-01 -1.272453665733337402e+00
8.641624450683593750e-01 7.272526621818542480e-01 -1.236998915672302246e+00 6.593911647796630859e-01 -1.442867666482925415e-01 -1.617022231221199036e-02 6.174027919769287109e-02 -5.240811705589294434e-01 4.433842599391937256e-01 -1.213736295700073242e+00
6.760158538818359375e-01 6.442885994911193848e-01 -1.210171818733215332e+00 8.465133905410766602e-01 -1.410536319017410278e-01 1.783672422170639038e-01 1.728105247020721436e-01 -6.610316634178161621e-01 4.504148662090301514e-01 -1.271835565567016602e+00
-4.250038564205169678e-01 5.251477360725402832e-01 1.354517102241516113e+00 -1.035259842872619629e+00 -1.482783704996109009e-01 1.919330209493637085e-01 2.840130589902400970e-03 8.899604678153991699e-01 1.743604838848114014e-01 -5.835732817649841309e-02
-5.146165490150451660e-01 4.671153426170349121e-01 1.025572419166564941e+00 -9.743365049362182617e-01 1.306975632905960083e-01 2.956732213497161865e-01 7.365050911903381348e-02 4.892791211605072021e-01 -1.859820187091827393e-01 -2.258827388286590576e-01
-2.999157607555389404e-01 -1.508445199579000473e-02 1.172027707099914551e+00 -6.563419103622436523e-01 1.858314964920282364e-03 4.179507791996002197e-01 3.599672578275203705e-03 1.125308036804199219e+00 3.495770394802093506e-01 4.946641027927398682e-01
2.872409522533416748e-01 5.335786938667297363e-01 -9.779213070869445801e-01 -1.680848933756351471e-02 -1.681959182024002075e-01 -2.176501229405403137e-02 2.961397469043731689e-01 -1.194203853607177734e+00 1.056751608848571777e-02 -8.116035461425781250e-01
-3.171928226947784424e-01 -2.249570488929748535e-01 1.150065541267395020e+00 -3.664847314357757568e-01 3.033052943646907806e-02 -5.950250104069709778e-02 -1.839493811130523682e-01 1.424936413764953613e+00 1.138534247875213623e-01 8.732246160507202148e-01
-6.926844269037246704e-02 2.822249531745910645e-01 1.169468522071838379e+00 -1.533393710851669312e-01 5.344002693891525269e-02 3.840598165988922119e-01 -1.187772373668849468e-03 1.040240764617919922e+00 4.978651702404022217e-01 4.285178482532501221e-01
-2.794432938098907471e-01 -3.348714858293533325e-02 -1.863560755737125874e-03 -2.300101369619369507e-01 2.022419720888137817e-01 4.608042538166046143e-01 -8.189001679420471191e-02 -5.552067160606384277e-01 3.335491120815277100e-01 -7.787832021713256836e-01
-9.955463558435440063e-02 -1.993603110313415527e-01 1.162967562675476074e+00 -2.348266690969467163e-01 -1.594407297670841217e-02 -2.409857064485549927e-01 -1.445007026195526123e-01 1.382032871246337891e+00 6.688377261161804199e-02 7.902936935424804688e-01
-7.826858758926391602e-01 -7.375279068946838379e-01 5.160071253776550293e-01 -4.047621190547943115e-01 1.289580017328262329e-01 1.762753576040267944e-01 -8.490744233131408691e-02 2.765215337276458740e-01 -4.658342897891998291e-01 1.143213748931884766e+00
-2.356633991003036499e-01 7.713292241096496582e-01 7.882036566734313965e-01 -1.004443764686584473e+00 -2.203894592821598053e-02 1.702538579702377319e-01 -2.373919785022735596e-01 1.129712760448455811e-01 1.015346944332122803e-01 -9.263467788696289062e-01
2.916165255010128021e-02 -1.102578997611999512e+00 -1.071031913161277771e-01 9.202017784118652344e-01 1.532511860132217407e-01 6.907175481319427490e-02 1.172811090946197510e-01 1.073952615261077881e-01 -1.417260468006134033e-01 1.185656547546386719e+00
-2.770204842090606689e-01 -6.474712491035461426e-01 1.054019108414649963e-01 2.442449480295181274e-01 -1.127195730805397034e-01 -3.742054402828216553e-01 1.942493617534637451e-01 -1.105960905551910400e-01 -5.325329303741455078e-01 1.312898397445678711e+00
4.664881899952888489e-02 -1.085478782653808594e+00 -6.617105603218078613e-01 9.879716038703918457e-01 8.112349361181259155e-02 3.684614226222038269e-02 1.661147773265838623e-01 -4.596760869026184082e-02 -2.098512947559356689e-01 7.911089658737182617e-01
-6.584654003381729126e-02 -8.264560103416442871e-01 -2.482555657625198364e-01 6.995723247528076172e-01 2.744944989681243896e-01 -1.392509490251541138e-01 -8.696109987795352936e-03 -5.814757943153381348e-01 -1.620633900165557861e-01 9.135775566101074219e-01
6.520221233367919922e-01 3.934243321418762207e-01 -1.401688218116760254e+00 6.101890802383422852e-01 4.309406969696283340e-03 7.225660979747772217e-02 1.906020939350128174e-01 -7.963343262672424316e-01 8.702561259269714355e-02 -8.562218546867370605e-01
-3.830926716327667236e-01 3.593280911445617676e-01 9.691829085350036621e-01 -9.659744501113891602e-01 2.061673067510128021e-02 -3.998877480626106262e-02 -2.042748034000396729e-01 -1.887467503547668457e-02 -1.394555866718292236e-01 -2.120480239391326904e-01
-3.532559573650360107e-01 3.500774502754211426e-01 1.153727650642395020e+00 -9.497467279434204102e-01 -1.709655858576297760e-02 3.784354031085968018e-01 -8.596822619438171387e-02 8.107541203498840332e-01 2.174016833305358887e-02 -5.370375514030456543e-02
-1.079274192452430725e-01 -8.654814958572387695e-01 -1.480453759431838989e-01 2.075981050729751587e-01 -4.054523259401321411e-02 9.864257276058197021e-02 -7.346275448799133301e-02 -9.178830981254577637e-01 -6.013545989990234375e-01 9.395495653152465820e-01
3.007884882390499115e-02 -4.246779084205627441e-01 4.040702879428863525e-01 7.378237247467041016e-01 6.228672713041305542e-02 -2.865352332592010498e-01 2.297997772693634033e-01 5.768123269081115723e-01 7.664367556571960449e-02 1.445933818817138672e+00
-1.522443145513534546e-01 9.584002941846847534e-02 1.162538886070251465e+00 -4.431479871273040771e-01 3.054623603820800781e-01 -9.374636225402355194e-03 -2.447104156017303467e-01 3.028764426708221436e-01 6.624326109886169434e-02 2.375214397907257080e-01
-6.867007017135620117e-01 -8.619975447654724121e-01 5.317549109458923340e-01 -1.718846410512924194e-01 1.281425207853317261e-01 1.512212604284286499e-01 -7.393152453005313873e-03 2.167839705944061279e-01 -3.453250229358673096e-01 1.172057986259460449e+00
-3.401981890201568604e-01 1.050942465662956238e-01 1.278996825218200684e+00 -5.097500085830688477e-01 1.842039674520492554e-01 1.549476236104965210e-01 9.028284810483455658e-03 3.423220813274383545e-01 -1.178908646106719971e-01 3.314761221408843994e-01
-5.007646083831787109e-01 5.008653998374938965e-01 1.154619097709655762e+00 -9.024868011474609375e-01 -4.632384330034255981e-02 1.317887157201766968e-01 5.825135111808776855e-02 4.629044234752655029e-01 -6.033399701118469238e-02 -1.762673258781433105e-02
-2.220051139593124390e-01 -8.480067849159240723e-01 -1.018646582961082458e-01 3.992846310138702393e-01 -3.171961903572082520e-01 -1.765906959772109985e-01 1.161795556545257568e-01 -5.461220145225524902e-01 -5.466371774673461914e-01 1.272786974906921387e+00
3.704436123371124268e-01 -1.994872689247131348e-01 6.358119845390319824e-01 7.374748587608337402e-01 1.878393739461898804e-01 -1.939732581377029419e-01 6.992271542549133301e-02 9.029776453971862793e-01 4.557407796382904053e-01 1.023759603500366211e+00
2.801026403903961182e-01 5.130073428153991699e-01 6.562677770853042603e-02 -3.277350366115570068e-01 -7.604742795228958130e-02 -5.500801280140876770e-02 -1.557562053203582764e-01 -9.570032954216003418e-01 1.810809969902038574e-02 -5.954692363739013672e-01
-2.155701164156198502e-03 3.146141022443771362e-02 -5.822446942329406738e-01 -1.057708039879798889e-01 -1.802699118852615356e-01 2.688292786478996277e-02 3.951278626918792725e-01 -1.362896442413330078e+00 -3.274511396884918213e-01 -3.069665133953094482e-01
-5.688971877098083496e-01 -1.148850798606872559e+00 -9.451685547828674316e-01 -1.552479118108749390e-01 -3.493183553218841553e-01 4.676920473575592041e-01 -3.470952808856964111e-01 -7.739676833152770996e-01 -7.706453800201416016e-01 6.897362470626831055e-01
-9.802106767892837524e-02 5.702486634254455566e-01 5.234817862510681152e-01 -6.042481660842895508e-01 2.499771863222122192e-01 3.946433588862419128e-02 -3.038988411426544189e-01 -3.270819485187530518e-01 1.984381377696990967e-01 -7.450563907623291016e-01
-1.210776939988136292e-01 4.064064621925354004e-01 9.957439303398132324e-01 -8.143193721771240234e-01 8.708735555410385132e-02 3.431629836559295654e-01 -2.506516277790069580e-01 3.181854188442230225e-01 1.165084540843963623e-01 -5.949169397354125977e-01
3.018343746662139893e-01 9.554794430732727051e-01 6.852483153343200684e-01 -3.308393657207489014e-01 8.943297713994979858e-02 -2.320594340562820435e-01 -3.888788521289825439e-01 -1.052048802375793457e-02 3.532329499721527100e-01 -8.486865758895874023e-01
-5.382381081581115723e-01 -2.305042147636413574e-01 1.121190428733825684e+00 -2.938848435878753662e-01 1.438225060701370239e-01 -1.519425064325332642e-01 -5.536467768251895905e-03 1.304419875144958496e+00 1.236331164836883545e-01 9.910597801208496094e-01
-9.886530786752700806e-02 5.281236767768859863e-01 8.939048647880554199e-01 -2.328487485647201538e-01 2.737421393394470215e-01 1.045849174261093140e-01 -1.834256947040557861e-01 -2.701418697834014893e-01 3.493457734584808350e-01 -7.625306844711303711e-01
6.053831055760383606e-02 2.094371914863586426e-01 9.893946051597595215e-01 -2.874164283275604248e-01 7.742946594953536987e-02 2.416143938899040222e-02 -3.823591172695159912e-01 3.047027289867401123e-01 3.681442439556121826e-01 1.212493479251861572e-01
-3.028322160243988037e-01 -4.696173071861267090e-01 6.791154742240905762e-01 -6.668986082077026367e-01 -5.921230465173721313e-02 -4.250492155551910400e-01 -2.061766684055328369e-01 -3.196963369846343994e-01 -7.783117294311523438e-01 4.487525522708892822e-01
2.377628833055496216e-01 6.924138665199279785e-01 8.835355192422866821e-02 2.351555973291397095e-01 3.435753881931304932e-01 2.447104305028915405e-01 1.726179420948028564e-01 -6.835629343986511230e-01 3.928332030773162842e-01 -1.047895908355712891e+00
