-1.459092617034912109e+00 1.303224277496337891e+01 -1.899975967407226562e+01 -4.462766170501708984e+00 -3.264776945114135742e+00 -7.508493900299072266e+00 -2.550032043457031250e+01 -8.891423225402832031e+00 -1.942678070068359375e+01 1.705829238891601562e+01
-6.347226619720458984e+00 1.206849670410156250e+01 -2.439209365844726562e+01 -4.136027812957763672e+00 2.198384046554565430e+00 -3.686079025268554688e+00 -1.747140502929687500e+01 -1.036847019195556641e+01 -1.283427238464355469e+01 1.688689422607421875e+01
-4.568529605865478516e+00 1.293555736541748047e+01 -2.457832145690917969e+01 -5.164809226989746094e+00 -1.631709979847073555e-03 -7.054255485534667969e+00 -2.030592918395996094e+01 -1.078707504272460938e+01 -1.540449905395507812e+01 1.824176025390625000e+01
-8.094061851501464844e+00 1.206330966949462891e+01 -2.636885643005371094e+01 1.804390788078308105e+00 5.638050079345703125e+00 -4.970169544219970703e+00 -1.369498062133789062e+01 -1.220978450775146484e+01 -1.076813220977783203e+01 2.071073150634765625e+01
-4.196713447570800781e+00 1.119356918334960938e+01 -2.149236297607421875e+01 -2.437502622604370117e+00 -2.983407258987426758e+00 -6.482193946838378906e+00 -2.175386047363281250e+01 -1.026734447479248047e+01 -1.759205436706542969e+01 1.842492866516113281e+01
-4.453365802764892578e+00 1.098391246795654297e+01 -2.104773902893066406e+01 9.853991866111755371e-01 9.903548955917358398e-01 -2.768861293792724609e+00 -1.143731689453125000e+01 -9.088540077209472656e+00 -1.198992538452148438e+01 1.591011810302734375e+01
-3.648995637893676758e+00 1.128791713714599609e+01 -1.966466903686523438e+01 2.049573898315429688e+00 3.186043024063110352e+00 -3.401740074157714844e+00 -1.430663299560546875e+01 -9.233751296997070312e+00 -1.188525772094726562e+01 1.558777046203613281e+01
-5.080900192260742188e+00 9.665262222290039062e+00 -2.174674224853515625e+01 -6.369406223297119141e+00 4.588254988193511963e-01 -5.915801525115966797e+00 -2.216905784606933594e+01 -9.711616516113281250e+00 -1.625369644165039062e+01 1.382517814636230469e+01
-5.540807247161865234e+00 1.173859405517578125e+01 -2.626041030883789062e+01 8.661112189292907715e-01 2.073076665401458740e-01 -5.983156681060791016e+00 -1.661655235290527344e+01 -1.219160556793212891e+01 -1.312524223327636719e+01 1.681087112426757812e+01
-5.502384185791015625e+00 1.253375244140625000e+01 -2.430852508544921875e+01 1.812806248664855957e+00 3.530457973480224609e+00 -4.722297191619873047e+00 -1.477283477783203125e+01 -1.026416015625000000e+01 -1.205864143371582031e+01 1.641908454895019531e+01
-2.305740118026733398e+00 1.120353031158447266e+01 -2.147549819946289062e+01 -2.847722291946411133e+00 -3.604945838451385498e-01 -6.010101318359375000e+00 -2.009426498413085938e+01 -9.800757408142089844e+00 -1.484881114959716797e+01 1.615936470031738281e+01
-5.734222888946533203e+00 1.214496803283691406e+01 -2.561912536621093750e+01 5.213520050048828125e+00 7.514655113220214844e+00 -2.765466451644897461e+00 -7.246196269989013672e+00 -9.873786926269531250e+00 -1.043463420867919922e+01 2.243632888793945312e+01
-8.260151863098144531e+00 1.377075481414794922e+01 -2.428901290893554688e+01 -1.664009213447570801e+00 3.479097604751586914e+00 -4.885635852813720703e+00 -1.963315582275390625e+01 -8.677620887756347656e+00 -1.641953659057617188e+01 1.639028167724609375e+01
1.375581145286560059e+00 1.286986923217773438e+01 -2.189781188964843750e+01 -3.235194683074951172e+00 -5.963243961334228516e+00 -7.016039371490478516e+00 -2.132233428955078125e+01 -1.104002761840820312e+01 -2.140090560913085938e+01 1.806751060485839844e+01
-4.375714778900146484e+00 1.180907154083251953e+01 -2.636783981323242188e+01 -8.628454059362411499e-03 -1.371840834617614746e+00 -8.455146789550781250e+00 -2.101972579956054688e+01 -1.213455200195312500e+01 -1.788862037658691406e+01 1.993545532226562500e+01
-4.042275428771972656e+00 1.227655792236328125e+01 -2.040100097656250000e+01 -6.180139064788818359e+00 -4.819322586059570312e+00 -6.681164741516113281e+00 -2.693421363830566406e+01 -9.861316680908203125e+00 -2.104052925109863281e+01 1.714692306518554688e+01
-4.570517063140869141e+00 1.049443912506103516e+01 -2.717976760864257812e+01 5.861308574676513672e+00 5.734257221221923828e+00 -2.507005453109741211e+00 -6.820076465606689453e+00 -1.196852970123291016e+01 -1.437264156341552734e+01 2.022698593139648438e+01
-6.902415752410888672e+00 9.215115547180175781e+00 -2.221079063415527344e+01 -4.716957092285156250e+00 3.083498239517211914e+00 -4.399280071258544922e+00 -1.569034957885742188e+01 -1.014435958862304688e+01 -1.107991600036621094e+01 1.453574657440185547e+01
-3.113910198211669922e+00 1.044252395629882812e+01 -2.240015792846679688e+01 -1.155789017677307129e+00 -7.295196056365966797e-01 -6.412793636322021484e+00 -1.909675216674804688e+01 -1.121447277069091797e+01 -1.804036903381347656e+01 1.962736511230468750e+01
-6.268911838531494141e+00 1.267407989501953125e+01 -2.391823577880859375e+01 -1.534046053886413574e+00 1.110749959945678711e+00 -6.675833225250244141e+00 -2.301048851013183594e+01 -1.032795429229736328e+01 -1.737056350708007812e+01 1.807864570617675781e+01
-6.583372116088867188e+00 1.144178390502929688e+01 -2.068681907653808594e+01 -5.995898842811584473e-01 2.924865484237670898e+00 -4.393405437469482422e+00 -1.670646476745605469e+01 -9.077361106872558594e+00 -1.346090793609619141e+01 1.507097721099853516e+01
-2.325061082839965820e+00 1.167242717742919922e+01 -2.202042961120605469e+01 -2.149445056915283203e+00 -2.057653665542602539e+00 -7.631306171417236328e+00 -2.047899246215820312e+01 -8.086176872253417969e+00 -1.724747848510742188e+01 1.619038391113281250e+01
-7.855597138404846191e-01 1.170048809051513672e+01 -2.577557373046875000e+01 -2.449798822402954102e+00 -2.057825565338134766e+00 -5.311156749725341797e+00 -1.980347824096679688e+01 -1.303432846069335938e+01 -1.849396705627441406e+01 1.796581459045410156e+01
-3.305639505386352539e+00 1.127331829071044922e+01 -2.153971862792968750e+01 -2.641286611557006836e+00 -1.382989883422851562e+00 -5.147599697113037109e+00 -1.913477706909179688e+01 -1.066860771179199219e+01 -1.544241142272949219e+01 1.631039619445800781e+01
-4.532086372375488281e+00 1.168304157257080078e+01 -2.598698425292968750e+01 -3.241282403469085693e-01 9.030222892761230469e-02 -4.839818000793457031e+00 -1.614532852172851562e+01 -1.061941814422607422e+01 -1.575297546386718750e+01 2.146080780029296875e+01
-3.016121149063110352e+00 1.189904499053955078e+01 -2.147331428527832031e+01 -5.115834712982177734e+00 -1.533810615539550781e+00 -6.107827663421630859e+00 -2.349374771118164062e+01 -9.791481018066406250e+00 -1.738058280944824219e+01 1.531770801544189453e+01
-6.714135169982910156e+00 1.037955856323242188e+01 -2.262687683105468750e+01 -8.119154572486877441e-01 1.842028737068176270e+00 -6.303245067596435547e+00 -1.284234905242919922e+01 -9.586168289184570312e+00 -1.106505584716796875e+01 1.458752441406250000e+01
-5.808441638946533203e+00 1.223777294158935547e+01 -2.597483444213867188e+01 -2.618226289749145508e+00 1.466554045677185059e+00 -7.752468585968017578e+00 -2.417768859863281250e+01 -9.623740196228027344e+00 -1.673540496826171875e+01 1.815587234497070312e+01
-2.495432138442993164e+00 8.199439048767089844e+00 -1.852323722839355469e+01 -3.046271085739135742e+00 1.542562603950500488e+00 -4.712049007415771484e+00 -1.145231723785400391e+01 -8.691890716552734375e+00 -6.804979801177978516e+00 1.124113178253173828e+01
-3.993465423583984375e+00 9.866305351257324219e+00 -2.164423179626464844e+01 8.969952464103698730e-01 1.781988263130187988e+00 -5.478885173797607422e+00 -1.559890842437744141e+01 -9.383498191833496094e+00 -1.229025745391845703e+01 1.771542739868164062e+01
-3.778688669204711914e+00 1.208019447326660156e+01 -2.374190521240234375e+01 -2.150222539901733398e+00 -8.012132048606872559e-01 -5.523839473724365234e+00 -2.039709854125976562e+01 -7.932496547698974609e+00 -1.790281486511230469e+01 2.111431503295898438e+01
-2.146825075149536133e+00 1.238394832611083984e+01 -2.170878219604492188e+01 -2.752118825912475586e+00 -2.463092565536499023e+00 -5.039039134979248047e+00 -1.652931976318359375e+01 -7.869845867156982422e+00 -1.478879356384277344e+01 1.580639648437500000e+01
-4.891434013843536377e-01 1.235006427764892578e+01 -2.179739570617675781e+01 -3.989950418472290039e+00 -5.974687099456787109e+00 -7.304248332977294922e+00 -2.401472091674804688e+01 -8.999092102050781250e+00 -1.913689422607421875e+01 1.741336631774902344e+01
-3.920990228652954102e+00 1.138640689849853516e+01 -1.982407760620117188e+01 -4.684619426727294922e+00 -2.447880506515502930e+00 -7.391617774963378906e+00 -1.817108154296875000e+01 -9.519094467163085938e+00 -1.143022155761718750e+01 1.428167247772216797e+01
-1.874945640563964844e+00 1.125210666656494141e+01 -2.522574043273925781e+01 3.243199363350868225e-02 -1.609729051589965820e+00 -5.131227016448974609e+00 -1.940489959716796875e+01 -9.930154800415039062e+00 -1.415746021270751953e+01 1.758953666687011719e+01
-4.665857791900634766e+00 1.029776668548583984e+01 -1.912962913513183594e+01 -2.204185962677001953e+00 -4.210580348968505859e+00 -7.968403816223144531e+00 -1.985192108154296875e+01 -8.008036613464355469e+00 -1.523932266235351562e+01 1.367796897888183594e+01
-3.731379985809326172e+00 9.047377586364746094e+00 -2.435228347778320312e+01 3.954629004001617432e-01 -8.524545431137084961e-01 -7.320880889892578125e+00 -1.870142173767089844e+01 -9.399347305297851562e+00 -1.778529930114746094e+01 1.688172721862792969e+01
-6.738394498825073242e-01 9.079097747802734375e+00 -1.908815765380859375e+01 -4.254672527313232422e+00 -4.440222263336181641e+00 -8.494059562683105469e+00 -2.476676940917968750e+01 -9.978097915649414062e+00 -2.121110916137695312e+01 1.537342739105224609e+01
-2.498152971267700195e+00 1.277515029907226562e+01 -2.356252288818359375e+01 -3.540123403072357178e-01 -6.078760623931884766e-01 -4.732106208801269531e+00 -1.951402664184570312e+01 -1.162092304229736328e+01 -1.616978836059570312e+01 2.001310157775878906e+01
-7.217174053192138672e+00 1.185394859313964844e+01 -1.952512168884277344e+01 -7.353929042816162109e+00 1.172520995140075684e+00 -5.368303298950195312e+00 -2.059020805358886719e+01 -7.714433193206787109e+00 -1.156439876556396484e+01 1.128623294830322266e+01
-2.883862257003784180e+00 1.096486377716064453e+01 -2.504042053222656250e+01 2.013805150985717773e+00 1.554348468780517578e+00 -6.225795269012451172e+00 -1.873271179199218750e+01 -1.193664455413818359e+01 -1.757827949523925781e+01 2.116024589538574219e+01
-7.140396595001220703e+00 1.099221801757812500e+01 -2.723349952697753906e+01 3.269340991973876953e+00 5.979147434234619141e+00 -4.703904628753662109e+00 -1.304641532897949219e+01 -1.205185985565185547e+01 -1.475942420959472656e+01 2.133846664428710938e+01
-3.454866409301757812e+00 1.322343444824218750e+01 -2.312089538574218750e+01 2.781497478485107422e+00 -2.238610744476318359e+00 -3.838210105895996094e+00 -1.425088405609130859e+01 -9.290031433105468750e+00 -1.494227218627929688e+01 1.800878906250000000e+01
-5.982385635375976562e+00 1.036907958984375000e+01 -2.570545959472656250e+01 8.467617630958557129e-02 5.103720426559448242e-01 -4.703423500061035156e+00 -1.897870445251464844e+01 -1.164531230926513672e+01 -1.842998123168945312e+01 1.908217430114746094e+01
-6.588243961334228516e+00 1.048858165740966797e+01 -1.836352539062500000e+01 -7.666700839996337891e+00 5.967544317245483398e-01 -5.674184322357177734e+00 -1.606126785278320312e+01 -6.465724468231201172e+00 -1.002103805541992188e+01 1.209582233428955078e+01
-5.122356414794921875e+00 1.210474681854248047e+01 -2.279625892639160156e+01 -4.005697727203369141e+00 1.996347069740295410e+00 -5.065094470977783203e+00 -1.921719360351562500e+01 -1.005079555511474609e+01 -1.395805740356445312e+01 1.512830734252929688e+01
-6.223781108856201172e+00 9.689004898071289062e+00 -2.074115180969238281e+01 -6.128424644470214844e+00 2.500315427780151367e+00 -5.287870407104492188e+00 -1.446741390228271484e+01 -9.325655937194824219e+00 -9.598491668701171875e+00 1.299606418609619141e+01
-2.419141054153442383e+00 1.157739925384521484e+01 -2.087644767761230469e+01 -3.966842651367187500e+00 -1.281400084495544434e+00 -5.044380664825439453e+00 -1.750772857666015625e+01 -9.102759361267089844e+00 -1.460852050781250000e+01 1.481925296783447266e+01
-6.778424263000488281e+00 1.068781661987304688e+01 -2.234041976928710938e+01 -1.214678645133972168e+00 3.931378841400146484e+00 -4.838452339172363281e+00 -1.411383628845214844e+01 -9.118464469909667969e+00 -1.113077735900878906e+01 1.757401275634765625e+01
-7.216135501861572266e+00 1.088792324066162109e+01 -2.470026779174804688e+01 5.593149065971374512e-01 2.383609771728515625e+00 -5.259035587310791016e+00 -1.693925094604492188e+01 -8.659984588623046875e+00 -1.222049808502197266e+01 1.434421443939208984e+01
-2.465891122817993164e+00 1.316432666778564453e+01 -1.805286788940429688e+01 -4.646128177642822266e+00 -7.010100483894348145e-01 -5.584089756011962891e+00 -1.863885498046875000e+01 -9.959451675415039062e+00 -1.341770458221435547e+01 1.514595699310302734e+01
-4.193645000457763672e+00 1.106490421295166016e+01 -2.332712173461914062e+01 6.958875805139541626e-03 8.245342969894409180e-01 -5.521291255950927734e+00 -1.864454460144042969e+01 -8.799329757690429688e+00 -1.416501235961914062e+01 1.639210128784179688e+01
-6.638767242431640625e+00 1.154642391204833984e+01 -2.088137817382812500e+01 -1.171775341033935547e+00 3.358267068862915039e+00 -5.306198596954345703e+00 -1.182302665710449219e+01 -9.217406272888183594e+00 -8.850006103515625000e+00 1.523463344573974609e+01
-1.739591956138610840e+00 1.146286869049072266e+01 -2.429425239562988281e+01 -3.716920137405395508e+00 -4.100718021392822266e+00 -9.524484634399414062e+00 -2.873657608032226562e+01 -9.995630264282226562e+00 -2.120432090759277344e+01 1.788641548156738281e+01
-4.075998306274414062e+00 1.125379180908203125e+01 -2.251727676391601562e+01 -1.240520596504211426e+00 -1.523842215538024902e+00 -4.325336933135986328e+00 -1.702917480468750000e+01 -9.562334060668945312e+00 -1.213599014282226562e+01 1.462075328826904297e+01
-3.973704278469085693e-01 1.125783252716064453e+01 -2.193547058105468750e+01 -5.060258865356445312e+00 -3.283230543136596680e+00 -5.087683677673339844e+00 -2.138292694091796875e+01 -1.013171386718750000e+01 -1.916366958618164062e+01 1.774649047851562500e+01
-4.680148601531982422e+00 1.240514945983886719e+01 -2.402431488037109375e+01 -3.299241781234741211e+00 7.100924849510192871e-01 -4.331027507781982422e+00 -1.710461807250976562e+01 -9.355935096740722656e+00 -1.534459018707275391e+01 1.661589431762695312e+01
-5.385071277618408203e+00 1.077279186248779297e+01 -2.668422698974609375e+01 -6.181662678718566895e-01 2.160278260707855225e-01 -7.216757297515869141e+00 -1.905065917968750000e+01 -9.708200454711914062e+00 -1.635322570800781250e+01 1.942994689941406250e+01
-6.887714385986328125e+00 1.182536315917968750e+01 -2.430035400390625000e+01 1.299947798252105713e-01 2.821106195449829102e+00 -5.844552040100097656e+00 -1.684539985656738281e+01 -1.119637870788574219e+01 -1.390641212463378906e+01 1.636170196533203125e+01
-2.444895267486572266e+00 9.939513206481933594e+00 -1.606811523437500000e+01 -6.266946315765380859e+00 -6.183539628982543945e-01 -3.329804658889770508e+00 -1.909281158447265625e+01 -8.346357345581054688e+00 -1.185249710083007812e+01 1.247053813934326172e+01
-3.684368848800659180e+00 1.249262046813964844e+01 -2.580381584167480469e+01 -1.109915673732757568e-01 -8.112117648124694824e-01 -6.575034141540527344e+00 -2.035115242004394531e+01 -1.238561916351318359e+01 -1.683709335327148438e+01 1.945994186401367188e+01
-5.135794162750244141e+00 1.155309009552001953e+01 -2.317185401916503906e+01 -8.167157769203186035e-01 2.224113047122955322e-01 -4.158266544342041016e+00 -1.664442062377929688e+01 -9.203644752502441406e+00 -1.371857357025146484e+01 1.768044090270996094e+01
-3.848697423934936523e+00 1.171356868743896484e+01 -2.141459655761718750e+01 -1.234854578971862793e+00 -1.893235087394714355e+00 -6.879221439361572266e+00 -1.922817039489746094e+01 -9.235310554504394531e+00 -1.494120121002197266e+01 1.591168117523193359e+01
-3.591124057769775391e+00 1.168248176574707031e+01 -1.903416824340820312e+01 -5.671402931213378906e+00 -1.394244790077209473e+00 -4.318147182464599609e+00 -1.420075607299804688e+01 -8.372770309448242188e+00 -9.528453826904296875e+00 1.029139328002929688e+01
-6.966609477996826172e+00 1.110676097869873047e+01 -2.644183921813964844e+01 2.526787281036376953e+00 4.301687717437744141e+00 -3.914438486099243164e+00 -1.297427368164062500e+01 -1.150611782073974609e+01 -1.455492210388183594e+01 1.933780670166015625e+01
-2.962025642395019531e+00 1.199451160430908203e+01 -1.972262191772460938e+01 -3.670921325683593750e+00 5.374295115470886230e-01 -3.899624109268188477e+00 -1.543426990509033203e+01 -9.619231224060058594e+00 -1.469193744659423828e+01 1.467948055267333984e+01
-4.395797252655029297e+00 1.015250873565673828e+01 -2.656878280639648438e+01 1.223102927207946777e+00 6.239458560943603516e+00 -3.671673297882080078e+00 -8.249960899353027344e+00 -1.206586170196533203e+01 -1.116567325592041016e+01 1.991747474670410156e+01
-3.790775299072265625e+00 1.129326915740966797e+01 -2.364406204223632812e+01 3.813000679016113281e+00 1.279068708419799805e+00 -5.604834556579589844e+00 -1.493883800506591797e+01 -9.882669448852539062e+00 -1.562822055816650391e+01 1.812129783630371094e+01
-5.236231327056884766e+00 9.905904769897460938e+00 -2.592575454711914062e+01 3.172713756561279297e+00 1.300443172454833984e+00 -4.193408966064453125e+00 -1.307194423675537109e+01 -1.021683502197265625e+01 -1.358674240112304688e+01 1.973362541198730469e+01
-5.716765880584716797e+00 1.094041728973388672e+01 -2.143388938903808594e+01 -5.938401818275451660e-01 3.306201934814453125e+00 -3.233898401260375977e+00 -1.207298278808593750e+01 -1.017824935913085938e+01 -1.155475616455078125e+01 1.646553802490234375e+01
-2.830478668212890625e+00 9.615693092346191406e+00 -2.278557968139648438e+01 -1.473522305488586426e+00 -2.168377637863159180e+00 -5.325497150421142578e+00 -1.740015602111816406e+01 -8.198008537292480469e+00 -1.391284656524658203e+01 1.736033821105957031e+01
-3.388881444931030273e+00 1.157120990753173828e+01 -2.393454742431640625e+01 3.806244432926177979e-01 1.706318020820617676e+00 -5.730718612670898438e+00 -1.679792213439941406e+01 -9.371173858642578125e+00 -1.345802211761474609e+01 1.919061279296875000e+01
-5.427256107330322266e+00 1.127267742156982422e+01 -2.428508949279785156e+01 -2.650660514831542969e+00 -6.945344805717468262e-02 -5.396128654479980469e+00 -1.739410018920898438e+01 -9.249970436096191406e+00 -1.511843490600585938e+01 1.750105667114257812e+01
-6.400416851043701172e+00 1.332720947265625000e+01 -2.151987838745117188e+01 -7.631455063819885254e-01 2.140597105026245117e+00 -2.509289741516113281e+00 -1.607527542114257812e+01 -7.845149517059326172e+00 -1.194070243835449219e+01 1.272954654693603516e+01
-2.598415851593017578e+00 1.244786643981933594e+01 -2.366300964355468750e+01 -9.487097859382629395e-01 -3.142902627587318420e-02 -7.269428730010986328e+00 -1.684286689758300781e+01 -1.300206947326660156e+01 -1.296585559844970703e+01 1.721356010437011719e+01
-6.804879188537597656e+00 1.212887954711914062e+01 -1.713847160339355469e+01 -4.817209720611572266e+00 -8.332708477973937988e-01 -4.389281749725341797e+00 -1.930331039428710938e+01 -6.504231452941894531e+00 -1.119943428039550781e+01 9.947268486022949219e+00
-1.643975853919982910e+00 1.076036357879638672e+01 -2.335194206237792969e+01 6.688269972801208496e-01 2.295294106006622314e-01 -5.079920291900634766e+00 -1.645114898681640625e+01 -9.855210304260253906e+00 -1.695814132690429688e+01 1.856298446655273438e+01
-6.323064327239990234e+00 1.039408969879150391e+01 -2.929498672485351562e+01 -1.942335069179534912e-01 3.637895822525024414e+00 -3.602195739746093750e+00 -1.380641651153564453e+01 -1.263338851928710938e+01 -1.376088809967041016e+01 2.259660339355468750e+01
-6.063307285308837891e+00 1.245080566406250000e+01 -2.461230850219726562e+01 -3.109024286270141602e+00 -3.469456136226654053e-01 -8.405034065246582031e+00 -1.617250061035156250e+01 -8.733193397521972656e+00 -1.205243873596191406e+01 1.488370037078857422e+01
-2.898093223571777344e+00 9.602837562561035156e+00 -2.113861083984375000e+01 -5.391047596931457520e-01 -2.190494298934936523e+00 -6.397177219390869141e+00 -1.942600440979003906e+01 -9.432666778564453125e+00 -1.700519752502441406e+01 1.653973388671875000e+01
-8.373341560363769531e+00 1.218311119079589844e+01 -1.849973297119140625e+01 -9.427551269531250000e+00 1.032719016075134277e+00 -3.307432174682617188e+00 -1.763552856445312500e+01 -7.726397991180419922e+00 -9.614779472351074219e+00 1.020538520812988281e+01
-2.213634252548217773e+00 1.096361064910888672e+01 -2.390165138244628906e+01 -4.731314182281494141e+00 -2.642223834991455078e+00 -6.786798954010009766e+00 -2.032356262207031250e+01 -1.134746074676513672e+01 -1.785918617248535156e+01 1.822141647338867188e+01
-5.686873435974121094e+00 1.181018733978271484e+01 -2.505571746826171875e+01 -1.730983376502990723e+00 1.462948918342590332e+00 -2.111283540725708008e+00 -1.739822006225585938e+01 -1.222209072113037109e+01 -1.366754817962646484e+01 1.965962982177734375e+01
-3.151979207992553711e+00 1.243287658691406250e+01 -2.597671508789062500e+01 -3.671880245208740234e+00 -6.739590167999267578e-01 -5.939925670623779297e+00 -2.008195304870605469e+01 -9.539272308349609375e+00 -1.409318161010742188e+01 1.796537399291992188e+01
-4.741786479949951172e+00 1.163759422302246094e+01 -1.943310165405273438e+01 -2.074350357055664062e+00 2.311517000198364258e+00 -3.433795690536499023e+00 -1.418967342376708984e+01 -9.372726440429687500e+00 -1.190382766723632812e+01 1.298599720001220703e+01
-4.028019905090332031e+00 1.076053333282470703e+01 -2.351327133178710938e+01 -5.179100632667541504e-01 1.988861441612243652e+00 -3.211938381195068359e+00 -1.544213294982910156e+01 -1.062687587738037109e+01 -1.300183868408203125e+01 1.710377883911132812e+01
-5.764512062072753906e+00 1.090184783935546875e+01 -2.597876930236816406e+01 2.190894126892089844e+00 1.993438303470611572e-01 -9.842810630798339844e+00 -1.666539955139160156e+01 -9.899071693420410156e+00 -1.415312767028808594e+01 1.956596755981445312e+01
-4.243992805480957031e+00 1.114050197601318359e+01 -2.474887466430664062e+01 1.124579787254333496e+00 1.046047687530517578e+00 -3.891294240951538086e+00 -1.135858154296875000e+01 -1.012940979003906250e+01 -1.043434619903564453e+01 1.727718353271484375e+01
-3.130478143692016602e+00 1.087059307098388672e+01 -2.217855453491210938e+01 -1.197340130805969238e+00 1.897494196891784668e+00 -5.836916446685791016e+00 -1.972621154785156250e+01 -8.271515846252441406e+00 -1.560992908477783203e+01 1.774030303955078125e+01
-5.632153034210205078e+00 1.439484977722167969e+01 -2.538142395019531250e+01 1.220412373542785645e+00 3.072835206985473633e+00 -5.077730655670166016e+00 -1.945365715026855469e+01 -1.102033042907714844e+01 -1.381197738647460938e+01 1.829907798767089844e+01
-4.391510963439941406e+00 1.023401641845703125e+01 -2.131040573120117188e+01 -2.441764771938323975e-01 2.076276302337646484e+00 -3.342138767242431641e+00 -1.220331287384033203e+01 -1.040673255920410156e+01 -1.004413414001464844e+01 1.593706417083740234e+01
-5.027857303619384766e+00 7.793713569641113281e+00 -2.187422752380371094e+01 -5.404714107513427734e+00 2.984386682510375977e+00 -2.717278718948364258e+00 -1.467541980743408203e+01 -7.594829082489013672e+00 -9.147975921630859375e+00 1.294642639160156250e+01
-7.313050746917724609e+00 9.775967597961425781e+00 -2.038183593750000000e+01 -2.831091880798339844e+00 1.221205115318298340e+00 -5.077548980712890625e+00 -1.827815437316894531e+01 -9.055396080017089844e+00 -1.052698802947998047e+01 1.150621032714843750e+01
3.261752426624298096e-01 1.201404762268066406e+01 -2.211880493164062500e+01 -5.271702289581298828e+00 -3.735604286193847656e+00 -8.545491218566894531e+00 -2.110272598266601562e+01 -1.086666584014892578e+01 -1.935741424560546875e+01 1.903994178771972656e+01
-2.595536470413208008e+00 7.146275520324707031e+00 -1.625481224060058594e+01 -9.994539618492126465e-02 -7.595553994178771973e-02 -3.401765108108520508e+00 -1.363225078582763672e+01 -8.111163139343261719e+00 -1.272773170471191406e+01 1.446890354156494141e+01
-3.713530302047729492e+00 1.235409259796142578e+01 -2.171109771728515625e+01 -3.584049642086029053e-01 -1.996949553489685059e+00 -6.856666088104248047e+00 -1.825571632385253906e+01 -7.724857807159423828e+00 -1.387106704711914062e+01 1.552598285675048828e+01
-9.942319989204406738e-01 1.192052173614501953e+01 -2.127696228027343750e+01 -2.404551506042480469e+00 -5.047992229461669922e+00 -7.352039813995361328e+00 -2.576882553100585938e+01 -8.969134330749511719e+00 -2.132879447937011719e+01 1.872840881347656250e+01
1.856248617172241211e+00 1.141845417022705078e+01 -2.027356910705566406e+01 -5.093993186950683594e+00 -7.310852050781250000e+00 -7.275633335113525391e+00 -2.196306228637695312e+01 -1.086258220672607422e+01 -2.047256660461425781e+01 1.756224250793457031e+01
-5.871354579925537109e+00 1.221210861206054688e+01 -2.617468643188476562e+01 -3.095048367977142334e-01 4.295453071594238281e+00 -2.392918825149536133e+00 -1.122819328308105469e+01 -1.130568790435791016e+01 -1.089005470275878906e+01 1.777825546264648438e+01
-4.274553775787353516e+00 1.013111209869384766e+01 -2.211483192443847656e+01 -2.408921718597412109e+00 8.399743437767028809e-01 -5.377268314361572266e+00 -1.632920265197753906e+01 -9.954224586486816406e+00 -1.314330673217773438e+01 1.746165466308593750e+01
-2.002372980117797852e+00 9.379515647888183594e+00 -1.498370170593261719e+01 -9.250089645385742188e+00 -1.543776988983154297e+00 -2.041656494140625000e+00 -2.276573944091796875e+01 -6.582139968872070312e+00 -1.388705062866210938e+01 1.143862342834472656e+01
-6.779828548431396484e+00 1.175986576080322266e+01 -1.909680366516113281e+01 -7.470841884613037109e+00 1.045852303504943848e+00 -4.854614734649658203e+00 -2.049391555786132812e+01 -7.049445152282714844e+00 -1.040860652923583984e+01 9.973303794860839844e+00
-7.328124046325683594e+00 1.017010593414306641e+01 -2.081373214721679688e+01 -7.442476749420166016e+00 6.770481586456298828e+00 -2.022264480590820312e+00 -1.682092285156250000e+01 -6.600474834442138672e+00 -7.257841587066650391e+00 1.331911277770996094e+01
-6.694901943206787109e+00 8.923295974731445312e+00 -2.512666702270507812e+01 3.754133939743041992e+00 2.442732155323028564e-01 -8.262980461120605469e+00 -1.861749267578125000e+01 -9.412877082824707031e+00 -1.331076335906982422e+01 1.955431556701660156e+01
-6.086097240447998047e+00 9.120484352111816406e+00 -1.576468086242675781e+01 -4.240133285522460938e+00 2.058866500854492188e+00 -3.767524957656860352e+00 -1.413524532318115234e+01 -7.006665229797363281e+00 -7.608585834503173828e+00 1.057736587524414062e+01
-1.398450374603271484e+00 1.199562740325927734e+01 -2.131084823608398438e+01 -3.143649101257324219e+00 -2.822215080261230469e+00 -3.501286983489990234e+00 -1.909849357604980469e+01 -1.045074844360351562e+01 -1.461862182617187500e+01 1.547461414337158203e+01
-6.118004322052001953e+00 1.218261909484863281e+01 -1.943099212646484375e+01 -3.658811807632446289e+00 1.315094351768493652e+00 -3.099644660949707031e+00 -1.514338016510009766e+01 -8.715811729431152344e+00 -9.253176689147949219e+00 1.244641780853271484e+01
-2.545488595962524414e+00 1.013349628448486328e+01 -2.074729919433593750e+01 -5.721294403076171875e+00 -3.095494747161865234e+00 -4.701804637908935547e+00 -2.084162139892578125e+01 -9.597715377807617188e+00 -1.610999679565429688e+01 1.654257774353027344e+01
-6.358220577239990234e+00 1.222741508483886719e+01 -2.865140533447265625e+01 2.063941955566406250e+00 2.616920232772827148e+00 -4.783693313598632812e+00 -1.432891464233398438e+01 -1.124653911590576172e+01 -1.175210762023925781e+01 1.907023429870605469e+01
-7.265509128570556641e+00 1.086063003540039062e+01 -2.621753311157226562e+01 1.819544672966003418e+00 4.685441017150878906e+00 -4.325072765350341797e+00 -1.163255500793457031e+01 -1.134075927734375000e+01 -9.606922149658203125e+00 2.015255165100097656e+01
-5.139019489288330078e+00 1.063426113128662109e+01 -2.181056976318359375e+01 -2.339329481124877930e+00 -1.561496853828430176e+00 -6.129840850830078125e+00 -2.128743934631347656e+01 -8.814678192138671875e+00 -1.594226741790771484e+01 1.828725814819335938e+01
-5.219902515411376953e+00 1.137259674072265625e+01 -2.068045043945312500e+01 -1.755185961723327637e+00 1.586576104164123535e+00 -2.807852029800415039e+00 -1.585890483856201172e+01 -9.066960334777832031e+00 -1.437809562683105469e+01 1.567253112792968750e+01
-5.541850090026855469e+00 1.156160926818847656e+01 -2.933500862121582031e+01 1.845385193824768066e+00 3.904538869857788086e+00 -1.199341177940368652e+00 -1.100195407867431641e+01 -1.232286357879638672e+01 -1.194224166870117188e+01 2.047917175292968750e+01
-2.748854637145996094e+00 1.379125690460205078e+01 -2.609231948852539062e+01 3.239110469818115234e+00 1.706098556518554688e+00 -5.044444084167480469e+00 -1.068718910217285156e+01 -1.059069347381591797e+01 -1.149579620361328125e+01 1.995541572570800781e+01
-4.824901580810546875e+00 1.293380069732666016e+01 -2.590000534057617188e+01 -1.268064141273498535e+00 -8.067026138305664062e-01 -5.602704524993896484e+00 -2.011670494079589844e+01 -1.121154594421386719e+01 -1.923715591430664062e+01 2.058963966369628906e+01
-4.740300655364990234e+00 1.386131000518798828e+01 -2.607954597473144531e+01 -9.838100075721740723e-01 1.048304438591003418e+00 -5.587998867034912109e+00 -1.933715629577636719e+01 -9.058840751647949219e+00 -1.331633567810058594e+01 1.928935623168945312e+01
-6.426604747772216797e+00 1.389612483978271484e+01 -2.659879302978515625e+01 1.137601435184478760e-01 2.162431955337524414e+00 -4.727682590484619141e+00 -1.784799385070800781e+01 -1.175279235839843750e+01 -1.598216629028320312e+01 1.900291442871093750e+01
-4.733833372592926025e-01 1.216290950775146484e+01 -2.068150329589843750e+01 -3.266509294509887695e+00 -3.735992193222045898e+00 -8.073512077331542969e+00 -2.227299308776855469e+01 -8.978514671325683594e+00 -1.864768600463867188e+01 1.879305076599121094e+01
-6.087130069732666016e+00 1.315307998657226562e+01 -2.256374359130859375e+01 -1.961623430252075195e+00 2.774641752243041992e+00 -5.023653507232666016e+00 -1.357868194580078125e+01 -7.341265201568603516e+00 -8.803267478942871094e+00 1.656048011779785156e+01
-5.341899394989013672e+00 8.907756805419921875e+00 -2.233250236511230469e+01 -1.317538857460021973e+00 8.298340439796447754e-02 -6.299183368682861328e+00 -1.985886383056640625e+01 -9.062793731689453125e+00 -1.547940731048583984e+01 1.578979492187500000e+01
-1.741908431053161621e+00 1.029958438873291016e+01 -1.822637557983398438e+01 -8.077616691589355469e+00 -5.936247348785400391e+00 -7.506023883819580078e+00 -2.122869300842285156e+01 -6.806154251098632812e+00 -1.495559310913085938e+01 1.112668991088867188e+01
1.944700002670288086e+00 1.116819000244140625e+01 -2.148859024047851562e+01 -2.133273363113403320e+00 -5.436961174011230469e+00 -5.078510284423828125e+00 -1.895304679870605469e+01 -1.088407135009765625e+01 -1.914407157897949219e+01 1.794013977050781250e+01
-5.665447235107421875e+00 1.198238658905029297e+01 -2.787629318237304688e+01 1.729321360588073730e+00 4.124197483062744141e+00 -4.112723827362060547e+00 -1.137620639801025391e+01 -1.213784122467041016e+01 -1.076535606384277344e+01 2.214962005615234375e+01
-2.404003858566284180e+00 1.263475131988525391e+01 -2.162170791625976562e+01 -2.484232902526855469e+00 3.580189049243927002e-01 -4.627918720245361328e+00 -2.056604957580566406e+01 -9.240611076354980469e+00 -1.748689460754394531e+01 1.712808227539062500e+01
-5.920124053955078125e+00 1.027548599243164062e+01 -1.991372299194335938e+01 -1.795290350914001465e+00 -2.816613018512725830e-01 -6.071863651275634766e+00 -1.755888748168945312e+01 -8.203603744506835938e+00 -1.171037483215332031e+01 1.393079757690429688e+01
-4.542064189910888672e+00 1.038916873931884766e+01 -2.410678672790527344e+01 -4.528168201446533203e+00 -2.746063470840454102e+00 -6.955915927886962891e+00 -2.279146575927734375e+01 -1.139808750152587891e+01 -1.928628349304199219e+01 1.768834686279296875e+01
-6.935473442077636719e+00 1.151670455932617188e+01 -2.624313354492187500e+01 -4.356231540441513062e-03 1.298032879829406738e+00 -5.531593799591064453e+00 -1.647147941589355469e+01 -1.010793113708496094e+01 -1.225840377807617188e+01 1.671986007690429688e+01
-6.427989482879638672e+00 1.047749805450439453e+01 -2.111804962158203125e+01 -3.810949087142944336e+00 -3.971551358699798584e-01 -4.484026432037353516e+00 -1.728964614868164062e+01 -6.470013141632080078e+00 -1.247660446166992188e+01 1.248055171966552734e+01
-7.589272975921630859e+00 1.461841201782226562e+01 -2.485947036743164062e+01 -1.261148571968078613e+00 2.001699447631835938e+00 -6.949193954467773438e+00 -1.969114303588867188e+01 -1.071797657012939453e+01 -1.220472812652587891e+01 1.892416000366210938e+01
-7.097532749176025391e+00 9.405169486999511719e+00 -2.109716415405273438e+01 -4.587749004364013672e+00 6.873356699943542480e-01 -5.935012817382812500e+00 -1.784254837036132812e+01 -8.523725509643554688e+00 -1.279240608215332031e+01 1.319161891937255859e+01
-3.250053167343139648e+00 1.069170665740966797e+01 -1.950304985046386719e+01 -3.410296440124511719e+00 -4.558433055877685547e+00 -9.042279243469238281e+00 -2.416891860961914062e+01 -6.538832664489746094e+00 -1.946590614318847656e+01 1.369121456146240234e+01
-1.388497352600097656e+00 1.295511722564697266e+01 -2.025830841064453125e+01 -5.469564914703369141e+00 -3.450751543045043945e+00 -3.373624563217163086e+00 -1.914210700988769531e+01 -8.544515609741210938e+00 -1.554419898986816406e+01 1.428748798370361328e+01
-6.027534961700439453e+00 1.250341606140136719e+01 -2.630216979980468750e+01 1.192704081535339355e+00 4.670417010784149170e-01 -5.644282817840576172e+00 -1.700202751159667969e+01 -1.226473808288574219e+01 -1.805295181274414062e+01 2.035396957397460938e+01
-5.757390499114990234e+00 1.200579929351806641e+01 -2.276049995422363281e+01 5.729998946189880371e-01 1.363847374916076660e+00 -6.710435867309570312e+00 -1.542961502075195312e+01 -9.061732292175292969e+00 -1.106833457946777344e+01 1.561609077453613281e+01
-3.122051000595092773e+00 1.000925350189208984e+01 -2.073990440368652344e+01 -2.195097684860229492e+00 -3.462517023086547852e+00 -5.168050765991210938e+00 -1.483203887939453125e+01 -8.833310127258300781e+00 -1.875269699096679688e+01 1.588760089874267578e+01
-4.061496734619140625e+00 1.053997421264648438e+01 -2.135894584655761719e+01 -3.552189826965332031e+00 6.207695007324218750e-01 -4.804645061492919922e+00 -1.982819366455078125e+01 -7.356231212615966797e+00 -1.351332759857177734e+01 1.639018249511718750e+01
-2.083995819091796875e+00 1.138036346435546875e+01 -2.150598335266113281e+01 -3.788342475891113281e+00 -5.076661586761474609e+00 -7.959895133972167969e+00 -2.414493560791015625e+01 -1.106233692169189453e+01 -2.215913200378417969e+01 1.762251663208007812e+01
-1.336735367774963379e+00 1.085698413848876953e+01 -1.750296020507812500e+01 -4.644906997680664062e+00 -5.847088336944580078e+00 -7.957449436187744141e+00 -2.395312500000000000e+01 -8.558824539184570312e+00 -1.799193763732910156e+01 1.136755275726318359e+01
-3.643443822860717773e+00 1.183680438995361328e+01 -2.677679824829101562e+01 3.773807287216186523e+00 3.323264837265014648e+00 -3.722753286361694336e+00 -1.090082073211669922e+01 -1.060893440246582031e+01 -1.183606243133544922e+01 2.058690071105957031e+01
-6.415421009063720703e+00 1.011645221710205078e+01 -2.059171867370605469e+01 4.492713510990142822e-01 3.269191026687622070e+00 -5.024328708648681641e+00 -1.318419837951660156e+01 -8.829116821289062500e+00 -1.123635673522949219e+01 1.666730880737304688e+01
-6.667377948760986328e+00 1.247824287414550781e+01 -2.513772201538085938e+01 3.783606588840484619e-01 4.036052703857421875e+00 -5.767672061920166016e+00 -1.562112522125244141e+01 -8.698712348937988281e+00 -1.337564849853515625e+01 2.108461380004882812e+01
-3.379040002822875977e+00 1.146449851989746094e+01 -2.469687461853027344e+01 2.344145774841308594e+00 -7.512214779853820801e-01 -4.710758686065673828e+00 -1.533649635314941406e+01 -1.113911914825439453e+01 -1.657528877258300781e+01 1.875489807128906250e+01
-5.257051944732666016e+00 1.069184398651123047e+01 -2.468320083618164062e+01 3.533424854278564453e+00 9.037122130393981934e-01 -6.100365638732910156e+00 -1.705953788757324219e+01 -1.174396800994873047e+01 -1.592139148712158203e+01 1.960740280151367188e+01
-4.925414085388183594e+00 1.062041568756103516e+01 -2.385112380981445312e+01 -2.983095407485961914e+00 2.695535421371459961e+00 -3.903877019882202148e+00 -1.791596794128417969e+01 -1.026527500152587891e+01 -1.236679935455322266e+01 1.630104827880859375e+01
-5.967566967010498047e+00 1.117233657836914062e+01 -2.267798614501953125e+01 -2.073388099670410156e+00 7.161792516708374023e-01 -4.334175109863281250e+00 -1.480541992187500000e+01 -7.387792587280273438e+00 -1.225096225738525391e+01 1.634040832519531250e+01
-7.276117324829101562e+00 1.142262744903564453e+01 -2.476110649108886719e+01 5.421366095542907715e-01 3.321057796478271484e+00 -6.442845821380615234e+00 -1.655374526977539062e+01 -1.131084632873535156e+01 -1.174407768249511719e+01 1.775663757324218750e+01
-2.043492794036865234e+00 1.181289958953857422e+01 -2.202291107177734375e+01 -4.565599918365478516e+00 -3.884187459945678711e+00 -7.300491809844970703e+00 -2.311232566833496094e+01 -9.907999038696289062e+00 -2.166631507873535156e+01 1.984737014770507812e+01
-1.982372522354125977e+00 1.403459644317626953e+01 -2.434924697875976562e+01 -4.133491516113281250e+00 -3.763484239578247070e+00 -8.557720184326171875e+00 -2.404277801513671875e+01 -1.146966552734375000e+01 -1.878096199035644531e+01 2.131576919555664062e+01
-5.229708194732666016e+00 1.290968227386474609e+01 -2.702824211120605469e+01 1.231616616249084473e+00 1.579868555068969727e+00 -7.504422664642333984e+00 -1.765621948242187500e+01 -1.308127689361572266e+01 -1.697299003601074219e+01 1.957532501220703125e+01
-7.193315982818603516e+00 1.184363269805908203e+01 -2.167948341369628906e+01 -6.271560192108154297e+00 -1.794253945350646973e+00 -9.369787216186523438e+00 -2.491853141784667969e+01 -8.495576858520507812e+00 -1.658843803405761719e+01 1.367022037506103516e+01
-5.964773654937744141e+00 1.149500179290771484e+01 -2.015746307373046875e+01 -4.398608684539794922e+00 -4.155902564525604248e-01 -5.447738170623779297e+00 -1.808112144470214844e+01 -8.990754127502441406e+00 -1.054727363586425781e+01 1.498742198944091797e+01
-7.691074609756469727e-01 1.200269889831542969e+01 -2.435348129272460938e+01 -9.693995118141174316e-01 -3.878623247146606445e+00 -8.619278907775878906e+00 -2.592306900024414062e+01 -1.107997131347656250e+01 -2.358966255187988281e+01 2.165027236938476562e+01
-5.640770792961120605e-01 1.323973751068115234e+01 -2.298173522949218750e+01 -3.099731206893920898e+00 -2.764243125915527344e+00 -5.245882511138916016e+00 -2.374439239501953125e+01 -1.023140144348144531e+01 -2.271776390075683594e+01 1.798354339599609375e+01
-5.877935409545898438e+00 1.215946865081787109e+01 -2.597764778137207031e+01 2.545719623565673828e+00 9.444903135299682617e-01 -6.699141979217529297e+00 -1.879636192321777344e+01 -1.041426944732666016e+01 -1.772985839843750000e+01 2.048641967773437500e+01
-5.671856880187988281e+00 1.210696792602539062e+01 -2.676708412170410156e+01 2.812580347061157227e+00 3.951395750045776367e+00 -3.635245084762573242e+00 -1.227437019348144531e+01 -1.082746505737304688e+01 -1.289471626281738281e+01 1.993827438354492188e+01
-3.409125089645385742e+00 1.266993808746337891e+01 -2.501267433166503906e+01 -1.646187901496887207e+00 -1.677417159080505371e+00 -5.490213394165039062e+00 -2.010529899597167969e+01 -1.157010650634765625e+01 -1.689769935607910156e+01 1.855706405639648438e+01
-5.837083816528320312e+00 1.001734447479248047e+01 -2.168349647521972656e+01 -8.894122242927551270e-01 2.274491071701049805e+00 -4.848694324493408203e+00 -1.662753677368164062e+01 -9.541076660156250000e+00 -1.311824417114257812e+01 1.667408370971679688e+01
-6.104149341583251953e+00 1.373732662200927734e+01 -2.541662979125976562e+01 -7.989702820777893066e-01 5.686397552490234375e-01 -7.308585643768310547e+00 -1.917221832275390625e+01 -1.149199581146240234e+01 -1.592485046386718750e+01 1.979737472534179688e+01
-6.631757259368896484e+00 1.052332592010498047e+01 -2.412217712402343750e+01 9.001936316490173340e-01 4.485962688922882080e-01 -5.462360858917236328e+00 -1.796685791015625000e+01 -1.032321166992187500e+01 -1.786151885986328125e+01 1.759405517578125000e+01
-3.497206926345825195e+00 1.252337455749511719e+01 -1.631186485290527344e+01 -5.444736957550048828e+00 -4.022633075714111328e+00 -8.071115493774414062e+00 -2.328955268859863281e+01 -9.494224548339843750e+00 -1.383476638793945312e+01 1.036309051513671875e+01
-6.472816944122314453e+00 1.140719223022460938e+01 -2.486373138427734375e+01 -2.942128419876098633e+00 2.770996809005737305e+00 -4.405186176300048828e+00 -1.543497085571289062e+01 -9.410800933837890625e+00 -1.106095790863037109e+01 1.539611911773681641e+01
-4.669330596923828125e+00 1.432516765594482422e+01 -2.503829383850097656e+01 -6.119328022003173828e+00 -1.423075556755065918e+00 -8.951788902282714844e+00 -2.555987930297851562e+01 -1.080766296386718750e+01 -1.721348571777343750e+01 1.669085693359375000e+01
-2.030317068099975586e+00 1.169725131988525391e+01 -1.604125022888183594e+01 -7.872149944305419922e+00 -3.316665887832641602e+00 -4.101515293121337891e+00 -1.903675651550292969e+01 -6.221028327941894531e+00 -1.107885742187500000e+01 9.512417793273925781e+00
-5.545474886894226074e-01 9.854533195495605469e+00 -1.993971252441406250e+01 -3.971365928649902344e+00 -5.733047008514404297e+00 -7.207665920257568359e+00 -2.137098312377929688e+01 -9.502278327941894531e+00 -1.943068122863769531e+01 1.655914497375488281e+01
-4.415895462036132812e+00 1.120131111145019531e+01 -2.217673301696777344e+01 3.990389406681060791e-01 -7.456829547882080078e-01 -5.901619911193847656e+00 -1.478960418701171875e+01 -1.047371196746826172e+01 -1.237099933624267578e+01 1.548548221588134766e+01
-6.332478046417236328e+00 1.045498561859130859e+01 -2.514630126953125000e+01 1.487051546573638916e-01 3.986986398696899414e+00 -4.592709064483642578e+00 -1.480501174926757812e+01 -8.652175903320312500e+00 -1.267269420623779297e+01 1.820478820800781250e+01
-6.502367496490478516e+00 1.071736431121826172e+01 -2.287270736694335938e+01 -1.941902756690979004e+00 2.004341363906860352e+00 -5.352620601654052734e+00 -1.821553039550781250e+01 -9.311915397644042969e+00 -1.500818061828613281e+01 1.667178726196289062e+01
-5.125314712524414062e+00 1.040314674377441406e+01 -2.382736968994140625e+01 -1.452935636043548584e-01 4.600632488727569580e-01 -4.821921825408935547e+00 -1.825971221923828125e+01 -1.018011283874511719e+01 -1.379315567016601562e+01 1.666148376464843750e+01
-8.588006973266601562e+00 1.203624343872070312e+01 -2.563172721862792969e+01 -5.735359787940979004e-01 2.574407339096069336e+00 -5.702304363250732422e+00 -1.779849243164062500e+01 -1.258133506774902344e+01 -1.396039104461669922e+01 1.826377868652343750e+01
-1.734674692153930664e+00 1.208348751068115234e+01 -2.375977325439453125e+01 -3.577340543270111084e-01 -1.627299785614013672e+00 -3.862505197525024414e+00 -1.628691291809082031e+01 -1.096664905548095703e+01 -1.970716857910156250e+01 2.089941787719726562e+01
-4.699065685272216797e+00 9.922326087951660156e+00 -2.023492050170898438e+01 -2.718246936798095703e+00 1.088088274002075195e+00 -5.340457916259765625e+00 -1.824204826354980469e+01 -7.470366954803466797e+00 -1.387894630432128906e+01 1.221722030639648438e+01
-7.526016235351562500e+00 1.213626575469970703e+01 -2.426012420654296875e+01 5.026631832122802734e+00 4.178589344024658203e+00 -5.606967449188232422e+00 -1.322859764099121094e+01 -9.540417671203613281e+00 -1.070523262023925781e+01 1.740087318420410156e+01
-2.923208475112915039e+00 7.984084129333496094e+00 -1.836140632629394531e+01 -6.180586338043212891e+00 -2.363159418106079102e+00 -6.082187175750732422e+00 -2.127625846862792969e+01 -7.715199470520019531e+00 -1.664607429504394531e+01 1.622875785827636719e+01
-5.864343166351318359e+00 9.589830398559570312e+00 -2.217531776428222656e+01 6.569352746009826660e-02 9.660608768463134766e-01 -5.477858066558837891e+00 -1.465186023712158203e+01 -9.854796409606933594e+00 -1.172280406951904297e+01 1.375522041320800781e+01
-7.023502588272094727e-01 1.145812320709228516e+01 -1.943900108337402344e+01 -5.399240970611572266e+00 -2.487758159637451172e+00 -3.309601068496704102e+00 -1.745931243896484375e+01 -9.634200096130371094e+00 -1.420269680023193359e+01 1.575509738922119141e+01
-9.145777702331542969e+00 1.064889717102050781e+01 -2.110616302490234375e+01 -3.858530521392822266e+00 3.640510559082031250e+00 -5.195200920104980469e+00 -1.621552658081054688e+01 -9.703010559082031250e+00 -1.124974441528320312e+01 1.188340663909912109e+01
-6.054035201668739319e-02 1.043288516998291016e+01 -1.871769142150878906e+01 -5.452355861663818359e+00 -5.051036357879638672e+00 -5.441812992095947266e+00 -2.132423782348632812e+01 -1.125069427490234375e+01 -1.816458702087402344e+01 1.598944759368896484e+01
-3.926132917404174805e+00 9.141981124877929688e+00 -2.320780754089355469e+01 4.675406455993652344e+00 7.553757429122924805e-01 -4.989086151123046875e+00 -1.331056118011474609e+01 -1.063564109802246094e+01 -9.975921630859375000e+00 1.908586120605468750e+01
-3.164777517318725586e+00 1.096028995513916016e+01 -1.651146125793457031e+01 -7.604834079742431641e+00 -3.323592901229858398e+00 -7.294203281402587891e+00 -2.389793395996093750e+01 -7.040947437286376953e+00 -1.417733764648437500e+01 1.302859210968017578e+01
-3.055798768997192383e+00 1.049829673767089844e+01 -1.769711685180664062e+01 -6.257081031799316406e+00 -3.896938562393188477e+00 -6.540914535522460938e+00 -2.172785186767578125e+01 -7.261637210845947266e+00 -1.234481525421142578e+01 1.187529659271240234e+01
-7.889223694801330566e-01 1.303519725799560547e+01 -2.246379470825195312e+01 -3.890222072601318359e+00 -4.190006732940673828e+00 -8.199296951293945312e+00 -2.375239944458007812e+01 -1.011237525939941406e+01 -2.063992881774902344e+01 1.748893165588378906e+01
-3.569422483444213867e+00 1.246694755554199219e+01 -2.515567398071289062e+01 -1.007745862007141113e+00 -1.411033511161804199e+00 -8.658226966857910156e+00 -2.306463241577148438e+01 -1.162980842590332031e+01 -1.956858634948730469e+01 2.038461685180664062e+01
-2.398042440414428711e+00 1.342747688293457031e+01 -2.380850982666015625e+01 8.260874152183532715e-01 -2.167832136154174805e+00 -5.541014671325683594e+00 -1.952315902709960938e+01 -1.050598049163818359e+01 -2.135855484008789062e+01 1.892626762390136719e+01
-5.890494823455810547e+00 1.154435253143310547e+01 -2.129736328125000000e+01 -1.691969752311706543e+00 1.888498067855834961e+00 -5.631131649017333984e+00 -1.955363464355468750e+01 -8.882729530334472656e+00 -1.430610942840576172e+01 1.577496910095214844e+01
-4.348657131195068359e+00 1.058482646942138672e+01 -2.115777587890625000e+01 -2.157765865325927734e+00 -2.949869334697723389e-01 -6.552395343780517578e+00 -1.704582214355468750e+01 -9.355275154113769531e+00 -1.467652893066406250e+01 1.706946563720703125e+01
-4.238461971282958984e+00 1.179548072814941406e+01 -1.780438995361328125e+01 -3.009761333465576172e+00 -6.628820300102233887e-01 -3.346548318862915039e+00 -1.306617927551269531e+01 -8.333822250366210938e+00 -1.071631050109863281e+01 1.294097805023193359e+01
-5.824952602386474609e+00 1.123646068572998047e+01 -1.981815528869628906e+01 -3.277753591537475586e+00 9.673097133636474609e-01 -3.932791233062744141e+00 -1.997438812255859375e+01 -8.556257247924804688e+00 -1.448548889160156250e+01 1.542034721374511719e+01
-3.989261388778686523e+00 1.199006652832031250e+01 -2.451380348205566406e+01 2.119656085968017578e+00 -1.764035522937774658e-01 -7.793019771575927734e+00 -1.541660404205322266e+01 -8.200029373168945312e+00 -1.469264411926269531e+01 2.010004043579101562e+01
-7.271470546722412109e+00 1.030802440643310547e+01 -2.374313163757324219e+01 2.141266107559204102e+00 2.316910028457641602e+00 -4.086607456207275391e+00 -1.192309188842773438e+01 -1.008058643341064453e+01 -1.261939430236816406e+01 1.675288009643554688e+01
1.569118022918701172e+00 1.215406513214111328e+01 -2.114865493774414062e+01 -2.222948789596557617e+00 -6.926331520080566406e+00 -8.339318275451660156e+00 -2.769884490966796875e+01 -9.179883003234863281e+00 -2.645583152770996094e+01 1.959533309936523438e+01
-2.564936876296997070e+00 8.876210212707519531e+00 -1.873857879638671875e+01 -6.621458053588867188e+00 -1.273733735084533691e+00 -5.761590480804443359e+00 -2.200019836425781250e+01 -8.984947204589843750e+00 -1.678425407409667969e+01 1.265379428863525391e+01
-6.227892875671386719e+00 1.363637828826904297e+01 -2.342273712158203125e+01 3.394483089447021484e+00 1.260347366333007812e+00 -6.961709499359130859e+00 -1.494371604919433594e+01 -8.794237136840820312e+00 -1.164884376525878906e+01 1.604363632202148438e+01
-4.567898273468017578e+00 1.314613437652587891e+01 -2.398277854919433594e+01 8.107628226280212402e-01 1.607290387153625488e+00 -4.016295433044433594e+00 -1.083912944793701172e+01 -9.685122489929199219e+00 -1.425954151153564453e+01 1.955401992797851562e+01
-1.687897443771362305e+00 1.370093154907226562e+01 -2.386625862121582031e+01 -1.289947867393493652e+00 -2.837895154953002930e+00 -5.174437999725341797e+00 -2.151885223388671875e+01 -1.121706867218017578e+01 -2.080700302124023438e+01 1.825044059753417969e+01
-6.285084247589111328e+00 1.214070987701416016e+01 -2.455464553833007812e+01 3.232759535312652588e-01 1.433638095855712891e+00 -6.912176609039306641e+00 -1.573063659667968750e+01 -1.037924194335937500e+01 -1.164795684814453125e+01 1.885881233215332031e+01
-8.308985710144042969e+00 1.066209316253662109e+01 -2.693842506408691406e+01 1.858647465705871582e+00 2.226573944091796875e+00 -5.108542442321777344e+00 -1.357554626464843750e+01 -9.999701499938964844e+00 -9.779445648193359375e+00 1.645704650878906250e+01
-6.677698612213134766e+00 1.082690238952636719e+01 -2.061818504333496094e+01 -2.058209180831909180e+00 1.789889216423034668e+00 -3.889682531356811523e+00 -1.445136260986328125e+01 -8.121349334716796875e+00 -1.017323970794677734e+01 1.385163021087646484e+01
-9.230565071105957031e+00 1.054134368896484375e+01 -1.859226799011230469e+01 -4.157091617584228516e+00 2.261642217636108398e+00 -4.156609535217285156e+00 -1.420588874816894531e+01 -7.426019191741943359e+00 -7.916665554046630859e+00 1.337357807159423828e+01
-3.223702430725097656e+00 7.806881904602050781e+00 -1.774669075012207031e+01 -1.263323426246643066e+00 3.203666210174560547e-01 -3.437070131301879883e+00 -1.331573104858398438e+01 -7.317857742309570312e+00 -7.940628528594970703e+00 1.225182819366455078e+01
-2.409076392650604248e-01 1.131627178192138672e+01 -2.077798652648925781e+01 -2.324170112609863281e+00 -3.089741468429565430e+00 -8.205491065979003906e+00 -1.972915458679199219e+01 -9.716427803039550781e+00 -1.642764472961425781e+01 1.656273078918457031e+01
-7.045239925384521484e+00 1.277699470520019531e+01 -2.170601654052734375e+01 -2.560670852661132812e+00 2.511541604995727539e+00 -4.028871059417724609e+00 -1.690929222106933594e+01 -1.047320270538330078e+01 -9.271492004394531250e+00 1.359115886688232422e+01
-5.991292953491210938e+00 9.623048782348632812e+00 -2.220586013793945312e+01 -3.655377328395843506e-01 1.915558099746704102e+00 -5.395301818847656250e+00 -1.579363441467285156e+01 -8.358299255371093750e+00 -1.416579246520996094e+01 1.615005683898925781e+01
-3.942489385604858398e+00 1.096145343780517578e+01 -1.898118209838867188e+01 -6.202085018157958984e+00 -2.565764665603637695e+00 -1.428384661674499512e+00 -1.857688903808593750e+01 -7.844028949737548828e+00 -1.178749275207519531e+01 1.370185756683349609e+01
2.753026783466339111e-01 1.143507671356201172e+01 -1.802453804016113281e+01 -2.524572134017944336e+00 -4.432053089141845703e+00 -4.908749103546142578e+00 -1.908703613281250000e+01 -8.583778381347656250e+00 -1.718644523620605469e+01 1.479308795928955078e+01
-2.395819664001464844e+00 9.945731163024902344e+00 -1.691559410095214844e+01 -4.749159336090087891e+00 -3.633239746093750000e+00 -5.523076057434082031e+00 -2.317523193359375000e+01 -9.636157035827636719e+00 -1.765689086914062500e+01 1.389121532440185547e+01
-6.252322673797607422e+00 1.115649318695068359e+01 -1.920124053955078125e+01 -2.156159400939941406e+00 1.264698863029479980e+00 -5.876733303070068359e+00 -1.772871780395507812e+01 -7.836452007293701172e+00 -1.088543128967285156e+01 1.077784633636474609e+01
-1.536933422088623047e+00 1.067189884185791016e+01 -2.300908660888671875e+01 -4.973445832729339600e-01 2.097224295139312744e-01 -3.952117919921875000e+00 -1.506893539428710938e+01 -1.075375747680664062e+01 -1.447217559814453125e+01 1.847118377685546875e+01
-7.256045818328857422e+00 1.107604408264160156e+01 -2.832432556152343750e+01 4.291512966156005859e+00 5.368082046508789062e+00 -3.666702508926391602e+00 -9.682263374328613281e+00 -1.296952438354492188e+01 -1.242323398590087891e+01 2.249711227416992188e+01
-5.009351253509521484e+00 1.311204242706298828e+01 -2.405484390258789062e+01 2.433160066604614258e+00 2.783265590667724609e+00 -5.626130104064941406e+00 -1.207688140869140625e+01 -9.592885971069335938e+00 -1.171002483367919922e+01 1.732077598571777344e+01
-1.488968849182128906e+00 1.243161582946777344e+01 -1.797875022888183594e+01 -3.013250589370727539e+00 -3.449503183364868164e+00 -5.850171566009521484e+00 -2.288557052612304688e+01 -9.172733306884765625e+00 -1.940945816040039062e+01 1.490696430206298828e+01
-6.414124965667724609e+00 1.128833198547363281e+01 -1.967866516113281250e+01 -3.307465076446533203e+00 -1.440929651260375977e+00 -6.660336017608642578e+00 -2.053716278076171875e+01 -8.285182952880859375e+00 -1.186799812316894531e+01 1.458813762664794922e+01
-6.186577796936035156e+00 1.555154514312744141e+01 -2.067050170898437500e+01 -3.187662839889526367e+00 2.124465703964233398e+00 -3.738204717636108398e+00 -2.072509574890136719e+01 -9.338043212890625000e+00 -1.195325088500976562e+01 1.561806297302246094e+01
-3.090305089950561523e+00 1.189895725250244141e+01 -2.040826034545898438e+01 -5.214119434356689453e+00 -4.126284599304199219e+00 -8.948621749877929688e+00 -2.129637145996093750e+01 -9.165404319763183594e+00 -1.765539360046386719e+01 1.516772937774658203e+01
-3.411038637161254883e+00 1.176122379302978516e+01 -2.407186508178710938e+01 -4.007009983062744141e+00 -4.140788555145263672e+00 -7.642582893371582031e+00 -1.921769714355468750e+01 -1.012402343750000000e+01 -1.860904121398925781e+01 1.951239776611328125e+01
-6.040493011474609375e+00 1.173700618743896484e+01 -2.411295318603515625e+01 4.340147078037261963e-01 2.693229436874389648e+00 -5.750630378723144531e+00 -1.550216674804687500e+01 -8.271743774414062500e+00 -1.348566722869873047e+01 1.669080543518066406e+01
-2.092181205749511719e+00 1.397795200347900391e+01 -2.419079780578613281e+01 -1.638749480247497559e+00 -4.389739990234375000e+00 -8.661877632141113281e+00 -2.582839202880859375e+01 -9.441604614257812500e+00 -1.964068794250488281e+01 1.772678756713867188e+01
-6.095468997955322266e+00 1.264332008361816406e+01 -2.518061256408691406e+01 6.237642168998718262e-01 3.282567560672760010e-01 -5.872666835784912109e+00 -1.521086311340332031e+01 -9.080167770385742188e+00 -1.305692100524902344e+01 1.876568031311035156e+01
-2.269923925399780273e+00 1.074673461914062500e+01 -1.646682357788085938e+01 -4.821619987487792969e+00 -1.540196537971496582e+00 -3.619380474090576172e+00 -1.675698852539062500e+01 -8.225904464721679688e+00 -1.149009513854980469e+01 1.127053070068359375e+01
-5.931030273437500000e+00 1.021896839141845703e+01 -2.633508300781250000e+01 2.251823902130126953e+00 2.611725091934204102e+00 -5.003215312957763672e+00 -1.582695007324218750e+01 -1.000225543975830078e+01 -1.500356864929199219e+01 2.220357513427734375e+01
-2.063424587249755859e+00 1.064624023437500000e+01 -2.528947257995605469e+01 5.480253100395202637e-01 -2.460859537124633789e+00 -6.994465351104736328e+00 -1.663996315002441406e+01 -1.194278526306152344e+01 -1.757637214660644531e+01 2.150625610351562500e+01
-5.390492439270019531e+00 1.261902713775634766e+01 -2.514755630493164062e+01 1.776160299777984619e-01 -1.865713119506835938e+00 -6.397457122802734375e+00 -1.869973945617675781e+01 -1.151898956298828125e+01 -1.833437538146972656e+01 2.036096191406250000e+01
-7.893952541053295135e-03 1.030967903137207031e+01 -1.928553390502929688e+01 -3.160748243331909180e+00 -3.953234434127807617e+00 -4.654267787933349609e+00 -2.005007934570312500e+01 -8.604071617126464844e+00 -1.891459465026855469e+01 1.396587467193603516e+01
-1.095011472702026367e+00 1.203743648529052734e+01 -2.562539672851562500e+01 -7.224190831184387207e-01 -2.737955570220947266e+00 -5.687520503997802734e+00 -2.141632652282714844e+01 -1.196732711791992188e+01 -1.959821891784667969e+01 1.886191558837890625e+01
-5.564482212066650391e+00 1.507155132293701172e+01 -2.496181869506835938e+01 -7.512483000755310059e-02 3.557767629623413086e+00 -5.108159065246582031e+00 -1.599147605895996094e+01 -9.103311538696289062e+00 -1.291340351104736328e+01 1.775817489624023438e+01
-2.621180295944213867e+00 1.214699745178222656e+01 -2.566917037963867188e+01 -5.864623188972473145e-01 -3.104619264602661133e+00 -7.642808437347412109e+00 -2.369326591491699219e+01 -1.300205421447753906e+01 -1.935442924499511719e+01 1.964251136779785156e+01
-4.735290527343750000e+00 1.230997753143310547e+01 -2.617493438720703125e+01 1.773627638816833496e+00 -1.352234959602355957e+00 -7.345145702362060547e+00 -2.311591339111328125e+01 -1.353641128540039062e+01 -1.975970458984375000e+01 1.918390274047851562e+01
-2.441941261291503906e+00 1.039756298065185547e+01 -2.241301155090332031e+01 -2.584292411804199219e+00 -3.098613500595092773e+00 -6.735826969146728516e+00 -2.102801132202148438e+01 -1.014678764343261719e+01 -1.814310836791992188e+01 1.554926776885986328e+01
-5.630345821380615234e+00 1.075684833526611328e+01 -2.048649597167968750e+01 -3.072609424591064453e+00 -1.167667806148529053e-01 -6.869814395904541016e+00 -2.167051696777343750e+01 -1.007810974121093750e+01 -1.574083518981933594e+01 1.590778160095214844e+01
-3.188821554183959961e+00 1.405857086181640625e+01 -2.233947372436523438e+01 -6.229236721992492676e-01 -3.287617444992065430e+00 -5.973298549652099609e+00 -1.849659347534179688e+01 -9.221576690673828125e+00 -1.522381114959716797e+01 1.672483062744140625e+01
-5.515176296234130859e+00 1.282571029663085938e+01 -2.431550407409667969e+01 -2.585395097732543945e+00 1.846764564514160156e+00 -6.649138927459716797e+00 -1.675623703002929688e+01 -8.319355964660644531e+00 -1.100994777679443359e+01 1.715799903869628906e+01
-5.554239273071289062e+00 1.334937381744384766e+01 -2.591171836853027344e+01 3.184983491897583008e+00 3.659948587417602539e+00 -5.863068580627441406e+00 -1.401855659484863281e+01 -1.278577995300292969e+01 -1.423588562011718750e+01 2.194976806640625000e+01
-2.424964189529418945e+00 1.096266269683837891e+01 -2.583469581604003906e+01 1.101122498512268066e+00 5.219045281410217285e-01 -7.086737155914306641e+00 -1.844806480407714844e+01 -9.800086021423339844e+00 -1.744490242004394531e+01 2.049672698974609375e+01
-1.544457674026489258e+00 1.201853847503662109e+01 -2.110282707214355469e+01 -1.123435616493225098e+00 -9.186360053718090057e-03 -5.304801464080810547e+00 -1.726497840881347656e+01 -9.118875503540039062e+00 -1.690330314636230469e+01 1.998061370849609375e+01
-2.325931310653686523e+00 1.171353626251220703e+01 -1.518010520935058594e+01 -4.656963348388671875e+00 -4.246566295623779297e+00 -6.734834194183349609e+00 -2.275075340270996094e+01 -9.126893997192382812e+00 -1.613918495178222656e+01 1.154184055328369141e+01
-5.956305027008056641e+00 1.149886417388916016e+01 -1.605714607238769531e+01 -4.760023593902587891e+00 -2.438845872879028320e+00 -5.434453487396240234e+00 -2.115761375427246094e+01 -4.657022953033447266e+00 -1.301278400421142578e+01 1.015712547302246094e+01
-3.180781602859497070e+00 1.039640331268310547e+01 -2.424246978759765625e+01 -1.493835091590881348e+00 -3.392310380935668945e+00 -6.504252433776855469e+00 -2.068212509155273438e+01 -9.918934822082519531e+00 -1.896305274963378906e+01 1.937272644042968750e+01
-2.535425186157226562e+00 1.117354488372802734e+01 -2.355216598510742188e+01 -7.611165642738342285e-01 -1.120223879814147949e+00 -5.062980175018310547e+00 -1.856603622436523438e+01 -9.422689437866210938e+00 -1.830707740783691406e+01 1.676713943481445312e+01
-7.816905498504638672e+00 1.273854160308837891e+01 -2.585409927368164062e+01 -2.062356948852539062e+00 1.713087677955627441e+00 -6.513275623321533203e+00 -1.713919067382812500e+01 -1.038477325439453125e+01 -1.144272994995117188e+01 1.662265586853027344e+01
-3.473703622817993164e+00 1.137474727630615234e+01 -2.098216247558593750e+01 -3.032287597656250000e+00 6.314409971237182617e-01 -4.899437904357910156e+00 -2.109583473205566406e+01 -1.118697071075439453e+01 -1.746476554870605469e+01 1.591072559356689453e+01
-4.816585063934326172e+00 1.129203510284423828e+01 -2.499321174621582031e+01 -2.225533485412597656e+00 9.721264839172363281e-01 -4.129759788513183594e+00 -1.897230148315429688e+01 -1.123780155181884766e+01 -1.307526493072509766e+01 1.706325149536132812e+01
-6.789215087890625000e+00 1.083323860168457031e+01 -2.269533538818359375e+01 -1.377893567085266113e+00 9.422500133514404297e-01 -7.706220149993896484e+00 -2.009421920776367188e+01 -7.875658988952636719e+00 -1.429355144500732422e+01 1.720367240905761719e+01
-2.369007825851440430e+00 1.099500751495361328e+01 -1.997652816772460938e+01 -2.129112005233764648e+00 -1.070755362510681152e+00 -8.165229797363281250e+00 -2.267663002014160156e+01 -7.610446453094482422e+00 -1.745614242553710938e+01 1.692518424987792969e+01
-4.167150974273681641e+00 1.243656826019287109e+01 -2.573242950439453125e+01 -5.500301346182823181e-02 -2.870961666107177734e+00 -6.520902633666992188e+00 -1.982596588134765625e+01 -1.193821716308593750e+01 -1.682620048522949219e+01 1.849710464477539062e+01
-2.143592119216918945e+00 1.157326793670654297e+01 -1.830153656005859375e+01 -6.812585353851318359e+00 -4.181326866149902344e+00 -6.888341426849365234e+00 -2.032658386230468750e+01 -6.857191085815429688e+00 -1.711226844787597656e+01 1.430769729614257812e+01
-5.438984394073486328e+00 1.294787788391113281e+01 -2.608438110351562500e+01 -1.336779475212097168e+00 -7.647010684013366699e-02 -4.578275203704833984e+00 -1.554416179656982422e+01 -9.244083404541015625e+00 -1.312079620361328125e+01 1.970965194702148438e+01
-3.600860595703125000e+00 1.259134197235107422e+01 -2.158249473571777344e+01 -2.567501962184906006e-01 -1.765338301658630371e+00 -8.283066749572753906e+00 -2.644092369079589844e+01 -9.739029884338378906e+00 -1.942857933044433594e+01 1.868033981323242188e+01
-3.575468540191650391e+00 1.140842914581298828e+01 -2.346384811401367188e+01 1.641769289970397949e+00 -3.912589326500892639e-02 -6.866646766662597656e+00 -1.398690319061279297e+01 -9.198324203491210938e+00 -1.389276504516601562e+01 1.813150978088378906e+01
-1.428716897964477539e+00 1.014052486419677734e+01 -2.244414901733398438e+01 -2.725857496261596680e+00 -2.872357130050659180e+00 -6.431805133819580078e+00 -1.901268768310546875e+01 -9.373215675354003906e+00 -1.701879692077636719e+01 1.918977737426757812e+01
-5.815348148345947266e+00 1.493063449859619141e+01 -2.391578483581542969e+01 2.844849348068237305e+00 2.049011468887329102e+00 -7.045251369476318359e+00 -1.752097702026367188e+01 -9.787199974060058594e+00 -1.400916671752929688e+01 1.790687942504882812e+01
-4.266823291778564453e+00 1.018289089202880859e+01 -2.601370429992675781e+01 3.056290626525878906e+00 6.041058897972106934e-01 -4.797918319702148438e+00 -1.445236301422119141e+01 -1.073757266998291016e+01 -1.646129035949707031e+01 2.029410362243652344e+01
-5.098557949066162109e+00 1.067724895477294922e+01 -2.077866554260253906e+01 -3.728963851928710938e+00 -5.314425230026245117e-01 -6.013984203338623047e+00 -2.196195793151855469e+01 -9.688489913940429688e+00 -1.589376449584960938e+01 1.480399227142333984e+01
-4.401813030242919922e+00 1.183098411560058594e+01 -2.287558746337890625e+01 -2.438336372375488281e+00 -3.024722099304199219e+00 -5.657432079315185547e+00 -1.955338859558105469e+01 -8.545557975769042969e+00 -1.645219230651855469e+01 1.686417388916015625e+01
-4.301192283630371094e+00 1.133077526092529297e+01 -2.400700378417968750e+01 -1.980955004692077637e+00 -3.611033856868743896e-01 -5.789120197296142578e+00 -1.825685882568359375e+01 -9.689727783203125000e+00 -1.503637504577636719e+01 1.612196159362792969e+01
-8.637021780014038086e-01 1.316157817840576172e+01 -2.053998184204101562e+01 -1.296313643455505371e+00 -2.150342941284179688e+00 -6.192220211029052734e+00 -1.942633819580078125e+01 -7.764197826385498047e+00 -1.628682327270507812e+01 1.550049495697021484e+01
-4.602982521057128906e+00 1.370317459106445312e+01 -2.487301826477050781e+01 -1.755658745765686035e+00 -1.433586001396179199e+00 -4.860315799713134766e+00 -1.510466003417968750e+01 -1.177160453796386719e+01 -1.399039936065673828e+01 1.743015289306640625e+01
-7.944058895111083984e+00 1.307332324981689453e+01 -2.351716613769531250e+01 -8.795008063316345215e-02 3.058927059173583984e+00 -6.313319206237792969e+00 -1.087938308715820312e+01 -9.893554687500000000e+00 -9.010351181030273438e+00 1.466387176513671875e+01
-4.017147541046142578e+00 1.039898872375488281e+01 -2.454190063476562500e+01 4.244499206542968750e+00 4.717186450958251953e+00 -2.961897611618041992e+00 -9.163183212280273438e+00 -9.061326980590820312e+00 -8.447130203247070312e+00 1.931353759765625000e+01
-3.311285257339477539e+00 1.064083957672119141e+01 -1.961762619018554688e+01 -2.057020187377929688e+00 -7.631538510322570801e-01 -5.440314769744873047e+00 -2.116724014282226562e+01 -1.045680522918701172e+01 -1.521517848968505859e+01 1.545161342620849609e+01
-4.910457134246826172e+00 9.290696144104003906e+00 -1.739692306518554688e+01 -5.906138896942138672e+00 -2.189063072204589844e+00 -4.797772884368896484e+00 -2.143811035156250000e+01 -7.870044231414794922e+00 -1.072826194763183594e+01 1.073810768127441406e+01
-6.035637378692626953e+00 1.031593799591064453e+01 -2.563544082641601562e+01 1.899033427238464355e+00 2.251213312149047852e+00 -6.352868080139160156e+00 -1.530230331420898438e+01 -8.926810264587402344e+00 -1.148675060272216797e+01 1.922441482543945312e+01
-6.687253475189208984e+00 9.605139732360839844e+00 -2.097833633422851562e+01 5.137357860803604126e-03 1.472506880760192871e+00 -6.273056030273437500e+00 -1.208612346649169922e+01 -7.282614231109619141e+00 -1.132031536102294922e+01 1.642490005493164062e+01
-6.083467960357666016e+00 1.054486846923828125e+01 -2.273499298095703125e+01 -3.130751609802246094e+00 3.790067434310913086e+00 -4.574730873107910156e+00 -1.486403274536132812e+01 -1.092999649047851562e+01 -1.165422058105468750e+01 1.661440277099609375e+01
-2.319793939590454102e+00 1.100423717498779297e+01 -2.301620101928710938e+01 1.973580420017242432e-01 -1.029366731643676758e+00 -3.964791536331176758e+00 -1.354443359375000000e+01 -1.100919914245605469e+01 -1.438452339172363281e+01 1.707085990905761719e+01
-1.579395651817321777e+00 1.055518245697021484e+01 -2.306382179260253906e+01 -2.353248834609985352e+00 -4.081909656524658203e+00 -8.413319587707519531e+00 -2.479561805725097656e+01 -1.209848022460937500e+01 -1.931488227844238281e+01 1.787051391601562500e+01
-5.382497310638427734e+00 8.250251770019531250e+00 -2.904212951660156250e+01 1.298256039619445801e+00 4.106058120727539062e+00 -5.123571872711181641e+00 -1.458059310913085938e+01 -1.284550094604492188e+01 -1.656309890747070312e+01 2.175384712219238281e+01
-5.311423301696777344e+00 1.229304504394531250e+01 -2.346770477294921875e+01 -2.299842834472656250e+00 -1.085178732872009277e+00 -7.034517765045166016e+00 -1.942951774597167969e+01 -1.146445083618164062e+01 -1.505760765075683594e+01 1.766418457031250000e+01
-3.140850543975830078e+00 1.108877658843994141e+01 -2.012553787231445312e+01 -6.364799022674560547e+00 -4.476966381072998047e+00 -5.411370754241943359e+00 -2.659459686279296875e+01 -1.090752315521240234e+01 -2.057669067382812500e+01 1.434365367889404297e+01
-5.656382083892822266e+00 1.158798313140869141e+01 -2.361607742309570312e+01 2.374708890914916992e+00 4.197192192077636719e+00 -2.707567453384399414e+00 -7.448072910308837891e+00 -1.001414012908935547e+01 -1.037175559997558594e+01 1.657538986206054688e+01
-7.383806705474853516e+00 1.150633239746093750e+01 -2.136256790161132812e+01 -1.918644547462463379e+00 1.684634387493133545e-01 -5.091943264007568359e+00 -1.581865501403808594e+01 -8.505422592163085938e+00 -1.120585823059082031e+01 1.554494857788085938e+01
-5.139256000518798828e+00 1.144241809844970703e+01 -2.266004943847656250e+01 -1.904670596122741699e+00 5.311183929443359375e-01 -7.840494632720947266e+00 -2.184022521972656250e+01 -1.024616336822509766e+01 -1.471661472320556641e+01 1.728807830810546875e+01
-2.973878681659698486e-01 1.107305526733398438e+01 -1.730883789062500000e+01 -5.160412311553955078e+00 -6.029740333557128906e+00 -6.279211521148681641e+00 -2.398927688598632812e+01 -8.485115051269531250e+00 -1.984967803955078125e+01 1.503317737579345703e+01
-5.513782501220703125e+00 1.308842086791992188e+01 -2.323691558837890625e+01 1.588531374931335449e+00 7.056170701980590820e-01 -7.967783451080322266e+00 -1.673400688171386719e+01 -8.678773880004882812e+00 -1.341555118560791016e+01 1.663463211059570312e+01
-5.408208370208740234e+00 1.008813953399658203e+01 -2.514275169372558594e+01 -2.855631828308105469e+00 1.678454518318176270e+00 -2.880174875259399414e+00 -1.319491195678710938e+01 -9.712469100952148438e+00 -1.267824649810791016e+01 1.901990699768066406e+01
-5.344667911529541016e+00 1.332280826568603516e+01 -2.728332519531250000e+01 1.440056204795837402e+00 2.171268686652183533e-02 -6.886749744415283203e+00 -1.968981742858886719e+01 -9.836067199707031250e+00 -1.735160446166992188e+01 2.050395584106445312e+01
-4.927979946136474609e+00 9.685911178588867188e+00 -2.359828948974609375e+01 1.345313906669616699e+00 1.462308168411254883e+00 -5.592683315277099609e+00 -1.360797977447509766e+01 -9.402833938598632812e+00 -1.283745956420898438e+01 1.875682067871093750e+01
-3.168866634368896484e+00 1.498878002166748047e+01 -2.421829223632812500e+01 1.171013414859771729e-01 -3.152992486953735352e+00 -8.146222114562988281e+00 -2.148178863525390625e+01 -9.303883552551269531e+00 -1.836593055725097656e+01 2.020666885375976562e+01
-1.885962724685668945e+00 1.355845928192138672e+01 -2.018233489990234375e+01 -2.684859275817871094e+00 -4.190290927886962891e+00 -9.267384529113769531e+00 -2.425315856933593750e+01 -1.102673244476318359e+01 -1.759432601928710938e+01 1.393422794342041016e+01
-3.868892908096313477e+00 8.927790641784667969e+00 -2.175081825256347656e+01 -6.431792378425598145e-01 -3.731778562068939209e-01 -6.041726112365722656e+00 -1.653944969177246094e+01 -9.280162811279296875e+00 -1.160662746429443359e+01 1.524026489257812500e+01
-3.048766136169433594e+00 1.220571613311767578e+01 -2.351558113098144531e+01 -2.045210301876068115e-01 -1.226487278938293457e+00 -6.549571990966796875e+00 -2.135573768615722656e+01 -9.580314636230468750e+00 -1.624978637695312500e+01 1.805435371398925781e+01
-4.999779224395751953e+00 1.028522109985351562e+01 -2.434088325500488281e+01 -6.713414788246154785e-01 -7.485720515251159668e-02 -5.367367267608642578e+00 -1.845310974121093750e+01 -1.154336166381835938e+01 -1.553828144073486328e+01 1.800332450866699219e+01
-6.025761604309082031e+00 1.251701450347900391e+01 -2.047136306762695312e+01 4.686483442783355713e-01 1.846102118492126465e+00 -4.833600521087646484e+00 -1.502480411529541016e+01 -8.065125465393066406e+00 -1.064962100982666016e+01 1.265263652801513672e+01
-4.861952304840087891e+00 1.187681674957275391e+01 -2.022331619262695312e+01 -1.264489769935607910e+00 3.279255390167236328e+00 -3.812705755233764648e+00 -1.108032608032226562e+01 -8.802641868591308594e+00 -9.072649955749511719e+00 1.419846343994140625e+01
-3.593924522399902344e+00 1.135149765014648438e+01 -2.271512985229492188e+01 -2.106807708740234375e+00 8.214074373245239258e-01 -5.522259235382080078e+00 -1.806654357910156250e+01 -1.003068065643310547e+01 -1.676144218444824219e+01 1.732399559020996094e+01
-4.968497276306152344e+00 1.042345333099365234e+01 -2.001817131042480469e+01 -1.564900040626525879e+00 4.515579640865325928e-01 -5.167371749877929688e+00 -1.576717758178710938e+01 -9.798563003540039062e+00 -1.040161323547363281e+01 1.442784023284912109e+01
-6.938118934631347656e-01 1.143891239166259766e+01 -1.926347351074218750e+01 -6.359492301940917969e+00 -6.326089382171630859e+00 -7.680546760559082031e+00 -2.674497604370117188e+01 -7.771965980529785156e+00 -2.139068222045898438e+01 1.516669750213623047e+01
-3.932306289672851562e+00 1.471630668640136719e+01 -2.552962303161621094e+01 -7.630468010902404785e-01 -2.249450206756591797e+00 -8.200440406799316406e+00 -2.170968437194824219e+01 -1.161696529388427734e+01 -2.032854270935058594e+01 1.778823471069335938e+01
-4.082150936126708984e+00 1.132666110992431641e+01 -2.126338958740234375e+01 -2.322559833526611328e+00 -3.676667690277099609e+00 -6.204896450042724609e+00 -2.115695571899414062e+01 -9.451667785644531250e+00 -1.529761409759521484e+01 1.801435852050781250e+01
-8.970855474472045898e-01 1.140560340881347656e+01 -2.141139984130859375e+01 -2.738239526748657227e+00 -6.093958616256713867e-01 -3.785595655441284180e+00 -2.290253067016601562e+01 -1.039523124694824219e+01 -1.711444664001464844e+01 1.813698959350585938e+01
1.164334535598754883e+00 1.259501552581787109e+01 -2.354243469238281250e+01 -1.320087790489196777e+00 -2.749181032180786133e+00 -5.206764221191406250e+00 -1.845698547363281250e+01 -1.097872352600097656e+01 -1.626891517639160156e+01 1.906885719299316406e+01
-6.394243717193603516e+00 1.105138778686523438e+01 -2.234702491760253906e+01 -4.078626155853271484e+00 -1.143771886825561523e+00 -4.838857173919677734e+00 -1.981410980224609375e+01 -8.124053001403808594e+00 -1.422264671325683594e+01 1.538940143585205078e+01
-4.295748710632324219e+00 1.040975284576416016e+01 -2.506377792358398438e+01 -6.552272439002990723e-01 -5.369411706924438477e-01 -5.513562679290771484e+00 -1.891360092163085938e+01 -1.148509788513183594e+01 -1.759880065917968750e+01 1.840106582641601562e+01
-6.997241973876953125e+00 1.173394489288330078e+01 -2.445459747314453125e+01 5.765179991722106934e-01 2.160924196243286133e+00 -6.625586986541748047e+00 -1.618375396728515625e+01 -1.009582328796386719e+01 -1.291031837463378906e+01 1.859674835205078125e+01
-6.217167377471923828e+00 9.773125648498535156e+00 -2.344991111755371094e+01 -4.064517915248870850e-01 5.496539592742919922e+00 -3.970811128616333008e+00 -1.452786159515380859e+01 -1.015332031250000000e+01 -1.369460391998291016e+01 1.708418655395507812e+01
-1.942423582077026367e+00 1.259851551055908203e+01 -2.359676551818847656e+01 -1.236359953880310059e+00 -1.460668742656707764e-01 -6.359154224395751953e+00 -2.274840164184570312e+01 -1.044971370697021484e+01 -1.659925651550292969e+01 1.758383178710937500e+01
-5.393573760986328125e+00 1.421746349334716797e+01 -2.859582519531250000e+01 1.399270892143249512e+00 1.476400256156921387e+00 -8.729796409606933594e+00 -2.120045280456542969e+01 -1.160539245605468750e+01 -2.074589347839355469e+01 2.296319389343261719e+01
-5.277271270751953125e+00 1.317860507965087891e+01 -2.695387649536132812e+01 3.510439395904541016e+00 3.355141162872314453e+00 -5.312334537506103516e+00 -1.530968952178955078e+01 -1.145390510559082031e+01 -1.569910717010498047e+01 2.047726821899414062e+01
-6.786007404327392578e+00 1.180643939971923828e+01 -2.136996650695800781e+01 -5.350435376167297363e-01 4.248005390167236328e+00 -5.113851070404052734e+00 -1.562345790863037109e+01 -8.012971878051757812e+00 -1.014617252349853516e+01 1.579450702667236328e+01
-4.480151653289794922e+00 1.079009246826171875e+01 -2.335363769531250000e+01 -3.110315322875976562e+00 4.818620905280113220e-02 -4.230432987213134766e+00 -1.762980651855468750e+01 -1.190790557861328125e+01 -1.475548553466796875e+01 1.681754302978515625e+01
-4.859221458435058594e+00 1.106842517852783203e+01 -2.702040672302246094e+01 -9.094253182411193848e-01 3.818589150905609131e-01 -6.395225048065185547e+00 -1.715621566772460938e+01 -1.268154335021972656e+01 -1.322628688812255859e+01 1.847614479064941406e+01
-6.820117473602294922e+00 1.109839153289794922e+01 -2.250255584716796875e+01 1.153031229972839355e+00 1.852591753005981445e+00 -4.472033023834228516e+00 -1.354794216156005859e+01 -1.156210136413574219e+01 -1.095232009887695312e+01 1.790668869018554688e+01
-7.339201927185058594e+00 8.901108741760253906e+00 -1.890306282043457031e+01 -2.717668533325195312e+00 1.863048195838928223e+00 -6.027428627014160156e+00 -1.466786384582519531e+01 -7.163041591644287109e+00 -1.203528594970703125e+01 1.173695087432861328e+01
-4.167448520660400391e+00 1.239877510070800781e+01 -2.229316329956054688e+01 -1.847969889640808105e+00 2.763526141643524170e-01 -4.241975784301757812e+00 -1.387512779235839844e+01 -1.031177139282226562e+01 -1.237607192993164062e+01 1.817142105102539062e+01
-1.960579156875610352e+00 1.165555477142333984e+01 -1.926028442382812500e+01 -5.775295734405517578e+00 -3.652485609054565430e+00 -4.929454803466796875e+00 -2.093478775024414062e+01 -8.331894874572753906e+00 -1.526490211486816406e+01 1.504514884948730469e+01
-4.567447185516357422e+00 1.050133800506591797e+01 -2.276259231567382812e+01 -2.642421722412109375e+00 1.758028388023376465e+00 -7.376383304595947266e+00 -1.575161647796630859e+01 -8.077116966247558594e+00 -1.237870597839355469e+01 1.854369926452636719e+01
-6.542030811309814453e+00 1.027048778533935547e+01 -2.878171730041503906e+01 2.476142883300781250e+00 5.340988636016845703e+00 -3.797148704528808594e+00 -1.223896598815917969e+01 -1.091687679290771484e+01 -1.225013923645019531e+01 2.374397277832031250e+01
-5.267951488494873047e+00 1.235919189453125000e+01 -2.792683410644531250e+01 2.634552001953125000e+00 4.157489776611328125e+00 -3.379404544830322266e+00 -9.724760055541992188e+00 -1.236278629302978516e+01 -1.270950412750244141e+01 2.281817817687988281e+01
-4.799925327301025391e+00 1.083959579467773438e+01 -3.112095832824707031e+01 3.103847503662109375e+00 3.470394849777221680e+00 -4.762247562408447266e+00 -1.060088825225830078e+01 -1.018217563629150391e+01 -1.438039588928222656e+01 2.438397216796875000e+01
-1.006996393203735352e+00 1.132757186889648438e+01 -2.241079330444335938e+01 -2.376248598098754883e+00 -1.842222452163696289e+00 -7.085870265960693359e+00 -2.430721282958984375e+01 -1.172797393798828125e+01 -2.103270530700683594e+01 1.914089965820312500e+01
-1.824975252151489258e+00 1.228312206268310547e+01 -2.298919486999511719e+01 -7.097468972206115723e-01 -2.195247411727905273e+00 -5.617551803588867188e+00 -2.095682144165039062e+01 -1.120763301849365234e+01 -1.912605857849121094e+01 1.868594360351562500e+01
-3.302108347415924072e-01 1.169790840148925781e+01 -2.134112930297851562e+01 -2.778069972991943359e+00 -3.714706659317016602e+00 -5.667600154876708984e+00 -1.897373390197753906e+01 -9.891534805297851562e+00 -1.797734260559082031e+01 1.637117385864257812e+01
-5.582323551177978516e+00 8.947331428527832031e+00 -2.302827453613281250e+01 3.782891333103179932e-01 2.216660261154174805e+00 -4.326412200927734375e+00 -1.387309074401855469e+01 -1.055599021911621094e+01 -1.210416316986083984e+01 1.778105354309082031e+01
-2.408016443252563477e+00 1.081125354766845703e+01 -2.113554763793945312e+01 -5.693939685821533203e+00 -3.393007040023803711e+00 -7.454951763153076172e+00 -2.404530334472656250e+01 -1.071482563018798828e+01 -1.943147850036621094e+01 1.746404647827148438e+01
-2.636165857315063477e+00 1.112468338012695312e+01 -1.981949615478515625e+01 -4.047505855560302734e+00 -1.991826176643371582e+00 -5.586523056030273438e+00 -1.732425117492675781e+01 -8.551010131835937500e+00 -1.400500774383544922e+01 1.689852333068847656e+01
-3.408895730972290039e+00 1.051301479339599609e+01 -2.426753807067871094e+01 2.351325511932373047e+00 4.409862458705902100e-01 -6.487585544586181641e+00 -1.709382629394531250e+01 -1.039061832427978516e+01 -1.455206680297851562e+01 1.892810058593750000e+01
2.444797456264495850e-01 9.305558204650878906e+00 -1.768391036987304688e+01 -4.308243751525878906e+00 -8.216781616210937500e+00 -6.165426731109619141e+00 -2.299666023254394531e+01 -8.787296295166015625e+00 -2.133981895446777344e+01 1.604086685180664062e+01
-2.901415586471557617e+00 1.364391994476318359e+01 -2.156719207763671875e+01 -2.358964204788208008e+00 -2.553706884384155273e+00 -7.597307682037353516e+00 -2.012184524536132812e+01 -1.081269836425781250e+01 -1.614678382873535156e+01 1.409275722503662109e+01
-4.349181175231933594e+00 1.410229206085205078e+01 -2.487143707275390625e+01 2.685070991516113281e+00 -1.067174077033996582e+00 -8.247881889343261719e+00 -2.060709381103515625e+01 -1.151593971252441406e+01 -1.754030036926269531e+01 2.187773895263671875e+01
-4.847457885742187500e+00 1.146129894256591797e+01 -2.155297851562500000e+01 -3.376409053802490234e+00 -1.890784382820129395e+00 -6.090326309204101562e+00 -1.762627410888671875e+01 -8.986339569091796875e+00 -1.415004825592041016e+01 1.225111675262451172e+01
-6.338490486145019531e+00 1.038732147216796875e+01 -1.563382720947265625e+01 -4.086175918579101562e+00 -3.941149413585662842e-01 -5.267606735229492188e+00 -2.033176803588867188e+01 -6.983885288238525391e+00 -1.168633460998535156e+01 8.606546401977539062e+00
-5.869303703308105469e+00 8.852009773254394531e+00 -1.952620887756347656e+01 -4.788235187530517578e+00 1.493635535240173340e+00 -4.945397377014160156e+00 -1.836318588256835938e+01 -8.217340469360351562e+00 -1.058065986633300781e+01 1.169576358795166016e+01
-5.003789901733398438e+00 1.048153400421142578e+01 -1.837731552124023438e+01 -2.246330738067626953e+00 9.284839034080505371e-01 -4.642512798309326172e+00 -1.541350269317626953e+01 -8.534307479858398438e+00 -9.525938987731933594e+00 1.242054462432861328e+01
-6.960909843444824219e+00 1.336092185974121094e+01 -2.699401473999023438e+01 2.376744270324707031e+00 3.185780525207519531e+00 -3.289191961288452148e+00 -1.247893524169921875e+01 -1.264522552490234375e+01 -1.404377365112304688e+01 2.146061706542968750e+01
-5.090423107147216797e+00 9.717571258544921875e+00 -2.270410156250000000e+01 -1.195835471153259277e+00 -4.011734962463378906e+00 -8.267226219177246094e+00 -1.970198822021484375e+01 -1.014469909667968750e+01 -1.586540603637695312e+01 1.581967163085937500e+01
2.252213239669799805e+00 1.100546455383300781e+01 -2.267174148559570312e+01 -5.010796189308166504e-01 -4.610372543334960938e+00 -6.797307968139648438e+00 -2.108554458618164062e+01 -8.149742126464843750e+00 -1.942685127258300781e+01 1.859687042236328125e+01
-4.085693836212158203e+00 9.134653091430664062e+00 -2.028718185424804688e+01 -3.376982688903808594e+00 -1.721760034561157227e+00 -7.369978904724121094e+00 -1.972327423095703125e+01 -9.525648117065429688e+00 -1.355908393859863281e+01 1.356543540954589844e+01
-8.685254096984863281e+00 1.014913845062255859e+01 -1.571338462829589844e+01 -4.950645923614501953e+00 2.125098928809165955e-02 -4.407701015472412109e+00 -2.358992195129394531e+01 -5.512224197387695312e+00 -1.305968475341796875e+01 8.639676094055175781e+00
-1.391873717308044434e+00 9.783129692077636719e+00 -1.885448455810546875e+01 -1.781569123268127441e+00 -3.091786801815032959e-01 -5.597178936004638672e+00 -2.052138328552246094e+01 -9.187243461608886719e+00 -1.635201835632324219e+01 1.570303440093994141e+01
-2.419844388961791992e+00 1.221256828308105469e+01 -2.086604118347167969e+01 -3.816746950149536133e+00 -2.289886236190795898e+00 -6.085599422454833984e+00 -2.073140335083007812e+01 -1.054173564910888672e+01 -1.596098136901855469e+01 1.498445320129394531e+01
-4.374067783355712891e+00 1.236128139495849609e+01 -2.186170196533203125e+01 -1.665567040443420410e+00 -4.927812516689300537e-01 -7.644850730895996094e+00 -2.305640792846679688e+01 -9.582054138183593750e+00 -1.663081550598144531e+01 1.588307571411132812e+01
-1.088488817214965820e+00 1.216576194763183594e+01 -2.329626846313476562e+01 -2.351123332977294922e+00 -2.367800474166870117e+00 -5.455152988433837891e+00 -2.237719345092773438e+01 -1.185308837890625000e+01 -1.864978027343750000e+01 1.723356628417968750e+01
-7.930088996887207031e+00 1.193812084197998047e+01 -1.873867416381835938e+01 -4.267280101776123047e+00 2.510279178619384766e+00 -8.369743347167968750e+00 -2.100770759582519531e+01 -5.359799861907958984e+00 -1.027421760559082031e+01 1.180000782012939453e+01
-3.370285272598266602e+00 9.198424339294433594e+00 -1.703394317626953125e+01 -5.121897220611572266e+00 -5.699032306671142578e+00 -5.024741172790527344e+00 -1.741690826416015625e+01 -7.261505603790283203e+00 -1.342485427856445312e+01 1.158464431762695312e+01
-6.825934886932373047e+00 9.372671127319335938e+00 -2.208594703674316406e+01 -1.173796534538269043e+00 2.284910917282104492e+00 -6.761855125427246094e+00 -1.783729743957519531e+01 -7.273259639739990234e+00 -1.467147350311279297e+01 1.417527961730957031e+01
-6.313635826110839844e+00 1.112450599670410156e+01 -2.435396194458007812e+01 2.369095385074615479e-01 3.181001901626586914e+00 -4.082300662994384766e+00 -1.752353668212890625e+01 -7.664730548858642578e+00 -1.372398853302001953e+01 1.687438774108886719e+01
-5.020565509796142578e+00 9.623513221740722656e+00 -2.268268585205078125e+01 -4.894555091857910156e+00 1.595408439636230469e+00 -4.362711906433105469e+00 -1.805522537231445312e+01 -1.425284099578857422e+01 -1.719258689880371094e+01 1.640794181823730469e+01
-3.672406911849975586e+00 1.313531780242919922e+01 -2.289562225341796875e+01 -8.442803025245666504e-01 -3.961171209812164307e-01 -7.759427547454833984e+00 -1.587110805511474609e+01 -8.058929443359375000e+00 -1.407272338867187500e+01 1.823032188415527344e+01
-3.168655633926391602e+00 1.348785877227783203e+01 -2.495634841918945312e+01 1.056383013725280762e+00 -1.955290913581848145e+00 -6.336486339569091797e+00 -1.934226417541503906e+01 -1.262272930145263672e+01 -1.643770790100097656e+01 2.027231025695800781e+01
-4.578314781188964844e+00 1.313688850402832031e+01 -2.540427017211914062e+01 3.312153816223144531e+00 -9.038149714469909668e-01 -8.790736198425292969e+00 -1.964978408813476562e+01 -8.954945564270019531e+00 -1.656867599487304688e+01 1.980663681030273438e+01
9.807252287864685059e-01 1.149820709228515625e+01 -2.040067672729492188e+01 -2.307018518447875977e+00 -2.127348899841308594e+00 -6.862308025360107422e+00 -2.176547431945800781e+01 -1.206502342224121094e+01 -1.914739990234375000e+01 1.855965805053710938e+01
-5.074453830718994141e+00 1.139296722412109375e+01 -2.320120620727539062e+01 -1.033796906471252441e+00 6.122428178787231445e-01 -7.401897430419921875e+00 -1.793109512329101562e+01 -1.171982574462890625e+01 -1.878973197937011719e+01 1.797110366821289062e+01
-3.110078573226928711e+00 1.182909965515136719e+01 -2.098539733886718750e+01 -3.064355373382568359e+00 -2.171676397323608398e+00 -4.490987777709960938e+00 -1.912516784667968750e+01 -6.123119354248046875e+00 -1.544082832336425781e+01 1.551919364929199219e+01
-2.730921983718872070e+00 8.524514198303222656e+00 -2.180157661437988281e+01 -2.112578630447387695e+00 -2.047808647155761719e+00 -5.181538105010986328e+00 -2.119532394409179688e+01 -1.197413825988769531e+01 -1.463747978210449219e+01 1.668317413330078125e+01
-4.418499469757080078e+00 1.179508876800537109e+01 -2.619620132446289062e+01 -2.046767234802246094e+00 8.382003307342529297e-01 -4.073186874389648438e+00 -1.610429763793945312e+01 -1.217565059661865234e+01 -1.633424568176269531e+01 1.882088661193847656e+01
