3.212760210037231445e+00 1.591061711311340332e+00 3.072710275650024414e+00 -5.393503189086914062e+00 1.518893241882324219e-01 2.214675903320312500e+00 -3.333985090255737305e+00 -1.127716660499572754e+00 -5.035441875457763672e+00 -2.287501003593206406e-03 3.059217214584350586e+00 -4.498525619506835938e+00 4.873405456542968750e+00 3.394404888153076172e+00 -1.661519813537597656e+01
4.496704101562500000e+00 -2.717613220214843750e+00 -1.156086754053831100e-02 -4.830042362213134766e+00 5.005002617835998535e-01 -3.579721212387084961e+00 -8.878695368766784668e-01 -4.370155811309814453e+00 -9.171100616455078125e+00 3.209894657135009766e+00 -4.998890161514282227e-01 -4.079186916351318359e+00 1.136986255645751953e+01 7.924159169197082520e-01 -1.248998928070068359e+01
8.270843505859375000e+00 3.813205659389495850e-01 7.785088419914245605e-01 -3.923037052154541016e+00 9.755254983901977539e-01 -1.013863086700439453e+00 1.107596278190612793e+00 -5.611876010894775391e+00 -5.691703796386718750e+00 7.089875698089599609e+00 -2.629635810852050781e+00 -6.753856182098388672e+00 6.252195835113525391e+00 4.279546141624450684e-01 -1.068061828613281250e+01
1.004231166839599609e+01 -1.921823322772979736e-01 -1.691053986549377441e+00 -4.000302791595458984e+00 4.148775339126586914e-01 -1.185763716697692871e+00 8.985170722007751465e-01 -4.306161880493164062e+00 -5.426182746887207031e+00 7.609904766082763672e+00 -2.640617370605468750e+00 -6.384191513061523438e+00 6.795516014099121094e+00 1.042183756828308105e+00 -9.112422943115234375e+00
5.956984996795654297e+00 -3.825151681900024414e+00 -2.927606701850891113e-01 -6.299834728240966797e+00 5.395519733428955078e-01 -2.886319160461425781e+00 -2.482937335968017578e+00 -2.248558521270751953e+00 -9.256935119628906250e+00 2.039417266845703125e+00 -8.225015401840209961e-01 -3.193773031234741211e+00 1.185095882415771484e+01 2.806923985481262207e-01 -1.142885208129882812e+01
4.676571369171142578e+00 1.131145715713500977e+00 3.644122123718261719e+00 -4.993784904479980469e+00 6.111441850662231445e-01 3.682531833648681641e+00 -2.131361484527587891e+00 -2.855356454849243164e+00 -4.109397888183593750e+00 1.438634395599365234e+00 2.962645530700683594e+00 -5.472795009613037109e+00 6.053921222686767578e+00 4.438305377960205078e+00 -1.871270179748535156e+01
6.476788997650146484e+00 -8.748111724853515625e-01 3.561703205108642578e+00 -4.178226947784423828e+00 3.048013210296630859e+00 1.182028174400329590e+00 3.241433143615722656e+00 -1.822449207305908203e+00 -7.772797107696533203e+00 4.114507436752319336e-01 3.644803762435913086e+00 -8.061977386474609375e+00 1.249386978149414062e+01 -2.453775405883789062e+00 -1.386370086669921875e+01
7.140084743499755859e+00 3.403820693492889404e-01 1.031539678573608398e+00 -3.388689279556274414e+00 1.057183742523193359e+00 -5.142472386360168457e-01 2.284636020660400391e+00 -4.655100822448730469e+00 -5.319877147674560547e+00 8.041560173034667969e+00 -2.831260442733764648e+00 -6.417101383209228516e+00 6.335805892944335938e+00 1.794318556785583496e-01 -9.921621322631835938e+00
6.565237522125244141e+00 -4.207849979400634766e+00 4.712503910064697266e+00 -3.771551370620727539e+00 -1.445413589477539062e+00 -4.640073299407958984e+00 2.515046119689941406e+00 -7.622394084930419922e+00 -8.222632408142089844e+00 -1.596895694732666016e+00 5.031685829162597656e+00 -8.872601509094238281e+00 8.638588905334472656e+00 3.506650686264038086e+00 -1.659438896179199219e+01
5.302360057830810547e+00 -2.492083787918090820e+00 7.631288170814514160e-01 -5.185495853424072266e+00 6.652640104293823242e-01 -2.629489421844482422e+00 -1.668851852416992188e+00 -2.605754137039184570e+00 -9.057162284851074219e+00 2.445858478546142578e+00 -5.784209966659545898e-01 -3.452967166900634766e+00 1.162801170349121094e+01 3.197974562644958496e-01 -1.168935489654541016e+01
7.500520229339599609e+00 -1.346818447113037109e+00 4.124008655548095703e+00 -4.957460403442382812e+00 3.538622856140136719e+00 -3.686690926551818848e-01 3.678535938262939453e+00 -2.623015880584716797e+00 -7.896615505218505859e+00 2.000890970230102539e-01 4.068937301635742188e+00 -8.829052925109863281e+00 1.307283210754394531e+01 -2.580455780029296875e+00 -1.538917922973632812e+01
6.470193386077880859e+00 4.855976402759552002e-01 4.843602776527404785e-01 -2.969806671142578125e+00 7.575411200523376465e-01 -2.622251033782958984e+00 1.166585087776184082e+00 -4.695780754089355469e+00 -5.497381687164306641e+00 7.328677654266357422e+00 -3.062321186065673828e+00 -6.310312271118164062e+00 5.906110286712646484e+00 -4.906535744667053223e-01 -9.405445098876953125e+00
7.345008373260498047e+00 -1.987626314163208008e+00 3.696901082992553711e+00 -4.991477489471435547e+00 3.995833873748779297e+00 2.560571193695068359e+00 3.417353153228759766e+00 -3.807968854904174805e+00 -6.088791847229003906e+00 9.641381502151489258e-01 4.567787170410156250e+00 -7.879210948944091797e+00 1.356727886199951172e+01 -2.475141525268554688e+00 -1.571998405456542969e+01
8.451847076416015625e+00 -1.744952499866485596e-01 -1.002816557884216309e+00 -3.394820690155029297e+00 4.799119234085083008e-01 -4.040776252746582031e+00 -1.819165050983428955e-01 -6.621459007263183594e+00 -6.560263633728027344e+00 8.891860008239746094e+00 -3.126146793365478516e+00 -6.198298454284667969e+00 6.130893230438232422e+00 8.612089604139328003e-02 -8.735546112060546875e+00
4.317033290863037109e+00 -3.114539384841918945e+00 -6.232734322547912598e-01 -4.993111133575439453e+00 2.954656779766082764e-01 -3.283767461776733398e+00 -1.486078739166259766e+00 -4.543924331665039062e+00 -8.585846900939941406e+00 2.864831686019897461e+00 -4.615677595138549805e-01 -3.109085083007812500e+00 1.021513938903808594e+01 4.764780402183532715e-01 -1.147856330871582031e+01
3.137182474136352539e+00 1.361013889312744141e+00 2.922003984451293945e+00 -4.688780784606933594e+00 -5.494349449872970581e-02 3.989537239074707031e+00 -2.602725028991699219e+00 -2.386302947998046875e+00 -5.255978107452392578e+00 -7.099887132644653320e-01 3.284258127212524414e+00 -4.602931499481201172e+00 4.865555286407470703e+00 2.969612598419189453e+00 -1.717380523681640625e+01
4.006614208221435547e+00 1.815113663673400879e+00 3.905898094177246094e+00 -7.664417743682861328e+00 -1.996052265167236328e-01 4.940087318420410156e+00 -2.537103652954101562e+00 -1.047191619873046875e+00 -5.469468116760253906e+00 2.711349725723266602e-01 3.730712175369262695e+00 -5.711823940277099609e+00 5.469501972198486328e+00 4.217297077178955078e+00 -1.975615882873535156e+01
3.245575189590454102e+00 1.168592214584350586e+00 2.962467193603515625e+00 -4.584110736846923828e+00 2.684380412101745605e-01 2.943326473236083984e+00 -3.154221773147583008e+00 -1.792665719985961914e+00 -5.708729743957519531e+00 8.290109634399414062e-01 3.178597688674926758e+00 -4.936307907104492188e+00 5.430318832397460938e+00 4.124672412872314453e+00 -1.773807334899902344e+01
7.981436252593994141e+00 -2.337681531906127930e+00 3.912056207656860352e+00 -5.961445331573486328e+00 4.684074401855468750e+00 1.560659408569335938e+00 3.490937471389770508e+00 -3.194910526275634766e+00 -8.256873130798339844e+00 1.413128733634948730e+00 4.719285011291503906e+00 -7.990815162658691406e+00 1.352040767669677734e+01 -2.514529228210449219e+00 -1.567962646484375000e+01
3.364219427108764648e+00 1.751386165618896484e+00 3.538355350494384766e+00 -6.762088775634765625e+00 -2.089431285858154297e-01 4.689082145690917969e+00 -2.305146694183349609e+00 -2.770662069320678711e+00 -4.774534225463867188e+00 1.084759354591369629e+00 3.347663402557373047e+00 -4.639350414276123047e+00 5.131894111633300781e+00 4.188589572906494141e+00 -1.751339912414550781e+01
4.393538951873779297e+00 2.092126369476318359e+00 4.118219375610351562e+00 -8.187110900878906250e+00 -1.259632110595703125e-01 5.168898105621337891e+00 -1.659868121147155762e+00 -1.733211517333984375e+00 -5.531848907470703125e+00 3.892041444778442383e-01 2.832752943038940430e+00 -4.680402278900146484e+00 5.573395729064941406e+00 3.616007328033447266e+00 -1.710663414001464844e+01
3.183288335800170898e+00 2.058060169219970703e+00 3.430416584014892578e+00 -7.275516986846923828e+00 -4.367109537124633789e-01 5.409323692321777344e+00 -1.288028717041015625e+00 -1.705830574035644531e+00 -2.701566934585571289e+00 -6.259880065917968750e-01 3.218163490295410156e+00 -4.890557765960693359e+00 5.569030284881591797e+00 2.847120761871337891e+00 -1.737010002136230469e+01
6.746596813201904297e+00 5.561947226524353027e-01 1.274140000343322754e+00 -3.390352010726928711e+00 1.003496766090393066e+00 -2.517050027847290039e+00 1.450688004493713379e+00 -9.031291961669921875e+00 -7.284826755523681641e+00 7.964241027832031250e+00 -2.214040994644165039e+00 -6.386506080627441406e+00 7.518538475036621094e+00 1.313899397850036621e+00 -1.080145072937011719e+01
7.247398853302001953e+00 5.694687366485595703e-01 6.514908671379089355e-01 -3.483548641204833984e+00 7.371535301208496094e-01 -1.971295714378356934e+00 1.626396059989929199e+00 -3.837283849716186523e+00 -4.700126171112060547e+00 7.262100696563720703e+00 -2.838963747024536133e+00 -5.581791400909423828e+00 5.996610164642333984e+00 6.369680762290954590e-01 -8.355556488037109375e+00
4.180610179901123047e+00 1.546385407447814941e+00 3.726879119873046875e+00 -6.223062038421630859e+00 9.350586682558059692e-02 4.323987007141113281e+00 -1.762262225151062012e+00 -5.368638038635253906e-01 -3.406493186950683594e+00 -3.548921346664428711e-01 3.236646890640258789e+00 -4.726802349090576172e+00 4.830696105957031250e+00 3.255933284759521484e+00 -1.770992469787597656e+01
8.266366004943847656e+00 2.101120650768280029e-01 3.660849928855895996e-01 -3.792610883712768555e+00 9.078360199928283691e-01 -3.464747428894042969e+00 5.188317894935607910e-01 -7.160023689270019531e+00 -5.231230735778808594e+00 8.263650894165039062e+00 -3.046917676925659180e+00 -5.674449443817138672e+00 6.015324115753173828e+00 -2.155453525483608246e-02 -7.811287879943847656e+00
6.072235584259033203e+00 -1.114812254905700684e+00 4.177860736846923828e+00 -3.790231227874755859e+00 4.929598569869995117e-01 -3.993039131164550781e+00 3.817920207977294922e+00 -3.889647960662841797e+00 -6.959371566772460938e+00 -3.024737119674682617e+00 5.796695232391357422e+00 -9.226642608642578125e+00 6.543726444244384766e+00 2.682111263275146484e+00 -1.649399566650390625e+01
8.322215080261230469e+00 3.499474227428436279e-01 1.126063704490661621e+00 -3.960042476654052734e+00 1.135543704032897949e+00 -6.534159779548645020e-01 -2.268991060554981232e-02 -3.272058248519897461e+00 -3.821728944778442383e+00 7.554160594940185547e+00 -1.627622008323669434e+00 -8.448862075805664062e+00 7.904898166656494141e+00 8.774141669273376465e-01 -1.437552452087402344e+01
6.366812229156494141e+00 4.089767634868621826e-01 1.405605077743530273e+00 -3.305989265441894531e+00 1.021767735481262207e+00 -1.452220201492309570e+00 6.943249106407165527e-01 -4.774478912353515625e+00 -5.677487373352050781e+00 7.659548759460449219e+00 -2.980373859405517578e+00 -6.427571773529052734e+00 7.310306072235107422e+00 8.475572466850280762e-01 -9.567852020263671875e+00
7.263093948364257812e+00 6.179336309432983398e-01 1.242909312248229980e+00 -3.624686241149902344e+00 1.022390365600585938e+00 -1.611000537872314453e+00 1.260344862937927246e+00 -4.009628772735595703e+00 -3.150218963623046875e+00 7.347052097320556641e+00 -2.240422487258911133e+00 -7.098428249359130859e+00 7.072498321533203125e+00 6.375555396080017090e-01 -1.103449153900146484e+01
7.710625171661376953e+00 4.436381757259368896e-01 8.632120490074157715e-01 -3.659555196762084961e+00 9.168432950973510742e-01 -1.718779802322387695e+00 4.678526148200035095e-02 -5.731246948242187500e+00 -7.034693241119384766e+00 7.188014507293701172e+00 -1.701170802116394043e+00 -8.614324569702148438e+00 8.215279579162597656e+00 1.224014639854431152e+00 -1.392520523071289062e+01
1.038070201873779297e+01 -6.482842564582824707e-02 -5.591810345649719238e-01 -4.521580219268798828e+00 1.058278679847717285e+00 -1.235876321792602539e+00 -1.749208755791187286e-02 -6.503800868988037109e+00 -5.406821250915527344e+00 7.344837665557861328e+00 -3.345888376235961914e+00 -5.142766952514648438e+00 5.679908275604248047e+00 7.377313971519470215e-01 -7.575813293457031250e+00
3.368065357208251953e+00 1.712109446525573730e+00 3.533798694610595703e+00 -6.518949031829833984e+00 -8.574003353714942932e-03 5.044249057769775391e+00 -1.807068467140197754e+00 -1.579875469207763672e+00 -4.269244194030761719e+00 3.678897619247436523e-01 3.415834188461303711e+00 -5.683304309844970703e+00 5.688911914825439453e+00 3.511950492858886719e+00 -1.950197792053222656e+01
7.195462703704833984e+00 -2.653719663619995117e+00 3.282267570495605469e+00 -5.520399093627929688e+00 4.561760425567626953e+00 1.578437805175781250e+00 2.595296382904052734e+00 -4.602201461791992188e+00 -7.014328479766845703e+00 1.173562645912170410e+00 4.885593414306640625e+00 -8.566453933715820312e+00 1.309302425384521484e+01 -3.209256649017333984e+00 -1.676361656188964844e+01
6.688783168792724609e+00 5.631618499755859375e-01 1.037175536155700684e+00 -3.257926464080810547e+00 7.873781919479370117e-01 -2.936874032020568848e-01 1.009237885475158691e+00 -4.475343704223632812e+00 -4.500500202178955078e+00 8.078109741210937500e+00 -2.642795801162719727e+00 -6.031682968139648438e+00 6.839252471923828125e+00 7.892298102378845215e-01 -1.017443847656250000e+01
8.733304023742675781e+00 -3.728486299514770508e+00 3.254022598266601562e+00 -6.507039546966552734e+00 6.167929649353027344e+00 2.689140319824218750e+00 2.546382665634155273e+00 -4.300749301910400391e+00 -6.619065284729003906e+00 1.418584585189819336e+00 4.144676685333251953e+00 -7.524469375610351562e+00 1.286277484893798828e+01 -2.630586624145507812e+00 -1.427502346038818359e+01
7.913045406341552734e+00 4.489327371120452881e-01 5.358740687370300293e-01 -3.648372173309326172e+00 7.835505008697509766e-01 2.946956157684326172e-01 8.634796738624572754e-02 -3.723052740097045898e+00 -4.612282276153564453e+00 7.545156002044677734e+00 -2.584393501281738281e+00 -6.795992374420166016e+00 6.653877258300781250e+00 5.563787817955017090e-01 -1.050078201293945312e+01
7.384131431579589844e+00 3.771195113658905029e-01 1.100007414817810059e+00 -3.523141145706176758e+00 1.207836151123046875e+00 -1.568754673004150391e+00 1.558088898658752441e+00 -4.280510902404785156e+00 -5.358412742614746094e+00 6.942266941070556641e+00 -2.784184217453002930e+00 -6.834709167480468750e+00 7.352230548858642578e+00 -2.188140153884887695e-01 -1.115002822875976562e+01
7.337194442749023438e+00 -1.964900612831115723e+00 3.749029397964477539e+00 -5.025352954864501953e+00 4.106133460998535156e+00 1.848824620246887207e+00 3.340235233306884766e+00 -6.203764677047729492e-01 -6.605714321136474609e+00 -1.633160233497619629e+00 3.897815465927124023e+00 -7.334808349609375000e+00 1.258419227600097656e+01 -2.604596614837646484e+00 -1.397970962524414062e+01
1.430599880218505859e+01 -4.958641827106475830e-01 -5.078042984008789062e+00 -5.798401832580566406e+00 -2.755236625671386719e-01 -2.387100696563720703e+00 2.331932067871093750e+00 -3.436927795410156250e+00 -3.951521396636962891e+00 7.342044353485107422e+00 -2.555991888046264648e+00 -7.413351058959960938e+00 6.485639572143554688e+00 2.386202216148376465e-01 -1.111931324005126953e+01
8.877888679504394531e+00 -4.229796409606933594e+00 5.922624111175537109e+00 -5.443961620330810547e+00 -5.730385780334472656e-01 -4.556393146514892578e+00 2.506948471069335938e+00 -6.069273948669433594e+00 -8.675645828247070312e+00 -2.095853805541992188e+00 5.988177299499511719e+00 -9.051843643188476562e+00 6.770626544952392578e+00 2.774655818939208984e+00 -1.578715515136718750e+01
3.100672960281372070e+00 1.748242735862731934e+00 3.276810884475708008e+00 -6.297417640686035156e+00 -2.084027528762817383e-01 3.543219566345214844e+00 -2.346746206283569336e+00 -1.791239738464355469e+00 -4.313404083251953125e+00 7.976890355348587036e-02 2.898862123489379883e+00 -4.200515747070312500e+00 4.278583049774169922e+00 3.676386356353759766e+00 -1.634067344665527344e+01
4.659027576446533203e+00 1.934825181961059570e+00 4.192415237426757812e+00 -8.043083190917968750e+00 1.219889000058174133e-01 3.197105407714843750e+00 -2.938167572021484375e+00 -1.778676033020019531e+00 -5.328959941864013672e+00 1.730171442031860352e-01 3.556938171386718750e+00 -4.083721637725830078e+00 3.133879184722900391e+00 2.461919307708740234e+00 -1.522620773315429688e+01
8.084288597106933594e+00 -6.566073745489120483e-03 -4.057169556617736816e-01 -3.450523376464843750e+00 6.018129587173461914e-01 -2.732551097869873047e+00 2.226629495620727539e+00 -3.674177408218383789e+00 -4.780519485473632812e+00 7.258843898773193359e+00 -1.461442351341247559e+00 -7.382957935333251953e+00 7.486077785491943359e+00 1.373734593391418457e+00 -1.230715274810791016e+01
2.937502145767211914e+00 1.823398113250732422e+00 3.196070194244384766e+00 -6.486234188079833984e+00 -4.816640615463256836e-01 4.811580181121826172e+00 -2.126988410949707031e+00 -1.072470903396606445e+00 -3.995824813842773438e+00 6.893305778503417969e-01 3.121066093444824219e+00 -4.159120559692382812e+00 4.693361759185791016e+00 3.550508975982666016e+00 -1.666981315612792969e+01
8.219414710998535156e+00 3.846006095409393311e-01 2.980560660362243652e-01 -3.802969694137573242e+00 6.498842239379882812e-01 -2.429395675659179688e+00 1.749651074409484863e+00 -5.403271675109863281e+00 -5.361045360565185547e+00 7.441823482513427734e+00 -2.806780815124511719e+00 -5.357544422149658203e+00 6.547548294067382812e+00 8.661203980445861816e-01 -7.810091972351074219e+00
6.946445941925048828e+00 -4.545572757720947266e+00 4.628508090972900391e+00 -4.002205848693847656e+00 -1.266096472740173340e+00 -5.748560428619384766e+00 2.314705848693847656e+00 -6.135943412780761719e+00 -7.353907585144042969e+00 -1.719492793083190918e+00 5.604316711425781250e+00 -8.984857559204101562e+00 6.694392204284667969e+00 2.806726932525634766e+00 -1.494755744934082031e+01
3.293704986572265625e+00 2.314478635787963867e+00 3.464927911758422852e+00 -8.026780128479003906e+00 -7.603548765182495117e-01 5.251515865325927734e+00 -2.339269876480102539e+00 -2.527039766311645508e+00 -4.732194423675537109e+00 6.495819091796875000e-01 3.389584779739379883e+00 -5.735260486602783203e+00 5.653035640716552734e+00 2.765905857086181641e+00 -1.927381896972656250e+01
5.369670867919921875e+00 -2.528786659240722656e+00 6.843375563621520996e-01 -5.193146228790283203e+00 6.930366158485412598e-01 -2.804097414016723633e+00 -2.339706897735595703e+00 -3.213412046432495117e+00 -7.673243999481201172e+00 2.379332065582275391e+00 -1.469846487045288086e+00 -2.290554761886596680e+00 1.113021183013916016e+01 -1.126452162861824036e-01 -9.575639724731445312e+00
3.365234613418579102e+00 1.685466647148132324e+00 3.523471117019653320e+00 -6.560697078704833984e+00 -2.497235536575317383e-01 3.970728874206542969e+00 -2.044822692871093750e+00 -1.920844316482543945e+00 -3.762032270431518555e+00 8.176288604736328125e-01 3.092055559158325195e+00 -5.507879257202148438e+00 5.333508014678955078e+00 3.406922817230224609e+00 -1.833536148071289062e+01
8.015313148498535156e+00 3.111316859722137451e-01 4.159225821495056152e-01 -3.772602319717407227e+00 7.528459429740905762e-01 -7.780548334121704102e-01 9.553664326667785645e-01 -4.776815891265869141e+00 -6.002966880798339844e+00 7.354846954345703125e+00 -2.242270231246948242e+00 -6.889859676361083984e+00 8.305093765258789062e+00 1.606209158897399902e+00 -1.149601173400878906e+01
7.736710548400878906e+00 -2.773930788040161133e+00 3.584619045257568359e+00 -5.710723400115966797e+00 4.734936714172363281e+00 -1.146361112594604492e+00 3.539993286132812500e+00 -5.172790527343750000e+00 -8.086044311523437500e+00 1.702643513679504395e+00 4.399406433105468750e+00 -7.323299884796142578e+00 1.300287342071533203e+01 -2.703207492828369141e+00 -1.495199394226074219e+01
7.756130695343017578e+00 3.750561177730560303e-01 1.908907145261764526e-01 -3.439347505569458008e+00 5.371257066726684570e-01 -4.832521080970764160e-01 3.127184137701988220e-02 -4.751718997955322266e+00 -5.350134849548339844e+00 7.437663555145263672e+00 -2.522665500640869141e+00 -7.047886371612548828e+00 7.704468727111816406e+00 6.620311141014099121e-01 -1.156612777709960938e+01
2.950836896896362305e+00 2.259125947952270508e+00 3.726313829421997070e+00 -8.165833473205566406e+00 -9.346752166748046875e-01 4.753441810607910156e+00 -1.904135823249816895e+00 -2.029252767562866211e+00 -4.643934726715087891e+00 -1.581082344055175781e-01 3.433054685592651367e+00 -4.951338291168212891e+00 4.803163051605224609e+00 3.026806354522705078e+00 -1.776873588562011719e+01
7.652616024017333984e+00 2.297137677669525146e-01 6.193186640739440918e-01 -3.567865371704101562e+00 9.255771636962890625e-01 -1.333674192428588867e+00 2.773106575012207031e+00 -4.844578742980957031e+00 -6.197803020477294922e+00 7.596285820007324219e+00 -2.572227239608764648e+00 -6.940508365631103516e+00 6.449612617492675781e+00 4.179639220237731934e-01 -1.004095363616943359e+01
6.158883571624755859e+00 4.614335596561431885e-01 4.779811501502990723e-01 -2.762694358825683594e+00 7.434185147285461426e-01 -4.343399405479431152e-01 3.444877624511718750e+00 -2.144924879074096680e+00 -4.412649154663085938e+00 7.813347816467285156e+00 -3.180817365646362305e+00 -6.428029537200927734e+00 7.249798774719238281e+00 1.390370726585388184e-01 -9.559783935546875000e+00
6.104875087738037109e+00 -1.974597215652465820e+00 4.373498916625976562e+00 -3.723767280578613281e+00 -6.884550303220748901e-02 -2.231575489044189453e+00 2.535365104675292969e+00 -2.370860576629638672e+00 -6.215060710906982422e+00 -4.590933322906494141e+00 5.923410415649414062e+00 -8.469782829284667969e+00 6.401994228363037109e+00 1.853639006614685059e+00 -1.536939430236816406e+01
8.926787376403808594e+00 -4.262455940246582031e+00 2.808427333831787109e+00 -6.886169910430908203e+00 6.262635231018066406e+00 2.047006130218505859e+00 4.477848052978515625e+00 -3.657044649124145508e+00 -5.948719978332519531e+00 8.264346122741699219e-01 4.980981349945068359e+00 -8.146455764770507812e+00 1.315387821197509766e+01 -2.427896022796630859e+00 -1.586600017547607422e+01
6.325406074523925781e+00 5.548172593116760254e-01 1.278518915176391602e+00 -3.218391656875610352e+00 1.001588225364685059e+00 -3.850049495697021484e+00 8.744789958000183105e-01 -6.478503227233886719e+00 -6.508379936218261719e+00 7.411697864532470703e+00 -2.783299684524536133e+00 -6.055063247680664062e+00 7.259646415710449219e+00 8.385214209556579590e-01 -9.683071136474609375e+00
7.290136814117431641e+00 7.432311177253723145e-01 1.181610941886901855e+00 -3.617107391357421875e+00 8.949730396270751953e-01 -2.265769481658935547e+00 3.977867960929870605e-01 -4.290894508361816406e+00 -6.502189636230468750e+00 7.722393989562988281e+00 -2.963425874710083008e+00 -7.538345813751220703e+00 7.147382736206054688e+00 -5.788255333900451660e-01 -1.166173648834228516e+01
8.161467552185058594e+00 -9.124017953872680664e-01 4.541797637939453125e+00 -5.287922382354736328e+00 3.411580562591552734e+00 3.457143306732177734e+00 3.515133142471313477e+00 -3.719679117202758789e+00 -6.442106723785400391e+00 1.082595467567443848e+00 4.784697532653808594e+00 -9.744061470031738281e+00 1.495836925506591797e+01 -2.524840831756591797e+00 -1.891993904113769531e+01
8.042220115661621094e+00 3.490770757198333740e-01 1.072705626487731934e+00 -3.807159423828125000e+00 1.232690334320068359e+00 2.577288746833801270e-01 1.432336449623107910e+00 -3.589989900588989258e+00 -5.625354766845703125e+00 7.103200435638427734e+00 -3.271354436874389648e+00 -5.772552013397216797e+00 6.211442470550537109e+00 3.887295126914978027e-01 -8.373682022094726562e+00
6.145647525787353516e+00 -1.822392106056213379e+00 4.366592884063720703e+00 -3.730779409408569336e+00 3.308606892824172974e-02 -6.143176078796386719e+00 4.467618942260742188e+00 -6.580135345458984375e+00 -8.411135673522949219e+00 -1.507421851158142090e+00 5.734218597412109375e+00 -9.083789825439453125e+00 6.624298572540283203e+00 2.624620914459228516e+00 -1.602488899230957031e+01
6.829376697540283203e+00 -2.211342334747314453e+00 4.878349304199218750e+00 -4.166042327880859375e+00 -2.178665995597839355e-01 -4.551646709442138672e+00 1.619632124900817871e+00 -3.603418111801147461e+00 -7.819028854370117188e+00 -1.784862041473388672e+00 5.211875915527343750e+00 -8.612529754638671875e+00 7.782114982604980469e+00 3.205710887908935547e+00 -1.515347480773925781e+01
4.496819972991943359e+00 1.608660340309143066e+00 4.004548549652099609e+00 -6.416717052459716797e+00 1.378143392503261566e-02 4.397561550140380859e+00 -2.436392545700073242e+00 -1.869202613830566406e+00 -4.061476230621337891e+00 8.030060529708862305e-01 3.244170904159545898e+00 -4.610276222229003906e+00 5.179298400878906250e+00 4.416009426116943359e+00 -1.752112388610839844e+01
3.346192598342895508e+00 1.705578088760375977e+00 3.341311931610107422e+00 -6.235286235809326172e+00 -2.668747901916503906e-01 5.464400291442871094e+00 -1.309939861297607422e+00 -1.643583536148071289e+00 -4.137781143188476562e+00 7.029386758804321289e-01 3.347284317016601562e+00 -5.585993766784667969e+00 5.536927700042724609e+00 2.770304679870605469e+00 -1.894074058532714844e+01
7.991936206817626953e+00 -2.030000209808349609e+00 3.907947063446044922e+00 -5.603620052337646484e+00 4.299221992492675781e+00 1.057682037353515625e+00 2.847175359725952148e+00 -3.938873291015625000e+00 -7.868082046508789062e+00 1.301377654075622559e+00 4.928969860076904297e+00 -8.170821189880371094e+00 1.297926998138427734e+01 -3.005463600158691406e+00 -1.577685165405273438e+01
7.214772701263427734e+00 6.930503845214843750e-01 9.839008450508117676e-01 -3.634269952774047852e+00 7.592436671257019043e-01 -1.776713013648986816e+00 1.265556216239929199e+00 -3.530368566513061523e+00 -3.920955181121826172e+00 7.858134746551513672e+00 -3.312578678131103516e+00 -6.003262042999267578e+00 6.425660610198974609e+00 -6.350808739662170410e-01 -8.769348144531250000e+00
4.818317890167236328e+00 -4.098282814025878906e+00 -9.569852948188781738e-01 -5.612828731536865234e+00 4.494227766990661621e-01 -2.766318321228027344e+00 -2.717332124710083008e+00 -4.715551376342773438e+00 -7.943535804748535156e+00 2.183396339416503906e+00 -5.693660974502563477e-01 -3.211985111236572266e+00 1.084665489196777344e+01 6.052135825157165527e-01 -1.107305049896240234e+01
5.248075962066650391e+00 1.688565254211425781e+00 4.453746795654296875e+00 -7.851907730102539062e+00 1.628533601760864258e-01 4.708230495452880859e+00 -2.092732191085815430e+00 -3.233852148056030273e+00 -4.749930381774902344e+00 5.439759492874145508e-01 2.930721521377563477e+00 -3.949483394622802734e+00 4.107528209686279297e+00 2.701795101165771484e+00 -1.529976654052734375e+01
6.200120925903320312e+00 -3.223883867263793945e+00 4.428936004638671875e+00 -3.600405454635620117e+00 -8.005549907684326172e-01 -4.735461235046386719e+00 2.893018722534179688e+00 -4.643753051757812500e+00 -7.506392478942871094e+00 -2.191004514694213867e+00 5.808332443237304688e+00 -8.995234489440917969e+00 6.480073451995849609e+00 1.873177886009216309e+00 -1.599312591552734375e+01
5.642566204071044922e+00 -2.261977434158325195e+00 4.102663040161132812e+00 -3.414273977279663086e+00 -4.326159656047821045e-01 -5.239181995391845703e+00 2.277256011962890625e+00 -6.397017478942871094e+00 -7.310796260833740234e+00 -1.035544514656066895e+00 6.292995452880859375e+00 -8.705957412719726562e+00 6.345688343048095703e+00 2.504918575286865234e+00 -1.576958465576171875e+01
6.534985542297363281e+00 -1.477506637573242188e+00 4.551646232604980469e+00 -4.200662136077880859e+00 3.325215578079223633e-01 -5.651690959930419922e+00 1.599778532981872559e+00 -5.417291641235351562e+00 -9.048091888427734375e+00 -1.673314094543457031e+00 5.823731422424316406e+00 -8.144639015197753906e+00 6.037565708160400391e+00 2.052712917327880859e+00 -1.490597438812255859e+01
7.629698753356933594e+00 -2.370049476623535156e+00 3.660838842391967773e+00 -5.477607727050781250e+00 4.612985610961914062e+00 -1.177541092038154602e-01 2.982167243957519531e+00 -5.122511863708496094e+00 -8.066944122314453125e+00 1.313556909561157227e+00 5.600569248199462891e+00 -8.749826431274414062e+00 1.397256660461425781e+01 -2.063653945922851562e+00 -1.736072921752929688e+01
6.134369373321533203e+00 -2.817478656768798828e+00 1.029971957206726074e+00 -6.236823558807373047e+00 7.937239408493041992e-01 -2.641856193542480469e+00 -1.447318434715270996e+00 -3.477426528930664062e+00 -6.977301120758056641e+00 2.192111015319824219e+00 -5.831664800643920898e-01 -3.043444633483886719e+00 1.163917541503906250e+01 1.276696085929870605e+00 -1.143787097930908203e+01
7.570241451263427734e+00 -3.267547607421875000e+00 5.078928947448730469e+00 -4.671590328216552734e+00 -4.803878962993621826e-01 -5.071589469909667969e+00 3.197215557098388672e+00 -6.310459136962890625e+00 -6.217998981475830078e+00 -1.843053460121154785e+00 5.616620540618896484e+00 -9.130590438842773438e+00 7.422111988067626953e+00 2.608343601226806641e+00 -1.638257217407226562e+01
4.907039642333984375e+00 -1.325540542602539062e+00 1.998399496078491211e+00 -4.279554843902587891e+00 8.095453977584838867e-01 -3.523096561431884766e+00 -9.933125376701354980e-01 -4.540097236633300781e+00 -9.755147933959960938e+00 3.802637815475463867e+00 -3.252240419387817383e-01 -2.658840417861938477e+00 1.097172927856445312e+01 1.249760270118713379e+00 -1.070934677124023438e+01
8.206177711486816406e+00 2.921758592128753662e-01 1.180081009864807129e+00 -3.968119382858276367e+00 1.462208867073059082e+00 -1.919484883546829224e-02 1.545846104621887207e+00 -5.190252304077148438e+00 -5.801138877868652344e+00 8.139104843139648438e+00 -2.142758131027221680e+00 -7.219647884368896484e+00 7.449338436126708984e+00 5.784458518028259277e-01 -1.226587390899658203e+01
6.180963993072509766e+00 -2.575159788131713867e+00 4.462447643280029297e+00 -3.766319274902343750e+00 -3.968205153942108154e-01 -4.005758762359619141e+00 3.442164897918701172e+00 -4.184105873107910156e+00 -5.537491798400878906e+00 -2.675819635391235352e+00 6.225470066070556641e+00 -8.864101409912109375e+00 6.596735477447509766e+00 1.698395609855651855e+00 -1.562545204162597656e+01
7.265817165374755859e+00 -1.310485363006591797e+00 3.916467428207397461e+00 -4.747406482696533203e+00 3.343119859695434570e+00 1.807867169380187988e+00 3.560685873031616211e+00 -4.518109321594238281e+00 -6.479846477508544922e+00 6.431338787078857422e-01 4.642443656921386719e+00 -8.658859252929687500e+00 1.347655105590820312e+01 -3.471521615982055664e+00 -1.697951126098632812e+01
7.457798480987548828e+00 3.955802619457244873e-01 6.234535574913024902e-01 -3.471227169036865234e+00 1.074381709098815918e+00 -2.520305156707763672e+00 1.174578189849853516e+00 -7.038157463073730469e+00 -5.183703422546386719e+00 8.253103256225585938e+00 -2.791558980941772461e+00 -6.631922721862792969e+00 5.995893001556396484e+00 9.154605269432067871e-01 -9.156278610229492188e+00
3.111167907714843750e+00 2.582873582839965820e+00 3.716011285781860352e+00 -9.022235870361328125e+00 -1.373341321945190430e+00 3.498038530349731445e+00 -2.761690139770507812e+00 -9.168953895568847656e-01 -4.719289779663085938e+00 -4.963160753250122070e-01 3.586789846420288086e+00 -4.460231304168701172e+00 4.684526920318603516e+00 3.332538366317749023e+00 -1.713595390319824219e+01
3.332915782928466797e+00 2.264084577560424805e+00 3.196798086166381836e+00 -7.676353931427001953e+00 -7.987675666809082031e-01 3.808455467224121094e+00 -2.805278778076171875e+00 -2.029528379440307617e+00 -4.748803615570068359e+00 4.493929147720336914e-01 3.302979707717895508e+00 -5.442078113555908203e+00 5.063092708587646484e+00 3.360829830169677734e+00 -1.758426856994628906e+01
4.194114685058593750e+00 1.520457386970520020e+00 3.630457162857055664e+00 -6.119619846343994141e+00 2.357983589172363281e-01 5.310992717742919922e+00 -2.149303197860717773e+00 -1.697265386581420898e+00 -5.243494987487792969e+00 6.623066216707229614e-02 3.208214521408081055e+00 -5.954766273498535156e+00 5.891631603240966797e+00 3.491347789764404297e+00 -1.946250724792480469e+01
7.778862476348876953e+00 2.365230023860931396e-01 -2.262140065431594849e-01 -3.382735252380371094e+00 7.225153446197509766e-01 -2.392638921737670898e+00 5.938008427619934082e-01 -3.663918256759643555e+00 -6.143972873687744141e+00 7.706488132476806641e+00 -2.917663097381591797e+00 -6.717381477355957031e+00 6.921837329864501953e+00 5.413250327110290527e-01 -9.959189414978027344e+00
2.240203142166137695e+00 2.406054019927978516e+00 2.836465358734130859e+00 -8.026483535766601562e+00 -1.129764199256896973e+00 4.948771476745605469e+00 -2.704002380371093750e+00 -4.933814048767089844e+00 -5.207827568054199219e+00 1.217676043510437012e+00 3.764112472534179688e+00 -5.988635540008544922e+00 6.283355712890625000e+00 2.610382556915283203e+00 -2.049897193908691406e+01
1.078874111175537109e+01 1.987659633159637451e-01 7.819995284080505371e-01 -5.198558330535888672e+00 1.197250008583068848e+00 -1.238753557205200195e+00 1.718438744544982910e+00 -5.414712429046630859e+00 -6.131742954254150391e+00 7.448626995086669922e+00 -2.720627784729003906e+00 -6.022357463836669922e+00 6.325231075286865234e+00 8.183121085166931152e-01 -9.594755172729492188e+00
8.474503517150878906e+00 1.011820733547210693e-01 -4.848385453224182129e-01 -3.651440143585205078e+00 4.644324779510498047e-01 1.163144633173942566e-01 1.637004971504211426e+00 -4.012036323547363281e+00 -4.842285156250000000e+00 7.613397121429443359e+00 -1.975870013236999512e+00 -6.372160434722900391e+00 7.130977153778076172e+00 1.408724665641784668e+00 -1.083593750000000000e+01
5.993281841278076172e+00 -2.011866569519042969e+00 4.163717746734619141e+00 -3.589246034622192383e+00 2.488303743302822113e-02 -6.023415088653564453e+00 2.308752059936523438e+00 -7.754326343536376953e+00 -7.667367458343505859e+00 -8.295999765396118164e-01 5.252897739410400391e+00 -9.280761718750000000e+00 7.424589633941650391e+00 2.961705684661865234e+00 -1.617099571228027344e+01
6.282225131988525391e+00 5.397945046424865723e-01 8.977488875389099121e-01 -3.059553861618041992e+00 8.242876529693603516e-01 -1.967258334159851074e+00 1.175736069679260254e+00 -3.800422906875610352e+00 -6.791753768920898438e+00 7.866843223571777344e+00 -2.567829132080078125e+00 -6.459935665130615234e+00 6.413925647735595703e+00 -1.193529926240444183e-02 -9.542060852050781250e+00
5.087957382202148438e+00 -1.988745033740997314e-01 2.842722892761230469e+00 -3.211832523345947266e+00 2.177256822586059570e+00 2.308730840682983398e+00 3.095651865005493164e+00 -4.004604816436767578e+00 -7.003462314605712891e+00 1.049361348152160645e+00 4.803940773010253906e+00 -8.940744400024414062e+00 1.438810253143310547e+01 -1.740249276161193848e+00 -1.738524818420410156e+01
9.976887702941894531e+00 -2.776525318622589111e-01 -2.335648298263549805e+00 -4.241174221038818359e+00 9.321571141481399536e-02 -1.790147423744201660e+00 2.037906646728515625e+00 -5.446560859680175781e+00 -6.462848663330078125e+00 7.732244968414306641e+00 -2.694256305694580078e+00 -6.247148036956787109e+00 5.831864833831787109e+00 -3.958612084388732910e-01 -8.812560081481933594e+00
8.163008689880371094e+00 -2.812325239181518555e+00 3.971203088760375977e+00 -6.311666488647460938e+00 4.899245262145996094e+00 1.680530548095703125e+00 2.842013597488403320e+00 -4.535713195800781250e+00 -7.362288475036621094e+00 7.620224952697753906e-01 4.770754814147949219e+00 -8.827002525329589844e+00 1.432031726837158203e+01 -1.536751389503479004e+00 -1.716151618957519531e+01
7.234904289245605469e+00 -2.546461820602416992e+00 3.422105312347412109e+00 -5.339868068695068359e+00 4.409072399139404297e+00 1.442020773887634277e+00 2.127267360687255859e+00 -5.664511203765869141e+00 -7.722372055053710938e+00 1.935586929321289062e+00 4.769959449768066406e+00 -9.043728828430175781e+00 1.459440994262695312e+01 -1.397787690162658691e+00 -1.731806182861328125e+01
5.543427944183349609e+00 -5.329743623733520508e-01 3.195972442626953125e+00 -3.467516660690307617e+00 2.524766445159912109e+00 3.437077522277832031e+00 3.414524555206298828e+00 -2.775002717971801758e+00 -6.811953544616699219e+00 1.298117756843566895e+00 4.935226440429687500e+00 -8.880192756652832031e+00 1.371493530273437500e+01 -3.234705448150634766e+00 -1.683822441101074219e+01
6.364038944244384766e+00 -1.003070712089538574e+00 3.525631904602050781e+00 -4.176578998565673828e+00 3.283136844635009766e+00 9.853106737136840820e-01 3.700022459030151367e+00 -4.832679271697998047e+00 -6.749026775360107422e+00 6.058332920074462891e-01 4.829916000366210938e+00 -8.852539062500000000e+00 1.408529663085937500e+01 -1.631819844245910645e+00 -1.746154594421386719e+01
7.586254596710205078e+00 -1.404044508934020996e+00 4.115371227264404297e+00 -5.212491035461425781e+00 3.707556962966918945e+00 1.199771285057067871e+00 2.039177894592285156e+00 -2.306518077850341797e+00 -6.780489921569824219e+00 1.531233668327331543e+00 4.185221672058105469e+00 -7.627558231353759766e+00 1.176484203338623047e+01 -3.798071861267089844e+00 -1.563727855682373047e+01
7.308443546295166016e+00 4.205786883831024170e-01 3.776829838752746582e-01 -3.367373943328857422e+00 6.650851368904113770e-01 -3.175055027008056641e+00 1.730301141738891602e+00 -5.873439788818359375e+00 -6.623678207397460938e+00 7.601542949676513672e+00 -2.664211273193359375e+00 -4.969204902648925781e+00 6.072613239288330078e+00 5.998384356498718262e-01 -7.857765674591064453e+00
4.152340412139892578e+00 3.429724931716918945e+00 4.342571735382080078e+00 -1.192234802246093750e+01 -1.599997162818908691e+00 3.574518203735351562e+00 -2.202233314514160156e+00 -1.014365911483764648e+00 -3.579101324081420898e+00 2.321526288986206055e+00 3.708173513412475586e+00 -5.809497356414794922e+00 5.961415767669677734e+00 3.122707843780517578e+00 -1.939824485778808594e+01
3.522416830062866211e+00 1.445418715476989746e+00 3.303543806076049805e+00 -5.172823429107666016e+00 2.176993787288665771e-01 5.672734737396240234e+00 -2.037266731262207031e+00 -1.115702629089355469e+00 -4.153513908386230469e+00 3.548131883144378662e-01 3.142686128616333008e+00 -5.149827480316162109e+00 5.266563892364501953e+00 4.315552234649658203e+00 -1.791379737854003906e+01
