5.281704664230346680e-01 -4.528074741363525391e+00 1.398743271827697754e+00 -1.842632174491882324e+00 -3.781283617019653320e+00 6.425427913665771484e+00 2.538674831390380859e+00 -6.465909957885742188e+00 -3.090859413146972656e+00 -3.665457725524902344e+00 -5.487130284309387207e-01 5.207573175430297852e-01 -7.518946528434753418e-01 2.862346649169921875e+00 1.219517111778259277e+00
-1.113098144531250000e+00 -1.268183469772338867e+00 1.590679526329040527e+00 1.445064306259155273e+00 -9.874841570854187012e-01 2.324137449264526367e+00 1.176231265068054199e+00 -3.071277618408203125e+00 -2.574110269546508789e+00 -1.815370321273803711e+00 -1.752013713121414185e-01 3.530155181884765625e+00 -9.158599972724914551e-01 -4.838955700397491455e-01 -4.111368358135223389e-01
7.873189449310302734e+00 -6.613868236541748047e+00 2.052444934844970703e+00 2.268378019332885742e+00 -2.402759313583374023e+00 2.758464574813842773e+00 -1.125369220972061157e-01 -8.028112649917602539e-01 2.531360089778900146e-01 -3.660797119140625000e+00 -3.218264579772949219e+00 2.716636657714843750e+00 -2.092681169509887695e+00 -1.352628231048583984e+00 2.066800117492675781e+00
2.887853860855102539e+00 -4.331102848052978516e+00 3.182113409042358398e+00 -5.589902997016906738e-01 -2.152130603790283203e+00 3.020443677902221680e+00 1.711419411003589630e-02 -7.281817197799682617e-01 -1.547508358955383301e+00 -1.497363328933715820e+00 -1.152265667915344238e+00 -1.442871242761611938e-01 1.376018047332763672e+00 3.266952514648437500e+00 1.589693784713745117e+00
2.962172508239746094e+00 -8.288745284080505371e-01 1.052968740463256836e+00 3.568895816802978516e+00 -1.413966298103332520e+00 2.044359922409057617e+00 -1.966923356056213379e+00 3.436678946018218994e-01 2.790054976940155029e-01 -6.615335941314697266e+00 -1.323275208473205566e+00 3.162288904190063477e+00 -5.239469408988952637e-01 3.103443682193756104e-01 -3.081779718399047852e+00
1.573803782463073730e+00 -4.601785182952880859e+00 6.743028163909912109e-01 -4.406960308551788330e-01 -4.649661064147949219e+00 3.884736299514770508e+00 1.019038319587707520e+00 -1.440014243125915527e+00 -2.512729883193969727e+00 -6.533465385437011719e-01 -8.547075092792510986e-02 1.612738370895385742e+00 -2.288171291351318359e+00 3.594200313091278076e-01 2.393843412399291992e+00
5.045811176300048828e+00 -1.900775194168090820e+00 -1.227748990058898926e+00 -7.546257376670837402e-01 1.979715585708618164e+00 3.784476518630981445e+00 6.270640492439270020e-01 -7.381666898727416992e-01 2.784903049468994141e-01 -4.801883548498153687e-02 -5.147361278533935547e+00 -2.177498817443847656e+00 -4.239656329154968262e-01 3.400698900222778320e+00 1.899478435516357422e+00
1.070435285568237305e+00 -1.624130487442016602e+00 2.892442703247070312e+00 -4.534178078174591064e-01 -2.636260509490966797e+00 4.544964134693145752e-01 7.594451904296875000e-01 -1.133873939514160156e+00 -6.665856838226318359e-01 2.150239944458007812e+00 -1.103167772293090820e+00 -5.362172797322273254e-02 -2.751909255981445312e+00 4.651043415069580078e+00 2.829187870025634766e+00
2.370625734329223633e+00 -4.296446323394775391e+00 3.443569421768188477e+00 1.880815774202346802e-01 -1.176162719726562500e+00 -5.299823284149169922e-01 -1.070609539747238159e-01 -3.188546180725097656e+00 -1.110381960868835449e+00 -5.257093906402587891e-01 -2.759760856628417969e+00 3.423437595367431641e+00 -3.929387331008911133e+00 6.504445075988769531e-01 3.681952714920043945e+00
3.321960210800170898e+00 -3.004535198211669922e+00 7.279626727104187012e-01 1.816081643104553223e+00 -2.216004371643066406e+00 2.858215808868408203e+00 -7.564166188240051270e-01 1.280099987983703613e+00 -1.169291734695434570e+00 -4.156937599182128906e+00 -2.300732135772705078e+00 -7.272278517484664917e-02 5.102444887161254883e-01 -1.265646338462829590e+00 -1.047343730926513672e+00
4.965334892272949219e+00 -6.308496594429016113e-01 1.118424654006958008e+00 -4.639656066894531250e+00 1.749412536621093750e+00 8.506273031234741211e-01 4.619375228881835938e+00 -2.671559810638427734e+00 -1.881268382072448730e+00 -8.550258874893188477e-01 4.053826630115509033e-01 8.414431214332580566e-01 -1.955809950828552246e+00 5.171386241912841797e+00 3.435038566589355469e+00
4.563487529754638672e+00 -3.718818187713623047e+00 -1.429619193077087402e+00 -1.085374832153320312e+00 -1.367682516574859619e-01 3.611654043197631836e+00 1.829465776681900024e-01 -4.369992613792419434e-01 7.962659001350402832e-01 -9.838029146194458008e-01 -1.726775646209716797e+00 1.430933475494384766e+00 -3.670189380645751953e+00 4.079597294330596924e-01 3.291859388351440430e+00
4.302982807159423828e+00 -2.760705709457397461e+00 1.219540834426879883e+00 8.511227965354919434e-01 -1.094758629798889160e+00 5.828620433807373047e+00 -2.071988105773925781e+00 -1.241857647895812988e+00 -6.395593285560607910e-01 -1.377609491348266602e+00 -1.116009235382080078e+00 2.338820934295654297e+00 1.096665501594543457e+00 2.794943809509277344e+00 1.916863203048706055e+00
9.076772689819335938e+00 -6.249920368194580078e+00 5.058378219604492188e+00 -4.171400070190429688e+00 -3.100864648818969727e+00 5.312544822692871094e+00 2.313849449157714844e+00 -2.881517410278320312e+00 -3.070728063583374023e+00 -5.119305610656738281e+00 -2.709408998489379883e+00 3.296752929687500000e+00 -1.918546795845031738e+00 1.223693013191223145e+00 2.678003549575805664e+00
2.975254774093627930e+00 -1.394947171211242676e+00 -5.841972231864929199e-01 1.215524673461914062e+00 -1.747712373733520508e+00 2.763137817382812500e+00 9.981753230094909668e-01 -2.147023677825927734e+00 -1.000022292137145996e+00 -5.952420711517333984e+00 -1.176747202873229980e+00 2.976325750350952148e+00 -2.316365718841552734e+00 -2.189320802688598633e+00 7.993404567241668701e-02
1.039394974708557129e+00 -2.528100013732910156e+00 1.767823934555053711e+00 -1.251542925834655762e+00 -9.017229676246643066e-01 9.117860198020935059e-01 1.325278878211975098e+00 -1.882079958915710449e+00 -2.927424430847167969e+00 -1.800698876380920410e+00 5.552624464035034180e-01 1.032387137413024902e+00 -5.751492381095886230e-01 3.074169635772705078e+00 2.052559137344360352e+00
2.465122938156127930e+00 6.355661749839782715e-01 6.161583065986633301e-01 -1.093214273452758789e+00 -1.146303415298461914e+00 3.949669599533081055e+00 1.369397640228271484e+00 -1.217818856239318848e+00 -1.125395655632019043e+00 -1.093023300170898438e+00 -2.330399304628372192e-01 2.125940322875976562e+00 -3.628499984741210938e+00 2.639423370361328125e+00 1.238764762878417969e+00
3.546467304229736328e+00 -5.321696400642395020e-01 1.420130729675292969e+00 8.635410666465759277e-01 -4.114110946655273438e+00 2.605863571166992188e+00 -1.597944259643554688e+00 -2.490010738372802734e+00 -3.795946359634399414e+00 -7.700643062591552734e+00 -2.065301686525344849e-01 4.101194858551025391e+00 -1.271249353885650635e-01 -4.894409794360399246e-03 -1.410437583923339844e+00
4.395329952239990234e+00 -3.057407140731811523e+00 -9.075654745101928711e-01 8.509112000465393066e-01 -2.492746353149414062e+00 1.993975520133972168e+00 -8.561053276062011719e-01 -1.877739310264587402e+00 1.799815148115158081e-01 -5.436986684799194336e-01 -4.724951684474945068e-01 2.678705215454101562e+00 -9.468221664428710938e-01 -7.250229269266128540e-02 1.776307076215744019e-01
9.445784687995910645e-01 -3.763242483139038086e+00 1.421174287796020508e+00 -3.263771831989288330e-01 7.576487660408020020e-01 2.739600419998168945e+00 4.319109618663787842e-01 -9.273159503936767578e-01 -2.585319280624389648e+00 -7.488747835159301758e-01 8.050493597984313965e-01 4.619648456573486328e+00 -1.049006700515747070e+00 2.238586187362670898e+00 2.046165704727172852e+00
2.761209726333618164e+00 -2.881661176681518555e+00 5.697564780712127686e-02 -1.740328550338745117e+00 -1.087714552879333496e+00 2.090145826339721680e+00 1.270828247070312500e+00 -1.319422602653503418e+00 -2.415487051010131836e+00 -3.724025487899780273e+00 -7.226213216781616211e-01 1.650842547416687012e+00 -1.485441446304321289e+00 2.423947811126708984e+00 3.387273550033569336e+00
4.790597438812255859e+00 -2.897773027420043945e+00 1.796909570693969727e+00 1.243256926536560059e+00 -1.852648973464965820e+00 2.167293787002563477e+00 -1.666887640953063965e+00 -1.512472867965698242e+00 1.352089285850524902e+00 -3.368906497955322266e+00 2.189031362533569336e+00 2.469058752059936523e+00 -2.683052778244018555e+00 -5.683723688125610352e-01 1.092742681503295898e+00
2.743683576583862305e+00 -2.872899770736694336e+00 -3.965047001838684082e-01 3.516462087631225586e+00 -2.298902750015258789e+00 -1.078696608543395996e+00 -5.908095836639404297e-01 -7.041712999343872070e-01 -1.376924395561218262e+00 -5.458755016326904297e+00 -5.351417660713195801e-01 1.013282656669616699e+00 1.139028787612915039e+00 -1.924632906913757324e+00 -6.995780766010284424e-02
7.822902798652648926e-01 -4.192093372344970703e+00 -2.842397801578044891e-02 3.436548411846160889e-01 -2.458442211151123047e+00 3.038248062133789062e+00 -7.236369252204895020e-01 -2.183123826980590820e+00 -4.002402722835540771e-01 -1.828209280967712402e+00 1.178008198738098145e+00 1.258173704147338867e+00 -1.869662642478942871e+00 -1.054857015609741211e+00 8.660553097724914551e-01
6.066712856292724609e+00 -2.530541896820068359e+00 -9.396088123321533203e-01 -3.545376300811767578e+00 -1.895741105079650879e+00 4.816429138183593750e+00 1.866624951362609863e+00 -3.427098751068115234e+00 -5.921336174011230469e+00 -6.141298770904541016e+00 -9.276575446128845215e-01 7.016041278839111328e-01 2.793987989425659180e+00 2.478470802307128906e+00 2.840830385684967041e-01
2.859703540802001953e+00 -9.411126971244812012e-01 -1.314477205276489258e+00 -1.156158819794654846e-01 2.272783279418945312e+00 2.546562999486923218e-02 -4.888530373573303223e-01 -5.379235744476318359e+00 -9.405621886253356934e-01 -2.945663928985595703e-01 2.021382331848144531e+00 5.463224887847900391e+00 -2.174844503402709961e+00 -2.230422973632812500e+00 -8.457546830177307129e-01
1.751307606697082520e+00 -3.048364877700805664e+00 2.212146759033203125e+00 -2.721193790435791016e+00 -5.880807638168334961e-01 1.746804118156433105e+00 1.127781271934509277e+00 -8.241779804229736328e-01 -4.125838279724121094e+00 -2.746113300323486328e+00 3.225634992122650146e-01 2.166945695877075195e+00 -1.955992221832275391e+00 2.020150899887084961e+00 2.035573482513427734e+00
2.916667222976684570e+00 -3.402833938598632812e+00 5.106575489044189453e-01 4.540373325347900391e+00 -4.833150863647460938e+00 2.841522932052612305e+00 -3.265213489532470703e+00 -2.455798089504241943e-01 1.033405661582946777e+00 -5.322656154632568359e+00 1.767573714256286621e+00 2.364266157150268555e+00 -1.996656060218811035e+00 -2.393922805786132812e+00 3.187358856201171875e+00
2.629504919052124023e+00 -3.017537295818328857e-01 -4.635187387466430664e-01 1.119664669036865234e+00 -1.965833187103271484e+00 3.311007738113403320e+00 1.038873434066772461e+00 -2.762308120727539062e+00 -2.072296619415283203e+00 -2.773485660552978516e+00 -5.182193517684936523e-01 5.707913637161254883e-01 2.512975037097930908e-01 1.830780267715454102e+00 4.496258795261383057e-01
5.112894535064697266e+00 -3.348240137100219727e+00 1.512522459030151367e+00 -3.593849241733551025e-01 -3.480300307273864746e-01 1.280444979667663574e+00 8.097255825996398926e-01 -1.468961119651794434e+00 -2.473310232162475586e+00 -2.530250549316406250e+00 -7.432649135589599609e-01 -1.425235867500305176e+00 4.490155279636383057e-01 -8.696472048759460449e-01 2.697989225387573242e+00
2.275615930557250977e+00 -7.117727398872375488e-01 1.322996139526367188e+00 1.621776819229125977e+00 -9.296859502792358398e-01 2.407434940338134766e+00 1.352050900459289551e+00 -1.302655637264251709e-01 -2.344312220811843872e-01 -2.768634319305419922e+00 -1.581096291542053223e+00 3.334658145904541016e+00 3.372690379619598389e-01 2.080862760543823242e+00 1.352247714996337891e+00
4.219823360443115234e+00 -4.594415187835693359e+00 3.845903158187866211e+00 2.469617128372192383e+00 -3.572122573852539062e+00 1.464517951011657715e+00 -5.640754699707031250e-01 -4.981591403484344482e-01 6.063339114189147949e-01 -7.962453365325927734e+00 -1.298199892044067383e+00 4.737658023834228516e+00 8.712074160575866699e-02 2.626640319824218750e+00 1.730964303016662598e+00
5.812854766845703125e+00 -1.869826555252075195e+00 3.559900045394897461e+00 -1.982206463813781738e+00 -9.610972404479980469e-01 3.453019857406616211e+00 2.029170036315917969e+00 -3.728353738784790039e+00 -3.349730253219604492e+00 -5.161923885345458984e+00 -2.455835103988647461e+00 2.501174211502075195e+00 -1.070814847946166992e+00 -4.554214477539062500e-01 2.061743736267089844e+00
-5.918705463409423828e-01 -4.390532493591308594e+00 -2.825822234153747559e-01 -9.635683894157409668e-01 -1.124939084053039551e+00 3.468808174133300781e+00 -8.345810174942016602e-01 -3.936794281005859375e+00 -6.078432559967041016e+00 -4.113063335418701172e+00 1.706184595823287964e-01 -4.909386113286018372e-02 -3.174908161163330078e+00 3.535595417022705078e+00 2.874480247497558594e+00
4.597661972045898438e+00 3.143788337707519531e+00 1.169854521751403809e+00 2.441506862640380859e+00 -2.601380348205566406e+00 1.184438109397888184e+00 3.552112877368927002e-01 -2.823155879974365234e+00 -8.227506279945373535e-01 -7.436566352844238281e+00 2.602025747299194336e+00 3.127658843994140625e+00 1.362087130546569824e+00 1.239882826805114746e+00 -7.717313170433044434e-01
4.626942157745361328e+00 -5.696520328521728516e+00 1.938460707664489746e+00 -9.444633126258850098e-01 -4.763370990753173828e+00 3.887945175170898438e+00 -1.037297695875167847e-01 -2.625768184661865234e+00 -1.465523838996887207e+00 -7.678881168365478516e+00 3.826296627521514893e-01 5.287874221801757812e+00 -3.283530712127685547e+00 -3.646751940250396729e-01 1.858462095260620117e+00
2.453000307083129883e+00 -2.663651943206787109e+00 4.555554986000061035e-01 -7.382541298866271973e-01 -1.125308632850646973e+00 3.309601545333862305e+00 8.158403635025024414e-01 -1.917718529701232910e+00 7.999491095542907715e-01 -3.172675848007202148e+00 -1.459081768989562988e+00 3.735553324222564697e-01 -8.505263328552246094e-01 1.312457680702209473e+00 -6.356526017189025879e-01
4.048439502716064453e+00 -2.625085115432739258e+00 2.159694194793701172e+00 -1.409808278083801270e+00 2.701434493064880371e-01 3.830971479415893555e+00 2.078076362609863281e+00 -8.148280382156372070e-01 -3.911209404468536377e-01 -4.634454727172851562e+00 -2.503374338150024414e+00 4.353145599365234375e+00 -1.195059299468994141e+00 2.605834484100341797e+00 6.698873639106750488e-01
3.614486932754516602e+00 -6.859055519104003906e+00 -1.333940982818603516e+00 1.690243363380432129e+00 -2.664319992065429688e+00 4.970898151397705078e+00 1.376337766647338867e+00 1.060099825263023376e-01 1.472156286239624023e+00 -5.697866916656494141e+00 -1.208947181701660156e+00 1.676538109779357910e+00 9.797081351280212402e-02 9.836787581443786621e-01 5.208097457885742188e+00
5.009280681610107422e+00 -1.492140173912048340e+00 9.441030025482177734e-01 -3.686455488204956055e+00 -1.079989790916442871e+00 5.117336750030517578e+00 3.108452796936035156e+00 -4.827779293060302734e+00 -1.266010284423828125e+00 -2.465069532394409180e+00 -2.236804962158203125e+00 9.002236127853393555e-01 -1.715971231460571289e+00 1.342235803604125977e+00 -1.338560134172439575e-01
4.509438037872314453e+00 -1.773782014846801758e+00 3.736691474914550781e+00 -2.155542850494384766e+00 -1.347434520721435547e+00 -3.591805994510650635e-01 1.813772469758987427e-01 -6.722184419631958008e-01 7.716343998908996582e-01 -6.641664505004882812e-01 -1.965070366859436035e+00 2.234760522842407227e+00 -7.670859694480895996e-01 1.606849074363708496e+00 -3.080174624919891357e-01
2.446484804153442383e+00 -5.473121166229248047e+00 -8.949398994445800781e-01 1.113348484039306641e+00 -2.635305881500244141e+00 2.557504892349243164e+00 -3.630295097827911377e-01 -1.249320387840270996e+00 -1.253368496894836426e+00 5.698226690292358398e-01 -1.187816739082336426e+00 -1.120514035224914551e+00 -7.684262469410896301e-03 2.924109399318695068e-01 -2.159460075199604034e-02
3.274527788162231445e+00 -1.381981730461120605e+00 8.323513269424438477e-01 5.386986732482910156e-01 -1.251255631446838379e+00 2.388478040695190430e+00 -2.009335011243820190e-01 -2.597246646881103516e+00 -7.855778932571411133e-01 -3.522194385528564453e+00 1.301247030496597290e-01 4.619593322277069092e-01 -1.142149686813354492e+00 1.743427038192749023e+00 3.278713941574096680e+00
4.500668525695800781e+00 -1.225205659866333008e+00 4.955550193786621094e+00 2.299888372421264648e+00 -1.670002818107604980e+00 3.392715930938720703e+00 -4.259689152240753174e-01 -4.601032257080078125e+00 -1.223700284957885742e+00 -2.696160316467285156e+00 -1.001516938209533691e+00 4.268406391143798828e+00 3.509796559810638428e-01 2.238059997558593750e+00 -2.280480146408081055e+00
3.586872816085815430e+00 -2.861572980880737305e+00 2.970484018325805664e+00 -2.565579712390899658e-01 -2.499856948852539062e+00 2.000693559646606445e+00 9.613177776336669922e-01 -7.652146816253662109e-01 -1.017696857452392578e+00 -1.310778617858886719e+00 4.564360678195953369e-01 1.470459103584289551e+00 -1.536227703094482422e+00 2.283932447433471680e+00 4.321995079517364502e-01
3.337737321853637695e+00 -4.444249629974365234e+00 2.728450775146484375e+00 2.983736753463745117e+00 -4.016955852508544922e+00 1.466366291046142578e+00 -2.364149093627929688e+00 -3.164052963256835938e+00 -1.572839021682739258e+00 -7.129665613174438477e-01 -1.047648310661315918e+00 -1.257358670234680176e+00 9.789310693740844727e-01 -2.116123437881469727e+00 9.137037396430969238e-01
6.008533954620361328e+00 -5.475650310516357422e+00 1.258155584335327148e+00 1.300965905189514160e+00 -2.358035564422607422e+00 3.278115987777709961e+00 3.178679943084716797e+00 1.192848443984985352e+00 -1.016092419624328613e+00 -4.583129882812500000e+00 8.375907540321350098e-01 7.617452740669250488e-01 -4.042906761169433594e+00 -1.133048176765441895e+00 3.252322673797607422e+00
9.564393162727355957e-01 -1.865307092666625977e+00 -2.647249221801757812e+00 -1.966721057891845703e+00 -1.296833455562591553e-01 5.555409431457519531e+00 2.150149829685688019e-02 -2.232481956481933594e+00 -9.419553875923156738e-01 -1.822918653488159180e+00 1.509511351585388184e+00 5.075461387634277344e+00 -1.631760597229003906e+00 7.031603455543518066e-01 8.064759373664855957e-01
3.823255300521850586e+00 6.538828462362289429e-02 1.594277858734130859e+00 2.275602579116821289e+00 -2.152114391326904297e+00 2.959527730941772461e+00 -1.178432345390319824e+00 3.188032209873199463e-01 -1.433712124824523926e+00 -3.096492052078247070e+00 -1.862299323081970215e+00 2.490974903106689453e+00 -7.262325882911682129e-01 1.022964119911193848e+00 -1.177060604095458984e+00
1.277900338172912598e+00 -2.011539697647094727e+00 -1.445858925580978394e-01 1.942509412765502930e+00 5.640173554420471191e-01 3.745652437210083008e+00 7.654377222061157227e-01 -2.059964418411254883e+00 2.470919936895370483e-01 -2.769834756851196289e+00 -1.207694530487060547e+00 -2.275758504867553711e+00 1.899595975875854492e+00 1.217506170272827148e+00 1.291135430335998535e+00
1.711332917213439941e+00 -8.345318436622619629e-01 3.442071676254272461e-01 -1.622248411178588867e+00 -1.743234753608703613e+00 7.978597879409790039e-01 2.306766271591186523e+00 -2.309750556945800781e+00 1.542124748229980469e+00 -3.990967035293579102e+00 -8.721150159835815430e-01 2.226036310195922852e+00 -5.341048836708068848e-01 2.161818027496337891e+00 1.239967823028564453e+00
6.608500003814697266e+00 -4.917160511016845703e+00 1.131295680999755859e+00 -9.841683506965637207e-01 -3.725846529006958008e+00 2.011456251144409180e+00 9.374132752418518066e-01 -1.868249773979187012e+00 -2.033454179763793945e+00 -4.457820892333984375e+00 -5.031891822814941406e+00 3.866762638092041016e+00 -2.651500940322875977e+00 -5.085048675537109375e-01 6.650720238685607910e-01
4.937255382537841797e+00 -2.434646606445312500e+00 -2.780607461929321289e+00 1.402113914489746094e+00 -2.076543331146240234e+00 1.618069857358932495e-01 1.695675730705261230e+00 6.386259794235229492e-01 -2.495669603347778320e+00 1.083959415555000305e-01 -7.907207310199737549e-02 -8.276864290237426758e-01 -1.454197466373443604e-01 6.454027295112609863e-01 -9.796754717826843262e-01
1.583917975425720215e+00 -1.368120908737182617e+00 -8.007596433162689209e-02 4.337751865386962891e+00 -4.561091899871826172e+00 1.771633267402648926e+00 -1.848184615373611450e-01 -6.184434518218040466e-03 -2.878593444824218750e+00 -4.288669109344482422e+00 -4.295850694179534912e-01 2.805382251739501953e+00 -4.393573284149169922e+00 2.790568828582763672e+00 3.717566251754760742e+00
3.536685466766357422e+00 -3.187371730804443359e+00 -1.689433932304382324e+00 -6.117932125926017761e-02 1.179326057434082031e+00 4.628387451171875000e+00 -1.050921082496643066e+00 -1.027274250984191895e+00 -9.839278459548950195e-01 1.286059767007827759e-01 -2.594941139221191406e+00 4.028210341930389404e-01 2.291934728622436523e+00 4.764983177185058594e+00 1.966669321060180664e+00
3.413840770721435547e+00 -3.906119108200073242e+00 3.693180084228515625e+00 -2.671531200408935547e+00 -2.877763271331787109e+00 8.251194953918457031e+00 -3.822949886322021484e+00 -2.872715711593627930e+00 -3.095405101776123047e+00 -6.488037586212158203e+00 -1.782967686653137207e+00 8.468416333198547363e-01 -7.657617926597595215e-01 -4.628479778766632080e-01 1.853024601936340332e+00
1.269588947296142578e+00 -2.537214994430541992e+00 -6.154992580413818359e-01 -3.320836782455444336e+00 -7.049515843391418457e-01 2.432619333267211914e+00 -9.423248469829559326e-02 -1.926530003547668457e+00 1.608811974525451660e+00 -1.507740855216979980e+00 9.491614699363708496e-01 1.933817863464355469e+00 -1.518892884254455566e+00 5.079112052917480469e+00 1.391798257827758789e+00
3.189321994781494141e+00 -4.864158153533935547e+00 4.330283641815185547e+00 2.536806106567382812e+00 -2.720696210861206055e+00 4.078624546527862549e-01 -1.499606966972351074e+00 -3.246378660202026367e+00 7.064684033393859863e-01 -2.306958913803100586e+00 -8.266997933387756348e-01 3.436760902404785156e+00 -1.645221233367919922e+00 -1.381157517433166504e+00 -1.350446492433547974e-01
5.667477130889892578e+00 -2.585721731185913086e+00 2.617914676666259766e+00 1.295824814587831497e-02 -2.873337827622890472e-02 4.353717327117919922e+00 -3.852439224720001221e-01 1.983964800834655762e+00 -2.582690417766571045e-01 -5.119786739349365234e+00 -1.271042466163635254e+00 2.604242563247680664e+00 -2.708355903625488281e+00 1.307279944419860840e+00 3.479784250259399414e+00
2.855899095535278320e+00 -1.648933768272399902e+00 1.967486858367919922e+00 1.031906604766845703e+00 -2.078427314758300781e+00 2.856119632720947266e+00 -5.501863956451416016e-01 -1.141340494155883789e+00 -2.200922250747680664e+00 -4.801833152770996094e+00 -1.466520667076110840e+00 2.580017566680908203e+00 -1.353251814842224121e+00 1.510856449604034424e-01 4.202802479267120361e-01
5.306210517883300781e+00 -3.310489654541015625e+00 9.171856641769409180e-01 1.186613664031028748e-01 -2.384388685226440430e+00 4.379125595092773438e+00 -2.149425506591796875e+00 -4.126363754272460938e+00 -1.065543770790100098e+00 -2.934391021728515625e+00 -3.646332263946533203e+00 6.970147132873535156e+00 3.372916579246520996e-02 -3.923568502068519592e-02 -1.455284953117370605e+00
2.848047494888305664e+00 -2.076147556304931641e+00 2.230867296457290649e-01 3.647750139236450195e+00 -5.036641955375671387e-01 8.941810131072998047e-01 1.719788908958435059e+00 7.754091024398803711e-01 -2.276440858840942383e+00 -3.261470317840576172e+00 -4.269441664218902588e-01 -1.170856833457946777e+00 1.693732023239135742e+00 1.516230702400207520e+00 2.568871259689331055e+00
1.740495324134826660e+00 -2.653142213821411133e+00 3.369962215423583984e+00 -2.109136134386062622e-01 4.969141185283660889e-01 2.641981840133666992e+00 7.217314243316650391e-01 -3.264165401458740234e+00 3.197718560695648193e-01 -1.967461585998535156e+00 -5.233111977577209473e-01 3.006545543670654297e+00 -2.719438374042510986e-01 1.259781718254089355e+00 5.506370663642883301e-01
3.755884647369384766e+00 -2.985252618789672852e+00 2.619859933853149414e+00 9.110878705978393555e-01 -3.481406211853027344e+00 4.080907821655273438e+00 -7.426087558269500732e-02 -4.120009899139404297e+00 -1.047420620918273926e+00 -2.317688941955566406e+00 -1.112851142883300781e+00 3.549003124237060547e+00 -1.961092710494995117e+00 5.296067595481872559e-01 1.025054901838302612e-01
2.098579168319702148e+00 -1.021022915840148926e+00 1.089201211929321289e+00 4.611349105834960938e+00 -3.747848987579345703e+00 2.008414745330810547e+00 -3.692273795604705811e-02 -3.495533227920532227e+00 -2.749074220657348633e+00 -5.518029928207397461e-01 -1.319990515708923340e+00 1.422926068305969238e+00 3.080379664897918701e-01 9.628058075904846191e-01 1.744957447052001953e+00
5.983326911926269531e+00 -3.339854001998901367e+00 -2.492453098297119141e+00 2.494838476181030273e+00 -3.211718559265136719e+00 1.872724890708923340e+00 -1.470921486616134644e-01 -1.738806009292602539e+00 2.259400844573974609e+00 -3.385582923889160156e+00 -2.353033781051635742e+00 2.412492513656616211e+00 6.757367253303527832e-01 1.167380571365356445e+00 -4.185791313648223877e-02
1.115437150001525879e+00 -1.528823494911193848e+00 6.317238509654998779e-02 2.835591137409210205e-01 -1.158092856407165527e+00 5.099740505218505859e+00 -8.414006233215332031e-01 -2.381716728210449219e+00 -1.073555469512939453e+00 -2.356770038604736328e+00 3.589291572570800781e-01 2.248281955718994141e+00 9.724387526512145996e-01 1.086326241493225098e+00 -6.085131764411926270e-01
3.741204500198364258e+00 -2.896472692489624023e+00 2.966730594635009766e+00 -2.699794769287109375e+00 -2.303322792053222656e+00 3.444770812988281250e+00 1.579570651054382324e+00 -1.685068130493164062e+00 -4.588647842407226562e+00 -4.637070894241333008e-01 -1.204145908355712891e+00 -2.044712454080581665e-01 4.204227328300476074e-01 2.401070117950439453e+00 2.729534626007080078e+00
9.774714708328247070e-01 -4.232700824737548828e+00 -1.069680690765380859e+00 -2.960788309574127197e-01 -2.379611968994140625e+00 3.675583124160766602e+00 1.118742376565933228e-01 8.149275779724121094e-01 -1.697452783584594727e+00 -3.003710508346557617e-01 -1.752499341964721680e+00 1.150089502334594727e+00 -3.389096558094024658e-01 4.469563961029052734e+00 4.014512538909912109e+00
2.582281351089477539e+00 -3.155266046524047852e+00 4.006696224212646484e+00 1.401153326034545898e+00 5.171954631805419922e-01 6.340096950531005859e+00 -1.196712017059326172e+00 -5.464261054992675781e+00 -3.852201938629150391e+00 -3.699542045593261719e+00 4.265455901622772217e-02 3.130723237991333008e+00 2.411269664764404297e+00 -1.297194063663482666e-01 2.038130283355712891e+00
6.069912433624267578e+00 1.777161836624145508e+00 4.875667095184326172e-01 -2.376081228256225586e+00 -1.901544332504272461e+00 1.169883966445922852e+00 4.466670036315917969e+00 -3.909299135208129883e+00 -2.955738306045532227e+00 -4.449956417083740234e+00 3.021968901157379150e-01 2.831446170806884766e+00 -5.944890499114990234e+00 1.126389265060424805e+00 -1.721773892641067505e-01
2.448808431625366211e+00 -3.033689022064208984e+00 -1.817305326461791992e+00 4.325659945607185364e-02 -1.825518012046813965e+00 2.297839164733886719e+00 9.276014566421508789e-01 -5.816422700881958008e-01 2.214284658432006836e+00 3.975278139114379883e-01 1.201757669448852539e+00 4.070399761199951172e+00 -3.968277215957641602e+00 -1.131714463233947754e+00 -1.737154483795166016e+00
1.750194787979125977e+00 -8.893406987190246582e-01 8.815556764602661133e-01 6.318294405937194824e-01 -2.559189558029174805e+00 2.322983026504516602e+00 2.552548885345458984e+00 -1.289860129356384277e+00 -3.018757820129394531e+00 -6.798207759857177734e-01 5.239497423171997070e-01 7.838724255561828613e-01 -4.954592585563659668e-01 1.003649711608886719e+00 1.394083023071289062e+00
1.130178928375244141e+00 -2.336854219436645508e+00 -2.587699294090270996e-01 6.370093226432800293e-01 -2.859033644199371338e-01 7.387121766805648804e-02 6.783629655838012695e-01 -2.088771164417266846e-01 8.264662027359008789e-01 -3.164952039718627930e+00 -3.093484938144683838e-01 2.785270929336547852e+00 -1.483112692832946777e+00 -1.132351636886596680e+00 3.097489356994628906e+00
1.828305006027221680e+00 -5.242826461791992188e+00 -1.101028203964233398e+00 -1.510804891586303711e+00 -8.149965405464172363e-01 7.150298118591308594e+00 1.082966446876525879e+00 -1.189951181411743164e+00 1.450496166944503784e-01 -1.602544635534286499e-01 -1.141524076461791992e+00 2.778918266296386719e+00 -1.817629933357238770e+00 3.897183656692504883e+00 3.468211650848388672e+00
3.929323911666870117e+00 -1.971644997596740723e+00 1.074778795242309570e+00 2.770868062973022461e+00 -3.265959978103637695e+00 3.767372667789459229e-01 2.456907749176025391e+00 -1.998210191726684570e+00 -1.496391415596008301e+00 -2.046143770217895508e+00 1.652783900499343872e-01 3.310464382171630859e+00 -2.616023302078247070e+00 -2.655974403023719788e-02 6.278906464576721191e-01
1.367378354072570801e+00 -2.069967985153198242e+00 -3.259473800659179688e+00 3.348836183547973633e+00 -2.135842800140380859e+00 2.440247058868408203e+00 2.167272567749023438e+00 2.958922863006591797e+00 -1.310677647590637207e+00 -2.824317455291748047e+00 -4.260877132415771484e+00 1.507310986518859863e+00 -1.839860916137695312e+00 2.159189939498901367e+00 1.461062431335449219e+00
3.666748285293579102e+00 -2.357819974422454834e-01 5.423638820648193359e-01 -4.068279564380645752e-01 -6.262413412332534790e-02 1.920813918113708496e+00 9.427737593650817871e-01 2.761137485504150391e+00 3.658441007137298584e-01 -2.002801895141601562e+00 8.795108199119567871e-01 5.214756011962890625e+00 9.961882233619689941e-02 2.235728263854980469e+00 2.529021024703979492e+00
3.308156967163085938e+00 -1.349273800849914551e+00 9.577363729476928711e-01 1.031121253967285156e+00 -9.780759215354919434e-01 2.166695594787597656e+00 -6.912629008293151855e-01 -3.359725236892700195e+00 -2.624368429183959961e+00 -1.649130105972290039e+00 2.991905212402343750e-01 1.210456863045692444e-01 -8.306743502616882324e-01 9.233556389808654785e-01 2.965831279754638672e+00
3.839791297912597656e+00 -4.816221237182617188e+00 -2.858414411544799805e+00 -2.464019060134887695e+00 4.657042920589447021e-01 1.863746762275695801e+00 3.434391915798187256e-01 4.768308252096176147e-02 -4.693217277526855469e+00 -1.480084776878356934e+00 -8.219889998435974121e-01 9.893029928207397461e-01 -5.063783526420593262e-01 2.059855461120605469e+00 4.033176898956298828e+00
3.730260372161865234e+00 -2.832837343215942383e+00 4.912577569484710693e-02 2.249689772725105286e-02 -9.188882112503051758e-01 4.276458263397216797e+00 1.156067103147506714e-01 -1.090146303176879883e+00 7.980290651321411133e-01 -2.701604843139648438e+00 -1.797775030136108398e+00 5.042138576507568359e+00 -1.446418523788452148e+00 -1.698918461799621582e+00 -2.383005768060684204e-01
2.001302480697631836e+00 -3.125800371170043945e+00 -4.129680395126342773e-01 -2.329978704452514648e+00 8.333738893270492554e-02 3.589446306228637695e+00 -6.844880580902099609e-01 -2.450853109359741211e+00 -1.496232390403747559e+00 -1.321159601211547852e+00 -7.236363291740417480e-01 1.049630761146545410e+00 -1.480806350708007812e+00 4.571554362773895264e-01 1.298490047454833984e+00
4.534581184387207031e+00 -1.668735980987548828e+00 -4.177034854888916016e+00 -3.507693111896514893e-01 -9.713992476463317871e-01 6.088122844696044922e+00 3.066942691802978516e+00 -5.268642425537109375e+00 -6.514045715332031250e+00 -3.652474880218505859e+00 7.625386118888854980e-01 2.852511882781982422e+00 -2.957661867141723633e+00 1.063709855079650879e+00 -9.115296602249145508e-01
1.087332606315612793e+00 -1.843070983886718750e+00 -1.494217157363891602e+00 -1.386630982160568237e-01 8.373579382896423340e-01 3.214432954788208008e+00 7.900449633598327637e-01 -1.473194241523742676e+00 -2.539648294448852539e+00 -1.677392125129699707e+00 5.939632058143615723e-01 -6.498585343360900879e-01 2.215288162231445312e+00 3.440866947174072266e+00 7.590003609657287598e-01
1.897445201873779297e+00 -4.521304666996002197e-01 -1.412559896707534790e-01 4.198573589324951172e+00 -3.360840082168579102e+00 4.583939075469970703e+00 -3.884532153606414795e-01 -1.304494738578796387e+00 5.641577243804931641e-01 -4.706072330474853516e+00 1.169646859169006348e+00 4.032106399536132812e+00 -1.954270958900451660e+00 3.766542375087738037e-01 3.015429735183715820e+00
4.177021026611328125e+00 -4.138499736785888672e+00 2.284011840820312500e+00 -5.350969433784484863e-01 -8.986318707466125488e-01 2.277003526687622070e+00 1.910972148180007935e-01 5.932250022888183594e-01 -1.882820367813110352e+00 -3.653388023376464844e+00 1.968474984169006348e+00 4.110853195190429688e+00 -1.372734546661376953e+00 1.251472115516662598e+00 7.928270697593688965e-01
6.029117584228515625e+00 -1.561244845390319824e+00 8.509039282798767090e-01 -3.809864819049835205e-01 -2.732974290847778320e+00 2.769385099411010742e+00 -3.507404029369354248e-02 3.237667679786682129e-01 2.409986779093742371e-02 -3.676662683486938477e+00 -6.977448463439941406e-01 2.643727302551269531e+00 2.032557010650634766e+00 2.490836620330810547e+00 2.635388612747192383e+00
6.013928413391113281e+00 -1.777819752693176270e+00 -5.004898309707641602e-01 -2.141469478607177734e+00 2.354515314102172852e+00 6.216578960418701172e+00 1.200133115053176880e-01 5.497461557388305664e-01 1.616971373558044434e+00 -7.932840585708618164e-01 -1.980736732482910156e+00 2.223772764205932617e+00 -6.597080826759338379e-02 2.857295036315917969e+00 1.518972635269165039e+00
1.851237058639526367e+00 5.481597036123275757e-02 2.813629992306232452e-02 1.730500221252441406e+00 -7.909854650497436523e-01 5.586067438125610352e-01 2.075297117233276367e+00 1.198672056198120117e+00 -9.794212579727172852e-01 -1.961571812629699707e+00 -5.824013352394104004e-01 2.104804515838623047e+00 -8.351179957389831543e-01 7.871269583702087402e-01 6.859007477760314941e-01
4.310438632965087891e+00 2.078295648097991943e-01 2.419925212860107422e+00 -5.553135275840759277e-01 -1.242819204926490784e-01 3.723908662796020508e+00 -2.217386811971664429e-01 -2.897653102874755859e+00 -2.128355741500854492e+00 -2.887058496475219727e+00 -2.207689434289932251e-01 6.979027986526489258e-01 2.133998088538646698e-02 1.107755541801452637e+00 7.300086617469787598e-01
2.856489419937133789e+00 -1.251691937446594238e+00 2.684247493743896484e-01 3.162094831466674805e+00 -3.605185508728027344e+00 4.226064682006835938e+00 -1.658508300781250000e+00 -2.545219898223876953e+00 -7.272540926933288574e-01 -8.098806381225585938e+00 2.795223474502563477e+00 4.217603206634521484e+00 1.473596505820751190e-02 -4.730616230517625809e-03 1.475595235824584961e+00
6.243546009063720703e+00 -1.926609992980957031e+00 3.158732414245605469e+00 1.783064246177673340e+00 -1.391520500183105469e+00 2.521355390548706055e+00 -1.936313271522521973e+00 -4.092980384826660156e+00 -1.369580626487731934e+00 -5.013085842132568359e+00 3.101448714733123779e-02 3.707084655761718750e+00 2.297750413417816162e-01 -7.597952485084533691e-01 1.516239404678344727e+00
4.310805797576904297e+00 9.313837885856628418e-01 -8.211846351623535156e-01 2.761960506439208984e+00 9.266244173049926758e-01 -1.831111907958984375e+00 2.234362602233886719e+00 3.571642637252807617e+00 -2.126796722412109375e+00 8.536523580551147461e-01 -4.299727082252502441e-02 3.898153826594352722e-02 -2.624463081359863281e+00 3.087421357631683350e-01 2.562596321105957031e+00
2.324111700057983398e+00 -1.811986327171325684e+00 1.886646598577499390e-01 1.164324641227722168e+00 -2.378608942031860352e+00 -4.370642304420471191e-01 -2.077933788299560547e+00 3.477556467056274414e+00 1.702301383018493652e+00 -2.301772594451904297e+00 -3.334813356399536133e+00 7.871958613395690918e-01 -3.102035820484161377e-01 4.815569877624511719e+00 1.959937334060668945e+00
2.346815347671508789e+00 -1.953584909439086914e+00 1.138626098632812500e+00 3.041850328445434570e+00 -4.938155114650726318e-01 2.765713930130004883e+00 -2.581898212432861328e+00 6.492725610733032227e-01 1.919364213943481445e+00 -3.800755262374877930e+00 -8.439189791679382324e-01 1.897105455398559570e+00 2.551886081695556641e+00 1.587976574897766113e+00 9.849413037300109863e-01
1.750287890434265137e+00 -6.276265531778335571e-02 -4.559803962707519531e+00 6.528765559196472168e-01 8.014341443777084351e-02 4.374478340148925781e+00 -5.674626231193542480e-01 -2.932084083557128906e+00 4.090521857142448425e-02 -1.309103488922119141e+00 -1.035857081413269043e+00 2.704878807067871094e+00 -1.431987404823303223e+00 3.877205550670623779e-01 1.633737564086914062e+00
2.565994024276733398e+00 -3.579804658889770508e+00 -1.978198647499084473e+00 -1.070551156997680664e+00 -1.020580828189849854e-01 6.541282653808593750e+00 -2.892417311668395996e-01 -5.231754779815673828e+00 -2.234278440475463867e+00 -7.836203575134277344e-01 -1.000672459602355957e+00 1.747506499290466309e+00 -1.862733662128448486e-01 1.408866405487060547e+00 -2.649318873882293701e-01
3.860491991043090820e+00 -1.698330402374267578e+00 -2.958389520645141602e+00 -1.181208133697509766e+00 -6.331779360771179199e-01 2.900045633316040039e+00 3.480814456939697266e+00 -3.149058818817138672e+00 -1.819156885147094727e+00 -9.283780455589294434e-01 -1.896587014198303223e+00 2.383426904678344727e+00 -6.604237556457519531e-01 3.105924606323242188e+00 1.596279025077819824e+00
3.016733884811401367e+00 -2.554870605468750000e+00 3.363059997558593750e+00 5.522634387016296387e-01 -2.288033008575439453e+00 3.782928884029388428e-01 -8.999536633491516113e-01 -2.634111642837524414e+00 -1.257862210273742676e+00 -2.770687580108642578e+00 -1.814492583274841309e+00 4.053867816925048828e+00 -3.699313163757324219e+00 1.933032274246215820e+00 2.194477558135986328e+00
6.006315708160400391e+00 -2.402200460433959961e+00 3.224212646484375000e+00 2.525796294212341309e-01 -2.235995054244995117e+00 -1.114981055259704590e+00 1.013289093971252441e+00 -1.301441490650177002e-01 3.367361545562744141e+00 -2.150095939636230469e+00 -2.943182468414306641e+00 1.073194146156311035e+00 -3.076547622680664062e+00 -3.173183500766754150e-01 1.937112689018249512e+00
