2.465007543563842773e+00 -6.885508537292480469e+00 -9.566962242126464844e+00 -5.061433792114257812e+00 -1.364871621131896973e+00 8.726469039916992188e+00 9.895025253295898438e+00 3.820723533630371094e+00 -3.259196996688842773e+00 4.114682197570800781e+00 -7.706029713153839111e-02 7.012670516967773438e+00 -4.062806606292724609e+00 -4.331338882446289062e+00 -6.457175016403198242e-01
6.675559878349304199e-01 -6.527997493743896484e+00 -4.197445392608642578e+00 -1.587955355644226074e+00 -2.495702266693115234e+00 7.578330516815185547e+00 1.302604579925537109e+01 6.000442981719970703e+00 -5.545638561248779297e+00 -2.681582927703857422e+00 -1.637645483016967773e+00 4.446864128112792969e+00 -2.753386974334716797e+00 -9.714451789855957031e+00 -9.179311990737915039e-01
6.529018878936767578e+00 -1.556654810905456543e+00 -5.334536075592041016e+00 -5.194971084594726562e+00 -3.898914098739624023e+00 1.423596763610839844e+01 2.785475492477416992e+00 7.698508739471435547e+00 2.418436288833618164e+00 -1.522141844034194946e-01 2.955279827117919922e+00 1.245229959487915039e+00 6.049698352813720703e+00 -7.223635196685791016e+00 -1.892527580261230469e+00
2.857923269271850586e+00 -5.095886707305908203e+00 -2.206794977188110352e+00 -3.064665317535400391e+00 -6.331752300262451172e+00 9.676529884338378906e+00 5.095924377441406250e+00 8.024145126342773438e+00 9.118079185485839844e+00 -9.659670829772949219e+00 -4.561241269111633301e-01 6.314159870147705078e+00 6.269310474395751953e+00 -9.140442609786987305e-01 -3.325365304946899414e+00
1.358885169029235840e-01 -6.412060737609863281e+00 -4.718158245086669922e+00 1.799614787101745605e+00 -1.943949580192565918e+00 1.397758102416992188e+01 1.254487037658691406e+01 8.416990280151367188e+00 6.287586688995361328e+00 -2.111679315567016602e+00 -4.152861595153808594e+00 9.827018737792968750e+00 2.571065425872802734e-01 -2.416428804397583008e+00 3.147545270621776581e-03
1.526921391487121582e+00 -4.460707187652587891e+00 -5.788338184356689453e+00 -1.803135514259338379e+00 -1.800728559494018555e+00 1.111419868469238281e+01 1.097710895538330078e+01 5.972739219665527344e+00 -1.669810175895690918e+00 3.754161119461059570e+00 -5.792058706283569336e-01 7.232686042785644531e+00 -4.152363777160644531e+00 -3.412917613983154297e+00 -7.134404182434082031e-01
4.069058895111083984e+00 -2.176400423049926758e+00 -4.569290637969970703e+00 -2.713043689727783203e+00 -3.127746820449829102e+00 1.497322559356689453e+01 2.091635942459106445e+00 8.282990455627441406e+00 5.095717906951904297e+00 -1.465369939804077148e+00 2.498761415481567383e+00 1.194748878479003906e+00 5.755326747894287109e+00 -6.809925079345703125e+00 -1.476947903633117676e+00
7.029174804687500000e+00 -1.825144290924072266e+00 -5.858094692230224609e+00 -4.859190940856933594e+00 -4.106018543243408203e+00 1.523751544952392578e+01 4.078972816467285156e+00 7.972329616546630859e+00 4.468425273895263672e+00 -8.573198914527893066e-01 2.522691726684570312e+00 1.054757356643676758e+00 5.502998828887939453e+00 -6.906585216522216797e+00 -2.143653392791748047e+00
4.575489997863769531e+00 -3.342256069183349609e+00 -6.261705875396728516e+00 1.837856888771057129e+00 -1.062131762504577637e+00 6.666061878204345703e+00 1.241907405853271484e+01 9.737649917602539062e+00 7.567718029022216797e+00 -2.059778928756713867e+00 -3.638824224472045898e+00 3.379336595535278320e+00 4.766347885131835938e+00 -5.675136089324951172e+00 3.379873037338256836e+00
1.348009109497070312e+00 -4.027307033538818359e+00 -5.238068103790283203e+00 -1.624246478080749512e+00 -1.843546271324157715e+00 7.439524173736572266e+00 9.777424812316894531e+00 5.256544113159179688e+00 -2.029044866561889648e+00 4.278701782226562500e+00 -3.904459774494171143e-01 7.375863075256347656e+00 -3.886248826980590820e+00 -3.826596975326538086e+00 -6.284649372100830078e-01
7.488467097282409668e-01 -6.210471153259277344e+00 -4.660169124603271484e+00 1.282300472259521484e+00 -2.172369480133056641e+00 1.370844650268554688e+01 1.338970851898193359e+01 7.040232181549072266e+00 6.154187202453613281e+00 -2.501041412353515625e+00 -3.495255947113037109e+00 1.001606750488281250e+01 -9.136141091585159302e-02 -2.513201475143432617e+00 5.043569803237915039e-01
7.191520929336547852e-02 -8.093162536621093750e+00 -5.733360767364501953e+00 2.255118370056152344e+00 -2.401635885238647461e+00 9.521819114685058594e+00 1.238390445709228516e+01 5.170143604278564453e+00 4.718481540679931641e+00 -1.944097399711608887e+00 -3.402760505676269531e+00 1.031480789184570312e+01 -3.023699522018432617e-01 -2.967716693878173828e+00 3.818750977516174316e-01
3.519322872161865234e+00 -1.050792121887207031e+01 -4.336276352405548096e-01 -8.472905755043029785e-01 -2.115962743759155273e+00 1.210430240631103516e+01 1.268441867828369141e+01 2.491651847958564758e-02 3.370203495025634766e+00 -6.298221588134765625e+00 -6.693896293640136719e+00 3.224712610244750977e+00 2.533186674118041992e+00 -3.183995485305786133e+00 -1.342918634414672852e+00
4.236462593078613281e+00 -2.153134584426879883e+00 -4.504806041717529297e+00 -2.640261888504028320e+00 -3.079936027526855469e+00 1.303589439392089844e+01 3.869409561157226562e+00 8.640901565551757812e+00 3.905783653259277344e+00 1.776209324598312378e-01 2.844960689544677734e+00 1.478637576103210449e+00 5.911662578582763672e+00 -7.088948726654052734e+00 -1.683470249176025391e+00
3.541128873825073242e+00 -3.677010536193847656e+00 -5.525162220001220703e+00 1.466730475425720215e+00 -1.171270251274108887e+00 8.074771881103515625e+00 1.184036636352539062e+01 9.344440460205078125e+00 8.392691612243652344e+00 -2.986436367034912109e+00 -3.505135297775268555e+00 3.827860116958618164e+00 5.466763019561767578e+00 -5.332275390625000000e+00 3.282949447631835938e+00
1.924923062324523926e-01 -6.394660472869873047e+00 -4.552784442901611328e+00 1.546771645545959473e+00 -2.075476169586181641e+00 1.312237358093261719e+01 1.204871749877929688e+01 7.484451770782470703e+00 5.633422374725341797e+00 -9.367144703865051270e-01 -3.512116909027099609e+00 1.007796859741210938e+01 3.398386240005493164e-01 -3.601299285888671875e+00 4.333511888980865479e-01
-2.850332021713256836e+00 -8.971611022949218750e+00 -8.050430297851562500e+00 -2.529547214508056641e+00 -2.660726308822631836e+00 1.109482288360595703e+01 5.242250919342041016e+00 3.782874107360839844e+00 -3.712050676345825195e+00 -7.232273817062377930e-01 4.820084095001220703e+00 3.858971595764160156e+00 1.233708262443542480e+00 -6.508944988250732422e+00 -7.666118144989013672e-01
4.872231781482696533e-01 -4.322874546051025391e+00 -5.214788913726806641e+00 -9.569926559925079346e-02 -4.136661052703857422e+00 8.520644187927246094e+00 1.058849239349365234e+01 1.008496379852294922e+01 9.807227849960327148e-01 -1.137904167175292969e+00 -1.277708053588867188e+00 5.072165966033935547e+00 9.811044931411743164e-01 -6.966985225677490234e+00 -6.058698654174804688e+00
2.847644090652465820e+00 -4.162271499633789062e+00 -2.563182115554809570e+00 -1.780113101005554199e+00 -2.147627353668212891e+00 5.643711566925048828e+00 3.592501878738403320e+00 2.276332139968872070e+00 -1.419147133827209473e+00 -6.937061309814453125e+00 -3.182078838348388672e+00 3.551346302032470703e+00 2.512092113494873047e+00 -9.973141670227050781e+00 -1.772527813911437988e+00
2.983894586563110352e+00 -4.030955314636230469e+00 -2.394741058349609375e+00 -1.873343467712402344e+00 -2.279770374298095703e+00 8.396347999572753906e+00 3.230688571929931641e+00 4.641056537628173828e+00 -1.213037133216857910e+00 -7.678883552551269531e+00 -3.798320770263671875e+00 2.908991575241088867e+00 2.346222400665283203e+00 -9.064975738525390625e+00 -1.548696160316467285e+00
3.535688638687133789e+00 -5.701343059539794922e+00 -2.241019725799560547e+00 -3.472989559173583984e+00 -7.249117851257324219e+00 4.484783172607421875e+00 5.080969810485839844e+00 6.933721065521240234e+00 5.559495925903320312e+00 -9.552614212036132812e+00 -1.715707629919052124e-01 6.124058723449707031e+00 6.656376361846923828e+00 -2.138762235641479492e+00 -3.016736745834350586e+00
1.188932061195373535e+00 -1.097563552856445312e+01 -5.877142429351806641e+00 -2.528445720672607422e+00 -3.477840900421142578e+00 6.840295791625976562e+00 1.170201873779296875e+01 6.316917896270751953e+00 -5.184176921844482422e+00 -3.741024971008300781e+00 -2.182683706283569336e+00 3.717896461486816406e+00 -2.537610530853271484e+00 -9.150645256042480469e+00 -6.923502683639526367e-01
5.727716922760009766e+00 -2.099480390548706055e+00 -4.785734176635742188e+00 -3.755594253540039062e+00 -3.618041276931762695e+00 1.371780204772949219e+01 2.374257087707519531e+00 8.280702590942382812e+00 4.248665332794189453e+00 -7.178727388381958008e-01 2.298097848892211914e+00 1.315378189086914062e+00 5.518167495727539062e+00 -6.810192108154296875e+00 -2.394333124160766602e+00
3.212124109268188477e+00 -5.592553615570068359e+00 -1.743714570999145508e+00 -3.630194902420043945e+00 -7.384454250335693359e+00 7.721550464630126953e+00 4.155939102172851562e+00 7.212654590606689453e+00 6.303242683410644531e+00 -8.354446411132812500e+00 1.061378568410873413e-01 6.175480365753173828e+00 6.533639430999755859e+00 -1.281029224395751953e+00 -3.195891141891479492e+00
2.485409736633300781e+00 -4.744920253753662109e+00 -2.337249040603637695e+00 -2.623347520828247070e+00 -5.886562824249267578e+00 7.789445400238037109e+00 6.037311077117919922e+00 6.709053516387939453e+00 6.027310371398925781e+00 -8.587673187255859375e+00 -8.858387172222137451e-02 6.178488731384277344e+00 6.256599903106689453e+00 -2.226854085922241211e+00 -2.202819824218750000e+00
-2.280562520027160645e-01 -1.205768489837646484e+01 -7.634171009063720703e+00 3.561268568038940430e+00 -3.070959091186523438e+00 1.394592285156250000e+01 1.263398265838623047e+01 6.861670970916748047e+00 5.718793392181396484e+00 -2.108824014663696289e+00 -3.720972061157226562e+00 1.015054321289062500e+01 -1.012336090207099915e-01 -2.998768568038940430e+00 -2.449941262602806091e-02
4.743672847747802734e+00 -1.551487255096435547e+01 2.180198907852172852e+00 -1.783450722694396973e+00 -1.435154080390930176e+00 1.421207332611083984e+01 1.303545665740966797e+01 1.931053102016448975e-01 3.019942283630371094e+00 -8.076151847839355469e+00 -7.139277935028076172e+00 3.842457532882690430e+00 2.163890838623046875e+00 -4.040373325347900391e+00 -1.432168245315551758e+00
4.170598030090332031e+00 -3.346133232116699219e+00 -5.762829303741455078e+00 1.485061407089233398e+00 -1.118804931640625000e+00 6.601009368896484375e+00 1.135538387298583984e+01 9.396537780761718750e+00 7.717626094818115234e+00 -8.956844210624694824e-01 -3.504784584045410156e+00 3.100673437118530273e+00 5.415804386138916016e+00 -5.750168323516845703e+00 2.670731306076049805e+00
7.306264400482177734e+00 -2.092945098876953125e+00 -6.091545581817626953e+00 -5.399602890014648438e+00 -4.360354423522949219e+00 1.471016120910644531e+01 1.628488898277282715e+00 7.321218967437744141e+00 4.062636375427246094e+00 -9.176449775695800781e-01 2.595884084701538086e+00 6.223658919334411621e-01 5.241417407989501953e+00 -7.660039424896240234e+00 -2.061012983322143555e+00
4.749148845672607422e+00 -5.451956272125244141e+00 -2.246163606643676758e+00 -3.260260820388793945e+00 -2.594120979309082031e+00 6.464011669158935547e+00 3.577710390090942383e+00 2.491654634475708008e+00 -2.503949642181396484e+00 -6.981415748596191406e+00 -3.555488586425781250e+00 3.267600297927856445e+00 2.213929176330566406e+00 -9.042373657226562500e+00 -1.779103517532348633e+00
1.364636421203613281e-01 -7.739858627319335938e+00 -1.117394924163818359e+01 6.712667346000671387e-01 -7.918751239776611328e+00 8.265044212341308594e+00 7.748064041137695312e+00 8.946514129638671875e+00 8.158489465713500977e-01 -1.576240777969360352e+00 -1.061199069023132324e+00 5.113591194152832031e+00 1.165397524833679199e+00 -6.723334789276123047e+00 -5.517644405364990234e+00
5.903953075408935547e+00 -6.451349735260009766e+00 -2.629198551177978516e+00 -3.907668590545654297e+00 -2.878736734390258789e+00 9.773873329162597656e+00 3.820199966430664062e+00 3.976928949356079102e+00 7.657045125961303711e-01 -6.917880058288574219e+00 -3.385766744613647461e+00 3.372858524322509766e+00 2.260340690612792969e+00 -1.016745662689208984e+01 -1.292666673660278320e+00
-1.995468139648437500e-01 -7.881868362426757812e+00 -1.200031185150146484e+01 1.928157210350036621e-01 -8.737653732299804688e+00 9.422131538391113281e+00 1.010287380218505859e+01 8.941005706787109375e+00 3.239216327667236328e+00 -3.383685588836669922e+00 -6.250222325325012207e-01 5.189325332641601562e+00 9.827915430068969727e-01 -6.100583076477050781e+00 -5.829904556274414062e+00
3.515578269958496094e+00 -6.248711585998535156e+00 -2.143948316574096680e+00 -3.972975730895996094e+00 -8.309870719909667969e+00 6.701389789581298828e+00 4.565920829772949219e+00 5.811290740966796875e+00 6.698645114898681641e+00 -9.849691390991210938e+00 -2.345311790704727173e-01 6.462116241455078125e+00 7.426198959350585938e+00 -1.578362107276916504e+00 -2.314566373825073242e+00
4.574002265930175781e+00 -3.391788005828857422e+00 -6.519586086273193359e+00 1.857601046562194824e+00 -1.096014261245727539e+00 7.304297924041748047e+00 1.196932220458984375e+01 8.172516822814941406e+00 7.396340370178222656e+00 -2.989634513854980469e+00 -3.256496191024780273e+00 3.513120889663696289e+00 5.306720733642578125e+00 -5.142519474029541016e+00 2.829638719558715820e+00
6.136085033416748047e+00 -8.146458625793457031e+00 -2.953827381134033203e+00 -4.145661354064941406e+00 -3.308265924453735352e+00 8.329540252685546875e+00 2.940753459930419922e+00 2.583413839340209961e+00 -4.391168355941772461e-01 -7.131064891815185547e+00 -2.635044574737548828e+00 2.664869308471679688e+00 1.985050678253173828e+00 -9.044197082519531250e+00 -1.411481380462646484e+00
1.537789821624755859e+00 -5.524352073669433594e+00 -7.368769168853759766e+00 3.946510255336761475e-01 -5.154755115509033203e+00 1.061429786682128906e+01 9.821077346801757812e+00 8.977205276489257812e+00 1.090767025947570801e+00 -1.398581266403198242e+00 -1.118409633636474609e+00 5.057329177856445312e+00 1.284432291984558105e+00 -6.242971897125244141e+00 -5.625082969665527344e+00
3.943122625350952148e+00 -1.199397182464599609e+01 4.262265264987945557e-01 -1.022787570953369141e+00 -2.157536268234252930e+00 1.142928504943847656e+01 1.303177833557128906e+01 -4.582186341285705566e-01 1.592779994010925293e+00 -7.433319091796875000e+00 -7.162328243255615234e+00 3.809501647949218750e+00 2.852601051330566406e+00 -3.196302652359008789e+00 -1.850881934165954590e+00
-2.270410537719726562e+00 -6.339583396911621094e+00 -5.793789386749267578e+00 -2.522916555404663086e+00 -1.831942915916442871e+00 1.359603881835937500e+01 7.731552124023437500e+00 5.771892070770263672e+00 -1.915915369987487793e+00 -2.428756952285766602e+00 4.651689529418945312e+00 3.433753252029418945e+00 1.187861800193786621e+00 -6.794906139373779297e+00 -7.742934226989746094e-01
5.907691121101379395e-01 -4.791174411773681641e+00 -5.791930675506591797e+00 -8.201798796653747559e-02 -3.995166778564453125e+00 8.136083602905273438e+00 7.575757980346679688e+00 8.797571182250976562e+00 1.022815585136413574e+00 -2.765804052352905273e+00 -3.309707045555114746e-01 4.769316673278808594e+00 1.105403780937194824e+00 -6.169180393218994141e+00 -5.089545726776123047e+00
4.261126995086669922e+00 -5.542504310607910156e+00 -3.446115016937255859e+00 -2.240603685379028320e+00 -2.757998466491699219e+00 7.659470558166503906e+00 3.920993804931640625e+00 1.360981941223144531e+00 -1.477705597877502441e+00 -7.030298709869384766e+00 -3.647561073303222656e+00 2.966189861297607422e+00 1.649358034133911133e+00 -9.227390289306640625e+00 -1.686386346817016602e+00
-7.159574508666992188e+00 -1.528519153594970703e+01 -1.388401412963867188e+01 -6.350546836853027344e+00 -3.805150747299194336e+00 9.520305633544921875e+00 5.110832214355468750e+00 4.034174442291259766e+00 -2.393769741058349609e+00 -1.602773070335388184e+00 4.702610969543457031e+00 4.272398471832275391e+00 9.652034044265747070e-01 -7.549666881561279297e+00 -7.319763898849487305e-01
1.754146814346313477e-01 -6.070922374725341797e+00 -8.675282478332519531e+00 3.075422644615173340e-01 -6.675262928009033203e+00 8.702308654785156250e+00 8.522486686706542969e+00 1.006075763702392578e+01 2.088036298751831055e+00 -1.388353943824768066e+00 -3.012440502643585205e-01 5.304834842681884766e+00 9.942393302917480469e-01 -6.626135826110839844e+00 -5.708845615386962891e+00
-2.383654832839965820e+00 -7.144993305206298828e+00 -6.734048366546630859e+00 -2.401544809341430664e+00 -1.882425189018249512e+00 1.099560260772705078e+01 4.928802967071533203e+00 2.317514657974243164e+00 -3.993744850158691406e+00 1.337067335844039917e-01 4.431127548217773438e+00 3.365286350250244141e+00 7.975320816040039062e-01 -6.999931812286376953e+00 -7.853419780731201172e-01
-3.753219246864318848e-01 -7.557302951812744141e+00 -5.026237010955810547e+00 2.675770282745361328e+00 -2.170401811599731445e+00 1.308409023284912109e+01 1.143914699554443359e+01 7.305174350738525391e+00 5.589245319366455078e+00 -7.747465968132019043e-01 -4.262082099914550781e+00 1.044755172729492188e+01 -7.505918294191360474e-02 -2.807149171829223633e+00 4.233703389763832092e-02
6.967846393585205078e+00 -8.250359535217285156e+00 -2.177528858184814453e+00 -5.776029586791992188e+00 -2.997519731521606445e+00 9.886172294616699219e+00 3.736074924468994141e+00 2.159496545791625977e+00 -7.851477861404418945e-01 -8.303829193115234375e+00 -2.992695331573486328e+00 3.195106267929077148e+00 2.058748483657836914e+00 -8.698568344116210938e+00 -1.858557224273681641e+00
8.132455945014953613e-01 -9.589662551879882812e+00 -5.315950870513916016e+00 -2.339935779571533203e+00 -3.080636262893676758e+00 4.740083217620849609e+00 1.027824497222900391e+01 6.885996341705322266e+00 -5.820257663726806641e+00 -1.110923647880554199e+00 -1.774269223213195801e+00 3.750052928924560547e+00 -2.585959672927856445e+00 -9.038654327392578125e+00 -5.769122838973999023e-01
1.943937182426452637e+00 -4.590382099151611328e+00 -6.829204082489013672e+00 -2.320341110229492188e+00 -1.489737629890441895e+00 9.827242851257324219e+00 1.068642330169677734e+01 6.303987026214599609e+00 -1.678631544113159180e+00 4.712880611419677734e+00 -5.667101144790649414e-01 7.459825515747070312e+00 -3.811511039733886719e+00 -3.896886825561523438e+00 -4.168089628219604492e-01
1.136525154113769531e+00 -3.582052707672119141e+00 -4.431778430938720703e+00 -1.528854846954345703e+00 -1.620814919471740723e+00 1.165175437927246094e+01 1.054124259948730469e+01 5.623342514038085938e+00 -1.395943760871887207e+00 3.679880380630493164e+00 1.080404035747051239e-02 6.696990013122558594e+00 -3.679803371429443359e+00 -3.539983987808227539e+00 -5.547024011611938477e-01
3.519104242324829102e+00 -6.059010982513427734e+00 -1.942663192749023438e+00 -4.142172813415527344e+00 -8.151296615600585938e+00 6.982837200164794922e+00 4.399960041046142578e+00 6.850088596343994141e+00 7.112777233123779297e+00 -8.916897773742675781e+00 -1.616296619176864624e-01 6.548554420471191406e+00 7.167594432830810547e+00 -1.746410369873046875e+00 -2.688634634017944336e+00
4.449459910392761230e-01 -6.799224376678466797e+00 -5.173194408416748047e+00 1.675609707832336426e+00 -2.201973438262939453e+00 1.228426551818847656e+01 1.216334629058837891e+01 5.982014179229736328e+00 5.160727024078369141e+00 -2.545886516571044922e+00 -4.522998332977294922e+00 1.067020797729492188e+01 3.050052374601364136e-02 -2.812195539474487305e+00 -2.146951556205749512e-01
5.122451782226562500e-01 -6.997024059295654297e+00 -9.394094467163085938e+00 7.490983605384826660e-02 -6.285105228424072266e+00 9.915112495422363281e+00 1.118594455718994141e+01 9.648526191711425781e+00 3.268750190734863281e+00 -3.361412763595581055e+00 -1.131015300750732422e+00 4.127707004547119141e+00 9.238392114639282227e-01 -5.481009006500244141e+00 -5.362775325775146484e+00
-1.992267251014709473e+00 -6.920587062835693359e+00 -6.543612957000732422e+00 -2.021100997924804688e+00 -2.195631265640258789e+00 1.173465633392333984e+01 6.217021942138671875e+00 4.315618038177490234e+00 -4.621084213256835938e+00 -9.891635775566101074e-01 4.413207054138183594e+00 3.809661626815795898e+00 1.381937265396118164e+00 -6.847809791564941406e+00 -1.084834575653076172e+00
2.903375148773193359e+00 -5.479715824127197266e+00 -1.968353748321533203e+00 -3.611523628234863281e+00 -7.517189979553222656e+00 1.082097721099853516e+01 5.550777912139892578e+00 8.313862800598144531e+00 8.984091758728027344e+00 -1.060043907165527344e+01 9.347139298915863037e-02 6.047738075256347656e+00 6.901020526885986328e+00 -1.811250329017639160e+00 -2.106820821762084961e+00
3.519663810729980469e+00 -2.523970365524291992e+00 -4.175509929656982422e+00 -2.337204456329345703e+00 -2.968017816543579102e+00 1.281723117828369141e+01 2.665742874145507812e+00 7.090682983398437500e+00 2.606271505355834961e+00 1.740038841962814331e-01 2.841899156570434570e+00 8.344951272010803223e-01 4.982471942901611328e+00 -7.780754566192626953e+00 -1.628132581710815430e+00
5.165540695190429688e+00 -6.663162708282470703e+00 -2.765781164169311523e+00 -3.437355041503906250e+00 -2.971364736557006836e+00 1.044922447204589844e+01 5.812931060791015625e+00 3.758378744125366211e+00 -5.112956762313842773e-01 -7.252956867218017578e+00 -3.682060718536376953e+00 3.979257822036743164e+00 2.159563064575195312e+00 -9.832454681396484375e+00 -1.934045910835266113e+00
-1.023863315582275391e+00 -5.764212131500244141e+00 -5.390824794769287109e+00 -1.497675538063049316e+00 -2.073527574539184570e+00 1.083987522125244141e+01 4.591251373291015625e+00 3.848722696304321289e+00 -3.134369611740112305e+00 -1.113870263099670410e+00 4.463935375213623047e+00 3.931099414825439453e+00 4.693685770034790039e-01 -7.497910976409912109e+00 -8.160086870193481445e-01
3.262579441070556641e+00 -1.054735279083251953e+01 3.228043615818023682e-01 -1.037120223045349121e+00 -1.723344564437866211e+00 1.360573768615722656e+01 1.254113960266113281e+01 2.104874253273010254e-01 2.948788642883300781e+00 -6.902055740356445312e+00 -6.972623348236083984e+00 3.987436056137084961e+00 2.920193672180175781e+00 -3.636388540267944336e+00 -2.017368555068969727e+00
2.717580318450927734e+00 -4.792689800262451172e+00 -2.208816528320312500e+00 -3.015589237213134766e+00 -6.279129981994628906e+00 6.274754047393798828e+00 6.542106628417968750e+00 7.201445579528808594e+00 8.218782424926757812e+00 -1.128190803527832031e+01 -4.904895722866058350e-01 7.133340358734130859e+00 6.830336093902587891e+00 -1.061061620712280273e+00 -2.478748559951782227e+00
3.448503494262695312e+00 -6.176218032836914062e+00 -1.831181526184082031e+00 -4.014501571655273438e+00 -7.907073974609375000e+00 7.326081752777099609e+00 6.066295623779296875e+00 5.300378322601318359e+00 6.236079692840576172e+00 -9.847285270690917969e+00 -9.892107546329498291e-02 6.700504302978515625e+00 7.086795330047607422e+00 -1.106213450431823730e+00 -2.823351144790649414e+00
3.610374689102172852e+00 -9.757184982299804688e+00 -5.181289315223693848e-01 -8.887780904769897461e-01 -2.317054033279418945e+00 1.218893146514892578e+01 1.231058120727539062e+01 -2.761460244655609131e-01 1.884036421775817871e+00 -6.852746486663818359e+00 -7.456726551055908203e+00 4.184676170349121094e+00 2.215721368789672852e+00 -3.637686729431152344e+00 -1.802413463592529297e+00
2.720261812210083008e+00 -5.245151996612548828e+00 -2.274872779846191406e+00 -2.740895509719848633e+00 -6.483310222625732422e+00 7.108535289764404297e+00 4.670460700988769531e+00 6.687658309936523438e+00 7.572237491607666016e+00 -9.563400268554687500e+00 -6.900117397308349609e-01 6.682569503784179688e+00 6.289351463317871094e+00 -3.659693002700805664e-01 -3.453387260437011719e+00
1.517006158828735352e+00 -6.376139640808105469e+00 -8.753487586975097656e+00 -3.273226499557495117e+00 -1.775606989860534668e+00 8.439422607421875000e+00 8.937451362609863281e+00 4.246619701385498047e+00 -2.172377109527587891e+00 3.352021694183349609e+00 -3.120388090610504150e-01 7.036070823669433594e+00 -3.608894824981689453e+00 -4.426885604858398438e+00 -3.499882221221923828e-01
-2.002521038055419922e+00 -7.139109611511230469e+00 -6.493802547454833984e+00 -2.660704851150512695e+00 -2.346901655197143555e+00 1.110673999786376953e+01 5.532253265380859375e+00 4.689976215362548828e+00 -2.470889329910278320e+00 -1.255433082580566406e+00 4.081783771514892578e+00 4.347540855407714844e+00 1.082177519798278809e+00 -7.936276912689208984e+00 -7.305160760879516602e-01
5.818325281143188477e-01 -4.752896308898925781e+00 -6.229717731475830078e+00 -2.297493815422058105e-01 -4.309654235839843750e+00 9.622313499450683594e+00 8.984729766845703125e+00 9.524487495422363281e+00 1.454592347145080566e+00 -2.306456089019775391e+00 -1.415584921836853027e+00 5.320495605468750000e+00 1.366286158561706543e+00 -6.448432445526123047e+00 -5.930594921112060547e+00
-1.634499311447143555e+00 -6.140703201293945312e+00 -5.835762977600097656e+00 -2.151101589202880859e+00 -2.005486488342285156e+00 1.063648891448974609e+01 6.184192657470703125e+00 4.124463558197021484e+00 -2.758492469787597656e+00 -1.368764400482177734e+00 4.306049346923828125e+00 3.506377458572387695e+00 7.910844087600708008e-01 -6.974173069000244141e+00 -7.183119058609008789e-01
3.283394098281860352e+00 -5.803235530853271484e+00 -1.947729825973510742e+00 -3.584662914276123047e+00 -7.385660171508789062e+00 7.565440654754638672e+00 6.510353565216064453e+00 6.134550094604492188e+00 5.671631813049316406e+00 -9.294809341430664062e+00 5.874080955982208252e-02 6.600512027740478516e+00 6.626518726348876953e+00 -1.957842350006103516e+00 -2.761501073837280273e+00
2.869517087936401367e+00 -7.663057327270507812e+00 -1.542577028274536133e+00 -3.617592751979827881e-01 -2.046816825866699219e+00 1.272256565093994141e+01 1.194310092926025391e+01 1.108453035354614258e+00 3.146249294281005859e+00 -6.350790023803710938e+00 -7.646562576293945312e+00 4.049427986145019531e+00 1.531898021697998047e+00 -3.951612710952758789e+00 -1.658812522888183594e+00
4.530741572380065918e-01 -6.665839195251464844e+00 -9.885201454162597656e+00 3.330215811729431152e-01 -7.279153823852539062e+00 8.563218116760253906e+00 8.895379066467285156e+00 9.635060310363769531e+00 2.528981685638427734e+00 -3.413988113403320312e+00 -4.991125464439392090e-01 5.462878227233886719e+00 9.602010250091552734e-01 -6.514492511749267578e+00 -6.022579193115234375e+00
3.407903432846069336e+00 -6.120128154754638672e+00 -1.221342682838439941e+00 -3.962999582290649414e+00 -8.608600616455078125e+00 7.488807201385498047e+00 4.876783370971679688e+00 8.414484977722167969e+00 6.553850173950195312e+00 -7.971689701080322266e+00 1.270043700933456421e-01 6.317923545837402344e+00 6.719731807708740234e+00 -1.403228759765625000e+00 -2.688982486724853516e+00
4.837864398956298828e+00 -3.337118864059448242e+00 -7.025774478912353516e+00 2.125044822692871094e+00 -8.400182127952575684e-01 6.876879215240478516e+00 1.198238849639892578e+01 9.225035667419433594e+00 8.309474945068359375e+00 -1.731753945350646973e+00 -4.005295753479003906e+00 3.713819026947021484e+00 4.744236469268798828e+00 -5.023616313934326172e+00 2.765804767608642578e+00
2.236518859863281250e+00 -3.959622859954833984e+00 -2.404734134674072266e+00 -2.357116222381591797e+00 -5.015584468841552734e+00 7.930411815643310547e+00 5.595386028289794922e+00 5.879259586334228516e+00 7.206117153167724609e+00 -1.011162567138671875e+01 -1.742420941591262817e-01 5.759839534759521484e+00 6.016452312469482422e+00 -1.634023070335388184e+00 -2.814926862716674805e+00
2.036432266235351562e+00 -5.662830829620361328e+00 -7.952400207519531250e+00 -3.780299425125122070e+00 -1.678737759590148926e+00 1.096418190002441406e+01 9.176400184631347656e+00 4.729969501495361328e+00 -1.490250468254089355e+00 4.225646972656250000e+00 -4.155215322971343994e-01 7.237393379211425781e+00 -3.821691036224365234e+00 -3.539569139480590820e+00 -7.490321993827819824e-01
1.049738526344299316e-01 -7.978581905364990234e+00 -5.825431346893310547e+00 2.035517930984497070e+00 -2.327345132827758789e+00 1.234726715087890625e+01 1.260072040557861328e+01 6.292051792144775391e+00 5.283646106719970703e+00 -1.784909009933471680e+00 -4.035447120666503906e+00 1.002079868316650391e+01 -8.054865151643753052e-02 -2.425680637359619141e+00 -1.780905127525329590e-01
3.991886615753173828e+00 -4.805507183074951172e+00 -2.302593708038330078e+00 -2.480339050292968750e+00 -2.382589578628540039e+00 1.081835269927978516e+01 4.440411090850830078e+00 4.334448337554931641e+00 9.905594587326049805e-01 -8.027360916137695312e+00 -3.362255811691284180e+00 3.041930913925170898e+00 1.976576805114746094e+00 -9.793312072753906250e+00 -1.522031307220458984e+00
3.965219974517822266e+00 -3.091788530349731445e+00 -5.535852432250976562e+00 1.340269565582275391e+00 -1.174851894378662109e+00 6.579379558563232422e+00 1.027747821807861328e+01 7.417993545532226562e+00 7.355357646942138672e+00 -2.103558778762817383e+00 -3.598946094512939453e+00 3.505015134811401367e+00 4.671149730682373047e+00 -5.611521244049072266e+00 3.231289148330688477e+00
-2.396928071975708008e-01 -5.128852367401123047e+00 -4.862883090972900391e+00 -1.013200283050537109e+00 -1.939189553260803223e+00 1.044146442413330078e+01 3.963806867599487305e+00 3.303664922714233398e+00 -3.030342340469360352e+00 -7.995826005935668945e-01 4.298950195312500000e+00 3.876014232635498047e+00 8.953357934951782227e-01 -6.572160243988037109e+00 -9.068155288696289062e-01
2.321987748146057129e-01 -6.249690532684326172e+00 -9.463200569152832031e+00 4.320573508739471436e-01 -6.732039451599121094e+00 7.720258235931396484e+00 8.550400733947753906e+00 9.429937362670898438e+00 1.129510283470153809e+00 -2.103613376617431641e+00 -4.501997530460357666e-01 4.842574596405029297e+00 1.086548089981079102e+00 -6.623011112213134766e+00 -6.071092605590820312e+00
-2.828619956970214844e+00 -8.155437469482421875e+00 -7.717287540435791016e+00 -2.707703351974487305e+00 -2.355530261993408203e+00 1.419143962860107422e+01 7.164332866668701172e+00 4.816558361053466797e+00 -1.417903065681457520e+00 -2.525245428085327148e+00 4.571276664733886719e+00 3.642632722854614258e+00 1.168547511100769043e+00 -6.128804683685302734e+00 -6.147338151931762695e-01
1.774354696273803711e+00 -5.419585704803466797e+00 -6.941124916076660156e+00 -3.729204654693603516e+00 -2.129371404647827148e+00 5.158277988433837891e+00 8.065093040466308594e+00 2.859014749526977539e+00 -2.206616163253784180e+00 3.898823499679565430e+00 -1.204703450202941895e+00 7.513152122497558594e+00 -4.196985721588134766e+00 -4.165216922760009766e+00 -1.399540662765502930e+00
5.913110733032226562e+00 -1.815554380416870117e+00 -5.176782608032226562e+00 -4.334692001342773438e+00 -3.719354391098022461e+00 1.315200328826904297e+01 2.221783876419067383e+00 7.497373104095458984e+00 2.748028278350830078e+00 2.960678637027740479e-01 2.794816017150878906e+00 1.108895063400268555e+00 5.867071628570556641e+00 -7.204658031463623047e+00 -1.721088409423828125e+00
3.614179372787475586e+00 -3.076220512390136719e+00 -5.084668159484863281e+00 1.330441951751708984e+00 -8.459074497222900391e-01 7.636925220489501953e+00 1.380443477630615234e+01 9.333172798156738281e+00 7.948315143585205078e+00 -3.082330465316772461e+00 -3.478566884994506836e+00 3.154233694076538086e+00 4.994918346405029297e+00 -5.754761219024658203e+00 2.737008333206176758e+00
4.589783191680908203e+00 -2.663343429565429688e+00 -5.858156681060791016e+00 -2.918323516845703125e+00 -3.567424535751342773e+00 1.227932548522949219e+01 5.881478190422058105e-01 6.371344089508056641e+00 2.272045612335205078e+00 1.695360988378524780e-01 2.722022771835327148e+00 1.307444095611572266e+00 6.101358890533447266e+00 -7.512312412261962891e+00 -1.449817895889282227e+00
2.625958919525146484e+00 -6.305685520172119141e+00 -1.743143081665039062e+00 1.458883285522460938e-02 -2.248305559158325195e+00 1.374262714385986328e+01 1.321223163604736328e+01 1.380505800247192383e+00 4.354617118835449219e+00 -8.665140151977539062e+00 -7.129727363586425781e+00 4.282844543457031250e+00 2.720184326171875000e+00 -3.810411691665649414e+00 -2.409723758697509766e+00
4.253357648849487305e-01 -6.332200527191162109e+00 -4.582173824310302734e+00 1.520569443702697754e+00 -1.915605187416076660e+00 1.219559383392333984e+01 1.211128044128417969e+01 6.198293209075927734e+00 6.229781627655029297e+00 -2.337137937545776367e+00 -4.257821083068847656e+00 1.016645812988281250e+01 -4.163399934768676758e-01 -2.486362218856811523e+00 -3.744550645351409912e-01
1.401423692703247070e+00 -3.544438362121582031e+00 -4.619183063507080078e+00 -1.253491044044494629e+00 -1.720057368278503418e+00 8.992153167724609375e+00 9.459646224975585938e+00 5.101576805114746094e+00 -3.039567708969116211e+00 5.206664085388183594e+00 -6.523141264915466309e-01 7.690437793731689453e+00 -4.050208091735839844e+00 -3.775701045989990234e+00 -1.113131642341613770e+00
3.500789403915405273e+00 -1.098070716857910156e+01 -1.237628143280744553e-02 -6.742251515388488770e-01 -1.868760943412780762e+00 1.337675952911376953e+01 1.157130146026611328e+01 9.224936366081237793e-01 2.856483936309814453e+00 -7.003107070922851562e+00 -6.961088180541992188e+00 3.720653295516967773e+00 2.504475593566894531e+00 -3.197071790695190430e+00 -1.628432512283325195e+00
3.480867147445678711e+00 -9.696162223815917969e+00 -1.314755439758300781e+00 -7.404232025146484375e-01 -2.419816732406616211e+00 1.365703201293945312e+01 1.121225643157958984e+01 3.432208895683288574e-01 4.322811603546142578e+00 -7.578180313110351562e+00 -7.312148094177246094e+00 4.510988712310791016e+00 3.004425287246704102e+00 -3.825597047805786133e+00 -1.964067459106445312e+00
2.504324674606323242e+00 -7.244783878326416016e+00 -8.448900580406188965e-01 -5.808905959129333496e-01 -1.837018370628356934e+00 1.339233875274658203e+01 1.348765277862548828e+01 3.894821107387542725e-01 2.675100803375244141e+00 -5.597486972808837891e+00 -7.062829017639160156e+00 4.071269989013671875e+00 2.336288928985595703e+00 -3.783096075057983398e+00 -1.706466913223266602e+00
-2.028741240501403809e-01 -1.098563957214355469e+01 -6.458038806915283203e+00 3.740576982498168945e+00 -2.564535379409790039e+00 1.313075351715087891e+01 1.186127376556396484e+01 5.886974334716796875e+00 5.595579624176025391e+00 -2.933999776840209961e+00 -3.443660259246826172e+00 9.737409591674804688e+00 -3.765810281038284302e-02 -2.510883092880249023e+00 -2.341282367706298828e-01
2.712169647216796875e+00 -4.521387577056884766e+00 -1.985463619232177734e+00 -2.761324405670166016e+00 -6.045513629913330078e+00 7.365854263305664062e+00 6.034915447235107422e+00 7.278030872344970703e+00 6.667404174804687500e+00 -9.406702995300292969e+00 -4.927062988281250000e-01 6.548433303833007812e+00 7.053462505340576172e+00 -1.779635548591613770e+00 -2.621143579483032227e+00
9.728549718856811523e-01 -5.657423496246337891e+00 -3.956584930419921875e+00 -1.037142634391784668e+00 -2.179614305496215820e+00 5.799880981445312500e+00 1.013423824310302734e+01 6.795621871948242188e+00 -5.878981113433837891e+00 -1.866560697555541992e+00 -1.700734734535217285e+00 5.093149185180664062e+00 -2.672578573226928711e+00 -1.029203414916992188e+01 -8.331877589225769043e-01
5.199926376342773438e+00 -2.943063735961914062e+00 -6.646457195281982422e+00 1.672944307327270508e+00 -1.114550232887268066e+00 5.930051803588867188e+00 1.332269859313964844e+01 8.859874725341796875e+00 6.222817420959472656e+00 -2.065222024917602539e+00 -3.520196914672851562e+00 3.832511425018310547e+00 5.801624774932861328e+00 -5.475923061370849609e+00 2.570506572723388672e+00
3.238365650177001953e+00 -6.021893024444580078e+00 -2.417063713073730469e+00 -3.575946331024169922e+00 -7.087149143218994141e+00 5.808351039886474609e+00 5.730143070220947266e+00 6.979588031768798828e+00 6.383290290832519531e+00 -8.594144821166992188e+00 -2.928443849086761475e-01 6.245918750762939453e+00 6.606896877288818359e+00 -1.351657390594482422e+00 -2.723763704299926758e+00
1.328918457031250000e+00 -5.760257720947265625e+00 -3.931586980819702148e+00 -1.473839163780212402e+00 -2.458030939102172852e+00 4.552963733673095703e+00 9.874316215515136719e+00 6.584946155548095703e+00 -6.178126811981201172e+00 -1.593042016029357910e+00 -1.647039175033569336e+00 5.307755947113037109e+00 -2.996196031570434570e+00 -1.041440773010253906e+01 -8.245914578437805176e-01
4.629274845123291016e+00 -3.671429634094238281e+00 -6.711682796478271484e+00 2.043042659759521484e+00 -1.137206315994262695e+00 8.500591278076171875e+00 1.290059947967529297e+01 9.920303344726562500e+00 8.463147163391113281e+00 -1.722924351692199707e+00 -3.946941375732421875e+00 3.694492578506469727e+00 5.716233730316162109e+00 -5.385467052459716797e+00 3.011080980300903320e+00
2.276420116424560547e+00 -7.206772327423095703e+00 -1.000682544708251953e+01 -5.541042804718017578e+00 -1.758880496025085449e+00 1.057127475738525391e+01 9.453092575073242188e+00 4.454450130462646484e+00 -1.255687952041625977e+00 3.600311994552612305e+00 -6.370227336883544922e-01 7.809143066406250000e+00 -4.040499210357666016e+00 -4.289557456970214844e+00 -7.325662970542907715e-01
4.150913715362548828e+00 -3.563330650329589844e+00 -6.280547618865966797e+00 1.074899077415466309e+00 -1.704374432563781738e+00 5.651945590972900391e+00 1.203210544586181641e+01 9.213554382324218750e+00 6.956549167633056641e+00 -2.730713605880737305e+00 -3.883978366851806641e+00 3.405512094497680664e+00 5.535717010498046875e+00 -5.523062705993652344e+00 3.034891128540039062e+00
7.044826507568359375e+00 -1.514391183853149414e+00 -5.662597179412841797e+00 -5.816160678863525391e+00 -3.873643159866333008e+00 1.456393718719482422e+01 3.095338821411132812e+00 8.298959732055664062e+00 2.827642440795898438e+00 8.255151510238647461e-01 2.624404430389404297e+00 9.892023205757141113e-01 5.632212638854980469e+00 -6.473928928375244141e+00 -1.945837974548339844e+00
8.121459007263183594e+00 -1.048152351379394531e+01 -2.669055700302124023e+00 -6.295310020446777344e+00 -3.667361021041870117e+00 8.700969696044921875e+00 3.050414800643920898e+00 4.334216594696044922e+00 -5.321711897850036621e-01 -6.975150585174560547e+00 -3.792574644088745117e+00 3.589425802230834961e+00 1.598027467727661133e+00 -9.723009109497070312e+00 -1.726125717163085938e+00
