-2.328511953353881836e+00 -5.103221535682678223e-01 -1.735677838325500488e+00 -2.951705694198608398e+00 5.814631938934326172e+00 2.159740924835205078e+00 8.977954864501953125e+00 2.729489088058471680e+00 4.009734630584716797e+00 -1.040788650512695312e+01 -7.304665088653564453e+00 -6.776545524597167969e+00 4.090446949005126953e+00 4.177227497100830078e+00 -3.510113954544067383e+00
-2.752063751220703125e+00 1.257412135601043701e-01 4.899850368499755859e+00 -2.222311019897460938e+00 4.688312530517578125e+00 -3.001868426799774170e-01 2.539202690124511719e+00 3.810501337051391602e+00 -1.419323086738586426e+00 -1.498933124542236328e+01 -4.253835678100585938e+00 -1.366714954376220703e+00 5.419250726699829102e-01 -2.909051179885864258e+00 -5.845909595489501953e+00
-1.218617796897888184e+00 -1.402809143066406250e+00 1.588561177253723145e+00 -2.351736068725585938e+00 3.196890354156494141e+00 2.391394853591918945e+00 6.467963695526123047e+00 8.085716247558593750e+00 3.077237606048583984e+00 -1.341486644744873047e+01 -9.396971702575683594e+00 -2.885353803634643555e+00 1.542328715324401855e+00 3.522924900054931641e+00 1.653473615646362305e+00
-1.841090679168701172e+00 1.295016109943389893e-01 1.565927863121032715e+00 -4.952838420867919922e+00 3.082048892974853516e+00 5.479523658752441406e+00 3.408879280090332031e+00 5.832663536071777344e+00 1.985146880149841309e+00 -1.494842815399169922e+01 -8.667622566223144531e+00 -2.619459867477416992e+00 5.007354736328125000e+00 -1.511819362640380859e+00 -2.290877342224121094e+00
-2.711954593658447266e+00 -3.209179639816284180e-02 6.481565952301025391e+00 -3.015061140060424805e+00 5.348493099212646484e+00 -1.835743933916091919e-01 3.207730054855346680e+00 4.120038986206054688e+00 -1.034584045410156250e+00 -1.546904277801513672e+01 -4.167078018188476562e+00 -4.883843898773193359e+00 1.970546483993530273e+00 -4.133042812347412109e+00 -4.430632591247558594e+00
-2.699915170669555664e+00 1.453877985477447510e-01 3.075253009796142578e+00 -2.205828189849853516e+00 3.734699726104736328e+00 -1.190654784440994263e-01 1.736186146736145020e+00 3.939764738082885742e+00 -1.217233538627624512e+00 -1.390656471252441406e+01 -4.685286998748779297e+00 -5.235631942749023438e+00 1.622271180152893066e+00 -3.284363031387329102e+00 -4.478287220001220703e+00
-1.002639889717102051e+00 -1.780360698699951172e+00 1.540801882743835449e+00 -2.544276714324951172e+00 3.116869211196899414e+00 2.798945665359497070e+00 4.612135410308837891e+00 7.796945095062255859e+00 2.820498466491699219e+00 -1.108583450317382812e+01 -9.947523117065429688e+00 -2.508766174316406250e+00 1.216016650199890137e+00 3.172503232955932617e+00 2.364699602127075195e+00
-1.360619664192199707e+00 -1.544658184051513672e+00 1.383910059928894043e+00 -2.473122119903564453e+00 2.997079372406005859e+00 3.263154983520507812e+00 5.503757953643798828e+00 7.439073085784912109e+00 3.888225317001342773e+00 -1.204793453216552734e+01 -9.592352867126464844e+00 -2.556639671325683594e+00 1.420087099075317383e+00 3.338415861129760742e+00 1.410791873931884766e+00
-1.680039644241333008e+00 -2.435669600963592529e-01 5.680363178253173828e-01 -4.699196338653564453e+00 2.438563346862792969e+00 4.534502506256103516e+00 2.981385469436645508e+00 4.735075950622558594e+00 1.086651802062988281e+00 -1.342183780670166016e+01 -8.612397193908691406e+00 -4.321057319641113281e+00 4.899218082427978516e+00 -1.844748377799987793e+00 -1.496430039405822754e+00
-2.029551744461059570e+00 -1.200794875621795654e-01 3.141241073608398438e+00 -1.566159009933471680e+00 3.443885564804077148e+00 -2.928538993000984192e-02 3.381454229354858398e+00 4.170682907104492188e+00 -9.318458437919616699e-01 -1.473000621795654297e+01 -4.268022060394287109e+00 -4.340930461883544922e+00 1.969550967216491699e+00 -3.366356134414672852e+00 -4.986744880676269531e+00
-1.878890991210937500e+00 -3.015435636043548584e-01 -2.916531562805175781e-01 -1.920951008796691895e+00 3.391199350357055664e+00 1.985583782196044922e+00 8.486117362976074219e+00 2.886189222335815430e+00 4.184547901153564453e+00 -1.187722682952880859e+01 -8.066293716430664062e+00 -6.914737224578857422e+00 4.802069664001464844e+00 4.847167015075683594e+00 -3.653139829635620117e+00
-1.882081151008605957e+00 -2.132848799228668213e-01 -5.882623195648193359e-01 -2.006612539291381836e+00 3.979633569717407227e+00 2.670325040817260742e+00 8.497931480407714844e+00 2.639542579650878906e+00 3.918678998947143555e+00 -9.533049583435058594e+00 -8.778115272521972656e+00 -8.047853469848632812e+00 3.045755863189697266e+00 4.669559478759765625e+00 -2.742206096649169922e+00
-9.265046715736389160e-01 -2.346129417419433594e+00 1.783903717994689941e+00 -2.742360353469848633e+00 3.389774322509765625e+00 1.854910135269165039e+00 5.094318866729736328e+00 7.724336624145507812e+00 3.318356037139892578e+00 -1.462936973571777344e+01 -9.023100852966308594e+00 -4.331142902374267578e+00 9.124284982681274414e-01 3.452541112899780273e+00 2.419668197631835938e+00
-2.639769315719604492e+00 8.195754885673522949e-02 4.722621917724609375e+00 -2.210309505462646484e+00 4.041323184967041016e+00 7.053689658641815186e-02 1.648329377174377441e+00 4.602975368499755859e+00 -1.228339552879333496e+00 -1.528821754455566406e+01 -4.220309734344482422e+00 -4.611021041870117188e+00 2.569934129714965820e+00 -3.427942037582397461e+00 -4.800118923187255859e+00
-1.558295369148254395e+00 -5.598500370979309082e-01 5.303332805633544922e-01 -7.994772434234619141e+00 3.082780838012695312e+00 4.400093555450439453e+00 2.733495950698852539e+00 3.982297182083129883e+00 5.342087149620056152e-01 -1.218904018402099609e+01 -7.836015701293945312e+00 -2.624352455139160156e+00 6.816305637359619141e+00 -1.652796030044555664e+00 -3.141776800155639648e+00
-2.051799058914184570e+00 2.741223275661468506e-01 3.592810392379760742e+00 -1.811269521713256836e+00 3.432618856430053711e+00 -2.441603690385818481e-01 1.621011137962341309e+00 4.205446243286132812e+00 -1.367552518844604492e+00 -1.577954101562500000e+01 -5.164229869842529297e+00 -5.224801063537597656e+00 1.215862751007080078e+00 -3.605281591415405273e+00 -4.977099895477294922e+00
1.666212454438209534e-02 -4.004838466644287109e+00 2.597515583038330078e+00 -3.952888727188110352e+00 4.123733997344970703e+00 2.653960943222045898e+00 4.593693733215332031e+00 7.396439075469970703e+00 2.476001501083374023e+00 -1.158985996246337891e+01 -9.493366241455078125e+00 -4.516002178192138672e+00 1.394836187362670898e+00 4.433291912078857422e+00 1.395506143569946289e+00
-2.443625211715698242e+00 3.588751554489135742e-01 4.799580097198486328e+00 -2.123963117599487305e+00 4.219244003295898438e+00 8.944981694221496582e-01 2.235747575759887695e+00 4.734769821166992188e+00 -5.334253311157226562e-01 -1.562506198883056641e+01 -4.403739929199218750e+00 -5.592572689056396484e+00 2.317971229553222656e+00 -3.877233266830444336e+00 -4.505263805389404297e+00
-2.339682340621948242e+00 1.243427097797393799e-01 3.392119646072387695e+00 -2.086853504180908203e+00 3.292660713195800781e+00 -5.700003504753112793e-01 1.179354071617126465e+00 3.776836633682250977e+00 -1.501479148864746094e+00 -1.348897647857666016e+01 -5.230941772460937500e+00 -4.637507438659667969e+00 2.012251853942871094e+00 -3.536364793777465820e+00 -6.286118984222412109e+00
-1.779766917228698730e+00 2.546548843383789062e-02 5.324969768524169922e+00 -1.745817184448242188e+00 4.121387004852294922e+00 3.074262440204620361e-01 2.590430021286010742e+00 4.915470123291015625e+00 -9.731368422508239746e-01 -1.545406532287597656e+01 -5.101088047027587891e+00 -6.317647457122802734e+00 1.477092146873474121e+00 -3.972881793975830078e+00 -4.304691314697265625e+00
-2.353274822235107422e+00 -3.365952670574188232e-01 -1.035077691078186035e+00 -2.688797235488891602e+00 4.915071487426757812e+00 2.171386957168579102e+00 7.726068973541259766e+00 2.677221298217773438e+00 3.973030328750610352e+00 -9.136201858520507812e+00 -8.097960472106933594e+00 -7.671779155731201172e+00 2.527447462081909180e+00 3.598952531814575195e+00 -3.214740514755249023e+00
-2.038816928863525391e+00 -4.278486669063568115e-01 -1.900947451591491699e+00 -2.784052610397338867e+00 5.063582897186279297e+00 1.259790182113647461e+00 8.291575431823730469e+00 1.833226919174194336e+00 3.399477005004882812e+00 -9.522192001342773438e+00 -8.069477081298828125e+00 -6.778378963470458984e+00 3.930679082870483398e+00 4.436280727386474609e+00 -3.743195056915283203e+00
-4.045122146606445312e+00 -4.522655010223388672e+00 1.966172456741333008e-01 -2.470277070999145508e+00 1.288182020187377930e+00 -1.959332227706909180e+00 6.187252521514892578e+00 1.030561923980712891e+00 -3.758243471384048462e-02 -1.878755760192871094e+01 -6.777797222137451172e+00 3.665919005870819092e-01 -3.569880247116088867e+00 1.558347940444946289e-01 1.516007423400878906e+00
-1.004988431930541992e+00 -2.057926654815673828e+00 1.767373442649841309e+00 -2.723917961120605469e+00 3.497652292251586914e+00 2.569118261337280273e+00 4.696312904357910156e+00 7.561523437500000000e+00 2.726797103881835938e+00 -1.170357799530029297e+01 -9.447647094726562500e+00 -3.768321752548217773e+00 1.210790276527404785e+00 3.281354188919067383e+00 1.628380060195922852e+00
-2.121663093566894531e+00 3.419989347457885742e-02 5.247577190399169922e+00 -2.128295183181762695e+00 4.686460971832275391e+00 -4.119417369365692139e-01 2.414708375930786133e+00 3.948332071304321289e+00 -1.884142160415649414e+00 -1.649653434753417969e+01 -3.935517311096191406e+00 -3.071365833282470703e+00 1.847652792930603027e+00 -3.779968023300170898e+00 -5.334530353546142578e+00
-2.129236936569213867e+00 3.487390875816345215e-01 7.747512817382812500e+00 -2.733640193939208984e+00 5.613022327423095703e+00 3.925149738788604736e-01 1.500540733337402344e+00 4.423753738403320312e+00 -8.567414879798889160e-01 -1.499411773681640625e+01 -3.819958209991455078e+00 -3.898365497589111328e+00 1.703778147697448730e+00 -4.245445251464843750e+00 -5.278895378112792969e+00
-5.249371528625488281e+00 -6.990877151489257812e+00 2.664495706558227539e-01 -2.940623521804809570e+00 1.169416785240173340e+00 -1.569723844528198242e+00 6.342866420745849609e+00 7.040188908576965332e-01 3.807401359081268311e-01 -1.741235923767089844e+01 -8.353762626647949219e+00 -5.950901508331298828e-01 -3.029799699783325195e+00 -3.548285961151123047e-01 2.974367141723632812e+00
-4.529120028018951416e-01 -2.318253755569458008e+00 1.778845667839050293e+00 -2.832034349441528320e+00 3.452179431915283203e+00 3.109596490859985352e+00 5.721761226654052734e+00 7.309697151184082031e+00 3.333826065063476562e+00 -1.221089935302734375e+01 -9.820192337036132812e+00 -4.479258060455322266e+00 1.370638251304626465e+00 4.112055301666259766e+00 1.388280630111694336e+00
-3.941358566284179688e+00 -4.479952812194824219e+00 6.760107725858688354e-02 -2.282523870468139648e+00 1.034752964973449707e+00 -6.217414736747741699e-01 6.243683815002441406e+00 1.846250295639038086e+00 1.021894454956054688e+00 -1.935667610168457031e+01 -8.543751716613769531e+00 -1.248076915740966797e+00 -2.520479440689086914e+00 -8.686887025833129883e-01 2.884109973907470703e+00
-2.022359132766723633e+00 -8.501114845275878906e-01 1.416324734687805176e+00 -2.319561243057250977e+00 2.967658758163452148e+00 1.802423715591430664e+00 5.124347686767578125e+00 7.095482826232910156e+00 3.004309654235839844e+00 -1.149634265899658203e+01 -9.338602066040039062e+00 -2.725268840789794922e+00 1.274009108543395996e+00 4.161460399627685547e+00 1.634284019470214844e+00
-2.616376876831054688e+00 -5.212801098823547363e-01 -7.254909276962280273e-01 -2.479093790054321289e+00 4.496945858001708984e+00 1.600212335586547852e+00 9.086657524108886719e+00 2.020612478256225586e+00 3.330677986145019531e+00 -9.803963661193847656e+00 -7.795621395111083984e+00 -7.881690979003906250e+00 3.244751214981079102e+00 4.986088752746582031e+00 -3.667852878570556641e+00
-1.341580390930175781e+00 -1.923806667327880859e+00 1.865530610084533691e+00 -2.953326463699340820e+00 3.838706970214843750e+00 2.883574247360229492e+00 6.137674808502197266e+00 7.576078891754150391e+00 3.437939167022705078e+00 -1.367194175720214844e+01 -9.459793090820312500e+00 -4.791319847106933594e+00 1.241898894309997559e+00 2.448685884475708008e+00 2.492666721343994141e+00
-9.420646429061889648e-01 8.308258652687072754e-02 4.484735727310180664e-01 -6.570239543914794922e+00 2.984219551086425781e+00 4.735531330108642578e+00 2.004088401794433594e+00 4.299843311309814453e+00 6.953878998756408691e-01 -1.025920391082763672e+01 -8.251305580139160156e+00 -3.878339767456054688e+00 4.955257415771484375e+00 -1.371499061584472656e+00 -1.780046701431274414e+00
-1.457658529281616211e+00 -2.168855369091033936e-01 3.481006622314453125e-01 -5.394193172454833984e+00 2.375135660171508789e+00 4.818543910980224609e+00 1.771124124526977539e+00 5.480805397033691406e+00 1.310303807258605957e+00 -1.287883281707763672e+01 -8.020831108093261719e+00 -2.795626878738403320e+00 4.114147186279296875e+00 -1.466061115264892578e+00 -2.286308050155639648e+00
-2.198507547378540039e+00 -4.089894890785217285e-02 6.022774696350097656e+00 -2.377043724060058594e+00 4.933495044708251953e+00 -5.507656931877136230e-01 2.696321010589599609e+00 4.046206474304199219e+00 -1.426019549369812012e+00 -1.544310379028320312e+01 -4.645372390747070312e+00 -3.822694301605224609e+00 2.304604768753051758e+00 -3.098401546478271484e+00 -5.771046161651611328e+00
-2.602283000946044922e+00 6.119874119758605957e-02 2.769544124603271484e+00 -2.139297485351562500e+00 3.413886308670043945e+00 -4.755322635173797607e-01 1.258533358573913574e+00 3.839898586273193359e+00 -1.440412282943725586e+00 -1.543343639373779297e+01 -5.321656227111816406e+00 -4.354276657104492188e+00 1.419455409049987793e+00 -3.630209684371948242e+00 -4.405276298522949219e+00
-2.023212909698486328e+00 -3.102286756038665771e-01 -1.223442435264587402e+00 -2.417280197143554688e+00 4.961759090423583984e+00 2.092433691024780273e+00 8.187088966369628906e+00 1.606064558029174805e+00 4.033394813537597656e+00 -1.020882320404052734e+01 -8.635042190551757812e+00 -7.490033626556396484e+00 3.549187421798706055e+00 4.220910072326660156e+00 -3.162372589111328125e+00
-8.328198194503784180e-01 -2.676533699035644531e+00 2.071763515472412109e+00 -3.551787376403808594e+00 3.949919939041137695e+00 3.167263269424438477e+00 5.428138732910156250e+00 7.749534130096435547e+00 3.282990932464599609e+00 -1.187152194976806641e+01 -9.578117370605468750e+00 -2.765449762344360352e+00 1.207617640495300293e+00 3.197532653808593750e+00 2.196372032165527344e+00
1.164293050765991211e+00 -5.917340755462646484e+00 3.308969497680664062e+00 -5.113075733184814453e+00 5.166975975036621094e+00 3.104323625564575195e+00 5.442779064178466797e+00 7.717447280883789062e+00 2.648497819900512695e+00 -1.024094772338867188e+01 -9.330259323120117188e+00 -5.081188201904296875e+00 1.056182384490966797e+00 3.516513586044311523e+00 2.023083448410034180e+00
-2.191144704818725586e+00 -3.848361670970916748e-01 -1.789535284042358398e+00 -2.767218112945556641e+00 5.784442901611328125e+00 2.308613777160644531e+00 8.965535163879394531e+00 2.779975175857543945e+00 3.740303039550781250e+00 -1.038946914672851562e+01 -7.707776546478271484e+00 -6.749135494232177734e+00 1.731763243675231934e+00 4.121778011322021484e+00 -3.700740814208984375e+00
-4.180104255676269531e+00 -4.193572521209716797e+00 4.050527811050415039e-01 -2.482419729232788086e+00 1.596891283988952637e+00 -2.148274183273315430e+00 6.279967308044433594e+00 6.486421227455139160e-01 3.621399104595184326e-01 -1.770100021362304688e+01 -7.348963737487792969e+00 -2.408859133720397949e-01 -3.713742494583129883e+00 -1.101438522338867188e+00 1.707817316055297852e+00
-2.955659866333007812e+00 1.126127541065216064e-01 4.240839004516601562e+00 -2.745785474777221680e+00 4.363642692565917969e+00 -1.636282950639724731e-01 2.560404539108276367e+00 4.769323825836181641e+00 -1.388152837753295898e+00 -1.546540641784667969e+01 -4.497252941131591797e+00 -4.741031169891357422e+00 1.578613162040710449e+00 -3.552060127258300781e+00 -4.438408374786376953e+00
-1.662110328674316406e+00 -7.023856043815612793e-02 6.346948146820068359e-01 -5.171928405761718750e+00 2.409188747406005859e+00 5.363153934478759766e+00 3.270261764526367188e+00 4.806033134460449219e+00 1.336302638053894043e+00 -1.065860843658447266e+01 -7.550611019134521484e+00 -3.592645168304443359e+00 4.444370746612548828e+00 -2.306439876556396484e+00 -1.987789869308471680e+00
-1.645635604858398438e+00 1.107611954212188721e-01 9.090839624404907227e-01 -3.966597795486450195e+00 2.714808940887451172e+00 3.936837911605834961e+00 1.505778908729553223e+00 4.249213218688964844e+00 7.068551182746887207e-01 -1.154789447784423828e+01 -8.292961120605468750e+00 -3.611852407455444336e+00 4.941874027252197266e+00 -1.490809917449951172e+00 -1.883551836013793945e+00
-3.296082913875579834e-01 -3.251422643661499023e+00 2.036670207977294922e+00 -3.033529758453369141e+00 3.814583063125610352e+00 2.606339693069458008e+00 4.454825878143310547e+00 7.879221439361572266e+00 2.796239376068115234e+00 -1.166022491455078125e+01 -9.407953262329101562e+00 -4.321958065032958984e+00 1.647899627685546875e+00 3.315147638320922852e+00 1.736061334609985352e+00
-2.353603124618530273e+00 2.842805087566375732e-01 7.011040687561035156e+00 -2.757087469100952148e+00 5.340087413787841797e+00 -1.342684775590896606e-01 2.359039306640625000e+00 4.061378479003906250e+00 -1.218609452247619629e+00 -1.620180702209472656e+01 -4.664962768554687500e+00 -4.055093288421630859e+00 1.460112214088439941e+00 -3.134655237197875977e+00 -5.687824726104736328e+00
-2.808976650238037109e+00 3.406730294227600098e-02 3.666288614273071289e+00 -2.223565816879272461e+00 3.991785049438476562e+00 5.887234807014465332e-01 2.714510679244995117e+00 3.829129934310913086e+00 -9.707013964653015137e-01 -1.468864631652832031e+01 -5.415939807891845703e+00 -6.780432224273681641e+00 3.176787614822387695e+00 -4.260848522186279297e+00 -4.324784278869628906e+00
-1.806768178939819336e+00 2.845290303230285645e-02 7.112194895744323730e-01 -3.063712835311889648e+00 2.365333557128906250e+00 4.760135650634765625e+00 1.297255396842956543e+00 3.828316926956176758e+00 9.720693230628967285e-01 -1.339135360717773438e+01 -7.476364135742187500e+00 -2.845802783966064453e+00 5.484879970550537109e+00 -1.543804883956909180e+00 -2.993783235549926758e+00
-1.938902854919433594e+00 -4.209574759006500244e-01 -8.008396625518798828e-01 -2.149755954742431641e+00 4.422893524169921875e+00 1.908496141433715820e+00 9.005890846252441406e+00 2.343208074569702148e+00 3.713075160980224609e+00 -1.186734867095947266e+01 -8.142121315002441406e+00 -5.864388465881347656e+00 2.785782575607299805e+00 4.462594509124755859e+00 -3.787108421325683594e+00
-1.845757603645324707e+00 5.802431702613830566e-02 1.326570153236389160e+00 -8.687971115112304688e+00 3.754604339599609375e+00 5.195588588714599609e+00 2.374708414077758789e+00 5.024659156799316406e+00 1.339958190917968750e+00 -1.216541194915771484e+01 -8.322717666625976562e+00 -3.318402290344238281e+00 5.189239978790283203e+00 -1.622338891029357910e+00 -2.523992538452148438e+00
-3.986821174621582031e+00 -4.227541446685791016e+00 1.908456720411777496e-02 -2.375084638595581055e+00 1.194779634475708008e+00 -1.662389516830444336e+00 6.479663372039794922e+00 7.165713906288146973e-01 5.598222613334655762e-01 -1.877608871459960938e+01 -7.579338073730468750e+00 3.372533917427062988e-01 -3.057775259017944336e+00 4.939586520195007324e-01 2.745483875274658203e+00
-1.028346776962280273e+00 -1.521713435649871826e-01 -1.933845281600952148e-01 -5.795231342315673828e+00 2.525344371795654297e+00 4.619521617889404297e+00 8.947176337242126465e-01 4.265539646148681641e+00 6.859722733497619629e-01 -1.007828807830810547e+01 -8.814426422119140625e+00 -4.236436367034912109e+00 4.077889919281005859e+00 -2.068286895751953125e+00 -1.669600367546081543e+00
-3.645684242248535156e+00 -3.561487436294555664e+00 3.062542676925659180e-01 -2.090406656265258789e+00 1.333103895187377930e+00 -1.862210988998413086e+00 6.594998359680175781e+00 8.297081589698791504e-01 4.441561400890350342e-01 -1.915698623657226562e+01 -7.293726921081542969e+00 -9.396616816520690918e-01 -2.475598335266113281e+00 -8.500121235847473145e-01 2.719588994979858398e+00
-9.864278435707092285e-01 -1.207915246486663818e-01 7.923178672790527344e-01 -8.030536651611328125e+00 2.793105125427246094e+00 5.038998603820800781e+00 2.262888193130493164e+00 4.336445331573486328e+00 6.175498366355895996e-01 -9.298198699951171875e+00 -8.785228729248046875e+00 -3.571054458618164062e+00 4.640173435211181641e+00 -1.261773467063903809e+00 -2.057681083679199219e+00
-3.408284664154052734e+00 -3.136959075927734375e+00 2.790032625198364258e-01 -1.915661334991455078e+00 1.386296033859252930e+00 -1.341591596603393555e+00 5.610659599304199219e+00 1.062147617340087891e+00 1.220517396926879883e+00 -1.864786720275878906e+01 -7.269706249237060547e+00 1.527104854583740234e+00 -4.299487590789794922e+00 9.093670845031738281e-01 1.814241290092468262e+00
-1.921646118164062500e+00 -4.130605161190032959e-01 -1.367691159248352051e+00 -2.387981891632080078e+00 4.922767639160156250e+00 2.461685419082641602e+00 9.770096778869628906e+00 3.150864362716674805e+00 3.990139007568359375e+00 -1.129297828674316406e+01 -5.945312023162841797e+00 -6.972329616546630859e+00 2.717552185058593750e+00 5.403437614440917969e+00 -4.571707725524902344e+00
-2.414917707443237305e+00 -1.599365770816802979e-01 6.492257118225097656e+00 -3.116094589233398438e+00 4.872353076934814453e+00 -4.327180087566375732e-01 2.169107675552368164e+00 3.491879940032958984e+00 -1.468702793121337891e+00 -1.450273704528808594e+01 -4.265485286712646484e+00 -4.614385128021240234e+00 2.293549299240112305e+00 -3.460786104202270508e+00 -4.899194240570068359e+00
-1.993885755538940430e+00 -2.587014138698577881e-01 -1.582084894180297852e+00 -2.650220155715942383e+00 5.652035236358642578e+00 2.147391557693481445e+00 9.635840415954589844e+00 2.451181650161743164e+00 3.923162460327148438e+00 -1.153603839874267578e+01 -6.240425109863281250e+00 -6.848461151123046875e+00 3.089836120605468750e+00 4.838031768798828125e+00 -4.859274387359619141e+00
-1.352049589157104492e+00 1.319518778473138809e-02 5.830531716346740723e-01 -2.807170629501342773e+00 2.083150863647460938e+00 5.206095218658447266e+00 1.715755820274353027e+00 4.180182933807373047e+00 1.272839784622192383e+00 -9.411702156066894531e+00 -7.327369213104248047e+00 -2.570394039154052734e+00 5.304316997528076172e+00 -2.120057582855224609e+00 -2.615556716918945312e+00
-1.532749295234680176e+00 4.686906933784484863e-02 6.980693340301513672e-01 -3.262605428695678711e+00 2.284163951873779297e+00 4.431027889251708984e+00 2.305109024047851562e+00 4.178755760192871094e+00 8.542770743370056152e-01 -1.153715896606445312e+01 -8.142028808593750000e+00 -3.062003612518310547e+00 4.858248710632324219e+00 -1.665179491043090820e+00 -2.365247726440429688e+00
-2.429624557495117188e+00 -5.435181260108947754e-01 -2.249641895294189453e+00 -2.788302659988403320e+00 5.863679409027099609e+00 9.135339856147766113e-01 8.405903816223144531e+00 2.033012151718139648e+00 3.187966823577880859e+00 -1.027204895019531250e+01 -7.325651645660400391e+00 -6.751595497131347656e+00 3.678658008575439453e+00 5.098442554473876953e+00 -4.551013469696044922e+00
-2.044653654098510742e+00 -5.056868195533752441e-01 -2.663894653320312500e+00 -3.144603490829467773e+00 6.018595218658447266e+00 1.870361089706420898e+00 9.127279281616210938e+00 3.422357320785522461e+00 4.143009662628173828e+00 -1.410936164855957031e+01 -7.057167053222656250e+00 -6.431897163391113281e+00 3.331055402755737305e+00 4.358680248260498047e+00 -3.549604892730712891e+00
-1.121615409851074219e+00 -2.157374858856201172e+00 1.882372021675109863e+00 -2.961138010025024414e+00 3.773036003112792969e+00 2.544443845748901367e+00 4.836110115051269531e+00 7.967942237854003906e+00 2.877769708633422852e+00 -1.284239006042480469e+01 -9.561134338378906250e+00 -2.001760721206665039e+00 1.005955219268798828e+00 3.911024808883666992e+00 1.436281919479370117e+00
-3.444759368896484375e+00 -5.015793323516845703e+00 -8.269155770540237427e-02 -2.014931440353393555e+00 1.060898900032043457e+00 -1.130620718002319336e+00 6.198640823364257812e+00 1.361638665199279785e+00 8.743972182273864746e-01 -1.931082153320312500e+01 -7.590568065643310547e+00 -1.796558856964111328e+00 -3.948649168014526367e+00 -1.531963348388671875e+00 2.621935129165649414e+00
-1.535777330398559570e+00 8.766737580299377441e-02 8.403939008712768555e-01 -4.304460048675537109e+00 2.827480077743530273e+00 6.651479244232177734e+00 -6.735793113708496094e+00 4.416328430175781250e+00 1.639557778835296631e-01 -6.105307579040527344e+00 -8.102823257446289062e+00 -3.922398090362548828e+00 5.149972438812255859e+00 -2.372951984405517578e+00 -2.157770156860351562e+00
-2.059129953384399414e+00 3.573980927467346191e-02 1.559985041618347168e+00 -5.622182369232177734e+00 3.129596471786499023e+00 3.834642648696899414e+00 1.189233183860778809e+00 4.336182117462158203e+00 3.265874087810516357e-01 -1.075375938415527344e+01 -8.379737854003906250e+00 -3.921013593673706055e+00 4.828435897827148438e+00 -2.156470537185668945e+00 -2.355850219726562500e+00
-5.608978867530822754e-01 -2.869079589843750000e+00 2.112257957458496094e+00 -3.702680826187133789e+00 3.775266408920288086e+00 2.845498323440551758e+00 5.225275993347167969e+00 7.965729713439941406e+00 3.455389499664306641e+00 -1.271747589111328125e+01 -8.701608657836914062e+00 -1.855510234832763672e+00 1.229812860488891602e+00 3.351630449295043945e+00 1.773853659629821777e+00
-1.981752514839172363e+00 3.552854359149932861e-01 4.707175731658935547e+00 -2.567638158798217773e+00 3.958651065826416016e+00 -1.706501990556716919e-01 2.779791355133056641e+00 5.734209060668945312e+00 -9.820425510406494141e-01 -1.766059875488281250e+01 -5.069834232330322266e+00 -5.613797664642333984e+00 2.295553922653198242e+00 -3.578346490859985352e+00 -4.669320583343505859e+00
-4.397822856903076172e+00 -4.811207294464111328e+00 4.207037687301635742e-01 -2.667899370193481445e+00 1.565830111503601074e+00 -1.321570634841918945e+00 6.893124580383300781e+00 1.307140588760375977e+00 3.710741698741912842e-01 -1.734521484375000000e+01 -7.329800128936767578e+00 5.700157210230827332e-02 -3.083201646804809570e+00 -6.733034849166870117e-01 2.583059787750244141e+00
-3.835615634918212891e+00 -3.534526109695434570e+00 3.727287054061889648e-01 -2.253238677978515625e+00 1.480325579643249512e+00 -1.445298910140991211e+00 6.514423847198486328e+00 1.088749170303344727e+00 2.522446811199188232e-01 -1.829068374633789062e+01 -8.240117073059082031e+00 -9.108431935310363770e-01 -2.023242473602294922e+00 -6.252022385597229004e-01 2.018997430801391602e+00
9.585056453943252563e-03 -2.904327154159545898e+00 1.803614139556884766e+00 -2.801417827606201172e+00 3.422691345214843750e+00 2.849181175231933594e+00 5.647291660308837891e+00 8.645803451538085938e+00 3.269350051879882812e+00 -1.387579536437988281e+01 -9.014019966125488281e+00 -4.276617527008056641e+00 8.575483560562133789e-01 3.697446584701538086e+00 1.503261446952819824e+00
-9.202950000762939453e-01 -2.630234003067016602e+00 1.584885597229003906e+00 -2.957791328430175781e+00 3.382662057876586914e+00 2.948483228683471680e+00 5.612946510314941406e+00 8.128026008605957031e+00 3.079319238662719727e+00 -1.154074573516845703e+01 -9.792680740356445312e+00 -2.704019784927368164e+00 1.351410627365112305e+00 3.175482034683227539e+00 2.480394124984741211e+00
-2.599161863327026367e+00 2.577038407325744629e-01 4.282562255859375000e+00 -2.148632764816284180e+00 4.357198715209960938e+00 8.320582509040832520e-01 3.435632705688476562e+00 4.523699760437011719e+00 -3.585059344768524170e-01 -1.743492317199707031e+01 -4.522756099700927734e+00 -5.277575016021728516e+00 3.179799318313598633e+00 -3.802445888519287109e+00 -5.079982280731201172e+00
-6.773559451103210449e-01 -3.296658396720886230e-02 -2.442297935485839844e-01 -5.717907905578613281e+00 2.247015953063964844e+00 3.977396965026855469e+00 2.035888433456420898e+00 3.386048078536987305e+00 8.514719605445861816e-01 -9.674461364746093750e+00 -8.579702377319335938e+00 -3.577302932739257812e+00 5.605754852294921875e+00 -1.777177572250366211e+00 -2.330438852310180664e+00
-2.959669351577758789e+00 -9.829948544502258301e-01 -3.833199024200439453e+00 -4.145044803619384766e+00 8.113466262817382812e+00 1.008519172668457031e+01 -3.888858079910278320e+00 4.250965118408203125e+00 2.145992994308471680e+00 -2.511141777038574219e+00 -7.761129379272460938e+00 -6.067191123962402344e+00 3.782445669174194336e+00 4.971282958984375000e+00 -3.924289941787719727e+00
-1.020057678222656250e+00 1.416983902454376221e-01 1.019879579544067383e+00 -4.760162830352783203e+00 2.632185459136962891e+00 4.853990554809570312e+00 1.962841629981994629e+00 4.626985549926757812e+00 9.230216145515441895e-01 -1.153663635253906250e+01 -7.716977596282958984e+00 -2.733459472656250000e+00 3.846393585205078125e+00 -1.396731257438659668e+00 -2.474564552307128906e+00
-7.771909832954406738e-01 -2.076093912124633789e+00 1.838391661643981934e+00 -2.845018148422241211e+00 3.706161499023437500e+00 2.465982198715209961e+00 5.353847503662109375e+00 7.279427051544189453e+00 2.846532821655273438e+00 -1.180013847351074219e+01 -9.351359367370605469e+00 -2.362369537353515625e+00 1.027215361595153809e+00 3.171484231948852539e+00 2.407132148742675781e+00
-1.274878025054931641e+00 4.427292943000793457e-02 5.699750185012817383e-01 -7.303273200988769531e+00 2.501351833343505859e+00 5.019155502319335938e+00 2.501624107360839844e+00 4.947881698608398438e+00 9.219290614128112793e-01 -1.189929676055908203e+01 -8.110443115234375000e+00 -2.518101930618286133e+00 6.002356052398681641e+00 -1.217075109481811523e+00 -2.666402339935302734e+00
6.204100847244262695e-01 -6.390043258666992188e+00 3.457854032516479492e+00 -6.544779777526855469e+00 5.794472217559814453e+00 3.139114618301391602e+00 5.285504341125488281e+00 7.781605720520019531e+00 2.857872486114501953e+00 -1.248732185363769531e+01 -8.742849349975585938e+00 -3.945171833038330078e+00 1.344965338706970215e+00 4.001868724822998047e+00 1.653521537780761719e+00
-1.635834217071533203e+00 7.153096795082092285e-02 7.377833724021911621e-01 -4.189000129699707031e+00 2.548401832580566406e+00 4.587110996246337891e+00 3.885725498199462891e+00 3.877963066101074219e+00 1.765024781227111816e+00 -1.322576141357421875e+01 -7.895606517791748047e+00 -2.710687160491943359e+00 4.714886665344238281e+00 -1.065703988075256348e+00 -1.609202980995178223e+00
-1.096782445907592773e+00 7.210674881935119629e-02 1.450071334838867188e-01 -6.937465190887451172e+00 2.749442577362060547e+00 3.575511217117309570e+00 1.975682139396667480e+00 3.738198757171630859e+00 -2.513623535633087158e-01 -1.108640289306640625e+01 -8.026371002197265625e+00 -1.018280744552612305e+00 5.040328979492187500e+00 -8.675455451011657715e-01 -2.819004297256469727e+00
-2.298879146575927734e+00 -2.840690314769744873e-01 -3.929646611213684082e-01 -2.541846990585327148e+00 5.182990550994873047e+00 1.735825061798095703e+00 7.989524841308593750e+00 1.615365386009216309e+00 3.285107135772705078e+00 -8.444416046142578125e+00 -6.860703945159912109e+00 -6.439677715301513672e+00 2.875485658645629883e+00 4.244143009185791016e+00 -3.768542289733886719e+00
-2.438573598861694336e+00 2.031843066215515137e-01 4.549985885620117188e+00 -2.472005128860473633e+00 3.862903594970703125e+00 -6.509191393852233887e-01 3.346569061279296875e+00 3.781244993209838867e+00 -7.248758673667907715e-01 -1.428618240356445312e+01 -4.170832157135009766e+00 -4.800286769866943359e+00 1.923170804977416992e+00 -4.321990966796875000e+00 -3.959095954895019531e+00
-2.626970052719116211e+00 5.218834616243839264e-03 6.283671855926513672e+00 -2.705153703689575195e+00 5.116891860961914062e+00 -1.177734136581420898e+00 2.900149822235107422e+00 3.359980821609497070e+00 -1.178052544593811035e+00 -1.523945426940917969e+01 -5.320729255676269531e+00 -5.023923397064208984e+00 7.440899610519409180e-01 -3.699690103530883789e+00 -4.181280612945556641e+00
-2.312170028686523438e+00 -4.069705903530120850e-01 -1.565552592277526855e+00 -3.034706354141235352e+00 5.602118492126464844e+00 2.419993638992309570e+00 8.148390769958496094e+00 2.719778537750244141e+00 4.030837059020996094e+00 -1.076044082641601562e+01 -7.068480968475341797e+00 -6.483261108398437500e+00 5.103132247924804688e+00 5.283323287963867188e+00 -4.592130184173583984e+00
-4.226086139678955078e+00 -5.164927959442138672e+00 2.926934957504272461e-01 -2.579656362533569336e+00 1.371353626251220703e+00 -1.920719861984252930e+00 6.606553077697753906e+00 1.345370054244995117e+00 6.662403941154479980e-01 -1.929701232910156250e+01 -7.383367538452148438e+00 -4.253025054931640625e-01 -2.562140226364135742e+00 -7.244868576526641846e-02 3.077018260955810547e+00
-2.746125936508178711e+00 1.059805899858474731e-01 4.912887573242187500e+00 -2.126950979232788086e+00 4.406187534332275391e+00 -4.179684817790985107e-01 1.833522915840148926e+00 4.028325080871582031e+00 -1.274569988250732422e+00 -1.472775459289550781e+01 -4.466616153717041016e+00 -4.683357715606689453e+00 2.947291612625122070e+00 -3.770671844482421875e+00 -5.313445568084716797e+00
-2.150457382202148438e+00 -5.111678503453731537e-03 5.570462226867675781e+00 -2.824141740798950195e+00 4.521698951721191406e+00 -2.640168368816375732e-01 2.785941839218139648e+00 3.165738821029663086e+00 -8.583754897117614746e-01 -1.442695713043212891e+01 -5.502701282501220703e+00 -4.837660312652587891e+00 8.214586973190307617e-01 -3.099634885787963867e+00 -4.238601684570312500e+00
-1.908719062805175781e+00 -3.834380805492401123e-01 -8.491244912147521973e-01 -2.074347496032714844e+00 4.185470581054687500e+00 1.802977442741394043e+00 8.247527122497558594e+00 2.535964727401733398e+00 3.970389842987060547e+00 -1.068570613861083984e+01 -8.283006668090820312e+00 -8.313618659973144531e+00 3.744147062301635742e+00 4.733502388000488281e+00 -3.622759342193603516e+00
-2.193450689315795898e+00 4.181793332099914551e-02 7.071612834930419922e+00 -2.302839756011962891e+00 5.222355365753173828e+00 -1.054125547409057617e+00 2.581504583358764648e+00 3.372217655181884766e+00 -1.556839823722839355e+00 -1.443151950836181641e+01 -4.311220169067382812e+00 -3.832794189453125000e+00 2.049723863601684570e+00 -3.968327999114990234e+00 -4.893377780914306641e+00
-2.662709712982177734e+00 -7.363426089286804199e-01 -3.241836071014404297e+00 -3.741283655166625977e+00 6.862470149993896484e+00 1.130735158920288086e+00 9.474764823913574219e+00 2.494365930557250977e+00 3.447700023651123047e+00 -1.212040805816650391e+01 -7.873044967651367188e+00 -6.401641845703125000e+00 4.304581165313720703e+00 4.355310916900634766e+00 -3.776352882385253906e+00
-2.059734821319580078e+00 -3.499195277690887451e-01 -8.806816935539245605e-01 -2.529237985610961914e+00 4.831856250762939453e+00 2.743136882781982422e+00 8.217532157897949219e+00 2.024994134902954102e+00 3.337025642395019531e+00 -9.920189857482910156e+00 -8.023615837097167969e+00 -6.808541774749755859e+00 3.686657190322875977e+00 4.666228771209716797e+00 -3.681612253189086914e+00
6.649268865585327148e-01 -4.735118865966796875e+00 2.602191925048828125e+00 -4.724770545959472656e+00 4.367819309234619141e+00 3.070087194442749023e+00 6.435390472412109375e+00 8.129727363586425781e+00 3.525095939636230469e+00 -1.393952178955078125e+01 -9.298183441162109375e+00 -4.351840019226074219e+00 9.720221757888793945e-01 3.090584754943847656e+00 2.570960521697998047e+00
-7.878483533859252930e-01 -1.989687561988830566e+00 1.453520894050598145e+00 -2.248533964157104492e+00 2.883522987365722656e+00 2.422100782394409180e+00 4.761131286621093750e+00 7.431390762329101562e+00 3.130695343017578125e+00 -1.216892910003662109e+01 -9.412503242492675781e+00 -2.242205381393432617e+00 1.103997349739074707e+00 2.949688911437988281e+00 2.109400749206542969e+00
-2.330533266067504883e+00 -3.787046372890472412e-01 -1.817936420440673828e+00 -3.093069791793823242e+00 5.914988040924072266e+00 2.004684686660766602e+00 8.835091590881347656e+00 2.257426500320434570e+00 3.576131343841552734e+00 -1.012774658203125000e+01 -8.212579727172851562e+00 -8.306760787963867188e+00 4.387556552886962891e+00 4.270045757293701172e+00 -2.912043809890747070e+00
-3.446461200714111328e+00 -2.298844099044799805e+00 3.882328271865844727e-01 -2.136146068572998047e+00 1.689107179641723633e+00 -1.922779798507690430e+00 5.793305397033691406e+00 1.283116221427917480e+00 6.158810257911682129e-01 -1.827248573303222656e+01 -7.886432170867919922e+00 -4.755046069622039795e-01 -3.518382549285888672e+00 -6.444432139396667480e-01 2.954093933105468750e+00
-4.265475273132324219e+00 -4.307480812072753906e+00 2.477806806564331055e-01 -2.507695674896240234e+00 1.466545224189758301e+00 -1.305383443832397461e+00 5.572799682617187500e+00 6.074941754341125488e-01 4.790339171886444092e-01 -1.689013481140136719e+01 -7.902227878570556641e+00 2.486076653003692627e-01 -3.109317779541015625e+00 3.018871843814849854e-01 3.005971431732177734e+00
-4.015908241271972656e+00 -4.566174030303955078e+00 1.481829881668090820e-01 -2.356099605560302734e+00 1.092280149459838867e+00 -2.293816328048706055e+00 5.929731369018554688e+00 2.226389050483703613e-01 -3.006971441209316254e-03 -1.678270721435546875e+01 -7.770826339721679688e+00 -6.812490224838256836e-01 -3.158691406250000000e+00 -7.577347159385681152e-01 3.332454204559326172e+00
-2.806260108947753906e+00 2.973673641681671143e-01 8.500765800476074219e+00 -3.427885532379150391e+00 6.345659732818603516e+00 4.325621426105499268e-01 3.428937673568725586e+00 4.235843181610107422e+00 -7.818089723587036133e-01 -1.594969749450683594e+01 -3.965913295745849609e+00 -4.266938686370849609e+00 2.889063119888305664e+00 -4.470803737640380859e+00 -4.409877300262451172e+00
-4.812331199645996094e+00 -6.710559844970703125e+00 2.710114717483520508e-01 -2.708554029464721680e+00 7.004784345626831055e-01 -2.673189342021942139e-01 5.945990085601806641e+00 1.211894273757934570e+00 1.349979162216186523e+00 -1.883933448791503906e+01 -8.500238418579101562e+00 -1.437171995639801025e-01 -3.176608562469482422e+00 -5.984989404678344727e-01 2.182101011276245117e+00
