7.244679331779479980e-01 -1.269324183464050293e+00 1.463541388511657715e+00 1.524536311626434326e-01 -2.335500717163085938e+00 -4.730463325977325439e-01 5.533913373947143555e-01 2.054211348295211792e-01 4.845175445079803467e-01 -8.703159689903259277e-01 -1.043711662292480469e+00 -4.447889029979705811e-01 -3.087547540664672852e+00 -7.862281203269958496e-01 -5.322684645652770996e-01
-7.639680504798889160e-01 -1.084916949272155762e+00 9.510517716407775879e-01 -1.897865891456604004e+00 -2.118357658386230469e+00 -2.277006953954696655e-02 -1.320700049400329590e+00 4.834104180335998535e-01 -1.084012985229492188e+00 1.854465246200561523e+00 -2.612444572150707245e-02 -5.663604736328125000e-01 -2.254339933395385742e+00 -2.178859233856201172e+00 1.243184089660644531e+00
1.752843379974365234e+00 -1.151644587516784668e+00 -4.258507192134857178e-01 -2.406863123178482056e-02 -2.927445411682128906e+00 -4.652531445026397705e-01 -4.002252817153930664e-01 3.187356591224670410e-01 7.461010813713073730e-01 -5.851404070854187012e-01 -9.900819659233093262e-01 -2.641558349132537842e-01 -1.798915147781372070e+00 -1.162313967943191528e-01 -1.399413108825683594e+00
-7.062266469001770020e-01 -6.221054792404174805e-01 1.920800507068634033e-01 -3.428845703601837158e-01 -2.513141155242919922e+00 -2.364674955606460571e-01 6.485474109649658203e-02 6.170614361763000488e-01 -9.289227128028869629e-01 5.731086134910583496e-01 -1.104681491851806641e+00 -9.962054900825023651e-03 -1.915745496749877930e+00 -1.587665557861328125e+00 3.864212334156036377e-01
-7.858796715736389160e-01 -3.765805959701538086e-01 1.789349198341369629e+00 5.689343214035034180e-01 -3.186171770095825195e+00 -4.212439358234405518e-01 -1.317973732948303223e+00 1.127818375825881958e-01 1.415354728698730469e+00 1.485538005828857422e+00 7.741602063179016113e-01 -5.950393676757812500e-01 -1.571978330612182617e+00 -1.758908778429031372e-01 4.044223129749298096e-01
-1.167382597923278809e+00 -5.422610044479370117e-01 1.521908760070800781e+00 -7.855522036552429199e-01 -2.244743108749389648e+00 -3.081840574741363525e-01 -1.307561516761779785e+00 2.172186821699142456e-01 9.222885966300964355e-02 1.183479547500610352e+00 -8.159181475639343262e-02 -2.396163642406463623e-01 -1.979931354522705078e+00 -6.294981837272644043e-01 1.138265609741210938e+00
1.624200940132141113e+00 -1.595950007438659668e+00 -2.855359017848968506e-01 -2.152318239212036133e+00 -2.647068500518798828e+00 -2.172051817178726196e-01 -1.035418868064880371e+00 6.179531216621398926e-01 -1.057824134826660156e+00 1.511269062757492065e-01 -6.634530425071716309e-01 -3.860120475292205811e-01 -2.861069917678833008e+00 -2.515986919403076172e+00 1.272478401660919189e-01
2.260252237319946289e+00 -1.071281313896179199e+00 2.913627922534942627e-01 4.385126531124114990e-01 -2.309688568115234375e+00 -9.616167545318603516e-01 7.712038755416870117e-01 -5.222154259681701660e-01 1.577121615409851074e+00 -9.655100703239440918e-01 2.331750094890594482e-01 -1.323392271995544434e+00 -1.386770129203796387e+00 5.418345928192138672e-01 -1.460253477096557617e+00
-3.351404368877410889e-01 -5.740236043930053711e-01 -4.797551035881042480e-02 9.391244500875473022e-02 -2.915399789810180664e+00 7.735977321863174438e-02 -8.138406276702880859e-02 2.661716341972351074e-01 -1.690385639667510986e-01 1.962141133844852448e-02 -1.589603662490844727e+00 5.637025833129882812e-01 -1.655558824539184570e+00 -1.096675157546997070e+00 -5.585383772850036621e-01
-1.013809666037559509e-01 -2.152365148067474365e-01 1.088140845298767090e+00 -1.578692346811294556e-02 -2.004128456115722656e+00 -5.544661283493041992e-01 -1.107710003852844238e+00 -2.554923295974731445e-01 1.195187807083129883e+00 1.586643695831298828e+00 8.606238365173339844e-01 -4.810894429683685303e-01 -1.209474325180053711e+00 -1.371562629938125610e-01 7.922975420951843262e-01
1.716445684432983398e+00 -1.245535254478454590e+00 1.676888704299926758e+00 5.196233838796615601e-02 -1.980605959892272949e+00 -4.495883285999298096e-01 9.012259244918823242e-01 -7.473066449165344238e-01 1.085439443588256836e+00 -1.443253397941589355e+00 -8.405192494392395020e-01 -6.019184589385986328e-01 -2.304906368255615234e+00 -5.523204207420349121e-01 -8.040899634361267090e-01
1.355926871299743652e+00 -7.289146184921264648e-01 -1.827926337718963623e-01 -2.237168848514556885e-01 -3.222762107849121094e+00 4.499946534633636475e-01 -8.032964468002319336e-01 2.683234810829162598e-01 2.790667712688446045e-01 -5.531112551689147949e-01 -1.437962770462036133e+00 3.265352547168731689e-01 -2.463533401489257812e+00 -8.118252158164978027e-01 -1.488728523254394531e+00
3.665860414505004883e+00 -2.475642204284667969e+00 -1.750708818435668945e+00 -1.437045216560363770e+00 -5.882021903991699219e+00 -5.864950418472290039e-01 -2.015048265457153320e+00 3.715723156929016113e-01 -6.355653405189514160e-01 4.903630167245864868e-02 -2.815486431121826172e+00 5.949047394096851349e-03 -1.580778360366821289e+00 -2.091744422912597656e+00 -1.995192527770996094e+00
-1.165758967399597168e+00 -4.020212888717651367e-01 1.343301653861999512e+00 -1.141531348228454590e+00 -2.492473363876342773e+00 4.427919536828994751e-02 -1.355509161949157715e+00 7.293687462806701660e-01 -4.218302071094512939e-01 1.850039720535278320e+00 6.135514751076698303e-02 -3.613271415233612061e-01 -2.064980268478393555e+00 -1.400414228439331055e+00 1.076252937316894531e+00
-1.044493436813354492e+00 -4.095247983932495117e-01 2.435720264911651611e-01 2.510552108287811279e-01 -3.355946302413940430e+00 2.360466569662094116e-01 -5.307137593626976013e-02 5.796923041343688965e-01 -5.462747216224670410e-01 6.727177500724792480e-01 -1.770874977111816406e+00 6.115369796752929688e-01 -1.706324577331542969e+00 -1.082838058471679688e+00 -6.225203871726989746e-01
6.020256876945495605e-01 -2.060715675354003906e+00 -4.119125306606292725e-01 -2.618781328201293945e+00 -4.578967571258544922e+00 -2.081271559000015259e-01 -2.315349817276000977e+00 3.180366158485412598e-01 -1.565330028533935547e+00 1.992462635040283203e+00 -1.453867912292480469e+00 -5.691862106323242188e-01 -1.650330781936645508e+00 -2.748238086700439453e+00 -7.598014920949935913e-02
1.105398297309875488e+00 -1.396316409111022949e+00 9.003906846046447754e-01 -1.047669529914855957e+00 -2.304519653320312500e+00 -7.377094030380249023e-01 -2.835887670516967773e-01 9.090068936347961426e-01 -6.069737076759338379e-01 -2.475115805864334106e-01 -4.048332870006561279e-01 -8.733186721801757812e-01 -3.083405494689941406e+00 -1.500516176223754883e+00 -4.598245322704315186e-01
-1.286550879478454590e+00 -3.205169439315795898e-01 1.873032331466674805e+00 -4.351388514041900635e-01 -2.696434020996093750e+00 -3.371109068393707275e-01 -1.108359456062316895e+00 6.095219254493713379e-01 5.215448737144470215e-01 1.521155834197998047e+00 -3.469153866171836853e-02 -2.366246879100799561e-01 -1.927870750427246094e+00 -7.115349173545837402e-01 1.023969650268554688e+00
-5.815482735633850098e-01 -6.592854261398315430e-01 6.892778277397155762e-01 -1.220559000968933105e+00 -2.562154769897460938e+00 3.795314729213714600e-01 -1.544204831123352051e+00 5.275316834449768066e-01 -6.467137932777404785e-01 2.054380893707275391e+00 -2.624027431011199951e-01 -3.301903977990150452e-02 -1.945596456527709961e+00 -1.497899055480957031e+00 9.124441742897033691e-01
1.757330149412155151e-01 -5.710247755050659180e-01 3.970508873462677002e-01 -2.717169821262359619e-01 -3.502057790756225586e+00 5.086966753005981445e-01 -1.673683047294616699e+00 4.474567770957946777e-01 2.856359183788299561e-01 1.847506046295166016e+00 -3.436088263988494873e-01 1.182070076465606689e-01 -1.773876905441284180e+00 -1.294977664947509766e+00 3.604879677295684814e-01
1.645333170890808105e+00 -8.290356397628784180e-01 -3.473616540431976318e-01 2.946172654628753662e-01 -3.624531984329223633e+00 -8.045210689306259155e-02 -2.622369527816772461e-01 2.310400456190109253e-01 5.818757414817810059e-01 -6.228452324867248535e-01 -1.277838706970214844e+00 -1.124186217784881592e-01 -2.721223115921020508e+00 -5.127796530723571777e-01 -1.019673347473144531e+00
8.782824873924255371e-01 -1.031759142875671387e+00 1.358046829700469971e-01 -8.163892626762390137e-01 -2.813946723937988281e+00 -2.828738652169704437e-03 -6.212686300277709961e-01 2.632589936256408691e-01 -1.597748100757598877e-01 -1.438467055559158325e-01 -1.198801994323730469e+00 -1.443452537059783936e-01 -3.312137365341186523e+00 -1.548311233520507812e+00 -4.364823997020721436e-01
-2.751611173152923584e-01 -9.291523694992065430e-01 -6.301746964454650879e-01 -3.056693553924560547e+00 -2.548395156860351562e+00 5.642122030258178711e-01 -2.827305078506469727e+00 -8.181568980216979980e-01 -3.523979485034942627e-01 3.247101604938507080e-01 -1.871520996093750000e+00 7.575883865356445312e-01 -3.058064222335815430e+00 -1.766294002532958984e+00 -7.716435790061950684e-01
2.038771867752075195e+00 -1.545385718345642090e+00 -6.329551339149475098e-01 -4.453133642673492432e-01 -3.041375160217285156e+00 -3.914860785007476807e-01 -6.514214277267456055e-01 1.738808602094650269e-01 3.753637969493865967e-01 -2.695471942424774170e-01 -1.032788515090942383e+00 -4.283456504344940186e-01 -2.226958990097045898e+00 -7.209581732749938965e-01 -1.074028968811035156e+00
-1.420302271842956543e+00 -6.712766885757446289e-01 2.710308313369750977e+00 1.092173680663108826e-01 -2.208491086959838867e+00 -1.013782620429992676e+00 -1.583562970161437988e+00 -4.460650384426116943e-01 -3.929605782032012939e-01 8.065294027328491211e-01 1.021760940551757812e+00 -1.452941596508026123e-01 -8.816103339195251465e-01 2.309779822826385498e-02 4.444375336170196533e-01
-1.246724128723144531e+00 -1.886748075485229492e-01 1.823358297348022461e+00 4.034120738506317139e-01 -3.110105752944946289e+00 -4.099364578723907471e-01 -1.369346261024475098e+00 4.957046508789062500e-01 9.825844168663024902e-01 1.739420056343078613e+00 2.983671724796295166e-01 -5.179791450500488281e-01 -1.778554320335388184e+00 -2.023696452379226685e-01 5.201383233070373535e-01
-6.790555119514465332e-01 -9.685877561569213867e-01 -5.714343190193176270e-01 -3.275573968887329102e+00 -2.220600605010986328e+00 -5.793847888708114624e-02 -2.212990045547485352e+00 -7.702617049217224121e-01 -5.579968094825744629e-01 -9.732767194509506226e-02 -2.018495082855224609e+00 2.374992668628692627e-01 -3.569148302078247070e+00 -2.137184143066406250e+00 -1.237897500395774841e-01
1.326944470405578613e+00 -9.859212636947631836e-01 4.143151640892028809e-02 -2.132519781589508057e-01 -2.675396680831909180e+00 -6.643342971801757812e-01 -2.021771669387817383e-01 7.104198336601257324e-01 3.666605651378631592e-01 1.225272752344608307e-02 -5.162464976310729980e-01 -8.659925460815429688e-01 -2.369269132614135742e+00 -4.638154208660125732e-01 -7.193192839622497559e-01
-1.248365759849548340e+00 -1.146362185478210449e+00 1.130448698997497559e+00 -1.859983682632446289e+00 -1.260826230049133301e+00 -9.493349790573120117e-01 -1.523697257041931152e+00 -1.036590218544006348e+00 5.052346587181091309e-01 -1.336744308471679688e+00 -1.502248764038085938e+00 4.239573776721954346e-01 -2.866996049880981445e+00 -4.261529147624969482e-01 -2.675933539867401123e-01
1.427926659584045410e+00 -1.375253558158874512e+00 -6.934083104133605957e-01 -1.378444075584411621e+00 -2.647033214569091797e+00 -7.933249324560165405e-02 -9.997457265853881836e-01 -8.516855537891387939e-02 -3.157506287097930908e-01 -3.339690864086151123e-01 -8.705963492393493652e-01 -1.090039908885955811e-01 -2.226182222366333008e+00 -1.400084018707275391e+00 -1.022058486938476562e+00
3.898285925388336182e-01 -1.532735228538513184e+00 1.447715640068054199e+00 -2.584038078784942627e-01 -1.814977765083312988e+00 -2.571662962436676025e-01 2.940856218338012695e-01 -2.144379541277885437e-02 -1.995554268360137939e-01 -8.673929572105407715e-01 -8.949286341667175293e-01 -3.157128989696502686e-01 -2.930708169937133789e+00 -1.155303239822387695e+00 -3.169631659984588623e-01
1.632350325584411621e+00 -1.629210352897644043e+00 -3.770599067211151123e-01 -9.731299281120300293e-01 -2.879947185516357422e+00 -4.301582872867584229e-01 -3.654340505599975586e-01 3.494477868080139160e-01 8.068054914474487305e-03 -4.764558970928192139e-01 -9.933728575706481934e-01 -4.067697227001190186e-01 -2.470750331878662109e+00 -1.229056358337402344e+00 -8.980330824851989746e-01
2.157437056303024292e-01 -1.399875521659851074e+00 -5.503941178321838379e-01 -1.706905007362365723e+00 -3.623123168945312500e+00 4.720564782619476318e-01 -1.536251425743103027e+00 5.727513432502746582e-01 -1.740032196044921875e+00 8.718608021736145020e-01 -2.145215511322021484e+00 3.994922935962677002e-01 -1.755055665969848633e+00 -2.900618076324462891e+00 -2.168378531932830811e-01
-7.962682843208312988e-01 -9.893296957015991211e-01 7.660129666328430176e-01 1.834975183010101318e-01 -2.486962318420410156e+00 -8.115419149398803711e-01 5.310121774673461914e-01 -1.302654296159744263e-01 2.217840850353240967e-01 1.500467397272586823e-02 -1.221033573150634766e+00 5.051806196570396423e-02 -1.268927097320556641e+00 -8.315461277961730957e-01 -2.036103904247283936e-01
1.789709776639938354e-01 -1.245224833488464355e+00 -7.564589381217956543e-02 -1.821989655494689941e+00 -3.944836616516113281e+00 7.918296009302139282e-02 -1.961867690086364746e+00 6.485357880592346191e-01 -6.414261460304260254e-01 1.758421897888183594e+00 -7.604507803916931152e-01 -4.816713035106658936e-01 -2.076327562332153320e+00 -1.729332447052001953e+00 8.186248689889907837e-02
-8.984635472297668457e-01 -1.069451212882995605e+00 3.931728899478912354e-01 -2.021126747131347656e+00 -2.549551010131835938e+00 7.574019581079483032e-02 -1.579995036125183105e+00 6.115179136395454407e-02 -8.896003365516662598e-01 1.504984855651855469e+00 -5.512949451804161072e-02 -1.995782554149627686e-01 -2.009958028793334961e+00 -2.047170162200927734e+00 4.793329536914825439e-01
1.644170880317687988e+00 -8.773618936538696289e-01 8.123520612716674805e-01 3.797102868556976318e-01 -2.491871118545532227e+00 -1.890784651041030884e-01 5.827050209045410156e-01 -5.401818156242370605e-01 1.174107789993286133e+00 -1.118135213851928711e+00 -2.378937900066375732e-01 -1.095648050308227539e+00 -1.988648533821105957e+00 1.732418984174728394e-01 -1.186793804168701172e+00
2.371080160140991211e+00 -1.576005816459655762e+00 -9.163373112678527832e-01 -1.416239380836486816e+00 -3.652762413024902344e+00 5.122289806604385376e-02 -1.302994608879089355e+00 4.106650948524475098e-01 -4.105172455310821533e-01 4.733971506357192993e-02 -1.303043365478515625e+00 -4.517934098839759827e-02 -2.669213533401489258e+00 -1.660759925842285156e+00 -1.045662879943847656e+00
1.664265751838684082e+00 -1.025224566459655762e+00 5.387260913848876953e-01 5.058150887489318848e-01 -3.229099035263061523e+00 -7.373131513595581055e-01 2.470740079879760742e-01 1.129144430160522461e+00 7.134208083152770996e-01 -3.044638335704803467e-01 -6.149560809135437012e-01 -8.391852378845214844e-01 -2.725652456283569336e+00 -7.114572823047637939e-02 -1.554467201232910156e+00
1.017267704010009766e+00 -7.839335203170776367e-01 1.466981530189514160e+00 3.548569381237030029e-01 -2.610123157501220703e+00 -6.252943277359008789e-01 6.555012464523315430e-01 -1.971354633569717407e-01 1.181394338607788086e+00 -1.293199062347412109e+00 -3.890905082225799561e-01 -9.545831680297851562e-01 -2.719377756118774414e+00 -9.938509762287139893e-02 -1.070642948150634766e+00
7.604267001152038574e-01 -1.259153246879577637e+00 -1.415864467620849609e+00 -2.817602634429931641e+00 -3.561168670654296875e+00 1.636084169149398804e-01 -2.666625738143920898e+00 -1.090168714523315430e+00 5.023488402366638184e-01 -3.269736468791961670e-01 -2.544182777404785156e+00 5.310487747192382812e-01 -2.678062677383422852e+00 -1.062868595123291016e+00 -1.300261497497558594e+00
-1.487542748451232910e+00 -3.791006803512573242e-01 2.694091320037841797e+00 -3.650194704532623291e-01 -2.095525026321411133e+00 -4.898213446140289307e-01 -1.679155349731445312e+00 -3.068676590919494629e-01 4.988279044628143311e-01 9.593575000762939453e-01 8.253415226936340332e-01 -1.805698573589324951e-01 -1.422275662422180176e+00 -3.273902833461761475e-01 7.249193787574768066e-01
-6.142923235893249512e-01 -5.235213041305541992e-01 1.611653864383697510e-01 9.140022844076156616e-02 -2.942624330520629883e+00 1.247325912117958069e-01 -3.262602910399436951e-02 3.285416960716247559e-01 -2.897312939167022705e-01 2.422582358121871948e-01 -1.596844434738159180e+00 3.967323601245880127e-01 -1.628840088844299316e+00 -1.042999744415283203e+00 -3.703307807445526123e-01
-7.123497128486633301e-01 -7.650507688522338867e-01 4.008438885211944580e-01 -1.641090214252471924e-01 -2.553318500518798828e+00 -5.423260927200317383e-01 2.802230119705200195e-01 7.168857753276824951e-02 -2.142262756824493408e-01 6.406656652688980103e-02 -1.186186313629150391e+00 2.059796266257762909e-02 -1.473828196525573730e+00 -8.904051184654235840e-01 1.729507744312286377e-01
1.491013646125793457e+00 -1.382986903190612793e+00 -2.075911462306976318e-01 -1.194241642951965332e+00 -2.681715965270996094e+00 -4.268166124820709229e-01 -4.915775060653686523e-01 7.993591427803039551e-01 -4.513879120349884033e-01 -2.989134490489959717e-01 -6.697568297386169434e-01 -4.751643836498260498e-01 -2.915090799331665039e+00 -1.826651573181152344e+00 -6.942834258079528809e-01
-1.222201213240623474e-01 -9.187334775924682617e-01 5.678085684776306152e-01 -1.045216321945190430e+00 -3.842250823974609375e+00 2.112802118062973022e-01 -1.849007487297058105e+00 7.321434617042541504e-01 -2.278647720813751221e-01 1.930061340332031250e+00 -6.924065947532653809e-01 -6.302163004875183105e-02 -1.841901540756225586e+00 -1.875355243682861328e+00 -2.768608368933200836e-02
-3.848060071468353271e-01 -8.642395734786987305e-01 3.875644505023956299e-01 -1.669860005378723145e+00 -3.140573501586914062e+00 6.571475267410278320e-01 -1.804002642631530762e+00 6.090024113655090332e-01 -1.001978397369384766e+00 1.563855886459350586e+00 -4.638600051403045654e-01 1.090040504932403564e-01 -2.463310956954956055e+00 -2.139020442962646484e+00 3.540792763233184814e-01
2.404095381498336792e-01 -1.319156527519226074e+00 -6.945276856422424316e-01 -1.298971056938171387e+00 -2.698631286621093750e+00 2.783449590206146240e-01 -5.457504987716674805e-01 2.275584191083908081e-01 -1.372021675109863281e+00 -1.239544972777366638e-01 -1.688945293426513672e+00 7.129220962524414062e-01 -1.643178224563598633e+00 -2.445671558380126953e+00 5.555060878396034241e-02
1.576219201087951660e+00 -1.918997645378112793e+00 -4.408100545406341553e-01 -2.076862573623657227e+00 -3.086883544921875000e+00 6.584344059228897095e-02 -1.324756979942321777e+00 1.445317715406417847e-01 -7.273917794227600098e-01 -2.280370742082595825e-01 -1.624617576599121094e+00 -4.186627641320228577e-02 -2.959585428237915039e+00 -2.205847740173339844e+00 -7.050332427024841309e-01
-1.332218766212463379e+00 -5.247391462326049805e-01 8.815311789512634277e-01 -9.176842123270034790e-02 -2.787153005599975586e+00 -2.255894094705581665e-01 1.501594781875610352e-01 5.876088738441467285e-01 -7.762337327003479004e-01 7.562198042869567871e-01 -1.207512617111206055e+00 3.639431297779083252e-01 -1.786510944366455078e+00 -1.609305858612060547e+00 4.975986778736114502e-01
-1.020107865333557129e+00 -5.968226194381713867e-01 -2.677838504314422607e-01 -1.483704924583435059e+00 -2.306725025177001953e+00 -4.884139597415924072e-01 -1.395067095756530762e+00 -1.256575942039489746e+00 1.091990470886230469e+00 -4.646275937557220459e-01 -2.252613067626953125e+00 2.901816666126251221e-01 -2.595028162002563477e+00 -1.149498969316482544e-01 -4.950933158397674561e-01
-4.280065000057220459e-01 -1.284506678581237793e+00 -2.787524163722991943e-01 -2.057789087295532227e+00 -2.844321727752685547e+00 4.553354680538177490e-01 -1.122337222099304199e+00 4.166329503059387207e-01 -2.244031906127929688e+00 7.698448300361633301e-01 -1.725534439086914062e+00 5.471792221069335938e-01 -2.123900651931762695e+00 -3.203025817871093750e+00 1.672830879688262939e-01
-8.088601231575012207e-01 -6.543892621994018555e-01 -1.541086137294769287e-01 -2.360659599304199219e+00 -1.655256390571594238e+00 -4.243353903293609619e-01 -1.668413519859313965e+00 -7.369498610496520996e-01 1.001529395580291748e-01 -3.327500522136688232e-01 -1.880293846130371094e+00 2.948656380176544189e-01 -2.844731807708740234e+00 -1.108339309692382812e+00 2.979917824268341064e-01
6.534106135368347168e-01 -7.113484144210815430e-01 -5.078739523887634277e-01 -3.384424746036529541e-01 -4.700505733489990234e+00 6.660786867141723633e-01 -1.077373385429382324e+00 1.009391069412231445e+00 -1.077041625976562500e+00 1.206346869468688965e+00 -1.995986938476562500e+00 5.545530319213867188e-01 -1.453669309616088867e+00 -2.071315765380859375e+00 -5.655946135520935059e-01
-5.381470322608947754e-01 -8.731817007064819336e-01 6.691862940788269043e-01 -1.445134043693542480e+00 -1.689565777778625488e+00 -1.035803198814392090e+00 -1.422925591468811035e+00 -1.917410969734191895e+00 1.599069118499755859e+00 -1.317652463912963867e+00 -1.224357724189758301e+00 -1.613073050975799561e-01 -2.151618719100952148e+00 2.654149830341339111e-01 -9.548072218894958496e-01
8.151449561119079590e-01 -1.133478522300720215e+00 5.539390444755554199e-01 -2.884199917316436768e-01 -2.408233165740966797e+00 -2.175682932138442993e-01 1.526800394058227539e-01 3.505491614341735840e-01 3.220619857311248779e-01 -4.857546985149383545e-01 -1.266102313995361328e+00 -1.201009452342987061e-01 -3.012846231460571289e+00 -1.377828359603881836e+00 -7.951564192771911621e-01
-1.792567849159240723e+00 -6.173032522201538086e-01 2.629318714141845703e+00 -4.790761768817901611e-01 -1.735177874565124512e+00 -1.393773704767227173e-01 -1.697403550148010254e+00 4.393256306648254395e-01 -7.701221620664000511e-04 1.303845643997192383e+00 3.936519920825958252e-01 1.227178871631622314e-01 -2.177863359451293945e+00 -6.694220900535583496e-01 1.220651626586914062e+00
8.664094805717468262e-01 -9.898127317428588867e-01 1.251002848148345947e-01 -7.519117742776870728e-02 -3.217283487319946289e+00 2.645001560449600220e-02 -8.904607966542243958e-05 2.037828415632247925e-01 3.854701220989227295e-01 -4.696756303310394287e-01 -1.254509210586547852e+00 -6.658408045768737793e-02 -2.982510805130004883e+00 -1.063613414764404297e+00 -1.060082435607910156e+00
-1.207263588905334473e+00 -8.061879873275756836e-01 8.730663657188415527e-01 -4.363302290439605713e-01 -1.607383370399475098e+00 -1.307908445596694946e-01 6.562268733978271484e-02 1.913753002882003784e-01 -1.148709535598754883e+00 -1.212828978896141052e-01 -5.361708998680114746e-01 3.579550087451934814e-01 -1.565360307693481445e+00 -1.170459270477294922e+00 3.312063515186309814e-01
8.105675131082534790e-02 -9.041908979415893555e-01 -5.465154051780700684e-01 -8.411779999732971191e-01 -3.044964313507080078e+00 6.484371423721313477e-01 -9.639223814010620117e-01 3.419232964515686035e-01 -1.004437923431396484e+00 2.209593504667282104e-01 -1.748632431030273438e+00 7.087974548339843750e-01 -1.577108621597290039e+00 -1.864277601242065430e+00 -7.293185591697692871e-01
9.501499533653259277e-01 -9.773405790328979492e-01 4.079693853855133057e-01 -3.301919996738433838e-01 -2.704012393951416016e+00 -2.339407354593276978e-01 -7.363688945770263672e-02 3.520377278327941895e-01 2.714647948741912842e-01 -1.632813960313796997e-01 -1.211758375167846680e+00 -2.660636603832244873e-01 -3.264930486679077148e+00 -1.366375446319580078e+00 -3.415116965770721436e-01
6.663333773612976074e-01 -1.450082659721374512e+00 1.500627398490905762e+00 2.447201907634735107e-01 -2.350571155548095703e+00 -1.137005090713500977e+00 1.035942435264587402e+00 1.633962839841842651e-01 4.465236365795135498e-01 -1.376306414604187012e+00 -1.301395416259765625e+00 -2.992310225963592529e-01 -2.760903358459472656e+00 -5.718726515769958496e-01 -6.264047026634216309e-01
2.110381603240966797e+00 -1.585018038749694824e+00 -9.789252877235412598e-01 -1.441874384880065918e+00 -2.956596851348876953e+00 -2.069572359323501587e-01 -9.399918317794799805e-01 2.391550987958908081e-01 -2.147007286548614502e-01 -5.234829783439636230e-01 -1.102925777435302734e+00 -2.219104468822479248e-01 -2.381617784500122070e+00 -1.431704998016357422e+00 -1.092671394348144531e+00
-8.172934651374816895e-01 -8.033612966537475586e-01 -5.190651863813400269e-04 -1.493038177490234375e+00 -2.091888189315795898e+00 -5.811394453048706055e-01 -1.497665286064147949e+00 -1.166025280952453613e+00 1.335346698760986328e+00 -5.194649100303649902e-01 -2.184836387634277344e+00 3.366413414478302002e-01 -2.866359472274780273e+00 -3.337602317333221436e-01 -1.065915107727050781e+00
-1.669748574495315552e-01 -1.015329241752624512e+00 1.376757919788360596e-01 7.804354429244995117e-01 -1.791365504264831543e+00 -1.777583509683609009e-01 2.082142114639282227e+00 -1.006458044052124023e+00 -3.601339161396026611e-01 3.424487262964248657e-02 -1.225672245025634766e+00 -6.569135189056396484e-01 -4.725545346736907959e-01 -9.296252131462097168e-01 1.389828883111476898e-02
1.313979268074035645e+00 -2.319186210632324219e+00 -1.549718737602233887e+00 -1.944235920906066895e+00 -4.714048385620117188e+00 9.737350977957248688e-03 -1.702241778373718262e+00 2.662933468818664551e-01 -1.889090538024902344e+00 2.200360745191574097e-01 -2.985772609710693359e+00 7.799558639526367188e-01 -1.244231462478637695e+00 -2.929828166961669922e+00 -1.324555397033691406e+00
2.460875034332275391e+00 -1.113490939140319824e+00 5.024423003196716309e-01 1.979460418224334717e-01 -2.632759809494018555e+00 -1.184633255004882812e+00 1.005458712577819824e+00 -5.206050872802734375e-01 1.808384180068969727e+00 -9.996557831764221191e-01 2.632038891315460205e-01 -1.635091781616210938e+00 -1.224308729171752930e+00 6.822846531867980957e-01 -1.263513565063476562e+00
-1.563987851142883301e+00 -8.284128904342651367e-01 2.403049945831298828e+00 -2.590679228305816650e-01 -2.183481693267822266e+00 -4.378632605075836182e-01 -1.251576066017150879e+00 1.869529336690902710e-01 4.802238643169403076e-01 1.030858755111694336e+00 1.150734722614288330e-01 7.189276814460754395e-02 -1.903307676315307617e+00 -6.956136822700500488e-01 4.765940010547637939e-01
-5.243027806282043457e-01 -1.092179656028747559e+00 4.641686379909515381e-01 -1.443278312683105469e+00 -2.139329671859741211e+00 -8.697496652603149414e-01 -1.312643647193908691e+00 -1.560912132263183594e+00 1.893185973167419434e+00 -9.996163249015808105e-01 -1.738993644714355469e+00 -3.384279906749725342e-01 -2.731405258178710938e+00 -1.426549255847930908e-02 -9.510731101036071777e-01
-1.830895692110061646e-01 -6.286085844039916992e-01 -8.386963009834289551e-01 -2.022604703903198242e+00 -2.452608108520507812e+00 9.389259852468967438e-03 -2.007968187332153320e+00 -9.640330672264099121e-01 6.446031928062438965e-01 -4.913828074932098389e-01 -1.996804952621459961e+00 4.582653343677520752e-01 -2.546637535095214844e+00 -3.767652213573455811e-01 -1.076943397521972656e+00
2.182772397994995117e+00 -1.450750708580017090e+00 1.177382588386535645e+00 1.132609471678733826e-01 -1.923128724098205566e+00 -1.474345445632934570e+00 8.269883394241333008e-01 -2.679617404937744141e-01 9.148148894309997559e-01 -1.320609688758850098e+00 6.942716240882873535e-02 -1.091262102127075195e+00 -1.419754981994628906e+00 7.483279109001159668e-01 -1.197363376617431641e+00
1.329794764518737793e+00 -9.585360288619995117e-01 4.392316937446594238e-02 -6.807716488838195801e-01 -2.483202934265136719e+00 -7.467228174209594727e-01 -1.408475637435913086e-01 7.356374859809875488e-01 3.124160468578338623e-01 -2.528247535228729248e-01 -3.564979732036590576e-01 -7.628192901611328125e-01 -2.588222265243530273e+00 -9.474603533744812012e-01 -1.134719476103782654e-01
-1.609676480293273926e+00 -9.181960821151733398e-01 2.788871526718139648e+00 -5.028091073036193848e-01 -2.142884492874145508e+00 -5.835705995559692383e-01 -1.102153897285461426e+00 1.509623508900403976e-02 5.122963786125183105e-01 2.706396281719207764e-01 1.662583649158477783e-01 1.257477104663848877e-01 -1.925196290016174316e+00 -6.261982321739196777e-01 9.378443360328674316e-01
-1.158057570457458496e+00 -8.172553777694702148e-01 9.987381100654602051e-01 3.084573447704315186e-01 -2.165424346923828125e+00 -2.735569775104522705e-01 6.356322765350341797e-02 -6.429453194141387939e-02 -2.079754173755645752e-01 3.644493967294692993e-02 -1.129567861557006836e+00 4.143472015857696533e-01 -1.602602601051330566e+00 -8.872887492179870605e-01 -4.617735370993614197e-02
2.303047895431518555e+00 -1.187272429466247559e+00 1.893937349319458008e+00 1.364828705787658691e+00 -1.709869742393493652e+00 9.623736143112182617e-01 7.426202297210693359e-01 -3.193953633308410645e-01 5.831968188285827637e-01 -2.469437122344970703e+00 -7.734891772270202637e-01 -6.930562853813171387e-01 -3.880628108978271484e+00 -2.453389316797256470e-01 -8.185307383537292480e-01
-1.046617150306701660e+00 -9.384111166000366211e-01 4.056508839130401611e-01 -7.659396529197692871e-01 -1.952130675315856934e+00 -9.992399066686630249e-02 -1.183346509933471680e-01 5.158579945564270020e-01 -1.244669914245605469e+00 4.277367889881134033e-01 -1.047308683395385742e+00 -2.998778410255908966e-02 -1.785264730453491211e+00 -1.782287120819091797e+00 4.364033043384552002e-01
1.739280104637145996e+00 -1.353316187858581543e+00 -7.246063351631164551e-01 -1.637948870658874512e+00 -2.646911621093750000e+00 -4.784134924411773682e-01 -9.058316946029663086e-01 3.368194699287414551e-01 -4.038086235523223877e-01 -3.368341624736785889e-01 -1.026344776153564453e+00 -4.156608283519744873e-01 -2.797994852066040039e+00 -1.451197147369384766e+00 -1.402902305126190186e-01
-8.730552792549133301e-01 -6.789540052413940430e-01 1.490508615970611572e-01 -1.075139641761779785e+00 -2.527442932128906250e+00 2.340282052755355835e-01 -1.674925908446311951e-02 7.072575688362121582e-01 -1.780617237091064453e+00 8.443992733955383301e-01 -1.474262714385986328e+00 4.928045570850372314e-01 -2.016553163528442383e+00 -2.894636154174804688e+00 6.702147126197814941e-01
1.644257187843322754e+00 -1.249014735221862793e+00 -1.892432384192943573e-02 -1.352422118186950684e+00 -3.142099380493164062e+00 -3.328677713871002197e-01 -4.117454290390014648e-01 1.179474115371704102e+00 -6.165094971656799316e-01 1.254299134016036987e-01 -9.235786795616149902e-01 -2.472428977489471436e-01 -3.512561082839965820e+00 -2.425206661224365234e+00 -6.351193785667419434e-01
-6.926761269569396973e-01 -6.313318014144897461e-01 4.177554547786712646e-01 3.253928124904632568e-01 -2.447396516799926758e+00 -5.174696445465087891e-01 4.043756723403930664e-01 -1.105436831712722778e-01 4.974519908428192139e-01 -1.487293988466262817e-01 -1.146730184555053711e+00 4.679468460381031036e-03 -1.448575496673583984e+00 -7.657003998756408691e-01 -4.233526885509490967e-01
3.863436281681060791e-01 -1.647316813468933105e+00 -9.231017231941223145e-01 -1.423586487770080566e+00 -3.985908031463623047e+00 4.667559564113616943e-01 -1.346241831779479980e+00 6.042430996894836426e-01 -1.852437496185302734e+00 6.180947422981262207e-01 -2.619803905487060547e+00 8.234090805053710938e-01 -1.276174783706665039e+00 -2.386208534240722656e+00 -9.238175749778747559e-01
1.417557835578918457e+00 -9.375792741775512695e-01 1.436819314956665039e+00 3.020176589488983154e-01 -2.128350973129272461e+00 -3.852657377719879150e-01 5.636066198348999023e-01 -2.920976281166076660e-01 9.388241171836853027e-01 -8.586992621421813965e-01 -7.515493035316467285e-01 -7.802579402923583984e-01 -2.499861955642700195e+00 -3.904094398021697998e-01 -5.497455000877380371e-01
-4.277090728282928467e-01 -5.810855627059936523e-01 1.873119354248046875e+00 2.975683510303497314e-01 -2.659364223480224609e+00 -3.283043205738067627e-01 -1.309144735336303711e+00 -1.779958754777908325e-01 1.559188365936279297e+00 1.165744304656982422e+00 1.012169957160949707e+00 -7.373013496398925781e-01 -8.909013867378234863e-01 -8.278174698352813721e-02 7.907796502113342285e-01
-1.492774367332458496e+00 -1.042103648185729980e+00 2.414294242858886719e+00 -5.508671402931213379e-01 -1.997565388679504395e+00 -4.409293234348297119e-01 -1.515645861625671387e+00 2.902867197990417480e-01 3.390083014965057373e-01 9.903785586357116699e-01 1.014225780963897705e-01 -1.294545829296112061e-01 -2.167817354202270508e+00 -7.118148207664489746e-01 1.078455924987792969e+00
7.833186984062194824e-01 -8.314989805221557617e-01 1.006060123443603516e+00 1.541694253683090210e-02 -2.851223230361938477e+00 -3.128918707370758057e-01 1.149746179580688477e-01 5.069914460182189941e-01 5.240744948387145996e-01 -1.655143052339553833e-01 -8.852202296257019043e-01 -2.623099982738494873e-01 -3.363184690475463867e+00 -1.182968378067016602e+00 -2.539796531200408936e-01
-3.983372151851654053e-01 -6.115216016769409180e-01 -1.009221673011779785e+00 -1.845117926597595215e+00 -2.420867681503295898e+00 -5.265287160873413086e-01 -2.110812425613403320e+00 -1.188214659690856934e+00 1.242019891738891602e+00 -6.635028719902038574e-01 -2.021218299865722656e+00 3.096885979175567627e-01 -2.628740787506103516e+00 -4.776568710803985596e-02 -1.031551361083984375e+00
-4.310716092586517334e-01 -8.866814374923706055e-01 3.300513327121734619e-01 -1.927855372428894043e+00 -3.041505336761474609e+00 4.127810895442962646e-01 -1.965389609336853027e+00 7.428651452064514160e-01 -1.120161533355712891e+00 1.868714570999145508e+00 -3.521446883678436279e-01 -1.708926856517791748e-01 -2.216619729995727539e+00 -2.043025970458984375e+00 6.903944611549377441e-01
-1.108841538429260254e+00 -6.707047224044799805e-01 1.365876197814941406e+00 -1.337366938591003418e+00 -2.259799480438232422e+00 1.091464534401893616e-01 -1.366367697715759277e+00 6.176312565803527832e-01 -7.510047554969787598e-01 1.664998412132263184e+00 -1.974682509899139404e-01 -3.016824424266815186e-01 -2.557667970657348633e+00 -1.718508243560791016e+00 1.128672599792480469e+00
1.854014515876770020e+00 -1.167204737663269043e+00 1.009667158126831055e+00 3.207928836345672607e-01 -2.255342721939086914e+00 -3.140547126531600952e-02 5.869525671005249023e-01 -5.858062505722045898e-01 1.129738330841064453e+00 -1.417624235153198242e+00 -2.486200034618377686e-01 -9.877532720565795898e-01 -2.073076963424682617e+00 2.085427939891815186e-02 -1.406230688095092773e+00
-8.524165749549865723e-01 -7.379187345504760742e-01 7.768543362617492676e-01 -1.434171080589294434e+00 -2.796605587005615234e+00 3.932164609432220459e-01 -1.742997050285339355e+00 4.764493107795715332e-01 -5.809226632118225098e-01 1.924459099769592285e+00 -3.815726935863494873e-01 -1.410941779613494873e-01 -2.148118257522583008e+00 -1.802386283874511719e+00 3.063621819019317627e-01
2.157637327909469604e-01 -1.456008315086364746e+00 1.761619448661804199e+00 -3.141084015369415283e-01 -2.309122085571289062e+00 -2.936059534549713135e-01 -2.145966291427612305e-01 5.352616906166076660e-01 -4.553022682666778564e-01 -6.045115590095520020e-01 -8.455757498741149902e-01 -3.739957511425018311e-01 -3.761930942535400391e+00 -1.383064746856689453e+00 -8.036228269338607788e-02
1.745164513587951660e+00 -9.140941500663757324e-01 1.856457591056823730e+00 5.801951289176940918e-01 -2.213094472885131836e+00 2.507933080196380615e-01 2.266930341720581055e-01 -4.875748157501220703e-01 6.791868209838867188e-01 -1.731310367584228516e+00 -1.042136847972869873e-01 -1.356676697731018066e+00 -2.881251096725463867e+00 4.522338211536407471e-01 -1.524344325065612793e+00
1.739181756973266602e+00 -1.387221217155456543e+00 8.143639564514160156e-01 7.022325396537780762e-01 -3.042004346847534180e+00 -8.955415487289428711e-01 5.559552907943725586e-01 1.715699881315231323e-01 1.741736173629760742e+00 -7.910346984863281250e-01 1.785677969455718994e-01 -1.089845180511474609e+00 -2.461352586746215820e+00 3.324413597583770752e-01 -1.375005245208740234e+00
1.853968262672424316e+00 -1.690192103385925293e+00 1.670670866966247559e+00 -4.274705946445465088e-01 -1.409014582633972168e+00 -1.453977942466735840e+00 4.781996011734008789e-01 -3.361177630722522736e-03 7.643570303916931152e-01 -1.822117090225219727e+00 -5.038267970085144043e-01 -8.944077491760253906e-01 -2.166453123092651367e+00 -1.009830981492996216e-01 -2.652244269847869873e-01
6.832141280174255371e-01 -1.478516459465026855e+00 1.460357904434204102e+00 3.019019216299057007e-02 -1.963842034339904785e+00 -3.172439634799957275e-01 1.406303644180297852e-01 2.381611317396163940e-01 -3.048613667488098145e-02 -6.347190737724304199e-01 -1.004264593124389648e+00 -4.783291518688201904e-01 -3.265314579010009766e+00 -9.792565703392028809e-01 -4.751434028148651123e-01
-6.423962712287902832e-01 -4.937995672225952148e-01 -5.219262242317199707e-01 -1.826483249664306641e+00 -1.880360245704650879e+00 -5.211802721023559570e-01 -1.840045094490051270e+00 -1.222003221511840820e+00 9.024972319602966309e-01 -5.747236609458923340e-01 -1.945990562438964844e+00 2.929992973804473877e-01 -2.577768087387084961e+00 1.437244862318038940e-01 -2.196855247020721436e-01
-1.039342284202575684e+00 -1.258492350578308105e+00 1.385636448860168457e+00 -2.219199419021606445e+00 -6.823454499244689941e-01 -8.905812501907348633e-01 -1.718026041984558105e+00 -1.384738206863403320e+00 6.912600398063659668e-01 -1.642020225524902344e+00 -1.882828354835510254e+00 3.885199129581451416e-01 -2.790373563766479492e+00 -8.253856003284454346e-02 8.517888933420181274e-02
6.186167523264884949e-02 -1.169445872306823730e+00 -1.207965612411499023e+00 -3.067827701568603516e+00 -3.169159889221191406e+00 6.349610090255737305e-01 -3.091681718826293945e+00 -1.046098232269287109e+00 -4.619841873645782471e-01 1.090882197022438049e-01 -2.395087718963623047e+00 9.465775489807128906e-01 -2.913321733474731445e+00 -1.871304035186767578e+00 -1.128991127014160156e+00
-1.271054148674011230e+00 -4.440987110137939453e-02 1.549943447113037109e+00 5.928774476051330566e-01 -3.295042514801025391e+00 -1.588565260171890259e-01 -1.047509074211120605e+00 8.122422099113464355e-01 7.702131867408752441e-01 1.771989703178405762e+00 2.251802980899810791e-01 -3.325250446796417236e-01 -1.810779094696044922e+00 -3.405208289623260498e-01 3.316545784473419189e-01
-4.121247231960296631e-01 -8.276339769363403320e-01 1.527862668037414551e+00 -6.920239925384521484e-01 -1.763287305831909180e+00 -1.664418280124664307e-01 -1.923790335655212402e+00 -2.105887889862060547e+00 1.248262524604797363e+00 -1.943843245506286621e+00 -3.498211801052093506e-01 -2.577888667583465576e-01 -2.847150087356567383e+00 2.699145972728729248e-01 -9.000772833824157715e-01
