2.923660874366760254e-01 -1.603823852539062500e+01
5.126122951507568359e+00 -1.636369705200195312e+01
1.116247653961181641e+00 -2.022952651977539062e+01
1.494997024536132812e+00 -1.758091926574707031e+01
-2.191654890775680542e-01 -2.630325889587402344e+01
1.596055865287780762e+00 -2.640800857543945312e+01
1.309431195259094238e+00 -2.365029907226562500e+01
3.930967092514038086e+00 -2.405054283142089844e+01
1.341774940490722656e+00 -1.796239280700683594e+01
-1.885441303253173828e+00 -1.761097145080566406e+01
2.468569040298461914e+00 -1.016441631317138672e+01
1.458805799484252930e+00 -1.373191261291503906e+01
3.359899044036865234e+00 -2.271551322937011719e+01
6.823449611663818359e+00 -3.124370193481445312e+01
1.585433483123779297e+00 -1.414662265777587891e+01
1.802517652511596680e+00 -1.271749591827392578e+01
4.452193379402160645e-01 -2.113189125061035156e+01
2.521950483322143555e+00 -1.813410758972167969e+01
-5.393190383911132812e+00 -1.291240596771240234e+01
-1.705937623977661133e+00 -1.850100517272949219e+01
1.866795897483825684e+00 -1.119874382019042969e+01
9.593670964241027832e-01 -2.578183937072753906e+01
-1.833430171012878418e+00 -1.884063529968261719e+01
1.878806829452514648e+00 -6.659736156463623047e+00
5.677324533462524414e-01 -8.273285865783691406e+00
3.873166799545288086e+00 -6.843037128448486328e+00
3.663334846496582031e+00 -1.994800758361816406e+01
6.018172502517700195e-01 -1.450030612945556641e+01
-6.703986786305904388e-03 -1.662092971801757812e+01
3.454031348228454590e-01 -1.938759040832519531e+01
-2.975103855133056641e+00 -1.609263420104980469e+01
8.899148106575012207e-01 -2.138487052917480469e+01
3.186282873153686523e+00 -1.435139369964599609e+01
-6.124520897865295410e-01 -1.713403701782226562e+01
4.430374622344970703e+00 -2.050081634521484375e+01
2.883587598800659180e+00 -1.246767139434814453e+01
3.778173327445983887e-01 -1.813213729858398438e+01
6.772015690803527832e-01 -3.015678977966308594e+01
1.972668409347534180e+00 -1.756653213500976562e+01
-1.047996997833251953e+00 -1.960458564758300781e+01
1.495956897735595703e+00 -1.470661640167236328e+01
3.927543640136718750e+00 -2.085815048217773438e+01
3.936146497726440430e+00 -1.668008422851562500e+01
-3.758666515350341797e-01 -1.541085052490234375e+01
1.808468997478485107e-02 -1.693944358825683594e+01
4.194521903991699219e+00 -2.373411369323730469e+01
9.442942738533020020e-01 -2.001856040954589844e+01
2.003316402435302734e+00 -8.608805656433105469e+00
3.470214128494262695e+00 -2.070077323913574219e+01
5.168307423591613770e-01 -1.667804718017578125e+01
1.081928372383117676e+00 -2.098967552185058594e+01
-9.847822189331054688e-01 -1.379345798492431641e+01
7.191732525825500488e-01 -1.802609252929687500e+01
2.627682924270629883e+00 -1.868660163879394531e+01
6.637632846832275391e+00 -2.701900100708007812e+01
5.243032574653625488e-01 -1.870757293701171875e+01
-9.763488173484802246e-01 -2.048254585266113281e+01
-3.615871071815490723e-01 -2.197691154479980469e+01
2.029673099517822266e+00 -1.919723510742187500e+01
2.519828796386718750e+00 -6.272378444671630859e+00
1.429615497589111328e+00 -1.693373680114746094e+01
3.542058229446411133e+00 -1.777011108398437500e+01
3.467544078826904297e+00 -3.044146537780761719e+01
-3.023766279220581055e+00 -2.030246925354003906e+01
-2.091457128524780273e+00 -1.517431735992431641e+01
-1.036901473999023438e+00 -1.748976898193359375e+01
1.739872932434082031e+00 -2.526159095764160156e+01
-5.448587536811828613e-01 -1.446680068969726562e+01
2.297284364700317383e+00 -1.670016670227050781e+01
2.548377513885498047e+00 -1.339928150177001953e+01
6.395351886749267578e-01 -1.492017459869384766e+01
1.104221940040588379e+00 -2.149778175354003906e+01
2.298329353332519531e+00 -1.820987129211425781e+01
2.596971988677978516e+00 -1.881324768066406250e+01
5.638214111328125000e+00 -1.437338829040527344e+01
1.618184566497802734e+00 -1.987441062927246094e+01
8.932594954967498779e-02 -1.937922477722167969e+01
2.521753787994384766e+00 -1.659982299804687500e+01
1.797981023788452148e+00 -1.858830451965332031e+01
5.649631023406982422e+00 -2.438895988464355469e+01
-4.260105490684509277e-01 -1.327064800262451172e+01
1.327928423881530762e+00 -2.219363403320312500e+01
2.061352014541625977e+00 -2.177665138244628906e+01
3.492976188659667969e+00 -1.710159873962402344e+01
3.165498375892639160e-01 -1.920387458801269531e+01
3.468956947326660156e+00 -1.672529792785644531e+01
1.712800383567810059e+00 -4.557530879974365234e+00
-1.776306390762329102e+00 -9.020503044128417969e+00
3.374449014663696289e+00 -2.564729499816894531e+01
1.549027442932128906e+00 -1.295236682891845703e+01
-1.737884402275085449e+00 -5.545599937438964844e+00
-1.787278175354003906e+00 -5.430025100708007812e+00
2.971921205520629883e+00 -9.968718528747558594e+00
-9.222466945648193359e-01 -3.893755435943603516e+00
-1.113563060760498047e+00 -3.955604791641235352e+00
-2.166217803955078125e+00 -6.499925613403320312e+00
1.329758763313293457e+00 -9.643393516540527344e+00
-1.703584790229797363e+00 -4.916541576385498047e+00
-3.057265877723693848e-01 -5.652435302734375000e+00
4.061107337474822998e-02 -9.353167533874511719e+00
2.339065790176391602e+00 -2.406603097915649414e+00
9.491226077079772949e-01 -5.344368457794189453e+00
-5.928260684013366699e-01 -1.232284259796142578e+01
8.554173111915588379e-01 -7.979062080383300781e+00
-4.358571767807006836e-01 -7.855633735656738281e+00
1.286385536193847656e+00 -3.465563058853149414e+00
9.190707802772521973e-01 -2.044140577316284180e+00
-2.040464431047439575e-01 -6.513813972473144531e+00
3.519442796707153320e+00 -1.295716571807861328e+01
-3.505452871322631836e-01 -2.361045598983764648e+00
-1.259465217590332031e+00 -7.562596797943115234e+00
1.680243730545043945e+00 -5.382819175720214844e+00
1.886672496795654297e+00 -2.470846891403198242e+00
-6.732078790664672852e-01 -5.810585498809814453e+00
-3.108482360839843750e-01 -4.746862888336181641e+00
-1.411504030227661133e+00 -7.930003643035888672e+00
-2.899231433868408203e+00 -3.490194559097290039e+00
1.182848215103149414e+00 -4.294728279113769531e+00
5.711928009986877441e-01 -7.448888301849365234e+00
-3.203523159027099609e+00 -9.409573554992675781e+00
-1.729845643043518066e+00 -4.986302375793457031e+00
-1.834323287010192871e+00 -3.126991748809814453e+00
2.453775644302368164e+00 -6.039344787597656250e+00
-5.918906927108764648e-01 -1.173836994171142578e+01
2.246197462081909180e+00 -2.917595148086547852e+00
-1.426100283861160278e-01 -1.442913913726806641e+01
1.457119435071945190e-01 -1.237448310852050781e+01
3.033956289291381836e-01 -8.695855140686035156e+00
1.392378330230712891e+00 -3.340242147445678711e+00
1.438193917274475098e+00 -1.447064208984375000e+01
7.804052233695983887e-01 -1.211796092987060547e+01
8.946084380149841309e-01 -1.074993515014648438e+01
1.655511736869812012e+00 -1.978940010070800781e+01
-4.350550472736358643e-02 -2.142843246459960938e+01
3.049459457397460938e+00 -1.473061180114746094e+01
-6.470520794391632080e-02 -1.637576675415039062e+01
-4.751111865043640137e-01 -1.586560153961181641e+01
8.754164576530456543e-01 -1.565615749359130859e+01
6.708244979381561279e-02 -2.028722572326660156e+01
2.404471158981323242e+00 -1.909809303283691406e+01
3.025467395782470703e-01 -2.039053153991699219e+01
2.607605457305908203e+00 -1.597028255462646484e+01
5.236764430999755859e+00 -1.791621398925781250e+01
-1.587796926498413086e+00 -2.036915588378906250e+01
2.972286462783813477e+00 -1.564550495147705078e+01
1.287775754928588867e+00 -8.608098983764648438e+00
-9.510828554630279541e-02 -1.514569377899169922e+01
3.629309415817260742e+00 -2.091327667236328125e+01
5.224165916442871094e+00 -1.650602149963378906e+01
-3.009890794754028320e+00 -1.153883552551269531e+01
2.385936021804809570e+00 -8.175266265869140625e+00
-7.785775065422058105e-01 -1.875433921813964844e+01
5.172833800315856934e-01 -1.622898292541503906e+01
2.332108736038208008e+00 -1.386030292510986328e+01
-5.144510865211486816e-01 -7.601715087890625000e+00
1.791836738586425781e+00 -1.400464439392089844e+01
4.728734016418457031e+00 -1.416286754608154297e+01
2.872185409069061279e-02 -2.100870704650878906e+01
9.932056069374084473e-01 -1.795678901672363281e+01
3.849989652633666992e+00 -1.550187110900878906e+01
-8.335588574409484863e-01 -1.599047183990478516e+01
1.693717479705810547e+00 -1.689898109436035156e+01
-1.657241821289062500e+00 -1.793237686157226562e+01
2.575343608856201172e+00 -1.887034797668457031e+01
-3.167251944541931152e-01 -1.586249828338623047e+01
3.176932573318481445e+00 -1.873649787902832031e+01
3.000646829605102539e+00 -9.549691200256347656e+00
1.366904020309448242e+00 -1.516655826568603516e+01
3.589024543762207031e+00 -1.403053474426269531e+01
1.064194321632385254e+00 -1.784449958801269531e+01
2.426901102066040039e+00 -1.874159812927246094e+01
2.435509920120239258e+00 -1.656299591064453125e+01
1.058308124542236328e+00 -1.463568401336669922e+01
1.228610515594482422e+00 -7.506271839141845703e+00
5.379981040954589844e+00 -1.427124881744384766e+01
4.345519542694091797e+00 -1.652906036376953125e+01
7.233079075813293457e-01 -1.132139110565185547e+01
9.687373042106628418e-01 -1.803182411193847656e+01
1.484368085861206055e+00 -1.469316959381103516e+01
2.932528495788574219e+00 -1.233268260955810547e+01
-1.506118327379226685e-01 -1.882616615295410156e+01
5.054397583007812500e+00 -1.160212612152099609e+01
1.861193299293518066e+00 -1.970508384704589844e+01
2.267842531204223633e+00 -1.742288017272949219e+01
6.290367245674133301e-01 -7.983514308929443359e+00
4.817830920219421387e-01 -2.003373146057128906e+01
2.743599653244018555e+00 -1.810671043395996094e+01
3.859602808952331543e-01 -1.687581062316894531e+01
-1.377421140670776367e+00 -1.227928829193115234e+01
3.376545667648315430e+00 -1.824734115600585938e+01
6.266002058982849121e-01 -1.248133182525634766e+01
1.202385425567626953e+00 -1.876788330078125000e+01
6.756005883216857910e-01 -1.355551052093505859e+01
2.384422540664672852e+00 -1.694746398925781250e+01
1.555406898260116577e-01 -1.589268684387207031e+01
5.822154045104980469e+00 -1.337936782836914062e+01
2.920583963394165039e+00 -1.272559356689453125e+01
3.758657455444335938e+00 -1.383776950836181641e+01
9.014058709144592285e-01 -8.911085128784179688e+00
7.242195010185241699e-01 -8.433207511901855469e+00
1.420582652091979980e+00 -1.733012390136718750e+01
2.398140430450439453e+00 -1.285566139221191406e+01
5.288009345531463623e-02 -1.351692962646484375e+01
-1.420401811599731445e+00 -1.838251304626464844e+01
2.147773981094360352e+00 -1.535704612731933594e+01
1.240626811981201172e+00 -1.517857456207275391e+01
