-4.549353790283203125e+01 1.027128505706787109e+01 -3.402845382690429688e+01 -5.987864685058593750e+01 7.437149810791015625e+01 -4.113668823242187500e+01 6.624897003173828125e+01 7.292897033691406250e+01 9.779143333435058594e+00 4.477405929565429688e+01
-3.892210006713867188e+01 7.144536018371582031e+00 -2.902450561523437500e+01 -5.258760452270507812e+01 6.792719268798828125e+01 -3.535288619995117188e+01 6.072297286987304688e+01 7.102680969238281250e+01 2.451348304748535156e+00 4.595819091796875000e+01
-4.911715316772460938e+01 1.103859233856201172e+01 -3.973126983642578125e+01 -6.755258178710937500e+01 8.447586822509765625e+01 -4.781418991088867188e+01 7.590912628173828125e+01 8.311778259277343750e+01 9.799086570739746094e+00 5.071217727661132812e+01
-4.287257766723632812e+01 8.407557487487792969e+00 -3.233489990234375000e+01 -5.860831069946289062e+01 7.336225891113281250e+01 -3.876622390747070312e+01 6.713019561767578125e+01 7.648759460449218750e+01 4.181691169738769531e+00 4.804294204711914062e+01
-4.931564331054687500e+01 1.052478313446044922e+01 -3.552813339233398438e+01 -6.575392913818359375e+01 7.870565795898437500e+01 -4.224019622802734375e+01 7.351506805419921875e+01 8.085871124267578125e+01 8.578660011291503906e+00 4.841556167602539062e+01
-2.775584793090820312e+01 5.805619239807128906e+00 -2.730441284179687500e+01 -4.515850830078125000e+01 5.452329254150390625e+01 -3.148760223388671875e+01 5.276369476318359375e+01 5.764007949829101562e+01 3.262793540954589844e+00 3.424679565429687500e+01
-3.766658020019531250e+01 7.148739814758300781e+00 -3.110195922851562500e+01 -5.441285705566406250e+01 6.921778869628906250e+01 -3.744475555419921875e+01 6.397071075439453125e+01 7.350440216064453125e+01 2.083275794982910156e+00 4.634421157836914062e+01
-3.615949249267578125e+01 8.516509056091308594e+00 -3.322435379028320312e+01 -5.513078308105468750e+01 6.589053344726562500e+01 -3.815441894531250000e+01 6.265382385253906250e+01 6.634203338623046875e+01 7.785147666931152344e+00 3.835660934448242188e+01
-4.436531448364257812e+01 9.583041191101074219e+00 -3.434727859497070312e+01 -5.996878814697265625e+01 7.590632629394531250e+01 -4.179398345947265625e+01 6.783152770996093750e+01 7.574938964843750000e+01 7.561438560485839844e+00 4.729943084716796875e+01
-3.285958480834960938e+01 7.580615043640136719e+00 -3.090720176696777344e+01 -5.072804260253906250e+01 6.150644683837890625e+01 -3.553163528442382812e+01 5.808647155761718750e+01 6.239398574829101562e+01 6.142350196838378906e+00 3.670796585083007812e+01
-3.459068679809570312e+01 7.241639137268066406e+00 -3.021390914916992188e+01 -5.092496490478515625e+01 6.373123550415039062e+01 -3.576324844360351562e+01 5.925298690795898438e+01 6.569968414306640625e+01 4.393187522888183594e+00 3.997756958007812500e+01
-3.992204284667968750e+01 9.323163032531738281e+00 -3.567813491821289062e+01 -5.962868118286132812e+01 7.143421173095703125e+01 -4.092023468017578125e+01 6.734155273437500000e+01 7.182093811035156250e+01 8.517165184020996094e+00 4.186916732788085938e+01
-3.516388320922851562e+01 7.082800865173339844e+00 -3.232358551025390625e+01 -5.451045227050781250e+01 6.718785095214843750e+01 -3.800804138183593750e+01 6.397602844238281250e+01 7.145906829833984375e+01 3.062079429626464844e+00 4.332484436035156250e+01
-3.866023254394531250e+01 7.571494102478027344e+00 -3.108687019348144531e+01 -5.432720947265625000e+01 6.915380859375000000e+01 -3.749047851562500000e+01 6.264454650878906250e+01 7.128836059570312500e+01 4.007517814636230469e+00 4.476179122924804688e+01
-4.127728652954101562e+01 9.203892707824707031e+00 -3.392253494262695312e+01 -5.798418426513671875e+01 7.160835266113281250e+01 -4.042276382446289062e+01 6.535955047607421875e+01 7.121240234375000000e+01 8.364930152893066406e+00 4.300989913940429688e+01
-5.101890563964843750e+01 1.158797740936279297e+01 -4.097489547729492188e+01 -7.239733886718750000e+01 8.476174926757812500e+01 -4.755968475341796875e+01 8.098680877685546875e+01 8.632920837402343750e+01 1.082643222808837891e+01 4.974857711791992188e+01
-4.355880355834960938e+01 1.017217159271240234e+01 -3.303411102294921875e+01 -5.872416305541992188e+01 7.060156250000000000e+01 -3.961134338378906250e+01 6.482916259765625000e+01 6.954282379150390625e+01 1.026514148712158203e+01 4.109245300292968750e+01
-3.750303268432617188e+01 7.816969871520996094e+00 -3.078893661499023438e+01 -5.438252639770507812e+01 6.568991088867187500e+01 -3.601880645751953125e+01 6.257280731201171875e+01 6.881826782226562500e+01 4.996338844299316406e+00 4.083868026733398438e+01
-3.523098373413085938e+01 7.469370841979980469e+00 -3.404422378540039062e+01 -5.748533630371093750e+01 6.754711151123046875e+01 -3.882536315917968750e+01 6.719630432128906250e+01 7.296660614013671875e+01 3.752770423889160156e+00 4.238304901123046875e+01
-2.628442573547363281e+01 6.047392845153808594e+00 -2.804198455810546875e+01 -4.420294189453125000e+01 5.339212036132812500e+01 -3.215287017822265625e+01 5.171380615234375000e+01 5.490074539184570312e+01 4.792605400085449219e+00 3.163236808776855469e+01
-4.581161880493164062e+01 9.721707344055175781e+00 -3.419328308105468750e+01 -6.215325927734375000e+01 7.519992065429687500e+01 -4.060456848144531250e+01 7.006462860107421875e+01 7.739492034912109375e+01 7.384016990661621094e+00 4.660483169555664062e+01
-3.082200622558593750e+01 6.981528282165527344e+00 -2.857598304748535156e+01 -4.684833908081054688e+01 5.730175399780273438e+01 -3.288684082031250000e+01 5.363269042968750000e+01 5.791602325439453125e+01 5.742953300476074219e+00 3.427131271362304688e+01
-3.960842514038085938e+01 9.553200721740722656e+00 -3.639591598510742188e+01 -5.989605712890625000e+01 7.217907714843750000e+01 -4.218672943115234375e+01 6.790466308593750000e+01 7.162431335449218750e+01 9.181939125061035156e+00 4.136891555786132812e+01
-3.020046234130859375e+01 6.894680976867675781e+00 -2.977108192443847656e+01 -4.824269485473632812e+01 5.761591720581054688e+01 -3.430477523803710938e+01 5.524225997924804688e+01 5.804336929321289062e+01 6.516064643859863281e+00 3.333547592163085938e+01
-3.074398231506347656e+01 7.311388969421386719e+00 -3.097247123718261719e+01 -4.746551895141601562e+01 5.997203063964843750e+01 -3.579036712646484375e+01 5.458106613159179688e+01 5.852865600585937500e+01 7.033944129943847656e+00 3.497210311889648438e+01
-4.447578811645507812e+01 8.889023780822753906e+00 -3.426537322998046875e+01 -6.126491928100585938e+01 7.589450836181640625e+01 -4.082996368408203125e+01 7.003011322021484375e+01 7.888535308837890625e+01 5.337666511535644531e+00 4.878676605224609375e+01
-3.315493774414062500e+01 6.681777000427246094e+00 -2.990251541137695312e+01 -5.136387634277343750e+01 6.153490447998046875e+01 -3.464683532714843750e+01 5.985142517089843750e+01 6.603577423095703125e+01 3.358952522277832031e+00 3.936916732788085938e+01
-3.753635787963867188e+01 7.648638725280761719e+00 -3.315662002563476562e+01 -5.704066467285156250e+01 6.942492675781250000e+01 -3.857395935058593750e+01 6.640996551513671875e+01 7.394488525390625000e+01 3.542286872863769531e+00 4.470710372924804688e+01
-3.469330978393554688e+01 7.227141380310058594e+00 -3.208368301391601562e+01 -5.389653015136718750e+01 6.589644622802734375e+01 -3.740849685668945312e+01 6.298102951049804688e+01 6.954364013671875000e+01 3.828291893005371094e+00 4.171644973754882812e+01
-4.579834365844726562e+01 1.033673763275146484e+01 -3.847901916503906250e+01 -6.657122039794921875e+01 7.962824249267578125e+01 -4.465424728393554688e+01 7.536214447021484375e+01 8.114356994628906250e+01 8.710249900817871094e+00 4.765771102905273438e+01
-4.075205612182617188e+01 7.296797752380371094e+00 -3.164776992797851562e+01 -5.611532592773437500e+01 7.374697875976562500e+01 -3.895029067993164062e+01 6.602744293212890625e+01 7.766247558593750000e+01 1.204283595085144043e+00 5.066044616699218750e+01
-3.700740814208984375e+01 7.849387168884277344e+00 -3.114568138122558594e+01 -5.509859466552734375e+01 6.495324707031250000e+01 -3.597859191894531250e+01 6.299448013305664062e+01 6.875945281982421875e+01 5.200936317443847656e+00 4.011404037475585938e+01
-3.557471466064453125e+01 7.663435935974121094e+00 -3.042319488525390625e+01 -5.331188964843750000e+01 6.283747482299804688e+01 -3.511840820312500000e+01 6.109404754638671875e+01 6.610452270507812500e+01 5.431563377380371094e+00 3.830075073242187500e+01
-3.201370620727539062e+01 6.375536918640136719e+00 -2.925982093811035156e+01 -5.036011123657226562e+01 5.895966339111328125e+01 -3.410272216796875000e+01 5.823389434814453125e+01 6.307406616210937500e+01 4.075469017028808594e+00 3.706309127807617188e+01
-4.229565811157226562e+01 9.482153892517089844e+00 -3.574693298339843750e+01 -6.048468017578125000e+01 7.431903076171875000e+01 -4.199323272705078125e+01 6.828412628173828125e+01 7.424999237060546875e+01 8.280291557312011719e+00 4.453673171997070312e+01
-4.160903549194335938e+01 8.130782127380371094e+00 -3.309547042846679688e+01 -5.903881072998046875e+01 7.306714630126953125e+01 -3.923075103759765625e+01 6.831163787841796875e+01 7.749777221679687500e+01 3.476647377014160156e+00 4.796146774291992188e+01
-4.409814071655273438e+01 9.097701072692871094e+00 -3.376799011230468750e+01 -6.022665405273437500e+01 7.526484680175781250e+01 -4.065392684936523438e+01 6.841158294677734375e+01 7.679543304443359375e+01 5.987988471984863281e+00 4.765774154663085938e+01
-3.596627426147460938e+01 7.981020927429199219e+00 -3.243415451049804688e+01 -5.399317169189453125e+01 6.665900421142578125e+01 -3.800032806396484375e+01 6.192731094360351562e+01 6.747585296630859375e+01 6.099287986755371094e+00 4.053074264526367188e+01
-4.519707489013671875e+01 1.013666439056396484e+01 -3.820722961425781250e+01 -6.546697235107421875e+01 7.910572814941406250e+01 -4.424734497070312500e+01 7.402095794677734375e+01 8.010916137695312500e+01 8.383986473083496094e+00 4.745520019531250000e+01
-3.868147659301757812e+01 8.285952568054199219e+00 -3.310765457153320312e+01 -5.813407897949218750e+01 6.861311340332031250e+01 -3.821228408813476562e+01 6.666939544677734375e+01 7.261830139160156250e+01 5.354226112365722656e+00 4.268673706054687500e+01
-5.537256240844726562e+01 1.092636013031005859e+01 -3.897087478637695312e+01 -7.148317718505859375e+01 9.202532958984375000e+01 -4.818088531494140625e+01 8.123558807373046875e+01 9.416374206542968750e+01 6.037980079650878906e+00 6.068990707397460938e+01
-3.412382125854492188e+01 7.311350822448730469e+00 -3.234786987304687500e+01 -5.374939727783203125e+01 6.532379150390625000e+01 -3.758022308349609375e+01 6.284252166748046875e+01 6.860397338867187500e+01 4.317179679870605469e+00 4.070456314086914062e+01
-2.118594551086425781e+01 4.890540122985839844e+00 -2.254282379150390625e+01 -3.645892333984375000e+01 4.239225006103515625e+01 -2.535818099975585938e+01 4.246712493896484375e+01 4.503628158569335938e+01 3.392413139343261719e+00 2.535739707946777344e+01
-4.269692611694335938e+01 9.909502983093261719e+00 -3.629982376098632812e+01 -6.219604873657226562e+01 7.438220214843750000e+01 -4.197472381591796875e+01 7.009377288818359375e+01 7.497489929199218750e+01 8.675574302673339844e+00 4.380561065673828125e+01
-5.433253097534179688e+01 1.019474697113037109e+01 -3.368164443969726562e+01 -6.549495697021484375e+01 8.545448303222656250e+01 -4.325260925292968750e+01 7.378752899169921875e+01 8.835870361328125000e+01 5.461935997009277344e+00 5.863843917846679688e+01
-4.165427017211914062e+01 8.223435401916503906e+00 -3.335581970214843750e+01 -5.916014099121093750e+01 7.306655883789062500e+01 -3.915380477905273438e+01 6.818978118896484375e+01 7.705267333984375000e+01 3.946551322937011719e+00 4.746457290649414062e+01
-4.250463104248046875e+01 9.993643760681152344e+00 -3.835435867309570312e+01 -6.515173339843750000e+01 7.603742218017578125e+01 -4.357609176635742188e+01 7.373888397216796875e+01 7.779276275634765625e+01 8.673792839050292969e+00 4.410831069946289062e+01
-3.639780426025390625e+01 8.031329154968261719e+00 -3.145778656005859375e+01 -5.341835784912109375e+01 6.547815704345703125e+01 -3.708979797363281250e+01 6.068792724609375000e+01 6.595626831054687500e+01 6.718361854553222656e+00 3.948669815063476562e+01
-4.577046585083007812e+01 1.028832530975341797e+01 -3.756379318237304688e+01 -6.455491638183593750e+01 7.925889587402343750e+01 -4.451966857910156250e+01 7.305541992187500000e+01 7.933805847167968750e+01 8.857703208923339844e+00 4.766709518432617188e+01
-3.192519378662109375e+01 7.338072776794433594e+00 -3.152551269531250000e+01 -5.107604598999023438e+01 6.095857620239257812e+01 -3.589345550537109375e+01 5.854584121704101562e+01 6.206332778930664062e+01 6.238902091979980469e+00 3.573901367187500000e+01
-4.072902297973632812e+01 8.653372764587402344e+00 -3.378077316284179688e+01 -6.006970596313476562e+01 7.139006805419921875e+01 -3.917559814453125000e+01 6.871665191650390625e+01 7.527859497070312500e+01 5.496888160705566406e+00 4.434513473510742188e+01
-4.634941482543945312e+01 1.038956928253173828e+01 -3.435135650634765625e+01 -6.204929351806640625e+01 7.411711120605468750e+01 -4.095434951782226562e+01 6.853955841064453125e+01 7.412919616699218750e+01 1.006905651092529297e+01 4.393812942504882812e+01
-5.065775680541992188e+01 1.045736598968505859e+01 -3.671770095825195312e+01 -6.735843658447265625e+01 8.232734680175781250e+01 -4.379874420166015625e+01 7.572583770751953125e+01 8.457281494140625000e+01 7.770302772521972656e+00 5.180001449584960938e+01
-4.228993606567382812e+01 9.842669486999511719e+00 -3.339129638671875000e+01 -5.767969512939453125e+01 7.091431427001953125e+01 -4.001975631713867188e+01 6.434059143066406250e+01 6.935938262939453125e+01 9.625910758972167969e+00 4.155282592773437500e+01
-4.712498855590820312e+01 1.078499889373779297e+01 -3.883158874511718750e+01 -6.722365570068359375e+01 8.058485412597656250e+01 -4.521210479736328125e+01 7.557382965087890625e+01 8.118598175048828125e+01 9.699664115905761719e+00 4.766125106811523438e+01
-3.429912948608398438e+01 7.340695381164550781e+00 -3.133935737609863281e+01 -5.302346038818359375e+01 6.420286560058593750e+01 -3.648873519897460938e+01 6.159150695800781250e+01 6.726503753662109375e+01 4.381072044372558594e+00 3.989996337890625000e+01
-3.533575057983398438e+01 8.092314720153808594e+00 -3.186175918579101562e+01 -5.289452362060546875e+01 6.473146057128906250e+01 -3.705775833129882812e+01 6.022243118286132812e+01 6.511149597167968750e+01 6.757472038269042969e+00 3.877449798583984375e+01
-4.144034957885742188e+01 9.223261833190917969e+00 -3.596018981933593750e+01 -6.182182312011718750e+01 7.397643280029296875e+01 -4.159312057495117188e+01 7.048453521728515625e+01 7.622337341308593750e+01 6.916617393493652344e+00 4.474161148071289062e+01
-4.252686691284179688e+01 8.937846183776855469e+00 -3.523808288574218750e+01 -6.306702804565429688e+01 7.384982299804687500e+01 -4.049779510498046875e+01 7.230041503906250000e+01 7.890908813476562500e+01 5.431843757629394531e+00 4.605651092529296875e+01
-3.560758590698242188e+01 8.826865196228027344e+00 -3.561552047729492188e+01 -5.677339935302734375e+01 6.760520935058593750e+01 -4.052428817749023438e+01 6.478031158447265625e+01 6.734239196777343750e+01 8.751759529113769531e+00 3.793808364868164062e+01
-4.857735061645507812e+01 1.017019176483154297e+01 -3.508049774169921875e+01 -6.489708709716796875e+01 7.855657196044921875e+01 -4.173197937011718750e+01 7.275115966796875000e+01 8.094274902343750000e+01 7.493451118469238281e+00 4.924916458129882812e+01
-3.736931991577148438e+01 8.100008964538574219e+00 -3.090545654296875000e+01 -5.338139343261718750e+01 6.574076080322265625e+01 -3.640623474121093750e+01 6.039506530761718750e+01 6.652979278564453125e+01 6.430632591247558594e+00 4.022330856323242188e+01
-5.223495483398437500e+01 1.077548885345458984e+01 -3.669119262695312500e+01 -6.886141204833984375e+01 8.338438415527343750e+01 -4.416851043701171875e+01 7.735250854492187500e+01 8.609320068359375000e+01 7.832507133483886719e+00 5.250096511840820312e+01
-4.245030593872070312e+01 8.746457099914550781e+00 -3.431089019775390625e+01 -6.142776107788085938e+01 7.357582855224609375e+01 -4.041486358642578125e+01 7.045417785644531250e+01 7.732023620605468750e+01 5.612618446350097656e+00 4.619157409667968750e+01
-3.992250442504882812e+01 7.865784645080566406e+00 -2.927993202209472656e+01 -5.326489639282226562e+01 6.762397766113281250e+01 -3.557503890991210938e+01 6.081072998046875000e+01 6.985601043701171875e+01 4.041537284851074219e+00 4.428857803344726562e+01
-3.434065628051757812e+01 7.812745094299316406e+00 -3.119985389709472656e+01 -5.133774566650390625e+01 6.370677185058593750e+01 -3.672487640380859375e+01 5.871503829956054688e+01 6.359573364257812500e+01 6.553643226623535156e+00 3.810412216186523438e+01
-4.735575485229492188e+01 1.068587779998779297e+01 -4.095781326293945312e+01 -7.015988922119140625e+01 8.385581207275390625e+01 -4.744711303710937500e+01 7.972946929931640625e+01 8.532044219970703125e+01 8.812069892883300781e+00 4.975174331665039062e+01
-3.705110931396484375e+01 8.272252082824707031e+00 -3.357062911987304688e+01 -5.597547149658203125e+01 6.862377166748046875e+01 -3.929609298706054688e+01 6.466716766357421875e+01 7.005590057373046875e+01 6.182467460632324219e+00 4.181146621704101562e+01
-4.519953155517578125e+01 1.000034618377685547e+01 -3.669259643554687500e+01 -6.375854110717773438e+01 7.762688446044921875e+01 -4.344221496582031250e+01 7.182965087890625000e+01 7.807214355468750000e+01 8.759808540344238281e+00 4.672471618652343750e+01
-3.642455673217773438e+01 7.012610435485839844e+00 -2.882132530212402344e+01 -5.106407165527343750e+01 6.418701934814453125e+01 -3.453863525390625000e+01 5.826660919189453125e+01 6.644604492187500000e+01 4.072136878967285156e+00 4.155852890014648438e+01
-4.277621078491210938e+01 1.047362041473388672e+01 -3.707341384887695312e+01 -6.162322235107421875e+01 7.476010131835937500e+01 -4.382711791992187500e+01 6.881884765625000000e+01 7.267094421386718750e+01 1.112275981903076172e+01 4.247998809814453125e+01
-3.685393142700195312e+01 8.323639869689941406e+00 -3.201872634887695312e+01 -5.360433959960937500e+01 6.690566253662109375e+01 -3.762964248657226562e+01 6.121465301513671875e+01 6.709814453125000000e+01 6.411141395568847656e+00 4.081906509399414062e+01
-3.123096847534179688e+01 7.224902153015136719e+00 -2.919751739501953125e+01 -4.812762451171875000e+01 5.821390533447265625e+01 -3.360610961914062500e+01 5.486650848388671875e+01 5.891221237182617188e+01 6.221137046813964844e+00 3.456235885620117188e+01
-3.974356460571289062e+01 9.084746360778808594e+00 -3.344987106323242188e+01 -5.658990859985351562e+01 6.969388580322265625e+01 -3.945714950561523438e+01 6.379925537109375000e+01 6.934367370605468750e+01 8.199221611022949219e+00 4.157656860351562500e+01
-4.668443679809570312e+01 1.001695537567138672e+01 -3.495327377319335938e+01 -6.068125534057617188e+01 7.954941558837890625e+01 -4.336710739135742188e+01 6.867575836181640625e+01 7.787101745605468750e+01 7.758427619934082031e+00 4.996834182739257812e+01
-2.825499153137207031e+01 6.108988761901855469e+00 -2.818477439880371094e+01 -4.620960998535156250e+01 5.581254196166992188e+01 -3.262663269042968750e+01 5.413238143920898438e+01 5.855364227294921875e+01 3.742482185363769531e+00 3.432551574707031250e+01
-2.799157524108886719e+01 6.110918998718261719e+00 -2.815599441528320312e+01 -4.559623718261718750e+01 5.544389343261718750e+01 -3.269200897216796875e+01 5.325467681884765625e+01 5.731963729858398438e+01 4.338469505310058594e+00 3.361616897583007812e+01
-3.962918090820312500e+01 8.559235572814941406e+00 -3.345502090454101562e+01 -5.931008148193359375e+01 6.938357543945312500e+01 -3.856955718994140625e+01 6.807340240478515625e+01 7.361099243164062500e+01 5.579066276550292969e+00 4.254975509643554688e+01
-4.078171157836914062e+01 1.017335414886474609e+01 -3.764369964599609375e+01 -6.147482681274414062e+01 7.332422637939453125e+01 -4.363108062744140625e+01 6.925717163085937500e+01 7.171627044677734375e+01 1.086611461639404297e+01 4.061579513549804688e+01
-4.934020614624023438e+01 1.079435634613037109e+01 -3.967907333374023438e+01 -6.841580200195312500e+01 8.523796081542968750e+01 -4.743148422241210938e+01 7.724097442626953125e+01 8.514651489257812500e+01 8.983880043029785156e+00 5.209032058715820312e+01
-4.942613983154296875e+01 1.055509090423583984e+01 -3.661843109130859375e+01 -6.671632385253906250e+01 8.083511352539062500e+01 -4.358559417724609375e+01 7.513784027099609375e+01 8.294962310791015625e+01 8.104125022888183594e+00 5.006721115112304688e+01
-4.619823074340820312e+01 1.044436168670654297e+01 -3.499174118041992188e+01 -6.276216125488281250e+01 7.488383483886718750e+01 -4.131039428710937500e+01 6.970960998535156250e+01 7.549576568603515625e+01 9.681498527526855469e+00 4.451779556274414062e+01
-4.273427200317382812e+01 8.977784156799316406e+00 -3.272854995727539062e+01 -5.937945556640625000e+01 7.130841827392578125e+01 -3.878218841552734375e+01 6.716321563720703125e+01 7.375732421875000000e+01 6.650969505310058594e+00 4.410863113403320312e+01
-4.265906143188476562e+01 9.824797630310058594e+00 -3.594300460815429688e+01 -6.093233871459960938e+01 7.413454437255859375e+01 -4.222774124145507812e+01 6.859331512451171875e+01 7.370722198486328125e+01 9.285519599914550781e+00 4.357687377929687500e+01
-4.089487838745117188e+01 9.641396522521972656e+00 -3.643027114868164062e+01 -6.120458221435546875e+01 7.269100952148437500e+01 -4.192171859741210938e+01 6.916603851318359375e+01 7.314295959472656250e+01 9.039362907409667969e+00 4.208892059326171875e+01
-3.969282913208007812e+01 7.608143806457519531e+00 -2.953074455261230469e+01 -5.287348556518554688e+01 6.855898284912109375e+01 -3.622132110595703125e+01 6.061283874511718750e+01 7.037263488769531250e+01 3.906472206115722656e+00 4.552550888061523438e+01
-3.588312530517578125e+01 8.298182487487792969e+00 -3.489692306518554688e+01 -5.723427963256835938e+01 6.768262481689453125e+01 -3.983587646484375000e+01 6.555902862548828125e+01 6.911146545410156250e+01 7.481587409973144531e+00 3.928096008300781250e+01
-4.158042144775390625e+01 8.429766654968261719e+00 -3.516104125976562500e+01 -6.084762573242187500e+01 7.521260833740234375e+01 -4.150465011596679688e+01 7.050264739990234375e+01 7.893096923828125000e+01 4.544909477233886719e+00 4.837761306762695312e+01
-4.181037902832031250e+01 8.994517326354980469e+00 -3.370783615112304688e+01 -5.775913238525390625e+01 7.240705871582031250e+01 -4.032413101196289062e+01 6.534626007080078125e+01 7.238450622558593750e+01 7.315154075622558594e+00 4.454907608032226562e+01
-4.322101974487304688e+01 7.992754936218261719e+00 -3.362325286865234375e+01 -6.016091156005859375e+01 7.654669952392578125e+01 -4.058822631835937500e+01 7.004155731201171875e+01 8.097814941406250000e+01 2.573639869689941406e+00 5.162249755859375000e+01
-4.031328964233398438e+01 7.954367637634277344e+00 -3.093740844726562500e+01 -5.408881378173828125e+01 7.137542724609375000e+01 -3.821578598022460938e+01 6.233586883544921875e+01 7.238124847412109375e+01 3.969691276550292969e+00 4.710093307495117188e+01
-3.890665435791015625e+01 8.930665016174316406e+00 -3.365044021606445312e+01 -5.654786682128906250e+01 6.971224975585937500e+01 -3.960270690917968750e+01 6.425493621826171875e+01 6.973650360107421875e+01 7.578396797180175781e+00 4.185884857177734375e+01
-3.281296157836914062e+01 7.670241355895996094e+00 -3.081333160400390625e+01 -4.952098846435546875e+01 6.211163330078125000e+01 -3.618912506103515625e+01 5.686161804199218750e+01 6.120649337768554688e+01 6.760052680969238281e+00 3.670331192016601562e+01
-4.252742385864257812e+01 9.392880439758300781e+00 -3.554798507690429688e+01 -6.010791015625000000e+01 7.512069702148437500e+01 -4.250569915771484375e+01 6.823671722412109375e+01 7.468151855468750000e+01 7.956078529357910156e+00 4.535737228393554688e+01
-4.073452758789062500e+01 8.157713890075683594e+00 -3.298647308349609375e+01 -5.794723510742187500e+01 7.187687683105468750e+01 -3.910230636596679688e+01 6.687758636474609375e+01 7.508258056640625000e+01 4.515763282775878906e+00 4.632957458496093750e+01
-4.958942031860351562e+01 1.068449687957763672e+01 -3.644600677490234375e+01 -6.773575592041015625e+01 7.973609161376953125e+01 -4.292748260498046875e+01 7.574727630615234375e+01 8.241848754882812500e+01 8.592671394348144531e+00 4.861517333984375000e+01
-4.713932800292968750e+01 1.022627925872802734e+01 -3.692041397094726562e+01 -6.636940765380859375e+01 7.866769409179687500e+01 -4.304560089111328125e+01 7.476465606689453125e+01 8.106784057617187500e+01 8.297038078308105469e+00 4.782640457153320312e+01
-4.396598434448242188e+01 8.551037788391113281e+00 -3.339762496948242188e+01 -6.016804885864257812e+01 7.554646301269531250e+01 -4.012719726562500000e+01 6.895894622802734375e+01 7.863391876220703125e+01 4.455317497253417969e+00 4.938786697387695312e+01
-3.388599777221679688e+01 6.892809867858886719e+00 -3.097512817382812500e+01 -5.299719238281250000e+01 6.415766906738281250e+01 -3.601276779174804688e+01 6.205640411376953125e+01 6.887007904052734375e+01 2.859105110168457031e+00 4.141958618164062500e+01
-2.466048240661621094e+01 5.637501716613769531e+00 -2.762568855285644531e+01 -4.423122024536132812e+01 5.055405807495117188e+01 -3.076508712768554688e+01 5.170997238159179688e+01 5.416325759887695312e+01 3.948466300964355469e+00 2.997269630432128906e+01
-4.246013259887695312e+01 9.799666404724121094e+00 -3.845681762695312500e+01 -6.368778610229492188e+01 7.711141967773437500e+01 -4.460482788085937500e+01 7.220314788818359375e+01 7.726673126220703125e+01 8.909394264221191406e+00 4.528601455688476562e+01
-3.776023864746093750e+01 9.423899650573730469e+00 -3.382399749755859375e+01 -5.527972412109375000e+01 6.696098327636718750e+01 -3.989796829223632812e+01 6.178177261352539062e+01 6.427089691162109375e+01 1.067467975616455078e+01 3.699594497680664062e+01
-4.527894973754882812e+01 1.019392299652099609e+01 -3.724645996093750000e+01 -6.327515411376953125e+01 7.942657470703125000e+01 -4.477592468261718750e+01 7.160521697998046875e+01 7.854059600830078125e+01 8.658154487609863281e+00 4.793514633178710938e+01
-4.063805389404296875e+01 7.873957633972167969e+00 -3.174422264099121094e+01 -5.588761520385742188e+01 7.140171813964843750e+01 -3.824420166015625000e+01 6.448044586181640625e+01 7.380055999755859375e+01 3.909115791320800781e+00 4.684278106689453125e+01
-2.784907341003417969e+01 6.021836280822753906e+00 -2.704096603393554688e+01 -4.508155059814453125e+01 5.380516433715820312e+01 -3.094816207885742188e+01 5.265484619140625000e+01 5.724970626831054688e+01 3.426798820495605469e+00 3.356348800659179688e+01
-3.289106369018554688e+01 6.711810111999511719e+00 -3.088644790649414062e+01 -5.216975021362304688e+01 6.282537841796875000e+01 -3.565242385864257812e+01 6.117049407958984375e+01 6.762091064453125000e+01 2.985638618469238281e+00 4.025169754028320312e+01
-3.851896667480468750e+01 8.901625633239746094e+00 -3.430587387084960938e+01 -5.681354904174804688e+01 6.964370727539062500e+01 -4.011489486694335938e+01 6.419803619384765625e+01 6.906796264648437500e+01 8.081490516662597656e+00 4.103456497192382812e+01
-3.653480148315429688e+01 8.946372032165527344e+00 -3.390365982055664062e+01 -5.455824279785156250e+01 6.713862609863281250e+01 -3.956664657592773438e+01 6.177880859375000000e+01 6.555683898925781250e+01 8.770148277282714844e+00 3.841491699218750000e+01
-4.588951492309570312e+01 1.035281658172607422e+01 -4.005491256713867188e+01 -6.878263092041015625e+01 8.079164123535156250e+01 -4.583518218994140625e+01 7.802539062500000000e+01 8.319393920898437500e+01 8.720204353332519531e+00 4.788381576538085938e+01
-4.592926788330078125e+01 1.070364093780517578e+01 -3.662062454223632812e+01 -6.329522705078125000e+01 7.733842468261718750e+01 -4.372245025634765625e+01 7.051972198486328125e+01 7.591296386718750000e+01 1.049048900604248047e+01 4.521903610229492188e+01
-3.708691787719726562e+01 7.998974800109863281e+00 -3.115045738220214844e+01 -5.314128112792968750e+01 6.592089080810546875e+01 -3.697478866577148438e+01 6.066825485229492188e+01 6.648880004882812500e+01 6.459948539733886719e+00 4.021289062500000000e+01
-4.314387130737304688e+01 1.003563213348388672e+01 -3.974942016601562500e+01 -6.739836883544921875e+01 7.828797912597656250e+01 -4.510542297363281250e+01 7.629249572753906250e+01 8.016854858398437500e+01 8.834496498107910156e+00 4.523438644409179688e+01
-4.364715576171875000e+01 8.456370353698730469e+00 -3.400597381591796875e+01 -6.121695709228515625e+01 7.542593383789062500e+01 -4.027299880981445312e+01 7.017867279052734375e+01 7.941970825195312500e+01 4.186360359191894531e+00 4.905847549438476562e+01
-4.874345397949218750e+01 9.256358146667480469e+00 -3.498192596435546875e+01 -6.471817016601562500e+01 8.239306640625000000e+01 -4.239501953125000000e+01 7.414849090576171875e+01 8.618482971191406250e+01 3.833363533020019531e+00 5.518997192382812500e+01
-3.603791427612304688e+01 8.824696540832519531e+00 -3.490483474731445312e+01 -5.776634979248046875e+01 6.429343414306640625e+01 -3.710262680053710938e+01 6.344300842285156250e+01 6.756442260742187500e+01 7.630152702331542969e+00 3.562933349609375000e+01
-3.314392089843750000e+01 7.417654991149902344e+00 -2.977996826171875000e+01 -4.890633392333984375e+01 6.153153228759765625e+01 -3.531013870239257812e+01 5.610201263427734375e+01 6.141929244995117188e+01 5.966235160827636719e+00 3.732484054565429688e+01
-4.462990188598632812e+01 1.034112071990966797e+01 -3.792924118041992188e+01 -6.437977600097656250e+01 7.843565368652343750e+01 -4.469021987915039062e+01 7.274611663818359375e+01 7.805665588378906250e+01 9.478611946105957031e+00 4.607255172729492188e+01
-5.061724853515625000e+01 9.992991447448730469e+00 -3.636024093627929688e+01 -6.599097442626953125e+01 8.446938323974609375e+01 -4.450859832763671875e+01 7.517673492431640625e+01 8.679411315917968750e+01 5.751975059509277344e+00 5.566521835327148438e+01
-4.485282897949218750e+01 8.696619987487792969e+00 -3.444878768920898438e+01 -6.108469772338867188e+01 7.835752868652343750e+01 -4.172009277343750000e+01 7.057833862304687500e+01 8.111512756347656250e+01 3.835167884826660156e+00 5.155585861206054688e+01
-4.101778411865234375e+01 9.739226341247558594e+00 -3.719337081909179688e+01 -6.216830062866210938e+01 7.342753601074218750e+01 -4.260238647460937500e+01 7.028603363037109375e+01 7.398815917968750000e+01 9.247012138366699219e+00 4.218818664550781250e+01
-3.768767166137695312e+01 8.702340126037597656e+00 -3.382223510742187500e+01 -5.637905120849609375e+01 6.777395629882812500e+01 -3.920756912231445312e+01 6.375475311279296875e+01 6.803094482421875000e+01 8.093550682067871094e+00 3.975974273681640625e+01
-3.684800338745117188e+01 7.390387535095214844e+00 -3.087297248840332031e+01 -5.377174377441406250e+01 6.618206787109375000e+01 -3.627835845947265625e+01 6.166516113281250000e+01 6.881258392333984375e+01 4.398522377014160156e+00 4.191833114624023438e+01
-4.829547119140625000e+01 1.069484233856201172e+01 -3.932332611083984375e+01 -6.826013946533203125e+01 8.346564483642578125e+01 -4.639524841308593750e+01 7.740084075927734375e+01 8.431118011474609375e+01 8.804406166076660156e+00 5.062046813964843750e+01
-3.483510971069335938e+01 7.742253303527832031e+00 -3.069999504089355469e+01 -5.125127792358398438e+01 6.407614135742187500e+01 -3.637547683715820312e+01 5.866489410400390625e+01 6.431523132324218750e+01 6.058684349060058594e+00 3.916423797607421875e+01
-3.847160720825195312e+01 7.452328681945800781e+00 -2.730578231811523438e+01 -4.919202423095703125e+01 6.559959411621093750e+01 -3.456692123413085938e+01 5.618868637084960938e+01 6.605970764160156250e+01 3.811505317687988281e+00 4.361341476440429688e+01
-3.417492294311523438e+01 7.796738624572753906e+00 -3.295899200439453125e+01 -5.382456207275390625e+01 6.398437881469726562e+01 -3.768812942504882812e+01 6.149648666381835938e+01 6.508106994628906250e+01 7.181778907775878906e+00 3.731061553955078125e+01
-4.864686965942382812e+01 1.083144664764404297e+01 -3.659570312500000000e+01 -6.429746246337890625e+01 8.008232116699218750e+01 -4.431987762451171875e+01 7.140138244628906250e+01 7.876105499267578125e+01 9.879284858703613281e+00 4.845634078979492188e+01
-3.221371078491210938e+01 6.554898262023925781e+00 -2.963479614257812500e+01 -5.080963897705078125e+01 6.060363769531250000e+01 -3.432533264160156250e+01 5.936719512939453125e+01 6.559152221679687500e+01 2.907008171081542969e+00 3.893229293823242188e+01
-4.280992507934570312e+01 9.300904273986816406e+00 -3.454364776611328125e+01 -6.070299530029296875e+01 7.351930999755859375e+01 -4.075553894042968750e+01 6.882419586181640625e+01 7.538384246826171875e+01 7.026228904724121094e+00 4.515567398071289062e+01
-2.751684951782226562e+01 6.155293464660644531e+00 -2.884274482727050781e+01 -4.667163848876953125e+01 5.521346664428710938e+01 -3.270765686035156250e+01 5.465366363525390625e+01 5.837490081787109375e+01 3.907225608825683594e+00 3.348756790161132812e+01
-5.215748977661132812e+01 1.027722644805908203e+01 -3.092238616943359375e+01 -5.835745239257812500e+01 8.468955230712890625e+01 -4.351061248779296875e+01 6.684117889404296875e+01 8.225121307373046875e+01 5.819598197937011719e+00 5.879605484008789062e+01
-3.591595840454101562e+01 7.223679542541503906e+00 -3.325315856933593750e+01 -5.666218185424804688e+01 6.853874969482421875e+01 -3.857306289672851562e+01 6.655579376220703125e+01 7.404437255859375000e+01 2.565741539001464844e+00 4.457904434204101562e+01
-2.740648269653320312e+01 6.057318687438964844e+00 -2.775964927673339844e+01 -4.521646881103515625e+01 5.351716613769531250e+01 -3.167560577392578125e+01 5.255258941650390625e+01 5.615678787231445312e+01 4.376448631286621094e+00 3.242412185668945312e+01
-4.336625289916992188e+01 9.498637199401855469e+00 -3.617628097534179688e+01 -6.175522232055664062e+01 7.646213531494140625e+01 -4.266129684448242188e+01 7.041734313964843750e+01 7.729505920410156250e+01 7.253336906433105469e+00 4.687916183471679688e+01
-3.723363113403320312e+01 9.062901496887207031e+00 -3.560259628295898438e+01 -5.861381149291992188e+01 6.873289489746093750e+01 -4.047594070434570312e+01 6.678553771972656250e+01 6.939451599121093750e+01 8.654562950134277344e+00 3.900322341918945312e+01
-3.756860351562500000e+01 7.968943595886230469e+00 -3.310470199584960938e+01 -5.650170898437500000e+01 6.890753173828125000e+01 -3.874136734008789062e+01 6.543798065185546875e+01 7.180044555664062500e+01 4.684803962707519531e+00 4.310526657104492188e+01
-4.259090805053710938e+01 9.162302970886230469e+00 -3.510775756835937500e+01 -6.163433074951171875e+01 7.404023742675781250e+01 -4.097573852539062500e+01 7.025490570068359375e+01 7.638477325439453125e+01 6.896315574645996094e+00 4.531835937500000000e+01
-3.366959762573242188e+01 7.966345787048339844e+00 -3.075946426391601562e+01 -5.060116577148437500e+01 6.098668289184570312e+01 -3.574568557739257812e+01 5.722181701660156250e+01 6.049808883666992188e+01 7.714161872863769531e+00 3.516136550903320312e+01
-3.420788192749023438e+01 6.810696601867675781e+00 -3.054138946533203125e+01 -5.234947967529296875e+01 6.404188537597656250e+01 -3.578966522216796875e+01 6.139505004882812500e+01 6.867984771728515625e+01 2.774598121643066406e+00 4.178353118896484375e+01
-5.269049453735351562e+01 1.119091320037841797e+01 -3.765535354614257812e+01 -6.903002166748046875e+01 8.468005371093750000e+01 -4.527689361572265625e+01 7.736452484130859375e+01 8.625736999511718750e+01 9.053013801574707031e+00 5.286576461791992188e+01
-3.859198760986328125e+01 9.481286048889160156e+00 -3.652727508544921875e+01 -5.935108184814453125e+01 7.101367187500000000e+01 -4.205062866210937500e+01 6.710311126708984375e+01 7.012288665771484375e+01 9.435576438903808594e+00 3.994884109497070312e+01
-4.270473098754882812e+01 8.593384742736816406e+00 -3.225883102416992188e+01 -5.799386596679687500e+01 7.321780395507812500e+01 -3.898065185546875000e+01 6.624454498291015625e+01 7.514627075195312500e+01 4.819788932800292969e+00 4.721668624877929688e+01
-3.521010208129882812e+01 8.060587882995605469e+00 -3.207603836059570312e+01 -5.516277313232421875e+01 6.339269256591796875e+01 -3.636378860473632812e+01 6.298856735229492188e+01 6.653488922119140625e+01 6.360056877136230469e+00 3.726313781738281250e+01
-2.495763778686523438e+01 5.737927436828613281e+00 -2.667375564575195312e+01 -4.201494216918945312e+01 5.089441680908203125e+01 -3.055044555664062500e+01 4.925283050537109375e+01 5.266982269287109375e+01 4.293274879455566406e+00 3.038769340515136719e+01
-4.213750457763671875e+01 9.290286064147949219e+00 -3.700337982177734375e+01 -6.436058807373046875e+01 7.524275207519531250e+01 -4.251904678344726562e+01 7.375807952880859375e+01 7.917421722412109375e+01 6.643094062805175781e+00 4.561505508422851562e+01
-4.171394348144531250e+01 9.476149559020996094e+00 -3.616705322265625000e+01 -6.136320114135742188e+01 7.390451049804687500e+01 -4.184591293334960938e+01 6.966553497314453125e+01 7.510974884033203125e+01 7.612187385559082031e+00 4.446446609497070312e+01
-5.026045608520507812e+01 1.071158123016357422e+01 -3.515513610839843750e+01 -6.618368530273437500e+01 7.883035278320312500e+01 -4.190383148193359375e+01 7.370928955078125000e+01 8.140618896484375000e+01 8.525378227233886719e+00 4.892882156372070312e+01
-3.573077011108398438e+01 7.674382209777832031e+00 -3.308658218383789062e+01 -5.553319549560546875e+01 6.644390869140625000e+01 -3.833227539062500000e+01 6.428456878662109375e+01 6.937239074707031250e+01 5.509799003601074219e+00 4.050551986694335938e+01
-3.626744461059570312e+01 7.116885185241699219e+00 -3.026274871826171875e+01 -5.270858764648437500e+01 6.633719635009765625e+01 -3.626699829101562500e+01 6.160786437988281250e+01 6.998144531250000000e+01 2.893443107604980469e+00 4.378046035766601562e+01
-3.330143356323242188e+01 8.069605827331542969e+00 -3.342713546752929688e+01 -5.351068115234375000e+01 6.424609375000000000e+01 -3.823399734497070312e+01 6.143053054809570312e+01 6.453100585937500000e+01 7.410891532897949219e+00 3.694319915771484375e+01
-3.191962242126464844e+01 6.717640876770019531e+00 -2.962625312805175781e+01 -4.928334808349609375e+01 6.080076217651367188e+01 -3.482944107055664062e+01 5.747782897949218750e+01 6.306065368652343750e+01 4.155478477478027344e+00 3.783196258544921875e+01
-5.029758453369140625e+01 1.066981792449951172e+01 -3.710697174072265625e+01 -6.849155426025390625e+01 8.064527893066406250e+01 -4.362380218505859375e+01 7.684206390380859375e+01 8.399176025390625000e+01 8.629096031188964844e+00 4.945375823974609375e+01
-4.325098800659179688e+01 9.074816703796386719e+00 -3.552127838134765625e+01 -6.315715789794921875e+01 7.577695465087890625e+01 -4.146027374267578125e+01 7.243549346923828125e+01 7.961817932128906250e+01 5.552401542663574219e+00 4.737773513793945312e+01
-4.640272903442382812e+01 1.131404399871826172e+01 -4.015353775024414062e+01 -6.838288116455078125e+01 7.984600067138671875e+01 -4.630713272094726562e+01 7.631601715087890625e+01 7.948168182373046875e+01 1.183437252044677734e+01 4.487900161743164062e+01
-3.668867111206054688e+01 7.488413810729980469e+00 -3.257603836059570312e+01 -5.644068145751953125e+01 6.822108459472656250e+01 -3.816037368774414062e+01 6.587197875976562500e+01 7.284272766113281250e+01 3.513913154602050781e+00 4.371309280395507812e+01
-3.882968521118164062e+01 9.456101417541503906e+00 -3.684208297729492188e+01 -6.094589233398437500e+01 7.088131713867187500e+01 -4.165754318237304688e+01 6.880947113037109375e+01 7.120840454101562500e+01 9.465775489807128906e+00 3.971969223022460938e+01
-4.222291946411132812e+01 1.003623294830322266e+01 -3.625331497192382812e+01 -6.135591888427734375e+01 7.327807617187500000e+01 -4.211161804199218750e+01 6.873171234130859375e+01 7.281650543212890625e+01 9.971796989440917969e+00 4.220918273925781250e+01
-3.774448013305664062e+01 7.976099967956542969e+00 -3.102889060974121094e+01 -5.483425140380859375e+01 6.609692382812500000e+01 -3.633204650878906250e+01 6.292581558227539062e+01 6.930338287353515625e+01 5.078482627868652344e+00 4.117245101928710938e+01
-3.930077743530273438e+01 8.482947349548339844e+00 -3.362782287597656250e+01 -5.970767211914062500e+01 6.904122924804687500e+01 -3.839139556884765625e+01 6.835042572021484375e+01 7.362397766113281250e+01 5.661458015441894531e+00 4.227760696411132812e+01
-4.704184341430664062e+01 9.035445213317871094e+00 -3.364672470092773438e+01 -6.267967605590820312e+01 7.811491394042968750e+01 -4.046999359130859375e+01 7.154538726806640625e+01 8.197639465332031250e+01 4.265301704406738281e+00 5.158977127075195312e+01
-4.497681808471679688e+01 9.492888450622558594e+00 -3.738285446166992188e+01 -6.669490814208984375e+01 7.867153930664062500e+01 -4.326910400390625000e+01 7.659555816650390625e+01 8.355996704101562500e+01 5.737994194030761719e+00 4.893972396850585938e+01
-5.191232681274414062e+01 1.119083309173583984e+01 -3.865912246704101562e+01 -6.853681182861328125e+01 8.588259887695312500e+01 -4.696521759033203125e+01 7.669014739990234375e+01 8.563018798828125000e+01 9.460196495056152344e+00 5.325459671020507812e+01
-2.984013557434082031e+01 7.084658622741699219e+00 -3.081056404113769531e+01 -5.012501907348632812e+01 5.720767974853515625e+01 -3.450891113281250000e+01 5.728700256347656250e+01 5.904917526245117188e+01 6.964293479919433594e+00 3.235861206054687500e+01
-3.699174880981445312e+01 8.012156486511230469e+00 -3.239186859130859375e+01 -5.534067153930664062e+01 6.664309692382812500e+01 -3.746987152099609375e+01 6.372958755493164062e+01 6.935647583007812500e+01 5.378104209899902344e+00 4.110004425048828125e+01
-4.284057235717773438e+01 8.944296836853027344e+00 -3.451508331298828125e+01 -6.207969665527343750e+01 7.392427825927734375e+01 -4.008156585693359375e+01 7.103031158447265625e+01 7.815872192382812500e+01 5.318585395812988281e+00 4.644754028320312500e+01
-4.971297836303710938e+01 9.354491233825683594e+00 -3.475990676879882812e+01 -6.509044647216796875e+01 8.277754211425781250e+01 -4.254467010498046875e+01 7.438880920410156250e+01 8.684275817871093750e+01 3.849776268005371094e+00 5.588385009765625000e+01
-5.254739379882812500e+01 9.756281852722167969e+00 -3.542966461181640625e+01 -6.716289520263671875e+01 8.593193054199218750e+01 -4.376659393310546875e+01 7.653800201416015625e+01 8.956317138671875000e+01 4.463496208190917969e+00 5.801137161254882812e+01
-3.353165054321289062e+01 7.116669654846191406e+00 -3.033267593383789062e+01 -5.258580017089843750e+01 6.170869445800781250e+01 -3.504008483886718750e+01 6.088377380371093750e+01 6.616159057617187500e+01 4.181971549987792969e+00 3.869858169555664062e+01
-4.271536636352539062e+01 8.931834220886230469e+00 -3.544920349121093750e+01 -6.386201858520507812e+01 7.427503967285156250e+01 -4.062624359130859375e+01 7.322176361083984375e+01 7.976437377929687500e+01 5.274874687194824219e+00 4.636723709106445312e+01
