1.092324376106262207e+00 8.727537393569946289e-01 -3.592845678329467773e+00 5.356080055236816406e+00 -1.986667633056640625e+00 9.596207737922668457e-01 -5.960013866424560547e+00 2.459337472915649414e+00 -3.176989793777465820e+00 3.670730113983154297e+00 -1.200648665428161621e+00 3.062774419784545898e+00 -1.008703708648681641e+01 -2.139798879623413086e+00 -3.822693347930908203e+00
1.217293977737426758e+00 1.057309746742248535e+00 -5.105452060699462891e+00 3.787750720977783203e+00 -6.100986599922180176e-01 1.066511392593383789e+00 -5.372751712799072266e+00 6.858327388763427734e-01 -3.886747598648071289e+00 3.489981412887573242e+00 -2.564227819442749023e+00 1.764578819274902344e+00 -7.765011310577392578e+00 -2.510690927505493164e+00 -3.712850093841552734e+00
2.175025701522827148e+00 9.234341382980346680e-01 -2.664634704589843750e+00 -8.043020218610763550e-02 -3.754139423370361328e+00 -9.245604276657104492e-01 -5.218397140502929688e+00 5.538915634155273438e+00 -2.643608331680297852e+00 -1.422686934471130371e+00 -4.043909311294555664e-01 -2.070149660110473633e+00 -7.997099876403808594e+00 -4.005220413208007812e+00 -1.784485578536987305e+00
2.961064100265502930e+00 4.980461120605468750e+00 -2.242565393447875977e+00 -2.413365602493286133e+00 3.254075288772583008e+00 1.410852789878845215e+00 -2.577757358551025391e+00 2.214916944503784180e+00 -9.983460605144500732e-02 -4.453402996063232422e+00 1.200397610664367676e+00 -2.492721229791641235e-01 -5.055612564086914062e+00 -4.605691432952880859e+00 -7.479534149169921875e+00
5.663520812988281250e+00 4.436193466186523438e+00 -2.905066013336181641e+00 3.246590495109558105e-01 -2.326489686965942383e+00 1.949868321418762207e+00 -2.292901754379272461e+00 5.204759597778320312e+00 -3.316815614700317383e+00 -1.663794398307800293e+00 3.507444381713867188e+00 -1.687206268310546875e+00 -7.155939579010009766e+00 -4.226356029510498047e+00 -2.661544561386108398e+00
-4.924749210476875305e-02 -3.406017780303955078e+00 -1.253740429878234863e+00 2.205114126205444336e+00 -5.612662315368652344e+00 -4.582381248474121094e+00 7.603061199188232422e-02 5.592172145843505859e-01 -4.677217960357666016e+00 1.569013476371765137e+00 3.622774124145507812e+00 -4.773364067077636719e+00 -9.183002710342407227e-01 -3.678625822067260742e+00 -3.235689640045166016e+00
1.118747591972351074e+00 1.496185213327407837e-01 -3.337001800537109375e+00 3.101573705673217773e+00 -3.841857194900512695e+00 -1.439884901046752930e-01 -4.129310131072998047e+00 1.980117201805114746e+00 -4.423141479492187500e+00 3.702875375747680664e+00 -1.382302165031433105e+00 2.222639083862304688e+00 -7.683990955352783203e+00 -9.095976948738098145e-01 -3.450782299041748047e+00
1.655174136161804199e+00 9.189187288284301758e-01 -5.002178668975830078e+00 -3.181446194648742676e-01 4.433805346488952637e-01 2.914135932922363281e+00 -2.180665016174316406e+00 7.145360946655273438e+00 7.808471918106079102e-01 -6.367272853851318359e+00 -1.330321192741394043e+00 3.359549045562744141e-01 -6.785353660583496094e+00 -4.298914432525634766e+00 -5.135796070098876953e-01
1.169468183070421219e-02 -2.078588962554931641e+00 1.628429174423217773e+00 3.013663530349731445e+00 -5.131300449371337891e+00 -5.121439456939697266e+00 -2.093517780303955078e-01 -2.199611067771911621e-01 -3.438447952270507812e+00 2.494425058364868164e+00 5.003291130065917969e+00 -5.085343360900878906e+00 -2.773062705993652344e+00 -2.187741041183471680e+00 -3.344140291213989258e+00
4.424412250518798828e+00 -1.548139333724975586e+00 2.719512939453125000e+00 5.157878875732421875e+00 -3.369408369064331055e+00 -2.494926452636718750e+00 -4.804429054260253906e+00 -1.498657464981079102e+00 -4.997918128967285156e+00 -2.242233514785766602e+00 3.458680629730224609e+00 5.000388622283935547e-01 -4.318183898925781250e+00 -5.555448055267333984e+00 -5.997715950012207031e+00
9.315542221069335938e+00 3.100364923477172852e+00 5.681487917900085449e-01 5.325821399688720703e+00 -1.326506018638610840e+00 9.820034503936767578e-01 -2.452393054962158203e+00 3.062793254852294922e+00 -1.036372423171997070e+00 4.548150539398193359e+00 6.021945476531982422e+00 2.478316545486450195e+00 1.074275672435760498e-01 -3.099934339523315430e+00 6.861183643341064453e-01
5.549925565719604492e-01 2.236371040344238281e+00 -9.816386699676513672e-01 2.913432359695434570e+00 -2.751654863357543945e+00 -1.195703625679016113e+00 -1.290032863616943359e+00 5.259540557861328125e+00 -9.281507492065429688e+00 9.286296963691711426e-01 -3.500112295150756836e-01 4.779267907142639160e-01 -1.732971906661987305e+00 -1.529526710510253906e+00 -5.609943389892578125e+00
2.349531888961791992e+00 3.620531558990478516e-01 -6.710287928581237793e-01 2.880427598953247070e+00 -1.510730743408203125e+00 6.123241424560546875e+00 -1.951586008071899414e-01 1.196106553077697754e+00 -4.102069854736328125e+00 -4.456536769866943359e+00 2.143638849258422852e+00 3.003347158432006836e+00 -4.271791458129882812e+00 -3.006120443344116211e+00 -3.002758979797363281e+00
1.388556718826293945e+00 -1.465685248374938965e+00 -5.497938156127929688e+00 4.644108295440673828e+00 -3.722820043563842773e+00 8.358699083328247070e-01 -4.321792602539062500e+00 1.776288866996765137e+00 -4.666018962860107422e+00 2.668824195861816406e+00 -1.527505993843078613e+00 2.398808717727661133e+00 -7.356101036071777344e+00 -1.223876833915710449e+00 -2.498490571975708008e+00
1.134648561477661133e+00 -2.015408992767333984e+00 -1.468150377273559570e+00 1.908427596092224121e+00 -6.002665042877197266e+00 -2.913479328155517578e+00 1.038519620895385742e+00 1.437711119651794434e+00 -4.304772377014160156e+00 -2.786703824996948242e+00 1.549658417701721191e+00 -2.787746667861938477e+00 -6.726235151290893555e-01 -1.250756859779357910e+00 -6.529705524444580078e+00
2.379238605499267578e+00 -1.436701864004135132e-01 -4.993699073791503906e+00 1.847157835960388184e+00 1.421567916870117188e+00 2.449158191680908203e+00 -1.096877336502075195e+00 9.245644569396972656e+00 2.032359361648559570e+00 -4.953131198883056641e+00 -2.338057905435562134e-01 9.328776597976684570e-01 -8.552467346191406250e+00 -5.796321868896484375e+00 3.531991243362426758e-01
1.980444669723510742e+00 6.466860771179199219e+00 -3.205358982086181641e+00 -3.946974039077758789e+00 3.181277990341186523e+00 -1.556997656822204590e+00 -2.996748208999633789e+00 2.727524042129516602e+00 1.027706980705261230e+00 -2.926025629043579102e+00 -4.992569684982299805e-01 -1.086548566818237305e+00 -4.884587287902832031e+00 -5.500667572021484375e+00 -5.554870128631591797e+00
2.999354600906372070e+00 5.006098270416259766e+00 -3.222363710403442383e+00 -2.309817552566528320e+00 5.702618122100830078e+00 -1.590761661529541016e+00 -3.030543327331542969e+00 1.071230292320251465e+00 1.525853991508483887e+00 -1.981691479682922363e+00 2.877296686172485352e+00 -1.047943308949470520e-01 -6.846039772033691406e+00 -7.153357028961181641e+00 -4.576395511627197266e+00
6.172177791595458984e+00 3.376635313034057617e+00 1.525977849960327148e+00 1.818086385726928711e+00 -4.189739704132080078e+00 1.326497912406921387e+00 -5.228152275085449219e+00 5.705308914184570312e+00 -2.327394247055053711e+00 1.456247925758361816e+00 -2.226448059082031250e+00 2.659332513809204102e+00 -3.220469236373901367e+00 -5.475157737731933594e+00 -5.011269092559814453e+00
4.840674877166748047e+00 1.756438016891479492e+00 -1.560913324356079102e+00 3.138804435729980469e+00 -3.739544630050659180e+00 7.018214464187622070e-01 9.766745567321777344e-01 4.786587715148925781e+00 -7.255192399024963379e-01 -6.447690486907958984e+00 1.534947991371154785e+00 4.701522827148437500e+00 -2.825328826904296875e+00 -5.611671924591064453e+00 -3.806642293930053711e-01
3.310123920440673828e+00 5.676410198211669922e+00 -4.259525775909423828e+00 -2.383442878723144531e+00 6.082444667816162109e+00 -1.202582716941833496e+00 -4.314538955688476562e+00 1.665938973426818848e+00 5.772370696067810059e-01 -1.790580391883850098e+00 4.540387392044067383e-01 1.071978926658630371e+00 -5.005611419677734375e+00 -8.673725128173828125e+00 -3.218933343887329102e+00
9.238799095153808594e+00 2.689502477645874023e+00 -7.907594442367553711e-01 5.239333152770996094e+00 -9.766642451286315918e-01 1.643302738666534424e-01 -3.053856849670410156e+00 2.458341121673583984e+00 -2.997916460037231445e+00 1.731643199920654297e+00 6.753751277923583984e+00 2.052500963211059570e+00 -1.152471542358398438e+00 -2.682678461074829102e+00 -2.905977964401245117e+00
1.983052492141723633e+00 -2.573229074478149414e-01 -2.918677330017089844e+00 -7.103207707405090332e-01 6.361475586891174316e-01 2.737385272979736328e+00 3.357193470001220703e-01 8.537226676940917969e+00 2.453288316726684570e+00 -6.060613155364990234e+00 -9.297267198562622070e-01 -8.834145069122314453e-01 -7.203326225280761719e+00 -4.251984596252441406e+00 -1.023020625114440918e+00
7.375958561897277832e-01 -4.265397787094116211e-01 -4.044354915618896484e+00 7.603904604911804199e-01 8.653181195259094238e-01 3.028158903121948242e+00 -9.987850189208984375e-01 8.402984619140625000e+00 1.703145742416381836e+00 -5.341477870941162109e+00 -1.855415463447570801e+00 1.138772964477539062e+00 -7.824208736419677734e+00 -3.982396841049194336e+00 1.899679899215698242e+00
8.745359420776367188e+00 3.339372873306274414e+00 -2.036956995725631714e-01 3.190348386764526367e+00 -3.306392908096313477e+00 -1.751425862312316895e-01 -2.150284051895141602e+00 3.844592332839965820e+00 -3.292268037796020508e+00 -6.731830835342407227e-01 5.189690589904785156e+00 1.928423643112182617e+00 -1.708893775939941406e+00 -2.819486141204833984e+00 -4.351942062377929688e+00
5.992406368255615234e+00 -2.599346637725830078e+00 2.212098121643066406e+00 7.648892879486083984e+00 -3.553469181060791016e+00 -7.400898933410644531e-01 -4.692299842834472656e+00 -2.688309669494628906e+00 -3.646683454513549805e+00 1.463212847709655762e+00 4.061001777648925781e+00 9.999337196350097656e-01 -5.707667827606201172e+00 -7.113924980163574219e+00 -4.629614353179931641e+00
-9.592024087905883789e-01 2.775786876678466797e+00 -4.283223748207092285e-01 2.691587686538696289e+00 -1.248322486877441406e+00 4.921606779098510742e-01 -2.759710311889648438e+00 -1.611992955207824707e+00 -1.659071087837219238e+00 -2.115104049444198608e-01 4.541662693023681641e+00 1.954539299011230469e+00 -2.902650356292724609e+00 -6.001217365264892578e+00 -5.571226596832275391e+00
6.029191493988037109e+00 2.773360252380371094e+00 -9.050078988075256348e-01 2.144839048385620117e+00 -2.680067300796508789e+00 1.462129116058349609e+00 -3.676330566406250000e+00 3.960512399673461914e+00 -1.792606234550476074e+00 2.040614843368530273e+00 -3.030680179595947266e+00 3.117519140243530273e+00 -6.299478530883789062e+00 -7.181880474090576172e+00 -5.783950328826904297e+00
1.959145188331604004e+00 -9.430863857269287109e-01 -3.997654914855957031e+00 6.600373387336730957e-01 1.108793690800666809e-01 2.853747129440307617e+00 -4.912121295928955078e-01 8.562792778015136719e+00 1.202240467071533203e+00 -6.095079421997070312e+00 -7.475117444992065430e-01 -3.316367417573928833e-02 -7.492266654968261719e+00 -3.723692417144775391e+00 -3.094593286514282227e-01
2.206315279006958008e+00 2.946254014968872070e-01 -3.200675725936889648e+00 5.708016872406005859e+00 4.115090370178222656e-01 -5.121712684631347656e+00 -1.718946456909179688e+00 1.250841021537780762e+00 -5.653347373008728027e-01 -1.647609114646911621e+00 5.374649763107299805e-01 -1.617296934127807617e+00 -5.472562313079833984e-01 -3.388580799102783203e+00 -4.626819610595703125e+00
2.888340950012207031e+00 -6.132482290267944336e-01 -2.364803075790405273e+00 1.097403764724731445e+00 -3.916819810867309570e+00 1.940752863883972168e-01 -5.362490653991699219e+00 5.096638679504394531e+00 -3.275238513946533203e+00 8.020289540290832520e-01 4.468694925308227539e-01 -2.404617547988891602e+00 -9.468393325805664062e+00 -7.085223197937011719e+00 -8.841879367828369141e-01
-9.697827100753784180e-01 -2.364558696746826172e+00 -3.708049654960632324e-01 2.200492143630981445e+00 -5.313940525054931641e+00 -3.519865512847900391e+00 -1.506783962249755859e-01 4.987606406211853027e-01 -4.359768390655517578e+00 -1.265348076820373535e+00 2.623472929000854492e+00 -3.686531305313110352e+00 1.708025038242340088e-01 -1.252593517303466797e+00 -6.530472755432128906e+00
9.246870994567871094e+00 7.043818235397338867e-01 7.162079215049743652e-01 2.749675035476684570e+00 -1.469831705093383789e+00 1.731299996376037598e+00 -3.983604907989501953e+00 4.994678020477294922e+00 -7.941547036170959473e-01 2.148106247186660767e-01 -1.070003867149353027e+00 8.560252785682678223e-01 -4.806489944458007812e+00 -7.973313331604003906e+00 -5.117277622222900391e+00
1.791993379592895508e+00 5.245025157928466797e+00 -3.137429714202880859e+00 -3.951514959335327148e+00 2.146824598312377930e+00 9.432988613843917847e-02 -2.206889629364013672e+00 3.058105945587158203e+00 -9.276469349861145020e-01 -3.687771797180175781e+00 5.850301980972290039e-01 2.982534170150756836e-01 -3.513958930969238281e+00 -4.686439990997314453e+00 -5.877954483032226562e+00
3.062324225902557373e-01 -1.419916003942489624e-01 -2.774474143981933594e+00 -7.137587666511535645e-01 -1.202068090438842773e+00 -1.217265248298645020e+00 -6.041154861450195312e+00 4.192415714263916016e+00 -1.850490093231201172e+00 -7.343735098838806152e-01 5.538998544216156006e-02 -3.459346771240234375e+00 -8.736865997314453125e+00 -6.978034973144531250e+00 1.105468422174453735e-01
4.030695438385009766e+00 1.977952837944030762e+00 -2.716141700744628906e+00 2.602195262908935547e+00 -5.705880641937255859e+00 3.722774609923362732e-02 1.484355688095092773e+00 4.683139324188232422e+00 -2.223527193069458008e+00 -6.747684001922607422e+00 1.453034520149230957e+00 2.971633911132812500e+00 -3.198896169662475586e+00 -5.127093791961669922e+00 -1.611734479665756226e-01
1.593544602394104004e+00 -5.582805156707763672e+00 -3.634406089782714844e+00 2.159938335418701172e+00 -9.220439791679382324e-01 2.477406263351440430e-01 -3.229225397109985352e+00 2.090843200683593750e+00 -8.249042630195617676e-01 -3.522581815719604492e+00 -2.540961742401123047e+00 -3.752702236175537109e+00 -4.918911933898925781e+00 -3.477810621261596680e+00 -5.750165939331054688e+00
2.625534057617187500e+00 9.261599779129028320e-01 -3.404537200927734375e+00 5.698253154754638672e+00 6.510768532752990723e-01 -5.440225124359130859e+00 -1.937714815139770508e+00 1.370406746864318848e+00 1.647589683532714844e+00 -1.014974474906921387e+00 -1.518913030624389648e+00 -1.944494247436523438e+00 -8.136689662933349609e-01 -3.563255548477172852e+00 -2.390034437179565430e+00
1.229887962341308594e+00 2.554427623748779297e+00 4.234820008277893066e-01 4.809899330139160156e+00 -2.027201414108276367e+00 5.731605052947998047e+00 -1.627311229705810547e+00 1.985942244529724121e+00 -4.521748542785644531e+00 -4.521732330322265625e+00 2.084705352783203125e+00 4.548233032226562500e+00 -6.001309394836425781e+00 -4.394836425781250000e+00 -1.767554521560668945e+00
2.219996005296707153e-01 1.871063590049743652e+00 -1.019024610519409180e+00 2.265723943710327148e+00 -2.107424020767211914e+00 1.257179021835327148e+00 -1.467622160911560059e+00 -1.079266667366027832e+00 -1.547395586967468262e+00 -1.694911360740661621e+00 4.355262279510498047e+00 1.447722196578979492e+00 -2.570709943771362305e+00 -5.529417514801025391e+00 -6.000135421752929688e+00
4.740485191345214844e+00 5.866827964782714844e+00 -2.278570652008056641e+00 -3.873147368431091309e-01 -3.533766984939575195e+00 -2.135263085365295410e-01 -2.542013883590698242e+00 6.451401233673095703e+00 -3.373078346252441406e+00 -6.867679953575134277e-01 2.706186056137084961e+00 -1.363342046737670898e+00 -6.770593166351318359e+00 -2.913326978683471680e+00 -1.147893428802490234e+00
3.651498794555664062e+00 -3.964484930038452148e+00 6.133392453193664551e-01 6.505129814147949219e+00 -3.663074970245361328e+00 -1.951187729835510254e+00 -4.434727191925048828e+00 -2.089681625366210938e+00 -4.083724021911621094e+00 -1.681346148252487183e-01 2.520500659942626953e+00 -6.150258332490921021e-02 -5.699393272399902344e+00 -6.134397506713867188e+00 -3.045248031616210938e+00
4.608102321624755859e+00 -5.647282600402832031e+00 -3.186985969543457031e+00 2.687990427017211914e+00 -7.365072369575500488e-01 1.447868108749389648e+00 -3.184842586517333984e+00 2.771058797836303711e+00 -1.125878930091857910e+00 -3.734946012496948242e+00 -1.342574506998062134e-01 -2.915669202804565430e+00 -5.272474288940429688e+00 -5.689787387847900391e+00 -6.238657474517822266e+00
2.360677003860473633e+00 5.340181827545166016e+00 -3.088722229003906250e+00 -3.499324560165405273e+00 2.550347566604614258e+00 6.694347262382507324e-01 -1.159526348114013672e+00 2.808964014053344727e+00 -6.155324578285217285e-01 -3.192752361297607422e+00 -2.742074728012084961e-01 4.433861374855041504e-01 -5.151043891906738281e+00 -5.904445171356201172e+00 -7.338390827178955078e+00
7.036712646484375000e+00 6.523823261260986328e+00 1.769409894943237305e+00 3.478603839874267578e+00 -2.195896357297897339e-01 -7.130039930343627930e-01 -3.257738351821899414e+00 3.875047922134399414e+00 -8.553705811500549316e-01 7.549445152282714844e+00 7.938242912292480469e+00 1.792516708374023438e+00 -6.921634674072265625e-01 -5.089883327484130859e+00 1.780616879463195801e+00
1.725743293762207031e+00 9.456100463867187500e-01 -4.351780414581298828e+00 5.791251659393310547e+00 -1.897638291120529175e-02 -5.208799839019775391e+00 -2.931130409240722656e+00 7.318874001502990723e-01 -1.007111519575119019e-01 -5.094549059867858887e-01 -3.078938722610473633e-01 -4.570383429527282715e-01 -4.447565376758575439e-01 -3.581938743591308594e+00 -2.840799570083618164e+00
4.598402023315429688e+00 7.521436214447021484e+00 -8.897247910499572754e-01 -6.315405964851379395e-01 -5.124216079711914062e-01 -8.220661282539367676e-01 -2.171554088592529297e+00 5.166230201721191406e+00 -3.966104507446289062e+00 6.524315476417541504e-01 5.421144962310791016e+00 -1.285861611366271973e+00 -8.108443260192871094e+00 -2.744482517242431641e+00 -1.281786322593688965e+00
3.027807474136352539e-01 1.168695330619812012e+00 2.375353425741195679e-01 3.041685819625854492e+00 -1.485849976539611816e+00 -6.320750713348388672e-01 -2.192436218261718750e+00 3.221740484237670898e+00 -8.116905212402343750e+00 3.744699716567993164e+00 3.877674341201782227e-01 -3.757426738739013672e-01 -1.570405483245849609e+00 -9.509059786796569824e-01 -4.746636867523193359e+00
6.312383174896240234e+00 -4.147743701934814453e+00 1.339330673217773438e+00 5.221528530120849609e+00 -3.912797212600708008e+00 -9.357787370681762695e-01 -3.674002647399902344e+00 -1.913448214530944824e+00 -4.918745994567871094e+00 -2.592076063156127930e+00 4.115859508514404297e+00 6.432310938835144043e-01 -3.347889184951782227e+00 -4.175664424896240234e+00 -4.771617412567138672e+00
-1.433813810348510742e+00 1.109109282493591309e+00 -3.968260288238525391e+00 6.094182491302490234e+00 -2.080229371786117554e-01 2.274180650711059570e-01 -5.580103397369384766e+00 6.537714004516601562e-01 -2.654007196426391602e+00 4.072719097137451172e+00 -2.829473018646240234e+00 3.148663282394409180e+00 -8.688318252563476562e+00 -8.656893372535705566e-01 -8.610780239105224609e-01
6.745425224304199219e+00 5.286427974700927734e+00 -4.613090991973876953e+00 1.646833181381225586e+00 -2.056826829910278320e+00 -2.194506302475929260e-02 -2.751634120941162109e+00 5.955367565155029297e+00 -5.184087753295898438e+00 1.577415615320205688e-01 3.557837486267089844e+00 4.729346036911010742e-01 -6.560844421386718750e+00 -4.671979427337646484e+00 -4.367243126034736633e-02
-5.433275103569030762e-01 1.486614108085632324e+00 -1.501999258995056152e+00 3.963977813720703125e+00 -8.837984800338745117e-01 8.514233827590942383e-01 -2.790777683258056641e+00 -1.775486707687377930e+00 -4.896156489849090576e-02 7.353621721267700195e-01 4.817193984985351562e+00 1.912335634231567383e+00 -3.063165426254272461e+00 -7.147254467010498047e+00 -3.466748952865600586e+00
-6.380959749221801758e-01 4.072082042694091797e+00 7.023543715476989746e-01 3.062803506851196289e+00 -1.218765854835510254e+00 3.103430271148681641e-01 -3.301220893859863281e+00 -2.141147613525390625e+00 -1.168347716331481934e+00 1.508544921875000000e+00 4.998791694641113281e+00 2.653055429458618164e+00 -4.229540348052978516e+00 -6.669341087341308594e+00 -4.816129684448242188e+00
-1.173264026641845703e+00 3.729544878005981445e-01 -2.948653221130371094e+00 5.999693274497985840e-01 -3.997569799423217773e+00 -1.515240788459777832e+00 -5.093312263488769531e+00 5.174272537231445312e+00 -2.624304771423339844e+00 1.020158648490905762e+00 -1.283053994178771973e+00 -2.879927635192871094e+00 -9.616994857788085938e+00 -7.168366909027099609e+00 1.797802448272705078e+00
5.734327793121337891e+00 4.681359529495239258e-01 -1.380048036575317383e+00 3.524105310440063477e+00 -2.763327598571777344e+00 5.089541673660278320e-01 1.586775302886962891e+00 5.069803237915039062e+00 6.101084947586059570e-01 -7.482933044433593750e+00 2.305842876434326172e+00 2.694305181503295898e+00 -5.054712772369384766e+00 -6.337099552154541016e+00 7.030254006385803223e-01
8.505016565322875977e-01 -2.218625545501708984e+00 9.866272807121276855e-01 3.127660274505615234e+00 -4.246763229370117188e+00 -4.242975234985351562e+00 -4.580958485603332520e-01 1.427492499351501465e-01 -2.997454881668090820e+00 1.813020259141921997e-01 4.123304843902587891e+00 -5.647836685180664062e+00 -1.575457930564880371e+00 -2.889480352401733398e+00 -6.789544582366943359e+00
1.910076379776000977e+00 9.545481950044631958e-02 -9.928551316261291504e-01 4.035403251647949219e+00 -2.671740293502807617e+00 5.683449745178222656e+00 -6.533560752868652344e-01 3.776466846466064453e-01 -3.350877523422241211e+00 -4.411931037902832031e+00 2.258154392242431641e+00 4.112116336822509766e+00 -3.232806444168090820e+00 -2.162769556045532227e+00 -3.671650171279907227e+00
7.669964790344238281e+00 2.253470897674560547e+00 -1.813062667846679688e+00 4.046805381774902344e+00 -3.117919206619262695e+00 2.215749740600585938e+00 -6.038105487823486328e+00 4.724768638610839844e+00 -1.482422113418579102e+00 3.400257110595703125e+00 -2.301357030868530273e+00 3.099569082260131836e+00 -3.592985391616821289e+00 -7.000295162200927734e+00 -3.534841299057006836e+00
4.242251873016357422e+00 5.536757469177246094e+00 -2.119172334671020508e+00 5.842244029045104980e-01 -1.662806749343872070e+00 9.079774618148803711e-01 -3.173503875732421875e+00 6.031231403350830078e+00 -4.728498458862304688e+00 -1.033098816871643066e+00 3.308180809020996094e+00 -6.865386962890625000e-01 -6.375279903411865234e+00 -3.015674352645874023e+00 -2.347995996475219727e+00
7.587178349494934082e-01 6.813944578170776367e-01 -3.289218664169311523e+00 -1.690769642591476440e-01 2.124054431915283203e+00 2.066895008087158203e+00 -7.771482467651367188e-01 9.253430366516113281e+00 2.021630287170410156e+00 -6.511376380920410156e+00 6.498614549636840820e-01 -2.334715276956558228e-01 -9.244938850402832031e+00 -5.085192203521728516e+00 1.316086202859878540e-01
1.650916814804077148e+00 3.373039960861206055e+00 -1.798584938049316406e+00 4.404514789581298828e+00 -7.506209611892700195e-01 -1.461373567581176758e-01 -3.442298889160156250e+00 -1.816855311393737793e+00 -1.075590968132019043e+00 1.003654122352600098e+00 6.429666042327880859e+00 3.451485872268676758e+00 -3.432519912719726562e+00 -6.703194141387939453e+00 -3.883692502975463867e+00
8.115594863891601562e+00 3.958901405334472656e+00 8.043566346168518066e-01 3.616530179977416992e+00 -2.437605381011962891e+00 -1.754257678985595703e-01 -3.290338516235351562e+00 3.988252162933349609e+00 -2.609672307968139648e+00 1.980780959129333496e+00 5.528674125671386719e+00 3.173943281173706055e+00 -1.844369649887084961e+00 -3.166768550872802734e+00 -2.364878892898559570e+00
3.570433855056762695e+00 2.868544077500700951e-03 -4.286969184875488281e+00 5.630035400390625000e+00 2.083151102066040039e+00 -5.144280910491943359e+00 -2.490054130554199219e+00 4.591707587242126465e-01 8.808327913284301758e-01 -1.717767119407653809e+00 3.493257761001586914e-01 -2.941834211349487305e+00 -1.175544619560241699e+00 -4.648948192596435547e+00 -3.472752332687377930e+00
2.653977870941162109e+00 -4.596805572509765625e+00 -1.696230411529541016e+00 1.371947884559631348e+00 -4.415441155433654785e-01 2.607902288436889648e-01 -3.158026695251464844e+00 3.349363327026367188e+00 -2.495501488447189331e-01 -5.713438510894775391e+00 -2.343060970306396484e+00 -4.545337677001953125e+00 -6.216395378112792969e+00 -4.382036209106445312e+00 -6.749882221221923828e+00
4.521416187286376953e+00 6.503253459930419922e+00 -3.524891138076782227e+00 1.100536465644836426e+00 -1.559894204139709473e+00 5.966589450836181641e-01 -3.545648574829101562e+00 5.331243515014648438e+00 -4.623487949371337891e+00 3.674854993820190430e+00 2.490704059600830078e+00 4.205224514007568359e-01 -6.663223266601562500e+00 -4.016470909118652344e+00 8.275388479232788086e-01
1.908489465713500977e+00 2.020085334777832031e+00 1.380319356918334961e+00 3.454699516296386719e+00 -3.811299324035644531e+00 6.144151210784912109e+00 -1.134367585182189941e+00 3.165401935577392578e+00 -3.385712385177612305e+00 -3.583038330078125000e+00 2.925925731658935547e+00 5.412401676177978516e+00 -5.276688575744628906e+00 -2.810903787612915039e+00 -3.767799854278564453e+00
1.482213884592056274e-01 3.548377752304077148e+00 5.227758884429931641e-01 2.712447643280029297e+00 -2.220316171646118164e+00 -2.210888624191284180e+00 -2.743633508682250977e+00 3.501065731048583984e+00 -8.482208251953125000e+00 9.433688521385192871e-01 7.075048685073852539e-01 -1.533370494842529297e+00 -2.644470214843750000e+00 -1.681671023368835449e+00 -7.271883010864257812e+00
1.458165287971496582e+00 -3.329435110092163086e+00 -1.196961402893066406e+00 8.109688162803649902e-01 -7.588988542556762695e-01 2.440478324890136719e+00 -3.847474575042724609e+00 3.659821987152099609e+00 -8.649192452430725098e-01 -4.487527847290039062e+00 -1.399814009666442871e+00 -2.648944854736328125e+00 -4.941875457763671875e+00 -4.088174819946289062e+00 -7.323073863983154297e+00
3.848319292068481445e+00 -4.408454418182373047e+00 -1.911152720451354980e+00 1.966614723205566406e+00 -5.220878720283508301e-01 1.531025886535644531e+00 -4.082807540893554688e+00 2.464036226272583008e+00 1.158219128847122192e-01 -4.002203464508056641e+00 -1.052704691886901855e+00 -4.439599037170410156e+00 -5.440504074096679688e+00 -4.686918735504150391e+00 -7.828057289123535156e+00
4.785085201263427734e+00 -3.693623542785644531e+00 5.106083750724792480e-01 3.969135761260986328e+00 -5.938849925994873047e+00 6.687799692153930664e-01 -2.734007358551025391e+00 -3.341391086578369141e-01 -3.893454074859619141e+00 -2.144284695386886597e-01 3.063793659210205078e+00 1.932434558868408203e+00 -5.419139862060546875e+00 -4.659962177276611328e+00 -4.149960041046142578e+00
8.561991453170776367e-01 5.159149169921875000e-01 -2.525518536567687988e-01 4.548751354217529297e+00 -3.402581453323364258e+00 6.621108531951904297e+00 -1.838480353355407715e+00 5.347024798393249512e-01 -3.673532247543334961e+00 -4.245092868804931641e+00 2.583625316619873047e+00 4.811393737792968750e+00 -6.162421226501464844e+00 -5.710883617401123047e+00 -1.104958176612854004e+00
5.761666774749755859e+00 3.834297418594360352e+00 7.121807932853698730e-01 1.018861055374145508e+00 -2.085512399673461914e+00 1.853698253631591797e+00 -4.843060970306396484e+00 5.049903869628906250e+00 -2.040309190750122070e+00 2.212200403213500977e+00 -3.349621772766113281e+00 2.545017480850219727e+00 -2.781816005706787109e+00 -7.003305912017822266e+00 -4.637526988983154297e+00
3.359904050827026367e+00 1.114448383450508118e-01 -5.372698307037353516e+00 5.859959602355957031e+00 -3.195866048336029053e-01 -5.423223972320556641e+00 -2.473063707351684570e+00 2.261368751525878906e+00 6.446482539176940918e-01 -1.660695314407348633e+00 -6.487990617752075195e-01 -1.796006202697753906e+00 -1.108587026596069336e+00 -3.706343889236450195e+00 -1.639015674591064453e+00
3.415118694305419922e+00 -5.475353240966796875e+00 -1.079423189163208008e+00 6.746487021446228027e-01 2.002839893102645874e-01 2.126625537872314453e+00 -1.992265105247497559e+00 3.293730974197387695e+00 7.925342917442321777e-01 -3.554268598556518555e+00 3.431902825832366943e-02 -4.573394298553466797e+00 -7.075479984283447266e+00 -4.816094875335693359e+00 -5.925771236419677734e+00
4.202520847320556641e+00 2.605410099029541016e+00 -1.270198583602905273e+00 3.867949008941650391e+00 -4.874489307403564453e+00 -9.129691720008850098e-01 1.592379808425903320e+00 6.620365619659423828e+00 -6.885874271392822266e-01 -5.788569927215576172e+00 3.566862344741821289e+00 5.073711395263671875e+00 -4.498930931091308594e+00 -6.864354610443115234e+00 2.425576210021972656e+00
3.580465316772460938e+00 1.225790500640869141e+00 -3.120839118957519531e+00 4.307746887207031250e+00 -3.538074493408203125e+00 5.231744050979614258e-01 2.493820905685424805e+00 5.246626853942871094e+00 3.059122860431671143e-01 -6.447613716125488281e+00 1.505659222602844238e+00 3.305932760238647461e+00 -6.113821983337402344e+00 -9.387580871582031250e+00 6.038641452789306641e+00
3.624840974807739258e-01 9.714506864547729492e-01 -4.168858051300048828e+00 6.410131931304931641e+00 -2.146469354629516602e+00 1.837093949317932129e+00 -6.025954246520996094e+00 5.093232393264770508e-01 -3.339564561843872070e+00 5.942973136901855469e+00 -8.042744398117065430e-01 5.157349586486816406e+00 -9.531706809997558594e+00 -1.574713349342346191e+00 -2.011693000793457031e+00
7.342550277709960938e+00 4.284760951995849609e+00 2.303887367248535156e+00 2.809892177581787109e+00 -1.878732919692993164e+00 8.625071048736572266e-01 -2.423679828643798828e+00 3.393390417098999023e+00 -1.435211896896362305e+00 1.033171892166137695e+00 6.295714378356933594e+00 1.318996071815490723e+00 -2.483415603637695312e+00 -2.560328722000122070e+00 -3.653012990951538086e+00
3.924395799636840820e+00 -5.423842906951904297e+00 -2.022509098052978516e+00 1.700900793075561523e+00 -3.338969349861145020e-01 -4.397690668702125549e-02 -1.970032215118408203e+00 4.058630943298339844e+00 1.004566311836242676e+00 -5.040395259857177734e+00 -5.744413137435913086e-01 -4.880344390869140625e+00 -7.006913185119628906e+00 -4.492856979370117188e+00 -5.543074131011962891e+00
1.885121583938598633e+00 2.716258764266967773e-01 -1.505870580673217773e+00 2.803453207015991211e+00 -1.209884405136108398e+00 -1.355035901069641113e+00 -1.966849327087402344e+00 3.791117191314697266e+00 -9.120859146118164062e+00 2.022921591997146606e-01 3.813544511795043945e-01 -1.110864400863647461e+00 -1.679564595222473145e+00 -2.611707448959350586e+00 -6.859624385833740234e+00
5.885587692260742188e+00 2.396388530731201172e+00 -1.484981536865234375e+00 8.531536459922790527e-01 -2.563575983047485352e+00 7.437372803688049316e-01 -3.763270378112792969e+00 3.782420873641967773e+00 -2.366226673126220703e+00 3.107911944389343262e-01 -4.154380798339843750e+00 1.352309226989746094e+00 -2.403661012649536133e+00 -5.491195201873779297e+00 -4.747601032257080078e+00
2.932460308074951172e-01 -1.599449753761291504e+00 -9.586767554283142090e-01 2.329195022583007812e+00 -5.607272624969482422e+00 -4.532702922821044922e+00 -1.549136638641357422e-02 1.396653771400451660e+00 -5.525341033935546875e+00 -5.815365910530090332e-01 2.512818336486816406e+00 -3.222696542739868164e+00 -9.230116605758666992e-01 -1.349853277206420898e+00 -4.571730136871337891e+00
9.098804473876953125e+00 3.077437877655029297e+00 -8.160769939422607422e-01 4.226023197174072266e+00 -2.124125242233276367e+00 1.307425796985626221e-01 -1.367601394653320312e+00 4.054896831512451172e+00 -1.497990369796752930e+00 2.062805891036987305e+00 6.121463298797607422e+00 1.999128580093383789e+00 -1.980368137359619141e+00 -3.743215799331665039e+00 -1.336768865585327148e+00
3.529682636260986328e+00 1.902726292610168457e+00 -3.182704210281372070e+00 5.692306995391845703e+00 5.063655972480773926e-01 -5.316162109375000000e+00 -2.680758953094482422e+00 1.660631537437438965e+00 -1.877038329839706421e-01 -8.755189776420593262e-01 3.368989229202270508e-01 -1.962265849113464355e+00 -5.928277969360351562e-01 -3.835665941238403320e+00 -3.573896169662475586e+00
2.789021730422973633e+00 1.904552131891250610e-01 -3.844376325607299805e+00 6.541861891746520996e-01 -3.703103780746459961e+00 -6.241145730018615723e-01 -5.188360691070556641e+00 4.719710826873779297e+00 -3.722691059112548828e+00 -1.444640278816223145e+00 -9.978202581405639648e-01 -2.557240247726440430e+00 -7.340340614318847656e+00 -4.157635211944580078e+00 -4.663395881652832031e-01
1.188842654228210449e+00 3.088142871856689453e+00 -4.099359989166259766e+00 5.415356159210205078e+00 -5.545750260353088379e-01 -6.244986534118652344e+00 -2.514157772064208984e+00 1.555412888526916504e+00 1.808676272630691528e-01 -2.072630375623703003e-01 -5.207144021987915039e-01 -7.632064819335937500e-01 3.081154525279998779e-01 -2.762671709060668945e+00 -1.584007024765014648e+00
3.078536033630371094e+00 4.125276088714599609e+00 -4.339233875274658203e+00 -2.820782184600830078e+00 3.908211946487426758e+00 4.018709063529968262e-01 -1.835446000099182129e+00 1.795942425727844238e+00 6.411285996437072754e-01 -2.639507532119750977e+00 3.422111272811889648e-01 1.971972435712814331e-01 -5.471516132354736328e+00 -5.442755222320556641e+00 -5.199877262115478516e+00
4.840056419372558594e+00 4.760358333587646484e+00 -3.234312057495117188e+00 -1.077532649040222168e+00 -1.406988024711608887e+00 6.979522109031677246e-01 -2.058823585510253906e+00 4.997907161712646484e+00 -5.239124298095703125e+00 -1.600169658660888672e+00 3.004746198654174805e+00 -9.310052394866943359e-01 -5.199560165405273438e+00 -3.140469312667846680e+00 -2.378542661666870117e+00
7.954903841018676758e-01 -6.827254295349121094e-01 1.299392938613891602e+00 5.164893627166748047e+00 -3.233848333358764648e+00 5.962380886077880859e+00 -9.478712081909179688e-01 4.138551950454711914e-01 -3.619616031646728516e+00 -4.036835670471191406e+00 3.031008720397949219e+00 4.395113468170166016e+00 -4.722134590148925781e+00 -5.123074054718017578e+00 6.645867824554443359e-01
5.591791152954101562e+00 3.108243227005004883e+00 1.716123223304748535e+00 -7.439356297254562378e-02 -1.776984453201293945e+00 1.377130627632141113e+00 -3.914698123931884766e+00 4.959179878234863281e+00 -1.312091588973999023e+00 5.743221044540405273e-01 -1.830087780952453613e+00 3.825978040695190430e-01 -4.764101028442382812e+00 -5.581759452819824219e+00 -5.911885738372802734e+00
3.282296657562255859e-01 -2.380864620208740234e+00 -3.742266297340393066e-01 1.703991293907165527e+00 -5.850234508514404297e+00 -2.964355945587158203e+00 -2.425065040588378906e-01 2.157932281494140625e+00 -5.104693412780761719e+00 -1.346504807472229004e+00 4.232583045959472656e+00 -3.238492727279663086e+00 -2.684534549713134766e+00 -2.571120977401733398e+00 -6.929242610931396484e+00
4.917494297027587891e+00 1.542229056358337402e+00 -1.297783851623535156e+00 2.066829442977905273e+00 -4.825290203094482422e+00 8.938999176025390625e-01 1.381876230239868164e+00 6.196476936340332031e+00 -4.636676311492919922e-01 -6.682785987854003906e+00 1.851237177848815918e+00 1.712177634239196777e+00 -5.185528278350830078e+00 -5.054045677185058594e+00 -1.743431687355041504e+00
2.854446887969970703e+00 -1.284002184867858887e+00 -3.694017410278320312e+00 3.759280443191528320e+00 -3.352719068527221680e+00 -5.487922430038452148e-01 -4.915542602539062500e-01 4.851936340332031250e+00 -9.365333557128906250e+00 -2.693266868591308594e-01 -8.609524965286254883e-01 1.190795540809631348e+00 7.754114866256713867e-01 -2.309811830520629883e+00 -5.643846988677978516e+00
1.418664813041687012e+00 1.892206668853759766e+00 -3.694783926010131836e+00 4.893538475036621094e+00 -5.660958886146545410e-01 2.588008940219879150e-01 -2.413213491439819336e+00 -2.507226467132568359e+00 -1.351620674133300781e+00 8.964496254920959473e-01 4.588341712951660156e+00 3.515084743499755859e+00 -4.150018215179443359e+00 -7.832032680511474609e+00 -3.726530075073242188e+00
2.164127975702285767e-01 3.818554639816284180e+00 -1.154523134231567383e+00 5.042840480804443359e+00 -3.694472908973693848e-01 9.816908240318298340e-01 -3.987328767776489258e+00 -1.710771083831787109e+00 -1.176063716411590576e-02 2.295670747756958008e+00 3.938798427581787109e+00 5.034455299377441406e+00 -4.233560085296630859e+00 -7.557353496551513672e+00 -3.592121124267578125e+00
-1.233514904975891113e+00 1.952552556991577148e+00 -3.528569936752319336e+00 4.381066322326660156e+00 -3.307022809982299805e+00 -9.245849400758743286e-02 -4.925161838531494141e+00 4.335409164428710938e+00 -5.028461933135986328e+00 2.145642042160034180e+00 -1.999331831932067871e+00 2.793133497238159180e+00 -8.346745491027832031e+00 -3.778345882892608643e-01 -1.736128568649291992e+00
4.752869606018066406e+00 -2.632213354110717773e+00 -5.951538681983947754e-01 6.167394161224365234e+00 -3.503358840942382812e+00 -6.117935776710510254e-01 -5.699891090393066406e+00 -2.869239568710327148e+00 -5.805460929870605469e+00 -1.448013037443161011e-01 4.078808784484863281e+00 1.024624824523925781e+00 -4.652014732360839844e+00 -6.803638935089111328e+00 -4.874548435211181641e+00
8.473718166351318359e-01 1.059442043304443359e+00 -2.952142715454101562e+00 4.971248656511306763e-02 -4.069566726684570312e+00 -4.813888669013977051e-01 -5.934962749481201172e+00 4.942170619964599609e+00 -3.434318780899047852e+00 1.916354447603225708e-01 -7.890826463699340820e-01 -1.417820572853088379e+00 -7.323269367218017578e+00 -5.834436893463134766e+00 -1.928789168596267700e-01
2.566692113876342773e+00 -5.140118598937988281e-01 -2.614409208297729492e+00 1.768232345581054688e+00 -2.843570947647094727e+00 -8.134369254112243652e-01 -6.256918311119079590e-01 4.808222770690917969e+00 -8.159690856933593750e+00 -6.836876869201660156e-01 9.884241819381713867e-01 -6.311235427856445312e-01 -5.631258487701416016e-01 -3.676192283630371094e+00 -7.818953990936279297e+00
1.327584385871887207e+00 1.732825040817260742e+00 9.261428713798522949e-01 1.640645265579223633e+00 -3.719570398330688477e+00 6.015883445739746094e+00 -6.178417205810546875e-01 2.726090669631958008e+00 -3.651454448699951172e+00 -5.099112987518310547e+00 2.283587694168090820e+00 3.807565927505493164e+00 -4.548343658447265625e+00 -3.016161918640136719e+00 -4.274222850799560547e+00
