2.117473125457763672e+00 -6.442144513130187988e-01 7.118380069732666016e+00 -2.091912031173706055e+00 5.814572334289550781e+00 9.234583377838134766e-01 7.691312313079833984e+00 -4.180552363395690918e-01 -3.807796835899353027e-01 3.200437724590301514e-01 -1.046838164329528809e-01 -5.510263919830322266e+00 -2.300832033157348633e+00 3.599760293960571289e+00 -3.233579635620117188e+00
1.910357952117919922e+00 -8.478365540504455566e-01 6.071799755096435547e+00 -1.687936186790466309e+00 4.676499366760253906e+00 1.320263028144836426e+00 6.680710792541503906e+00 -1.720131158828735352e+00 -6.447716355323791504e-01 3.792926073074340820e-01 -4.255167841911315918e-01 -5.334423542022705078e+00 -2.123813629150390625e+00 3.788824796676635742e+00 -2.659781694412231445e+00
-9.331473708152770996e-01 -1.817090362310409546e-01 5.674116611480712891e+00 3.738703727722167969e+00 2.318879127502441406e+00 -1.734290599822998047e+00 2.510218620300292969e+00 1.304243087768554688e+00 2.532624721527099609e+00 7.401884555816650391e+00 1.824406266212463379e+00 -1.855953812599182129e+00 -7.739960551261901855e-01 -5.624984391033649445e-03 -9.099229812622070312e+00
-2.081319332122802734e+00 -3.242784261703491211e+00 6.095565795898437500e+00 1.558170795440673828e+00 1.042117118835449219e+00 2.524875164031982422e+00 5.108985900878906250e+00 -1.161026000976562500e+00 -1.829497694969177246e+00 5.706511020660400391e+00 1.747707247734069824e+00 2.529872894287109375e+00 -7.849360704421997070e-01 -4.714264392852783203e+00 -5.804929256439208984e+00
-3.013484477996826172e+00 2.847602128982543945e+00 1.164563536643981934e+00 2.226955413818359375e+00 7.499079704284667969e+00 -1.355292439460754395e+00 5.364509105682373047e+00 -1.823944926261901855e+00 4.971162319183349609e+00 4.878905296325683594e+00 2.014065265655517578e+00 2.270665168762207031e+00 2.605321645736694336e+00 3.931826353073120117e-01 -9.830196380615234375e+00
-5.350058555603027344e+00 3.649454414844512939e-01 2.639822244644165039e+00 2.646014213562011719e+00 1.062882137298583984e+01 -5.260758876800537109e+00 2.843046665191650391e+00 -4.485976696014404297e+00 -1.835379600524902344e+00 -1.255824804306030273e+00 -3.976514816284179688e+00 -4.707702159881591797e+00 -3.830147385597229004e-01 -7.131008148193359375e+00 7.706694304943084717e-02
1.870086789131164551e+00 -9.311141967773437500e-01 4.523895263671875000e+00 -1.100504279136657715e+00 3.369950294494628906e+00 5.458601117134094238e-01 7.261604309082031250e+00 -1.203868865966796875e+00 -1.192972660064697266e+00 -6.210525333881378174e-02 -2.332172989845275879e-01 -5.300500869750976562e+00 -2.692723035812377930e+00 3.675978183746337891e+00 -3.575559377670288086e+00
-1.970409303903579712e-01 -1.784762620925903320e+00 4.401732444763183594e+00 1.757573127746582031e+00 5.221093177795410156e+00 -4.565180838108062744e-01 3.403743505477905273e+00 -2.514808893203735352e+00 1.445068955421447754e+00 7.659492969512939453e+00 7.831049442291259766e+00 -1.401753902435302734e+00 6.013853102922439575e-02 -9.325439333915710449e-01 -6.409775257110595703e+00
-5.703400611877441406e+00 5.591700673103332520e-01 2.678516864776611328e+00 2.682952404022216797e+00 1.196725845336914062e+01 -4.416256904602050781e+00 3.297649860382080078e+00 -4.269203186035156250e+00 -1.564679265022277832e+00 -9.856671094894409180e-01 -4.179821968078613281e+00 -4.780062198638916016e+00 -5.090977549552917480e-01 -6.662244319915771484e+00 -4.014273881912231445e-01
-7.446370720863342285e-01 2.161991357803344727e+00 4.985043525695800781e+00 2.309321403503417969e+00 9.531122207641601562e+00 -4.796575546264648438e+00 1.316443324089050293e+00 8.714525103569030762e-01 -1.432448267936706543e+00 -3.330593109130859375e+00 -5.785933971405029297e+00 -3.243440628051757812e+00 -4.505301475524902344e+00 7.965772747993469238e-01 -3.533076286315917969e+00
-7.015689015388488770e-01 -4.690780162811279297e+00 4.589786529541015625e+00 -3.556565523147583008e+00 8.104060173034667969e+00 -4.441437721252441406e+00 5.079787254333496094e+00 -4.915060520172119141e+00 1.945324540138244629e-01 2.574679374694824219e+00 3.204086124897003174e-01 8.042845129966735840e-01 -6.075148582458496094e+00 -6.948555707931518555e-01 -6.861485958099365234e+00
4.952683448791503906e+00 -4.813482761383056641e+00 3.808980941772460938e+00 -8.531850576400756836e-01 6.432227134704589844e+00 -1.036236286163330078e+00 3.578195810317993164e+00 -6.183672904968261719e+00 -3.252381086349487305e-02 -2.785082340240478516e+00 -3.227072954177856445e-01 -2.521669626235961914e+00 -4.524924755096435547e+00 -4.689631462097167969e+00 -9.700666069984436035e-01
1.349663615226745605e+00 1.656675457954406738e+00 3.482550859451293945e+00 3.392640590667724609e+00 4.650648593902587891e+00 -1.063420891761779785e+00 4.755180358886718750e+00 5.060755088925361633e-02 1.573469281196594238e+00 -1.029908537864685059e+00 -7.599137425422668457e-01 -4.650665283203125000e+00 3.513046979904174805e+00 3.312334060668945312e+00 -2.110498666763305664e+00
1.507198929786682129e+00 -6.940160393714904785e-01 5.253284931182861328e+00 -1.224391579627990723e+00 4.130222797393798828e+00 9.620461463928222656e-01 7.226951122283935547e+00 -2.256523370742797852e+00 -9.327831268310546875e-01 6.376144886016845703e-01 -4.274461865425109863e-01 -5.714441776275634766e+00 -2.122627496719360352e+00 3.720824718475341797e+00 -3.194785833358764648e+00
-2.187577962875366211e+00 2.494970336556434631e-02 1.568088650703430176e+00 1.758915066719055176e+00 5.025981903076171875e+00 -4.892483711242675781e+00 3.283466339111328125e+00 -4.847652435302734375e+00 -2.097252845764160156e+00 -3.091392219066619873e-01 -4.355706214904785156e+00 -4.822632789611816406e+00 -2.955992817878723145e-01 -6.557996749877929688e+00 3.979962468147277832e-01
-6.929358243942260742e-01 -1.932613015174865723e+00 6.442901134490966797e+00 1.995280861854553223e+00 8.616843223571777344e+00 -1.676790118217468262e+00 3.587852954864501953e+00 -3.399738073348999023e+00 2.349608659744262695e+00 8.730494499206542969e+00 7.192864894866943359e+00 -1.271342992782592773e+00 3.708396553993225098e-01 -8.648154735565185547e-01 -5.793256759643554688e+00
-2.068409442901611328e+00 -3.052137851715087891e+00 6.155021667480468750e+00 1.146119356155395508e+00 8.527050018310546875e-01 1.944015383720397949e+00 6.014236450195312500e+00 -1.759070873260498047e+00 -1.428755283355712891e+00 5.834561824798583984e+00 1.915562510490417480e+00 2.555230855941772461e+00 -1.416487097740173340e+00 -4.853216648101806641e+00 -6.656780719757080078e+00
-3.892523050308227539e+00 -4.648127079010009766e+00 9.205109596252441406e+00 2.017804861068725586e+00 1.917466998100280762e+00 1.702858090400695801e+00 5.210977077484130859e+00 -1.942486524581909180e+00 -1.689286112785339355e+00 5.078840255737304688e+00 1.631599545478820801e+00 2.830129623413085938e+00 -9.800415635108947754e-01 -4.802803039550781250e+00 -6.264630794525146484e+00
1.642459511756896973e+00 -4.144698143005371094e+00 5.103127956390380859e+00 2.564545631408691406e+00 2.959104299545288086e+00 2.107432126998901367e+00 2.009042024612426758e+00 -5.794301033020019531e+00 -3.478282094001770020e-01 3.994422674179077148e+00 -8.554510474205017090e-01 -2.268449068069458008e+00 -1.318321228027343750e+00 -4.377120018005371094e+00 -8.677681922912597656e+00
-3.197756052017211914e+00 -2.937809705734252930e+00 3.925404071807861328e+00 6.485577821731567383e-01 4.029021263122558594e+00 -2.465537548065185547e+00 1.740061879158020020e+00 -5.176488876342773438e+00 3.201219320297241211e+00 3.319099426269531250e+00 -2.871148347854614258e+00 1.398134946823120117e+00 -1.157693982124328613e+00 2.057660818099975586e-01 -7.163127899169921875e+00
-3.660807847976684570e+00 -4.603177070617675781e+00 9.176470756530761719e+00 1.712036132812500000e+00 1.228395104408264160e+00 1.152796149253845215e+00 5.677413463592529297e+00 -2.672663211822509766e+00 -1.379514932632446289e+00 6.160175800323486328e+00 1.943395972251892090e+00 2.680976152420043945e+00 -1.501318454742431641e+00 -4.499472618103027344e+00 -6.435143470764160156e+00
-3.363741040229797363e-01 -4.856023311614990234e+00 4.915696144104003906e+00 -1.792647719383239746e+00 6.920492172241210938e+00 -4.887802600860595703e+00 5.653254508972167969e+00 -4.621730804443359375e+00 2.845893502235412598e-01 2.596760988235473633e+00 8.285748362541198730e-01 4.627737700939178467e-01 -6.624192237854003906e+00 -8.121498823165893555e-01 -6.232987880706787109e+00
-4.506331086158752441e-01 -1.796387672424316406e+00 4.063540458679199219e+00 1.539112687110900879e+00 5.305954456329345703e+00 -7.785289287567138672e-01 4.455324649810791016e+00 -1.881910800933837891e+00 1.930382966995239258e+00 7.591969490051269531e+00 7.594069480895996094e+00 -1.414692521095275879e+00 4.142933487892150879e-01 -8.641626238822937012e-01 -6.480233669281005859e+00
-2.161892801523208618e-01 -1.963282465934753418e+00 5.402694225311279297e+00 1.724425792694091797e+00 7.480205535888671875e+00 -1.136302828788757324e+00 3.561328411102294922e+00 -2.488229751586914062e+00 1.672845482826232910e+00 7.234200000762939453e+00 7.207201004028320312e+00 -1.425129294395446777e+00 -9.575776755809783936e-03 -6.727062463760375977e-01 -5.684695243835449219e+00
-2.378828078508377075e-01 -2.793800354003906250e+00 3.510601043701171875e+00 -6.223464012145996094e-01 4.949361801147460938e+00 -5.398179531097412109e+00 6.469412803649902344e+00 -4.366059780120849609e+00 5.171311497688293457e-01 3.403624773025512695e+00 -5.567281693220138550e-02 1.192474007606506348e+00 -5.889722347259521484e+00 -1.645394563674926758e-01 -7.746032238006591797e+00
-1.105066657066345215e+00 2.689326763153076172e+00 5.297780513763427734e+00 2.168785333633422852e+00 1.132206535339355469e+01 -6.197673320770263672e+00 1.457910656929016113e+00 5.535601973533630371e-01 -9.604033827781677246e-01 -3.420430183410644531e+00 -5.367043495178222656e+00 -2.911783695220947266e+00 -4.175065040588378906e+00 5.316832661628723145e-01 -3.041117429733276367e+00
-1.559132933616638184e+00 4.251133501529693604e-01 5.880415439605712891e+00 -1.344663500785827637e-01 4.039673805236816406e+00 -3.370889186859130859e+00 2.547845840454101562e+00 2.360512495040893555e+00 -3.206924915313720703e+00 2.580775506794452667e-02 -6.449743747711181641e+00 -2.102946758270263672e+00 -4.584035277366638184e-01 -4.378071308135986328e+00 -4.435171604156494141e+00
1.380624651908874512e+00 -4.444268226623535156e+00 5.596817016601562500e+00 2.942135572433471680e+00 3.251165390014648438e+00 2.097853422164916992e+00 2.358925342559814453e+00 -5.014528274536132812e+00 -1.198359489440917969e+00 4.793420314788818359e+00 -9.799745082855224609e-01 -2.548240661621093750e+00 -1.459968686103820801e+00 -4.521425724029541016e+00 -8.919764518737792969e+00
-4.619819521903991699e-01 -1.558619499206542969e+00 4.813818454742431641e+00 2.085378646850585938e+00 6.788664817810058594e+00 -1.367251753807067871e+00 3.601599931716918945e+00 -2.346987009048461914e+00 2.378916263580322266e+00 7.379207134246826172e+00 7.419399261474609375e+00 -1.454732894897460938e+00 8.354730904102325439e-03 -9.132477045059204102e-01 -5.571086406707763672e+00
-5.411416053771972656e+00 3.105582669377326965e-02 2.612635850906372070e+00 -3.533435165882110596e-01 4.061023712158203125e+00 -4.036684989929199219e+00 -2.826327562332153320e+00 -3.972271919250488281e+00 -3.089439392089843750e+00 3.359932899475097656e+00 -6.616413593292236328e+00 -2.670015394687652588e-01 1.093471884727478027e+00 3.197663545608520508e+00 -2.132652759552001953e+00
-1.294871926307678223e+00 -5.850923657417297363e-01 7.987059116363525391e+00 5.168921470642089844e+00 3.856250047683715820e+00 -2.695805072784423828e+00 2.405512809753417969e+00 8.701396584510803223e-01 3.417995691299438477e+00 6.915812969207763672e+00 1.836423158645629883e+00 -1.963597893714904785e+00 -5.366236567497253418e-01 3.398170471191406250e-01 -8.748569488525390625e+00
-3.405348062515258789e+00 -2.020148560404777527e-02 2.195683956146240234e+00 2.085484504699707031e+00 7.621077537536621094e+00 -5.006819248199462891e+00 2.705679655075073242e+00 -4.195387363433837891e+00 -1.876968264579772949e+00 -1.285188555717468262e+00 -4.552165985107421875e+00 -5.088721752166748047e+00 1.256657242774963379e-01 -7.354139328002929688e+00 7.156155705451965332e-01
1.976110339164733887e+00 -4.983336925506591797e+00 6.478554725646972656e+00 2.778858900070190430e+00 3.682877063751220703e+00 1.555744290351867676e+00 2.086003780364990234e+00 -8.004125595092773438e+00 2.177992463111877441e-01 4.754767894744873047e+00 -1.224318742752075195e+00 -2.470157146453857422e+00 -1.015425205230712891e+00 -4.047444343566894531e+00 -8.951650619506835938e+00
-1.814858913421630859e+00 -2.891931533813476562e+00 5.393047332763671875e+00 1.724826812744140625e+00 9.376885890960693359e-01 1.734839797019958496e+00 4.652141094207763672e+00 -1.593935251235961914e+00 -1.346531391143798828e+00 4.722766876220703125e+00 1.976069211959838867e+00 2.667109966278076172e+00 -1.611832737922668457e+00 -4.686848640441894531e+00 -6.158401012420654297e+00
-1.802448749542236328e+00 6.793334335088729858e-02 8.297172546386718750e+00 5.126472949981689453e+00 3.392120361328125000e+00 -8.897558450698852539e-01 2.864905595779418945e+00 1.687438011169433594e+00 2.494390726089477539e+00 7.391647338867187500e+00 2.421205043792724609e+00 -1.589354157447814941e+00 -4.350017905235290527e-01 2.437280714511871338e-01 -8.260475158691406250e+00
-2.928243398666381836e+00 -2.461221694946289062e+00 3.293274402618408203e+00 3.603792786598205566e-01 3.298403024673461914e+00 -2.387761831283569336e+00 2.241989850997924805e+00 -5.563037395477294922e+00 2.615892648696899414e+00 3.339497804641723633e+00 -2.641901731491088867e+00 2.367428302764892578e+00 -1.294988989830017090e+00 4.515658617019653320e-01 -8.475581169128417969e+00
-1.368369579315185547e+00 -2.329677343368530273e+00 3.617425441741943359e+00 3.618958950042724609e+00 3.916708469390869141e+00 -3.629368782043457031e+00 4.373451709747314453e+00 -1.801633596420288086e+00 -2.643659830093383789e+00 5.514416217803955078e+00 2.102390527725219727e+00 -8.049895286560058594e+00 -1.180393815040588379e+00 -2.197650671005249023e+00 -3.195331811904907227e+00
-5.638691425323486328e+00 4.750152304768562317e-02 2.906705617904663086e+00 -6.121054887771606445e-01 3.739291667938232422e+00 -2.995754957199096680e+00 -2.839310169219970703e+00 -4.322638034820556641e+00 -2.407179355621337891e+00 4.295228004455566406e+00 -7.077094078063964844e+00 -8.663977980613708496e-01 1.358569025993347168e+00 3.318787574768066406e+00 -2.700294733047485352e+00
1.943507909774780273e+00 3.675268888473510742e+00 5.284925937652587891e+00 5.243268013000488281e+00 8.850213050842285156e+00 -8.756598830223083496e-01 4.695653438568115234e+00 9.927177429199218750e-01 1.570340275764465332e+00 -6.872178912162780762e-01 -5.872364044189453125e-01 -4.874750614166259766e+00 3.085787057876586914e+00 3.123047828674316406e+00 -2.837362289428710938e+00
-1.206499934196472168e+00 -6.726361066102981567e-02 4.812656402587890625e+00 3.783624768257141113e-01 3.148429632186889648e+00 -2.315623760223388672e+00 2.546066999435424805e+00 2.018071413040161133e+00 -2.550974845886230469e+00 2.325405366718769073e-02 -6.915878772735595703e+00 -1.893744826316833496e+00 -6.111666560173034668e-01 -4.396974086761474609e+00 -4.117158889770507812e+00
-3.359961271286010742e+00 3.183551549911499023e+00 1.089766860008239746e+00 1.540458202362060547e+00 7.236163616180419922e+00 -6.240763664245605469e-01 5.534749031066894531e+00 -2.121031522750854492e+00 5.597844600677490234e+00 5.722608089447021484e+00 1.811875343322753906e+00 2.668983221054077148e+00 2.424650669097900391e+00 5.962858200073242188e-01 -1.041689109802246094e+01
-7.993455529212951660e-01 3.508059740066528320e+00 4.867242336273193359e+00 1.770608544349670410e+00 1.062412548065185547e+01 -3.779507398605346680e+00 5.535030961036682129e-01 7.084635496139526367e-01 -8.175246119499206543e-01 -3.780862808227539062e+00 -4.741055965423583984e+00 -3.232687950134277344e+00 -4.220534801483154297e+00 5.829489827156066895e-01 -3.859644889831542969e+00
-1.399390578269958496e+00 -2.928671598434448242e+00 4.216492652893066406e+00 3.705725669860839844e+00 4.728755474090576172e+00 -4.105609893798828125e+00 3.252826690673828125e+00 -3.067705392837524414e+00 -2.983843803405761719e+00 4.529813289642333984e+00 1.486140131950378418e+00 -8.182578086853027344e+00 -8.956393599510192871e-01 -1.608384966850280762e+00 -2.198926925659179688e+00
-1.646483659744262695e+00 -2.920317411422729492e+00 5.752772808074951172e+00 2.031463146209716797e+00 1.501254916191101074e+00 1.684450745582580566e+00 5.143701076507568359e+00 -1.889663457870483398e+00 -1.413736701011657715e+00 5.395164966583251953e+00 2.097029924392700195e+00 2.785596370697021484e+00 -1.306232333183288574e+00 -4.493317127227783203e+00 -6.108819484710693359e+00
-1.556822657585144043e+00 -5.421990871429443359e+00 6.442878246307373047e+00 -5.405665397644042969e+00 1.143132114410400391e+01 -5.204323768615722656e+00 5.707878589630126953e+00 -3.795420885086059570e+00 2.022485136985778809e-01 2.559335947036743164e+00 2.356233894824981689e-01 9.481106996536254883e-01 -5.678128242492675781e+00 -7.320242524147033691e-01 -7.276474952697753906e+00
-6.013339519500732422e+00 6.288748234510421753e-02 3.017054796218872070e+00 -7.769677042961120605e-01 3.927564382553100586e+00 -3.344383478164672852e+00 -2.673195362091064453e+00 -3.506708145141601562e+00 -2.698843240737915039e+00 3.353826284408569336e+00 -6.125560283660888672e+00 -4.169438779354095459e-01 1.187079787254333496e+00 2.867455244064331055e+00 -2.410295248031616211e+00
-4.879226207733154297e+00 5.071276187896728516e+00 1.172940611839294434e+00 1.157646536827087402e+00 1.014520931243896484e+01 -6.261985301971435547e-01 7.301589488983154297e+00 -2.757994890213012695e+00 5.729263782501220703e+00 4.821165561676025391e+00 1.849126696586608887e+00 2.612240791320800781e+00 2.316152811050415039e+00 7.765057682991027832e-01 -9.431483268737792969e+00
4.879024505615234375e+00 -4.219308376312255859e+00 3.101766824722290039e+00 -1.273346304893493652e+00 5.395903587341308594e+00 -6.781840324401855469e-01 2.585027217864990234e+00 -5.137283802032470703e+00 -1.530964970588684082e-01 -3.943969249725341797e+00 -1.096769452095031738e+00 -2.351164102554321289e+00 -3.843711376190185547e+00 -4.564639091491699219e+00 -8.841127753257751465e-01
-3.033247590065002441e-01 1.892662167549133301e+00 3.633700609207153320e+00 2.017849922180175781e+00 7.934409141540527344e+00 -4.772123813629150391e+00 5.630971193313598633e-01 -2.029886990785598755e-01 -9.165075421333312988e-01 -4.131454467773437500e+00 -5.124811649322509766e+00 -2.973901748657226562e+00 -4.467277526855468750e+00 6.802334785461425781e-01 -3.694538116455078125e+00
2.820101261138916016e+00 4.694858491420745850e-01 7.261172294616699219e+00 -4.450966835021972656e+00 6.294571876525878906e+00 1.386423349380493164e+00 6.700013160705566406e+00 -1.728110074996948242e+00 1.649552583694458008e-01 6.605085730552673340e-01 -1.588191390037536621e-01 -5.442210197448730469e+00 -1.864170432090759277e+00 3.556535005569458008e+00 -2.354727268218994141e+00
-4.428188800811767578e+00 4.762237548828125000e+00 1.124477148056030273e+00 1.640039920806884766e+00 1.013198375701904297e+01 -5.633165836334228516e-01 5.502881050109863281e+00 -3.998488664627075195e+00 5.168864727020263672e+00 5.003319263458251953e+00 2.528409481048583984e+00 2.499227285385131836e+00 2.150313854217529297e+00 3.797827363014221191e-01 -1.040813255310058594e+01
-2.125017166137695312e+00 7.824193835258483887e-01 6.000435829162597656e+00 -4.682184457778930664e-01 4.071382999420166016e+00 -2.695683240890502930e+00 3.404729604721069336e+00 2.549674510955810547e+00 -2.784628152847290039e+00 8.991509675979614258e-01 -6.224915027618408203e+00 -1.999104619026184082e+00 -3.540306687355041504e-01 -4.106552124023437500e+00 -4.215054988861083984e+00
-2.278712272644042969e+00 9.864753484725952148e-01 7.017188072204589844e+00 -4.125952720642089844e-01 5.009176254272460938e+00 -3.959783077239990234e+00 3.416719913482666016e+00 2.563345909118652344e+00 -2.567139148712158203e+00 -1.826248019933700562e-01 -6.488098144531250000e+00 -2.219761848449707031e+00 -8.030928969383239746e-01 -4.456746101379394531e+00 -4.267052650451660156e+00
-1.843374013900756836e+00 1.291742205619812012e+00 8.433898925781250000e+00 5.648106575012207031e+00 3.567671775817871094e+00 -2.201587200164794922e+00 1.950780510902404785e+00 1.583323478698730469e+00 3.358982563018798828e+00 7.500713825225830078e+00 2.407310009002685547e+00 -1.552143454551696777e+00 -5.323954224586486816e-01 2.955489158630371094e-01 -8.537107467651367188e+00
-4.119596481323242188e+00 -3.746018648147583008e+00 4.935287952423095703e+00 1.854389607906341553e-01 4.274745464324951172e+00 -2.816314458847045898e+00 1.466330766677856445e+00 -5.069475173950195312e+00 2.711759805679321289e+00 3.553303480148315430e+00 -2.761918544769287109e+00 2.011873960494995117e+00 -9.256280660629272461e-01 6.668500900268554688e-01 -7.878233432769775391e+00
-4.849687576293945312e+00 -4.326281249523162842e-01 3.126545429229736328e+00 3.123820304870605469e+00 1.088463115692138672e+01 -5.745513916015625000e+00 3.147923707962036133e+00 -3.547812938690185547e+00 -2.232689619064331055e+00 -7.171106338500976562e-01 -4.626523494720458984e+00 -5.043595790863037109e+00 4.940456897020339966e-02 -7.145799636840820312e+00 1.721975058317184448e-01
1.514446616172790527e+00 1.744897961616516113e+00 3.087690591812133789e+00 3.399360179901123047e+00 5.226244926452636719e+00 -3.630245029926300049e-01 3.856611728668212891e+00 1.443790316581726074e+00 7.043983340263366699e-01 -1.978813886642456055e+00 -3.779450058937072754e-01 -5.011510372161865234e+00 3.591707468032836914e+00 3.118220567703247070e+00 -2.912487268447875977e+00
2.136614084243774414e+00 -5.277631282806396484e+00 6.271277904510498047e+00 2.760087490081787109e+00 3.432861566543579102e+00 1.023926258087158203e+00 2.523582935333251953e+00 -6.034010410308837891e+00 -2.237015366554260254e-01 3.893263339996337891e+00 -1.259865880012512207e+00 -2.567455530166625977e+00 -1.155732750892639160e+00 -4.300965785980224609e+00 -8.881411552429199219e+00
-3.698887586593627930e+00 3.950370788574218750e+00 1.139721751213073730e+00 2.156199693679809570e+00 9.013854026794433594e+00 -2.706412672996520996e-01 5.108973979949951172e+00 -2.069182872772216797e+00 5.275110721588134766e+00 4.762663841247558594e+00 1.912467956542968750e+00 2.445816040039062500e+00 2.530561447143554688e+00 6.582891941070556641e-01 -9.351127624511718750e+00
-2.520053982734680176e-01 -2.232357263565063477e+00 7.027898788452148438e+00 2.324998855590820312e+00 9.179938316345214844e+00 -8.070914745330810547e-01 3.735347270965576172e+00 -2.438233137130737305e+00 2.178139209747314453e+00 8.463620185852050781e+00 7.452958583831787109e+00 -1.204668402671813965e+00 -1.043502613902091980e-01 -1.102787017822265625e+00 -6.307351112365722656e+00
-2.397118568420410156e+00 5.163887143135070801e-01 7.389103412628173828e+00 -5.638095140457153320e-01 5.047967433929443359e+00 -3.568747520446777344e+00 3.232481241226196289e+00 2.084858655929565430e+00 -2.868642568588256836e+00 6.950154304504394531e-01 -6.335415363311767578e+00 -1.882327198982238770e+00 -7.134944796562194824e-01 -4.786901473999023438e+00 -3.953003644943237305e+00
-4.272974133491516113e-01 -4.172462940216064453e+00 4.263612747192382812e+00 -1.971274018287658691e+00 6.453675270080566406e+00 -5.759300708770751953e+00 6.094539165496826172e+00 -3.635526418685913086e+00 9.733957648277282715e-01 3.473318815231323242e+00 1.758655309677124023e-01 8.420870304107666016e-01 -6.252346038818359375e+00 -1.010323524475097656e+00 -7.023220539093017578e+00
-6.694657802581787109e+00 -4.806480929255485535e-02 3.425520896911621094e+00 -6.877245903015136719e-01 4.476876258850097656e+00 -3.324055194854736328e+00 -2.937611579895019531e+00 -5.047560691833496094e+00 -2.549537420272827148e+00 3.625749588012695312e+00 -6.812489986419677734e+00 -8.711702823638916016e-01 1.449872493743896484e+00 2.916696310043334961e+00 -2.047252893447875977e+00
-1.535167336463928223e+00 -3.123432159423828125e+00 4.259646892547607422e+00 4.367351055145263672e+00 5.573378562927246094e+00 -3.710721015930175781e+00 4.015299320220947266e+00 -2.248103857040405273e+00 -3.497080326080322266e+00 5.825137138366699219e+00 2.299232482910156250e+00 -8.334742546081542969e+00 -1.166982531547546387e+00 -2.297347307205200195e+00 -4.287827968597412109e+00
-4.990112781524658203e+00 5.215224742889404297e+00 1.096979141235351562e+00 1.667241811752319336e+00 1.039969921112060547e+01 -4.160392582416534424e-01 4.770091056823730469e+00 -2.752683877944946289e+00 4.859479427337646484e+00 4.654713153839111328e+00 1.965682387351989746e+00 2.506307601928710938e+00 2.337388038635253906e+00 2.875494956970214844e-01 -9.144432067871093750e+00
1.822322964668273926e+00 2.068837642669677734e+00 4.444842338562011719e+00 4.431882858276367188e+00 6.285644531250000000e+00 -3.781632423400878906e+00 4.533173561096191406e+00 1.032511472702026367e+00 1.572897911071777344e+00 -6.059749126434326172e-01 -3.283641934394836426e-01 -4.441750049591064453e+00 3.236158847808837891e+00 3.014955043792724609e+00 -2.657742738723754883e+00
5.324112892150878906e+00 -5.117900371551513672e+00 4.275904655456542969e+00 -5.765721797943115234e-01 6.626127719879150391e+00 -8.423118852078914642e-03 2.502101421356201172e+00 -4.641537189483642578e+00 9.638136625289916992e-02 -4.437222957611083984e+00 -6.172893047332763672e-01 -2.564647674560546875e+00 -4.577591419219970703e+00 -4.940801620483398438e+00 -1.154415130615234375e+00
-1.594668626785278320e+00 -2.631727218627929688e+00 3.687510490417480469e+00 3.513520002365112305e+00 5.058512687683105469e+00 -3.618336200714111328e+00 4.728410720825195312e+00 -1.058726787567138672e+00 -3.118287801742553711e+00 4.865256786346435547e+00 1.646686434745788574e+00 -8.271581649780273438e+00 -1.591090083122253418e+00 -2.109083414077758789e+00 -2.869243383407592773e+00
-1.542128801345825195e+00 -2.929464340209960938e+00 4.254041671752929688e+00 4.050179958343505859e+00 5.075185775756835938e+00 -4.042328834533691406e+00 4.495742321014404297e+00 -1.720630049705505371e+00 -3.762868404388427734e+00 5.501439094543457031e+00 1.853506445884704590e+00 -8.232893943786621094e+00 -1.356577634811401367e+00 -2.611325263977050781e+00 -2.863548040390014648e+00
-5.801790356636047363e-01 8.205169439315795898e-01 2.923446178436279297e+00 1.599083662033081055e+00 5.730969429016113281e+00 -5.480191707611083984e+00 1.104353189468383789e+00 1.020279169082641602e+00 -2.819747328758239746e-01 -2.815611839294433594e+00 -5.241971492767333984e+00 -3.637925148010253906e+00 -4.445734500885009766e+00 8.385206460952758789e-01 -3.757234811782836914e+00
2.155275583267211914e+00 3.727872848510742188e+00 5.485134601593017578e+00 5.415704250335693359e+00 8.728716850280761719e+00 -1.381052255630493164e+00 4.251034736633300781e+00 1.184498190879821777e+00 1.031164526939392090e+00 -1.306735873222351074e+00 -3.363828063011169434e-01 -4.789271831512451172e+00 3.181741952896118164e+00 3.318084955215454102e+00 -2.742605686187744141e+00
1.625957369804382324e+00 -4.071846961975097656e+00 5.002919197082519531e+00 2.080532789230346680e+00 2.525043725967407227e+00 2.552035570144653320e+00 1.655130624771118164e+00 -5.217061519622802734e+00 -8.982068896293640137e-01 4.536003589630126953e+00 -1.150563240051269531e+00 -2.482069492340087891e+00 -1.099631190299987793e+00 -4.402564525604248047e+00 -8.995159149169921875e+00
-5.888129711151123047e+00 7.357678562402725220e-02 2.799266815185546875e+00 -6.018871068954467773e-01 3.888727664947509766e+00 -3.806561946868896484e+00 -3.175150632858276367e+00 -5.140565872192382812e+00 -1.855490565299987793e+00 5.057193279266357422e+00 -6.658250808715820312e+00 -6.532105207443237305e-01 1.431913733482360840e+00 3.058536529541015625e+00 -2.307719469070434570e+00
-1.897912025451660156e+00 -2.903045654296875000e+00 3.877211093902587891e+00 3.662818908691406250e+00 4.917734622955322266e+00 -4.044518947601318359e+00 4.648207187652587891e+00 -1.312891244888305664e+00 -2.886042833328247070e+00 5.577625751495361328e+00 1.956229329109191895e+00 -8.262786865234375000e+00 -1.244505643844604492e+00 -1.809900522232055664e+00 -2.468892097473144531e+00
-5.392984867095947266e+00 -4.469126224517822266e+00 6.006173133850097656e+00 1.455578207969665527e-01 5.679485797882080078e+00 -2.396789073944091797e+00 1.426576972007751465e+00 -4.871189117431640625e+00 3.259272575378417969e+00 2.921952724456787109e+00 -3.129658222198486328e+00 1.784253358840942383e+00 -1.654702782630920410e+00 4.883425235748291016e-01 -8.033789634704589844e+00
-6.352025032043457031e+00 -4.781016826629638672e+00 6.410987854003906250e+00 -1.582995653152465820e-01 6.563533306121826172e+00 -2.771971702575683594e+00 1.934934020042419434e+00 -5.093128681182861328e+00 2.433265924453735352e+00 3.188215494155883789e+00 -2.961874008178710938e+00 2.203834056854248047e+00 -1.349120259284973145e+00 2.875000238418579102e-01 -8.120776176452636719e+00
2.837739467620849609e+00 -5.349437519907951355e-02 7.672458648681640625e+00 -3.620773315429687500e+00 6.061030387878417969e+00 -1.060110777616500854e-01 7.412848472595214844e+00 -8.022161722183227539e-01 -5.587534308433532715e-01 -1.778831332921981812e-01 1.025207638740539551e-01 -5.727377414703369141e+00 -2.541996240615844727e+00 3.772409915924072266e+00 -3.231852531433105469e+00
-2.525468468666076660e-01 -3.993453741073608398e+00 4.629625320434570312e+00 -1.875676989555358887e+00 6.307388305664062500e+00 -6.331547260284423828e+00 5.621826171875000000e+00 -2.165728807449340820e+00 6.327000260353088379e-01 2.239827156066894531e+00 4.954026937484741211e-01 7.151703238487243652e-01 -5.386884689331054688e+00 -3.800135254859924316e-01 -6.187332153320312500e+00
-1.630055427551269531e+00 -3.205912828445434570e+00 4.566219806671142578e+00 4.007578849792480469e+00 4.711776733398437500e+00 -4.240076541900634766e+00 3.720097541809082031e+00 -2.224393367767333984e+00 -2.206830024719238281e+00 6.540232181549072266e+00 1.332564830780029297e+00 -7.972607612609863281e+00 -1.477373003959655762e+00 -2.492355585098266602e+00 -3.290144681930541992e+00
4.077624797821044922e+00 -4.465711593627929688e+00 3.897420406341552734e+00 9.042037278413772583e-02 5.912909507751464844e+00 -9.066728353500366211e-01 3.253834247589111328e+00 -7.282821178436279297e+00 -3.231095075607299805e-01 -3.238180875778198242e+00 -3.846386671066284180e-01 -2.448874711990356445e+00 -5.040555000305175781e+00 -4.614208221435546875e+00 -1.280990481376647949e+00
1.328939318656921387e+00 -3.312874555587768555e+00 3.890110254287719727e+00 1.602215528488159180e+00 1.874611496925354004e+00 2.000476360321044922e+00 8.295220136642456055e-01 -5.225677967071533203e+00 -4.929868578910827637e-01 4.426751136779785156e+00 -8.394863009452819824e-01 -2.808950901031494141e+00 -1.162470698356628418e+00 -4.639311313629150391e+00 -8.479351043701171875e+00
-4.026386260986328125e+00 2.726505100727081299e-01 2.123701333999633789e+00 2.020918130874633789e+00 7.430976867675781250e+00 -4.127197265625000000e+00 2.599873304367065430e+00 -3.815260410308837891e+00 -1.222395777702331543e+00 -1.591817259788513184e+00 -3.985476493835449219e+00 -4.825280666351318359e+00 -8.538138270378112793e-01 -6.771683692932128906e+00 -4.193238615989685059e-01
-4.501512646675109863e-01 -4.484392642974853516e+00 4.606980323791503906e+00 -1.845686912536621094e+00 6.578608036041259766e+00 -4.759243488311767578e+00 5.433516502380371094e+00 -4.663033962249755859e+00 4.639404416084289551e-01 2.395747184753417969e+00 6.063891649246215820e-01 1.378610968589782715e+00 -5.958696365356445312e+00 -9.738920331001281738e-01 -7.431766033172607422e+00
-5.742047309875488281e+00 -1.371178478002548218e-01 3.027925968170166016e+00 -8.881625533103942871e-01 4.266815662384033203e+00 -3.385885477066040039e+00 -3.940653324127197266e+00 -4.144824028015136719e+00 -2.387342214584350586e+00 3.667028665542602539e+00 -6.804419517517089844e+00 -1.045854926109313965e+00 1.296135187149047852e+00 3.746960878372192383e+00 -2.661377191543579102e+00
-1.196584582328796387e+00 -2.364349216222763062e-01 5.350720405578613281e+00 3.585274219512939453e+00 2.365100383758544922e+00 -1.836277246475219727e+00 2.566390991210937500e+00 1.452449321746826172e+00 3.107121467590332031e+00 7.101574420928955078e+00 1.827174425125122070e+00 -2.030529737472534180e+00 -3.615137934684753418e-01 7.366122603416442871e-01 -8.615198135375976562e+00
-6.413611412048339844e+00 9.244420379400253296e-02 2.832852363586425781e+00 -1.441551208496093750e+00 4.133164405822753906e+00 -3.246380329132080078e+00 -2.484237670898437500e+00 -4.401340484619140625e+00 -2.703265428543090820e+00 3.342057704925537109e+00 -6.836890697479248047e+00 -2.706763148307800293e-01 1.447067737579345703e+00 3.124914407730102539e+00 -2.539928197860717773e+00
-2.095980644226074219e+00 -3.008862733840942383e+00 6.245317935943603516e+00 1.575419783592224121e+00 1.060920357704162598e+00 1.488482117652893066e+00 5.400534629821777344e+00 -2.088454008102416992e+00 -1.103532075881958008e+00 5.159966945648193359e+00 2.081747770309448242e+00 3.462954998016357422e+00 -9.504048228263854980e-01 -4.599315643310546875e+00 -6.304250240325927734e+00
-2.898839712142944336e+00 3.069367170333862305e+00 9.126062393188476562e-01 1.885861515998840332e+00 7.107007980346679688e+00 3.003464937210083008e-01 5.064733028411865234e+00 -2.896767854690551758e+00 5.062979221343994141e+00 4.347958087921142578e+00 2.317763328552246094e+00 2.397680282592773438e+00 2.202921152114868164e+00 3.602591156959533691e-01 -9.402577400207519531e+00
2.032518148422241211e+00 4.546205997467041016e+00 5.142623901367187500e+00 4.949981689453125000e+00 9.187766075134277344e+00 -1.877639532089233398e+00 4.245124340057373047e+00 6.397744417190551758e-01 1.001888036727905273e+00 -7.703239321708679199e-01 -1.224339008331298828e-01 -4.953664779663085938e+00 2.899906873703002930e+00 3.101735353469848633e+00 -2.385764360427856445e+00
1.499276876449584961e+00 -3.484520196914672852e+00 4.353214263916015625e+00 2.258376598358154297e+00 2.749511718750000000e+00 2.868501186370849609e+00 1.398041725158691406e+00 -3.993451118469238281e+00 6.092396378517150879e-01 4.690512180328369141e+00 -7.646138668060302734e-01 -2.327637910842895508e+00 -1.491458058357238770e+00 -4.782638549804687500e+00 -9.091653823852539062e+00
-3.647892713546752930e+00 -2.165890336036682129e-01 2.682024955749511719e+00 2.471450567245483398e+00 7.977537155151367188e+00 -5.978476047515869141e+00 2.692687988281250000e+00 -2.926384210586547852e+00 -1.655667901039123535e+00 -1.783011674880981445e+00 -4.649104118347167969e+00 -5.332067489624023438e+00 -4.343892931938171387e-01 -7.100846290588378906e+00 1.997391432523727417e-01
-2.522382259368896484e+00 -2.748492717742919922e+00 3.640055418014526367e+00 6.949391365051269531e-01 3.356630086898803711e+00 -2.626722097396850586e+00 1.884077548980712891e+00 -4.497314453125000000e+00 2.961507081985473633e+00 3.952471494674682617e+00 -2.550921916961669922e+00 2.147564411163330078e+00 -6.159817576408386230e-01 2.659890651702880859e-01 -7.816289901733398438e+00
3.329040527343750000e+00 -3.398688316345214844e+00 3.249855041503906250e+00 2.195227146148681641e-01 4.639703750610351562e+00 -1.826063394546508789e+00 3.155574321746826172e+00 -7.976389408111572266e+00 -5.586903691291809082e-01 -2.021752357482910156e+00 -1.655207872390747070e-01 -2.448923110961914062e+00 -4.707918643951416016e+00 -4.427098274230957031e+00 -8.721246123313903809e-01
-2.251823425292968750e+00 4.582324922084808350e-01 6.900043487548828125e+00 -1.588481664657592773e-01 4.899846076965332031e+00 -1.643993854522705078e+00 2.866522550582885742e+00 2.589701414108276367e+00 -2.398336648941040039e+00 1.230215191841125488e+00 -6.587463378906250000e+00 -2.119864463806152344e+00 -4.630365967750549316e-01 -4.729156970977783203e+00 -4.126233577728271484e+00
-2.574074029922485352e+00 8.518620133399963379e-01 7.843967914581298828e+00 -7.526783943176269531e-01 5.545041561126708984e+00 -2.308539390563964844e+00 3.131962299346923828e+00 2.267091512680053711e+00 -2.637526273727416992e+00 1.124456077814102173e-01 -6.463860034942626953e+00 -1.942995786666870117e+00 -3.160223364830017090e-01 -4.645535945892333984e+00 -4.595779895782470703e+00
2.778818368911743164e+00 -7.009175419807434082e-01 6.871481895446777344e+00 -2.418481588363647461e+00 5.231937885284423828e+00 5.977715253829956055e-01 6.787755489349365234e+00 -1.671510815620422363e+00 4.217742383480072021e-01 3.336548805236816406e-01 1.805831789970397949e-01 -5.016760826110839844e+00 -2.423064947128295898e+00 3.525132417678833008e+00 -3.722374200820922852e+00
-9.324997067451477051e-01 2.725135803222656250e+00 4.851188659667968750e+00 1.711501598358154297e+00 9.948254585266113281e+00 -5.189192771911621094e+00 1.054735422134399414e+00 3.083219528198242188e-01 -6.962940096855163574e-01 -3.338490486145019531e+00 -5.636178970336914062e+00 -2.893293857574462891e+00 -4.008940696716308594e+00 7.021472454071044922e-01 -2.331729650497436523e+00
-1.268628239631652832e+00 3.325383365154266357e-01 6.385079860687255859e+00 4.233390331268310547e+00 2.489555597305297852e+00 -3.036327600479125977e+00 3.248572826385498047e+00 7.986375689506530762e-01 3.089610099792480469e+00 7.592797279357910156e+00 1.625416278839111328e+00 -1.902209639549255371e+00 -1.204625889658927917e-01 4.109895527362823486e-01 -8.126399040222167969e+00
2.677537202835083008e+00 -3.527249574661254883e+00 3.867157697677612305e+00 9.428902864456176758e-01 4.760617256164550781e+00 -1.198596477508544922e+00 2.895493745803833008e+00 -7.920740604400634766e+00 -5.250031352043151855e-01 -2.990904331207275391e+00 -8.301497697830200195e-01 -2.520661830902099609e+00 -4.328258514404296875e+00 -5.165799617767333984e+00 -1.050373554229736328e+00
1.172986745834350586e+00 1.154211163520812988e+00 3.454784631729125977e+00 3.549545764923095703e+00 4.985206127166748047e+00 -3.490287542343139648e+00 4.746598243713378906e+00 5.642115473747253418e-01 1.295067310333251953e+00 -8.910402059555053711e-01 1.798873841762542725e-01 -4.792109012603759766e+00 3.319100856781005859e+00 2.898392915725708008e+00 -2.888413190841674805e+00
