-5.626834034919738770e-01 -4.886729240417480469e+00 5.396742820739746094e+00 -3.881656885147094727e+00 -4.076633453369140625e+00 4.285705566406250000e+00 2.798400521278381348e-01 -2.784907817840576172e+00 2.374278306961059570e+00 2.664004564285278320e+00 3.058967113494873047e+00 2.260218113660812378e-01 4.178317546844482422e+00 -7.425868034362792969e+00 -2.334599733352661133e+00
-5.993709564208984375e-01 -4.110373973846435547e+00 4.527298450469970703e+00 -3.132834196090698242e+00 -3.308945894241333008e+00 3.409479856491088867e+00 -5.136538147926330566e-01 -2.504498958587646484e+00 2.746882677078247070e+00 8.344435691833496094e-01 2.766060352325439453e+00 2.003969401121139526e-01 3.758443355560302734e+00 -7.123557090759277344e+00 -2.618540763854980469e+00
1.248102188110351562e-01 -2.837775468826293945e+00 -7.392441630363464355e-01 -9.504806399345397949e-01 -5.373940944671630859e+00 3.049237132072448730e-01 9.709752798080444336e-01 6.654044151306152344e+00 3.066626191139221191e-01 1.968327283859252930e+00 -1.668231606483459473e+00 -4.340327262878417969e+00 9.882201254367828369e-02 -5.649098396301269531e+00 1.546408057212829590e+00
-5.407334804534912109e+00 -4.494368433952331543e-01 5.741379782557487488e-02 -3.038933753967285156e+00 -7.916830062866210938e+00 3.225548982620239258e+00 6.028353214263916016e+00 4.274674415588378906e+00 5.169235467910766602e-01 1.842498421669006348e+00 -3.269298315048217773e+00 -4.016733646392822266e+00 1.013629555702209473e+00 -1.790482699871063232e-01 3.827553272247314453e+00
-2.811564207077026367e+00 8.017957955598831177e-02 3.335909605026245117e+00 -3.646182537078857422e+00 -6.070544242858886719e+00 -4.127047657966613770e-01 3.196870803833007812e+00 3.242550134658813477e+00 4.175787448883056641e+00 1.224043488502502441e+00 -4.746971607208251953e+00 1.031258225440979004e+00 -4.006942510604858398e-01 -3.514502286911010742e+00 -2.159060716629028320e+00
1.171549916267395020e+00 -7.676300048828125000e+00 2.846184015274047852e+00 -2.557654857635498047e+00 3.460985660552978516e+00 7.429534792900085449e-01 2.408708810806274414e+00 -2.183495759963989258e+00 3.066430330276489258e+00 4.394343852996826172e+00 2.741927146911621094e+00 -5.687139987945556641e+00 3.674166679382324219e+00 -1.154726982116699219e+00 -3.678694963455200195e+00
-3.975223898887634277e-01 -3.051891565322875977e+00 3.368112325668334961e+00 -2.314996719360351562e+00 -2.582036733627319336e+00 4.507661819458007812e+00 1.165253400802612305e+00 -2.976770877838134766e+00 2.801147699356079102e+00 2.329003095626831055e+00 3.187762022018432617e+00 -8.076615631580352783e-02 4.026278018951416016e+00 -7.584939479827880859e+00 -2.659229040145874023e+00
-8.296229243278503418e-01 -4.567392349243164062e+00 3.259008169174194336e+00 -2.878784894943237305e+00 -2.654244005680084229e-01 -4.292116641998291016e+00 1.551982760429382324e+00 5.331590175628662109e+00 1.086001515388488770e+00 1.734529376029968262e+00 -5.103451728820800781e+00 -2.987578809261322021e-01 4.171593666076660156e+00 -3.109573125839233398e-01 3.730008125305175781e+00
1.608264923095703125e+00 -8.255757331848144531e+00 3.216105699539184570e+00 -2.803631067276000977e+00 4.304362297058105469e+00 6.823237240314483643e-02 1.926530957221984863e+00 -2.291765451431274414e+00 3.459025382995605469e+00 3.890107154846191406e+00 2.341541767120361328e+00 -5.754794120788574219e+00 3.290867805480957031e+00 -1.146173715591430664e+00 -3.047734737396240234e+00
8.875134587287902832e-01 -1.108265280723571777e+00 4.901030063629150391e-01 -6.863029479980468750e+00 -1.700083255767822266e+00 3.942483901977539062e+00 1.417261242866516113e+00 2.367550611495971680e+00 2.406034022569656372e-01 5.609623908996582031e+00 -3.735628724098205566e-01 -1.424667388200759888e-01 -9.660592079162597656e-01 -8.833590507507324219e+00 -4.559100151062011719e+00
3.706068038940429688e+00 -8.650908470153808594e-01 4.958704948425292969e+00 -3.534374237060546875e+00 -2.495089292526245117e+00 -3.666061401367187500e+00 3.501087665557861328e+00 6.482304334640502930e-01 1.530381441116333008e+00 4.106936931610107422e+00 3.073199748992919922e+00 -1.139749526977539062e+00 4.397225856781005859e+00 -5.874749660491943359e+00 2.909929275512695312e+00
3.555046796798706055e+00 -5.731718063354492188e+00 2.311267614364624023e+00 -2.806282281875610352e+00 -2.786287069320678711e+00 -1.054648399353027344e+00 -1.253593683242797852e+00 9.876263737678527832e-01 2.464404106140136719e+00 5.263806819915771484e+00 -2.081205129623413086e+00 -4.297854900360107422e+00 1.194810271263122559e+00 -2.396423816680908203e+00 -4.601047515869140625e+00
-1.859934091567993164e+00 1.914560317993164062e+00 5.469742417335510254e-01 -4.965081214904785156e+00 -3.657058715820312500e+00 -4.694784283638000488e-01 1.434044361114501953e+00 3.157626628875732422e+00 -5.208760738372802734e+00 3.374019861221313477e+00 6.180604934692382812e+00 7.301863431930541992e-01 2.611009359359741211e+00 -2.765052318572998047e+00 -4.168340682983398438e+00
-5.042815208435058594e-01 -3.530412435531616211e+00 3.677206993103027344e+00 -2.655510425567626953e+00 -3.311404466629028320e+00 3.507488012313842773e+00 5.002382993698120117e-01 -3.008597612380981445e+00 3.105459213256835938e+00 1.418616533279418945e+00 2.908660888671875000e+00 3.067366778850555420e-01 4.421516895294189453e+00 -7.676045894622802734e+00 -2.411261558532714844e+00
3.785977363586425781e-01 -3.761097192764282227e+00 1.290223240852355957e+00 -1.508826494216918945e+00 1.423656940460205078e+00 -1.004724483937025070e-02 2.529706239700317383e+00 -1.312862992286682129e+00 3.911051034927368164e+00 4.281460285186767578e+00 3.203046083450317383e+00 -5.127502441406250000e+00 3.057640552520751953e+00 -1.679785609245300293e+00 -3.369494199752807617e+00
-1.164513945579528809e+00 -6.866813659667968750e+00 4.679049968719482422e+00 -3.758553981781005859e+00 -3.051042184233665466e-02 -5.397358417510986328e+00 1.279873490333557129e+00 5.866964817047119141e+00 1.633438348770141602e+00 2.201277494430541992e+00 -4.657402038574218750e+00 -4.642117917537689209e-01 3.845360040664672852e+00 2.547820657491683960e-02 3.048733949661254883e+00
-5.846292018890380859e+00 -5.993477106094360352e-01 4.188353121280670166e-01 -2.575853109359741211e+00 -7.623383998870849609e+00 2.574635505676269531e+00 5.685296535491943359e+00 5.450437068939208984e+00 2.549635171890258789e-01 2.591202497482299805e+00 -2.665613174438476562e+00 -4.935420036315917969e+00 1.745934605598449707e+00 3.137128055095672607e-01 3.924609899520874023e+00
-8.126984596252441406e+00 -4.577035903930664062e-01 8.988909423351287842e-02 -4.554121971130371094e+00 -1.161008930206298828e+01 2.206155776977539062e+00 5.970832347869873047e+00 3.635008573532104492e+00 8.976829648017883301e-01 2.261714220046997070e+00 -2.999875783920288086e+00 -4.616572856903076172e+00 1.313888788223266602e+00 -8.287467993795871735e-03 3.660005092620849609e+00
-1.223519921302795410e+00 -3.423075675964355469e+00 2.317250490188598633e+00 -3.362797737121582031e+00 -1.848874092102050781e+00 3.257649183273315430e+00 4.073726177215576172e+00 -3.924852907657623291e-01 5.025157928466796875e+00 -1.652471899986267090e+00 -2.239251852035522461e+00 -6.458356380462646484e+00 3.412661552429199219e+00 -1.601063132286071777e+00 -2.805023789405822754e-01
-2.468034505844116211e+00 -4.343982219696044922e+00 1.584379792213439941e+00 -1.973855853080749512e+00 -3.998754978179931641e+00 -1.842175841331481934e+00 6.820959568023681641e+00 1.692787110805511475e-01 1.938228368759155273e+00 -2.145347118377685547e+00 1.343566894531250000e+00 -1.502719759941101074e+00 7.115633964538574219e+00 9.194909930229187012e-01 -1.684606909751892090e+00
-8.239868164062500000e+00 -4.694474935531616211e-01 8.981941640377044678e-02 -4.080401420593261719e+00 -1.149425506591796875e+01 1.957462906837463379e+00 5.616149425506591797e+00 5.943224906921386719e+00 6.845975518226623535e-01 2.083598136901855469e+00 -2.812851190567016602e+00 -4.637532234191894531e+00 1.249350786209106445e+00 -2.731240540742874146e-02 3.462068796157836914e+00
3.005273580551147461e+00 -9.424787759780883789e-01 4.395463466644287109e+00 -3.504755496978759766e+00 -2.220938920974731445e+00 -3.476399183273315430e+00 3.981746435165405273e+00 9.565231800079345703e-01 1.944129586219787598e+00 4.203571319580078125e+00 3.201430320739746094e+00 -8.281562924385070801e-01 4.778729438781738281e+00 -6.007350921630859375e+00 2.735662698745727539e+00
-9.444115161895751953e-01 -4.586771011352539062e+00 2.966060161590576172e+00 -2.570123910903930664e+00 -2.405302524566650391e-01 -5.284871578216552734e+00 8.331727981567382812e-01 4.193484783172607422e+00 2.588503599166870117e+00 2.682904958724975586e+00 -4.940516471862792969e+00 -5.585961937904357910e-01 4.902142524719238281e+00 -1.781543344259262085e-01 3.223222732543945312e+00
-6.730836033821105957e-01 -6.327569961547851562e+00 4.223217010498046875e+00 -2.992849588394165039e+00 4.869196563959121704e-03 -4.191231727600097656e+00 1.487791538238525391e+00 3.853711128234863281e+00 2.198398828506469727e+00 1.492879152297973633e+00 -4.632844924926757812e+00 -3.059283196926116943e-01 4.261145591735839844e+00 -1.561578959226608276e-01 3.341074705123901367e+00
1.708082795143127441e+00 -1.233089804649353027e+00 2.917306423187255859e+00 -2.362179517745971680e+00 -1.514931082725524902e+00 -3.070159673690795898e+00 4.179597377777099609e+00 7.861939072608947754e-01 2.686003684997558594e+00 3.946506261825561523e+00 3.133869647979736328e+00 -1.094496846199035645e+00 4.884349346160888672e+00 -5.429017066955566406e+00 3.122744321823120117e+00
1.504762172698974609e+00 -1.485453844070434570e+00 6.360031366348266602e-01 -7.908501148223876953e+00 -1.626323580741882324e+00 4.481078147888183594e+00 2.074011087417602539e+00 2.097013950347900391e+00 8.345976471900939941e-01 5.903749465942382812e+00 -2.558465600013732910e-01 -6.397373974323272705e-02 -6.845284700393676758e-01 -8.357400894165039062e+00 -4.281187057495117188e+00
-4.414556026458740234e+00 -1.551479935646057129e+00 3.080493211746215820e+00 -4.477424621582031250e+00 -2.009703397750854492e+00 1.854964375495910645e+00 3.078492403030395508e+00 1.557773590087890625e+00 -2.061874389648437500e+00 5.259330272674560547e+00 9.792575240135192871e-01 4.387419223785400391e+00 1.725251317024230957e+00 -4.857222080230712891e+00 -1.969875812530517578e+00
-1.285876512527465820e+00 -3.332358598709106445e+00 2.067315101623535156e+00 -3.851282119750976562e+00 -2.023996591567993164e+00 3.995103597640991211e+00 3.624911308288574219e+00 6.188876628875732422e-01 3.947574138641357422e+00 -1.063613772392272949e+00 -1.978006243705749512e+00 -6.302540302276611328e+00 3.331605434417724609e+00 -1.478210210800170898e+00 -5.953151732683181763e-02
-9.732380509376525879e-01 -5.369266986846923828e+00 3.576052904129028320e+00 -3.193564653396606445e+00 -1.579198837280273438e-01 -4.393980026245117188e+00 1.005878806114196777e+00 4.118722438812255859e+00 1.798153877258300781e+00 1.518768668174743652e+00 -4.746982097625732422e+00 -3.693982064723968506e-01 4.229913234710693359e+00 -1.325200647115707397e-01 3.128236770629882812e+00
-2.299451112747192383e+00 -6.131587982177734375e+00 1.270180225372314453e+00 -9.689571261405944824e-01 -9.398481249809265137e-01 -2.771217107772827148e+00 4.192448139190673828e+00 3.288295745849609375e+00 -3.698477745056152344e+00 5.047556877136230469e+00 3.018669366836547852e+00 1.045364975929260254e+00 6.501459598541259766e+00 -3.505644500255584717e-01 4.156554698944091797e+00
-5.638549923896789551e-01 -3.695699930191040039e+00 -1.318972706794738770e+00 -2.006829023361206055e+00 -7.216412067413330078e+00 2.282024860382080078e+00 1.071654438972473145e+00 6.218807220458984375e+00 2.025362968444824219e+00 1.088215827941894531e+00 -1.520390748977661133e+00 -5.090978622436523438e+00 2.460886687040328979e-01 -5.360007286071777344e+00 1.398391008377075195e+00
9.055957794189453125e-01 -5.677158355712890625e+00 2.238491773605346680e+00 -2.042943239212036133e+00 2.541399002075195312e+00 7.426507771015167236e-02 2.480141401290893555e+00 -1.640324234962463379e+00 3.461281299591064453e+00 4.167956352233886719e+00 3.136383533477783203e+00 -5.445763111114501953e+00 3.445190668106079102e+00 -1.487703323364257812e+00 -3.711349487304687500e+00
-1.666814923286437988e+00 -4.131758689880371094e+00 2.560422182083129883e+00 -3.841644525527954102e+00 -2.210829734802246094e+00 1.937537670135498047e+00 4.978825092315673828e+00 1.432813048362731934e+00 4.352826595306396484e+00 -2.327311992645263672e+00 -2.502201557159423828e+00 -5.761102676391601562e+00 3.024065494537353516e+00 -2.063347101211547852e+00 -3.271914124488830566e-01
-4.442797183990478516e+00 -5.149962902069091797e-01 8.717012405395507812e-02 -2.582973957061767578e+00 -6.671635150909423828e+00 2.693109750747680664e+00 5.278592109680175781e+00 3.852763175964355469e+00 1.017016172409057617e+00 2.167153596878051758e+00 -2.933887958526611328e+00 -4.342901229858398438e+00 1.318271398544311523e+00 -8.162596262991428375e-03 3.935973882675170898e+00
-3.797989487648010254e-01 -3.942557096481323242e+00 -1.316960930824279785e+00 -1.330834746360778809e+00 -8.188771247863769531e+00 1.013787031173706055e+00 1.291290283203125000e+00 6.301594257354736328e+00 8.129678368568420410e-01 1.516128659248352051e+00 -1.507462024688720703e+00 -4.527797222137451172e+00 -2.016229778528213501e-01 -4.745507717132568359e+00 1.693063139915466309e+00
-2.093436956405639648e+00 -4.174963951110839844e+00 1.681083559989929199e+00 -1.499190926551818848e+00 -3.584708690643310547e+00 -3.110317707061767578e+00 6.475570678710937500e+00 5.135937333106994629e-01 1.929907202720642090e+00 -1.433100938796997070e+00 1.202599644660949707e+00 -1.741816043853759766e+00 7.726319789886474609e+00 1.126692175865173340e+00 -1.520547032356262207e+00
-1.159495711326599121e+00 -1.888295173645019531e+00 1.503266811370849609e+00 -3.698329448699951172e+00 -4.608829021453857422e+00 -2.800293684005737305e+00 1.409710168838500977e+00 -1.195229172706604004e+00 5.506401538848876953e+00 -4.889935553073883057e-01 1.167722821235656738e+00 -1.682453989982604980e+00 7.933299541473388672e+00 -4.650263786315917969e+00 -6.680019497871398926e-01
-2.637225389480590820e+00 -6.045079231262207031e+00 1.422955632209777832e+00 -1.055359721183776855e+00 -1.079114675521850586e+00 -2.672835588455200195e+00 4.158733844757080078e+00 2.304873228073120117e+00 -2.610624790191650391e+00 3.476806402206420898e+00 3.502124309539794922e+00 1.061318278312683105e+00 7.207265853881835938e+00 -2.092997282743453979e-01 4.367655754089355469e+00
-2.937030553817749023e+00 3.143574476242065430e+00 9.775247573852539062e-01 -8.355370521545410156e+00 -6.112477779388427734e+00 4.709507226943969727e-01 2.213654041290283203e+00 3.049391031265258789e+00 -4.939918041229248047e+00 2.047904014587402344e+00 6.242718219757080078e+00 8.674240708351135254e-01 2.627390384674072266e+00 -2.458169937133789062e+00 -4.234447479248046875e+00
-3.299536466598510742e+00 -1.503079891204833984e+00 2.328990697860717773e+00 -3.475768804550170898e+00 -1.959277272224426270e+00 1.951164960861206055e+00 3.474630594253540039e+00 9.309147596359252930e-01 -2.077505350112915039e+00 4.177581310272216797e+00 7.270583510398864746e-01 4.602222442626953125e+00 1.586432576179504395e+00 -4.764292240142822266e+00 -2.130268335342407227e+00
-2.814296483993530273e+00 2.386135011911392212e-01 3.520468235015869141e+00 -2.948678493499755859e+00 -6.001985073089599609e+00 -5.503376126289367676e-01 3.732834100723266602e+00 3.311791658401489258e+00 4.988086223602294922e+00 9.179614782333374023e-01 -4.605762958526611328e+00 1.270233988761901855e+00 4.345689713954925537e-02 -3.900858879089355469e+00 -2.437601327896118164e+00
1.407664537429809570e+00 -1.001623988151550293e+00 3.697605133056640625e-01 -7.129585266113281250e+00 -1.548811793327331543e+00 3.969941377639770508e+00 1.041087388992309570e+00 2.125626325607299805e+00 1.581175208091735840e+00 5.058964252471923828e+00 -5.915535092353820801e-01 -3.166876733303070068e-01 -5.200241208076477051e-01 -8.238278388977050781e+00 -3.978806257247924805e+00
-1.630612373352050781e+00 -2.338079214096069336e+00 1.813073754310607910e+00 -4.644098281860351562e+00 -4.848044395446777344e+00 -3.196358680725097656e+00 1.780676841735839844e+00 -1.610711574554443359e+00 5.641663074493408203e+00 -2.527664005756378174e-01 6.256993412971496582e-01 -1.406677365303039551e+00 7.449546337127685547e+00 -4.590284347534179688e+00 -9.410577416419982910e-01
-4.736456394195556641e+00 -6.699673533439636230e-01 2.684416472911834717e-01 -3.183316707611083984e+00 -6.730371952056884766e+00 2.975548028945922852e+00 5.148352622985839844e+00 4.632367610931396484e+00 9.084003567695617676e-01 1.728106856346130371e+00 -3.068734645843505859e+00 -4.706865787506103516e+00 1.256892085075378418e+00 -6.393430382013320923e-02 3.994681119918823242e+00
5.883094310760498047e+00 -2.033652782440185547e+00 7.213904857635498047e+00 -5.104800701141357422e+00 -3.485389232635498047e+00 -3.387142896652221680e+00 3.418566942214965820e+00 1.321309357881546021e-01 2.671851873397827148e+00 3.992898464202880859e+00 2.860531806945800781e+00 -7.765060067176818848e-01 4.125327587127685547e+00 -5.252474784851074219e+00 2.949035167694091797e+00
-2.768504858016967773e+00 -6.323041915893554688e+00 1.471934914588928223e+00 -1.113473892211914062e+00 -1.107139587402343750e+00 -1.843628764152526855e+00 4.437403202056884766e+00 1.871091723442077637e+00 -2.097136497497558594e+00 2.821015596389770508e+00 3.089213132858276367e+00 1.307331442832946777e+00 6.608211040496826172e+00 -5.134335756301879883e-01 3.985212802886962891e+00
-4.191415786743164062e+00 8.918888568878173828e-01 5.122624397277832031e+00 -3.888527154922485352e+00 -8.162764549255371094e+00 -1.271008014678955078e+00 4.772585391998291016e+00 3.757405757904052734e+00 4.487039089202880859e+00 1.518517851829528809e+00 -4.231260299682617188e+00 1.295147299766540527e+00 -5.558609962463378906e-01 -3.771708011627197266e+00 -2.413508176803588867e+00
2.997091770172119141e+00 -5.018188953399658203e+00 2.002188920974731445e+00 -1.946105122566223145e+00 -2.680227518081665039e+00 -2.710337042808532715e-01 -1.551585793495178223e+00 4.737952053546905518e-01 1.845441341400146484e+00 5.116682052612304688e+00 -2.090929746627807617e+00 -4.138652324676513672e+00 1.056988239288330078e+00 -1.850160598754882812e+00 -4.499686241149902344e+00
6.633190512657165527e-01 -8.416053652763366699e-01 5.205746889114379883e-01 -5.549042701721191406e+00 -1.291515588760375977e+00 3.475557565689086914e+00 1.378858566284179688e+00 1.522494554519653320e+00 1.383041977882385254e+00 5.939381122589111328e+00 -6.067309975624084473e-01 -5.110245943069458008e-01 -8.728728890419006348e-01 -8.563775062561035156e+00 -4.200094223022460938e+00
2.738392651081085205e-01 -5.525101661682128906e+00 6.802758216857910156e+00 -3.421137332916259766e+00 -4.466387271881103516e+00 3.482025861740112305e+00 -8.310548663139343262e-01 -2.103004693984985352e+00 2.396923303604125977e+00 1.687783718109130859e+00 2.408675432205200195e+00 4.098861515522003174e-01 3.588311910629272461e+00 -7.180814266204833984e+00 -2.385578632354736328e+00
-3.804124116897583008e+00 6.464159488677978516e-01 5.049551963806152344e+00 -4.071886062622070312e+00 -7.729425907135009766e+00 -9.985149502754211426e-01 4.459963321685791016e+00 3.918519020080566406e+00 3.810157537460327148e+00 1.723583936691284180e+00 -4.786807537078857422e+00 8.296287655830383301e-01 -1.805583387613296509e-01 -4.437082290649414062e+00 -2.604269504547119141e+00
-4.535391330718994141e+00 -1.930556535720825195e+00 3.297533035278320312e+00 -4.283874511718750000e+00 -2.087654352188110352e+00 9.851963520050048828e-01 2.557485818862915039e+00 2.343288183212280273e+00 -2.403552055358886719e+00 5.791138648986816406e+00 7.589886784553527832e-01 4.222112178802490234e+00 1.594279050827026367e+00 -4.578139305114746094e+00 -1.918523192405700684e+00
-5.157271862030029297e+00 -1.632356166839599609e+00 3.582645416259765625e+00 -5.328914165496826172e+00 -2.114313840866088867e+00 3.203747272491455078e+00 3.650737047195434570e+00 1.470674753189086914e+00 -2.307861566543579102e+00 4.863945960998535156e+00 6.665225625038146973e-01 4.534533023834228516e+00 1.550641894340515137e+00 -5.093935489654541016e+00 -1.924386143684387207e+00
9.346576333045959473e-01 -4.374282836914062500e+00 -1.479011893272399902e+00 -2.742767930030822754e-01 -8.639215469360351562e+00 1.011786460876464844e+00 3.154117465019226074e-01 6.718350887298583984e+00 1.151126146316528320e+00 1.209909915924072266e+00 -1.477292656898498535e+00 -4.642670631408691406e+00 -1.083955168724060059e-03 -5.066023349761962891e+00 1.607625365257263184e+00
-2.864243745803833008e+00 -5.818161010742187500e+00 2.200358152389526367e+00 -1.872207760810852051e+00 -4.899729728698730469e+00 -2.562830448150634766e+00 5.940656185150146484e+00 5.573485493659973145e-01 1.283417701721191406e+00 -1.382352352142333984e+00 1.340371370315551758e+00 -1.960148930549621582e+00 7.602006435394287109e+00 7.494944334030151367e-01 -1.720310330390930176e+00
9.761561751365661621e-01 -7.816460609436035156e+00 2.635416507720947266e+00 -2.838634252548217773e+00 3.200503110885620117e+00 -7.919614017009735107e-02 2.769637823104858398e+00 -2.208710670471191406e+00 3.630675315856933594e+00 4.236077785491943359e+00 2.860712528228759766e+00 -5.760097980499267578e+00 3.640787601470947266e+00 -1.142410635948181152e+00 -3.387912988662719727e+00
-1.849745392799377441e+00 1.978832364082336426e+00 5.877856612205505371e-01 -5.189385890960693359e+00 -3.977882146835327148e+00 6.167607307434082031e-01 2.446990728378295898e+00 2.887122869491577148e+00 -4.777089118957519531e+00 1.882423162460327148e+00 6.816351413726806641e+00 1.313641905784606934e+00 2.861141204833984375e+00 -2.787464380264282227e+00 -3.976457595825195312e+00
-1.687098264694213867e+00 -3.996042251586914062e+00 2.661914348602294922e+00 -4.124079704284667969e+00 -2.104285955429077148e+00 3.115261316299438477e+00 2.436697483062744141e+00 7.087551355361938477e-01 4.180968761444091797e+00 -1.630554199218750000e+00 -2.697736263275146484e+00 -5.432262897491455078e+00 3.730556726455688477e+00 -2.035570144653320312e+00 -1.782657504081726074e-01
-2.915232181549072266e+00 5.103684663772583008e-01 3.805267333984375000e+00 -4.033573627471923828e+00 -6.946446895599365234e+00 -8.469145894050598145e-01 3.441536188125610352e+00 3.189557313919067383e+00 4.417649745941162109e+00 7.607862353324890137e-01 -4.380887985229492188e+00 7.595375180244445801e-01 -4.474022984504699707e-01 -3.798756837844848633e+00 -2.223816633224487305e+00
-8.585585951805114746e-01 -7.401526451110839844e+00 5.039783000946044922e+00 -3.813768148422241211e+00 1.649822592735290527e-01 -5.236871242523193359e+00 4.849427938461303711e-01 4.184652805328369141e+00 2.404670476913452148e+00 2.171512603759765625e+00 -4.745342731475830078e+00 -4.970467984676361084e-01 4.185122489929199219e+00 -1.132325306534767151e-01 3.675825357437133789e+00
-6.320675373077392578e+00 -1.964466929435729980e+00 3.753349542617797852e+00 -5.114740371704101562e+00 -2.964078664779663086e+00 1.371672391891479492e+00 3.610679864883422852e+00 1.532771110534667969e+00 -1.937681913375854492e+00 5.372551441192626953e+00 9.626230597496032715e-01 4.296621799468994141e+00 1.633577942848205566e+00 -5.233440399169921875e+00 -1.955672144889831543e+00
2.672034502029418945e+00 -7.568953037261962891e-01 3.992225646972656250e+00 -3.029493570327758789e+00 -2.235130548477172852e+00 -3.402958869934082031e+00 4.249012470245361328e+00 -7.522086799144744873e-02 2.608044624328613281e+00 3.757499694824218750e+00 2.982734203338623047e+00 -7.496746182441711426e-01 4.652191638946533203e+00 -5.671658992767333984e+00 3.004701375961303711e+00
-2.928958177566528320e+00 -7.096798896789550781e+00 1.785699009895324707e+00 -1.269079923629760742e+00 -1.072946786880493164e+00 -2.755055665969848633e+00 4.550955295562744141e+00 3.457325220108032227e+00 -2.888042449951171875e+00 4.052259922027587891e+00 3.067892789840698242e+00 8.388244509696960449e-01 6.364804744720458984e+00 -4.933381825685501099e-02 3.967568159103393555e+00
-1.611078143119812012e+00 -2.154021978378295898e+00 1.719493031501770020e+00 -5.056833744049072266e+00 -5.670657634735107422e+00 -3.258837223052978516e+00 1.753310322761535645e+00 -2.076265573501586914e+00 6.233939170837402344e+00 -8.337267041206359863e-01 1.136053085327148438e+00 -1.850304245948791504e+00 8.923593521118164062e+00 -4.481576442718505859e+00 -2.783779501914978027e-01
-3.875353097915649414e+00 6.836512088775634766e-01 5.429158210754394531e+00 -3.976387977600097656e+00 -8.096796989440917969e+00 2.264737635850906372e-01 3.326635837554931641e+00 3.515905857086181641e+00 4.068531990051269531e+00 1.284464359283447266e+00 -4.267057895660400391e+00 8.620142340660095215e-01 -5.351356863975524902e-01 -3.709966182708740234e+00 -2.530957221984863281e+00
-2.274747371673583984e+00 2.458970308303833008e+00 6.156700849533081055e-01 -6.335813999176025391e+00 -4.701699733734130859e+00 1.906323432922363281e+00 2.442188501358032227e+00 1.235194683074951172e+00 -5.009542942047119141e+00 2.103118181228637695e+00 6.301976680755615234e+00 1.052858710289001465e+00 2.848181247711181641e+00 -2.737255334854125977e+00 -3.999341249465942383e+00
3.302061796188354492e+00 -6.271901130676269531e+00 2.266918897628784180e+00 -3.130194187164306641e+00 -2.448491811752319336e+00 2.852816693484783173e-02 -1.040096998214721680e+00 7.578082084655761719e-01 6.708633303642272949e-01 5.560425758361816406e+00 -2.515469789505004883e+00 -4.016730785369873047e+00 8.030667901039123535e-01 -2.454682350158691406e+00 -4.767313957214355469e+00
-1.403432369232177734e+00 -1.996343612670898438e+00 1.672516942024230957e+00 -4.437216281890869141e+00 -4.741874217987060547e+00 -1.810086250305175781e+00 2.490980386734008789e+00 -1.887371540069580078e+00 6.388562679290771484e+00 -8.862747550010681152e-01 8.466843962669372559e-01 -1.531505107879638672e+00 7.762800693511962891e+00 -4.839901447296142578e+00 -6.573453545570373535e-01
-1.673160314559936523e+00 -2.437564849853515625e+00 1.929312944412231445e+00 -4.584136962890625000e+00 -5.122969150543212891e+00 -2.966212749481201172e+00 2.452227354049682617e+00 -2.235097885131835938e+00 6.714534759521484375e+00 -8.321323394775390625e-01 9.919344782829284668e-01 -1.314556837081909180e+00 7.817710876464843750e+00 -5.256536006927490234e+00 -5.668254494667053223e-01
1.347119063138961792e-01 -1.246811866760253906e+00 5.974190235137939453e-01 -3.756951808929443359e+00 -1.171799421310424805e+00 4.798106193542480469e+00 2.226471185684204102e+00 1.543390989303588867e+00 2.588670015335083008e+00 4.421825408935546875e+00 -6.471359133720397949e-01 -4.966571033000946045e-01 -4.599720835685729980e-01 -8.713013648986816406e+00 -3.981112241744995117e+00
-2.672511339187622070e+00 3.466218471527099609e+00 1.023396611213684082e+00 -8.598831176757812500e+00 -5.977298259735107422e+00 4.305810332298278809e-01 1.936662793159484863e+00 2.932825803756713867e+00 -5.052278995513916016e+00 2.170913934707641602e+00 5.724232196807861328e+00 1.266763329505920410e+00 2.236732006072998047e+00 -2.582478284835815430e+00 -4.140775680541992188e+00
-1.302168846130371094e+00 -3.496186017990112305e+00 2.219377517700195312e+00 -3.051043033599853516e+00 -1.598858833312988281e+00 3.634021997451782227e+00 3.531871557235717773e+00 1.391705274581909180e+00 4.270125865936279297e+00 -1.765976786613464355e+00 -2.572185516357421875e+00 -6.211077213287353516e+00 3.171918630599975586e+00 -1.953512191772460938e+00 -6.080124974250793457e-01
-2.708208799362182617e+00 -6.250201225280761719e+00 1.562991261482238770e+00 -8.952000737190246582e-01 -9.578044414520263672e-01 -3.374171972274780273e+00 4.544749736785888672e+00 2.434388875961303711e+00 -2.929647207260131836e+00 3.758084297180175781e+00 3.217321395874023438e+00 1.312410950660705566e+00 6.799365043640136719e+00 -2.142887264490127563e-01 4.225109577178955078e+00
-1.473451852798461914e+00 -2.359067678451538086e+00 1.819277167320251465e+00 -4.509630203247070312e+00 -4.740767002105712891e+00 -3.801830768585205078e+00 1.449771642684936523e+00 -1.436774253845214844e+00 6.113825798034667969e+00 -1.399063169956207275e-01 6.691543459892272949e-01 -1.417076706886291504e+00 7.176760673522949219e+00 -4.361793994903564453e+00 -9.587042927742004395e-01
-3.623160362243652344e+00 -7.077287673950195312e+00 2.408878326416015625e+00 -2.392745018005371094e+00 -6.341486930847167969e+00 -2.521014213562011719e+00 6.297700405120849609e+00 1.097183227539062500e-01 2.174128770828247070e+00 -2.010253667831420898e+00 1.436901807785034180e+00 -1.645634889602661133e+00 8.114375114440917969e+00 1.133026480674743652e+00 -1.558275699615478516e+00
-3.960669279098510742e+00 -8.037915229797363281e+00 2.966232538223266602e+00 -2.574952125549316406e+00 -6.986229419708251953e+00 -3.158623695373535156e+00 5.344921588897705078e+00 1.779432773590087891e+00 1.143365859985351562e+00 -1.125213503837585449e+00 1.494037151336669922e+00 -1.680619597434997559e+00 7.791029930114746094e+00 1.060203075408935547e+00 -1.727458357810974121e+00
-1.155200153589248657e-01 -5.285308837890625000e+00 5.998078346252441406e+00 -3.824733257293701172e+00 -4.473817348480224609e+00 4.779083728790283203e+00 7.872940301895141602e-01 -2.224733591079711914e+00 2.852478742599487305e+00 2.425869226455688477e+00 3.556059837341308594e+00 1.569006890058517456e-01 4.192300796508789062e+00 -8.123601913452148438e+00 -2.549597024917602539e+00
2.290198087692260742e+00 -8.561724424362182617e-01 3.908001899719238281e+00 -3.375128507614135742e+00 -1.956394672393798828e+00 -2.801586151123046875e+00 3.726063966751098633e+00 -1.679492145776748657e-01 2.401618719100952148e+00 4.003358364105224609e+00 2.727508068084716797e+00 -6.819160580635070801e-01 4.210342884063720703e+00 -5.208307743072509766e+00 2.749512672424316406e+00
-1.529853105545043945e+00 -2.576066255569458008e+00 1.830568671226501465e+00 -4.421661376953125000e+00 -5.368754863739013672e+00 -4.144168853759765625e+00 1.624426722526550293e+00 -1.213116288185119629e+00 5.007361888885498047e+00 1.026188135147094727e-01 9.233025908470153809e-01 -1.841193079948425293e+00 8.408358573913574219e+00 -3.848215103149414062e+00 -2.994257807731628418e-01
2.505330324172973633e+00 -5.207947731018066406e+00 1.796724915504455566e+00 -3.044778108596801758e+00 -2.711933851242065430e+00 -1.460838317871093750e+00 -1.642018079757690430e+00 6.009998321533203125e-01 2.201046228408813477e+00 5.695535659790039062e+00 -2.500110626220703125e+00 -4.394854068756103516e+00 9.324519634246826172e-01 -2.768039703369140625e+00 -4.351973533630371094e+00
-9.466634988784790039e-01 -2.907839536666870117e+00 1.811072707176208496e+00 -2.457419872283935547e+00 -9.875650405883789062e-01 2.437500000000000000e+00 3.703095197677612305e+00 1.141511917114257812e+00 3.451548576354980469e+00 -1.985676765441894531e+00 -2.207982301712036133e+00 -6.102888584136962891e+00 3.547214269638061523e+00 -1.849163413047790527e+00 -4.719826579093933105e-01
8.547633290290832520e-01 -5.589291572570800781e+00 1.918862223625183105e+00 -1.843955159187316895e+00 2.631119251251220703e+00 4.040457606315612793e-01 1.935829997062683105e+00 -1.373130679130554199e+00 3.287360191345214844e+00 3.815236330032348633e+00 2.376149415969848633e+00 -5.716825962066650391e+00 3.416542530059814453e+00 -1.309087991714477539e+00 -3.503297805786132812e+00
2.787120342254638672e+00 -8.883804082870483398e-01 4.241169929504394531e+00 -3.336961507797241211e+00 -2.025553941726684570e+00 -3.019313573837280273e+00 2.673396825790405273e+00 1.149825215339660645e+00 2.126838207244873047e+00 4.547852993011474609e+00 2.811039924621582031e+00 -9.992440342903137207e-01 4.483529567718505859e+00 -5.694897651672363281e+00 3.103143453598022461e+00
-2.784149408340454102e+00 -6.674101829528808594e+00 1.534362196922302246e+00 -1.080540299415588379e+00 -1.078293204307556152e+00 -2.266052722930908203e+00 4.962954998016357422e+00 2.759780645370483398e+00 -3.294408082962036133e+00 3.361000776290893555e+00 3.129575014114379883e+00 1.229357600212097168e+00 7.182932376861572266e+00 -1.632164865732192993e-01 4.061626434326171875e+00
-1.130438446998596191e-01 -2.816439867019653320e+00 -8.318549394607543945e-01 -9.932281374931335449e-01 -5.028658390045166016e+00 7.657091021537780762e-01 7.087129354476928711e-01 6.051301479339599609e+00 4.824879765510559082e-01 1.640488862991333008e+00 -1.534393906593322754e+00 -4.305336475372314453e+00 -1.496133059263229370e-01 -5.309469699859619141e+00 1.737452030181884766e+00
-2.788592338562011719e+00 -6.670973300933837891e+00 1.474354147911071777e+00 -1.568634063005447388e-01 -1.500479936599731445e+00 -2.330801248550415039e+00 4.016510486602783203e+00 2.087438821792602539e+00 -2.108736038208007812e+00 3.721651077270507812e+00 3.244193077087402344e+00 1.551999449729919434e+00 6.935503005981445312e+00 6.272812932729721069e-02 3.916191339492797852e+00
-5.350428104400634766e+00 -3.367789387702941895e-01 1.506830006837844849e-01 -3.016373634338378906e+00 -7.594842433929443359e+00 2.244404554367065430e+00 5.639895915985107422e+00 4.601137161254882812e+00 1.039448022842407227e+00 1.716805219650268555e+00 -3.630258083343505859e+00 -4.243655681610107422e+00 7.420641183853149414e-01 -1.826302260160446167e-01 4.244009017944335938e+00
-2.555914640426635742e+00 4.554653167724609375e-01 3.273870229721069336e+00 -3.298408269882202148e+00 -5.601913928985595703e+00 -3.094614148139953613e-01 4.655740737915039062e+00 3.451323270797729492e+00 3.772212028503417969e+00 4.012744724750518799e-01 -4.310163021087646484e+00 8.529607653617858887e-01 -5.770334005355834961e-01 -3.798637628555297852e+00 -2.651626825332641602e+00
-2.823788404464721680e+00 4.391626834869384766e+00 8.271145820617675781e-01 -8.835882186889648438e+00 -6.344701290130615234e+00 -3.006189465522766113e-01 1.528543710708618164e+00 2.278278112411499023e+00 -4.586948871612548828e+00 3.002592563629150391e+00 6.325576305389404297e+00 8.431485295295715332e-01 2.679429054260253906e+00 -2.732258081436157227e+00 -4.142329692840576172e+00
-9.427884817123413086e-01 -2.945000886917114258e+00 1.979013681411743164e+00 -3.183326244354248047e+00 -1.384191870689392090e+00 2.076283216476440430e+00 4.000220298767089844e+00 1.285420775413513184e+00 3.743355751037597656e+00 -1.522026300430297852e+00 -2.374515771865844727e+00 -6.816436290740966797e+00 3.620407581329345703e+00 -1.828608632087707520e+00 -4.373611807823181152e-01
5.420217514038085938e-01 -5.601857662200927734e+00 1.971943497657775879e+00 -2.562786579132080078e+00 2.100642919540405273e+00 1.154237151145935059e+00 2.339026689529418945e+00 -1.525264978408813477e+00 3.663231134414672852e+00 4.622418880462646484e+00 3.092749595642089844e+00 -5.478044509887695312e+00 3.427240371704101562e+00 -1.532778024673461914e+00 -3.785520553588867188e+00
-2.365243434906005859e+00 -3.742094278335571289e+00 1.791658759117126465e+00 -2.082536458969116211e+00 -3.583966970443725586e+00 -2.890864610671997070e+00 6.168561935424804688e+00 2.291232049465179443e-01 2.563647508621215820e+00 -1.118627309799194336e+00 1.023057699203491211e+00 -1.656700730323791504e+00 7.272923946380615234e+00 8.861232995986938477e-01 -1.518242955207824707e+00
1.926375508308410645e+00 -4.100378036499023438e+00 1.615920305252075195e+00 -2.505796432495117188e+00 -2.017809152603149414e+00 -2.018464326858520508e+00 -9.618743062019348145e-01 6.388552188873291016e-01 2.265767812728881836e+00 5.940789699554443359e+00 -2.349354505538940430e+00 -3.772629261016845703e+00 8.604769110679626465e-01 -2.053533077239990234e+00 -4.554351806640625000e+00
-5.240267753601074219e+00 -2.178617238998413086e+00 3.551261901855468750e+00 -5.071065902709960938e+00 -2.487626314163208008e+00 9.343446493148803711e-01 2.724091529846191406e+00 2.745825529098510742e+00 -2.066143512725830078e+00 4.411766529083251953e+00 9.751819968223571777e-01 4.222074985504150391e+00 1.353618264198303223e+00 -4.911878108978271484e+00 -1.932353019714355469e+00
-6.045318126678466797e+00 -1.911152124404907227e+00 3.860866785049438477e+00 -5.640624523162841797e+00 -2.862605571746826172e+00 2.640951395034790039e+00 3.988085031509399414e+00 1.555192232131958008e+00 -1.395956277847290039e+00 3.947593450546264648e+00 7.161779999732971191e-01 4.386137008666992188e+00 1.354679346084594727e+00 -4.917782306671142578e+00 -2.091909646987915039e+00
-1.086270958185195923e-01 -4.840220928192138672e+00 5.465649127960205078e+00 -3.202566862106323242e+00 -3.947429656982421875e+00 3.644115209579467773e+00 9.890507161617279053e-02 -2.436574935913085938e+00 2.455861330032348633e+00 2.383681774139404297e+00 2.611250877380371094e+00 -7.774908840656280518e-02 4.228093624114990234e+00 -7.201520442962646484e+00 -2.211403369903564453e+00
1.335142493247985840e+00 -1.379511475563049316e+00 7.686132788658142090e-01 -6.871936798095703125e+00 -9.971528053283691406e-01 3.918557405471801758e+00 1.313774704933166504e+00 1.741286993026733398e+00 1.075406432151794434e+00 5.367067813873291016e+00 -6.116914153099060059e-01 -5.138154625892639160e-01 -9.006521701812744141e-01 -8.329831123352050781e+00 -3.908721685409545898e+00
2.261507362127304077e-01 -3.304962873458862305e+00 -1.242548346519470215e+00 -5.683785080909729004e-01 -6.213716983795166016e+00 1.137843370437622070e+00 7.517271637916564941e-01 6.687878131866455078e+00 1.339793443679809570e+00 1.581498146057128906e+00 -1.580627441406250000e+00 -4.514193058013916016e+00 -1.351427584886550903e-01 -4.711419105529785156e+00 1.471512794494628906e+00
1.310173749923706055e+00 -4.030697345733642578e+00 1.512446045875549316e+00 -2.924240112304687500e+00 -2.208937644958496094e+00 -1.435761690139770508e+00 -1.050934791564941406e+00 5.949858948588371277e-02 1.753777623176574707e+00 5.452122688293457031e+00 -1.834277033805847168e+00 -4.257363319396972656e+00 1.200134754180908203e+00 -2.455611705780029297e+00 -4.551155567169189453e+00
-1.735022068023681641e+00 1.167219519615173340e+00 5.480735301971435547e-01 -4.977934837341308594e+00 -3.541446685791015625e+00 1.183210611343383789e+00 2.340731620788574219e+00 1.633549094200134277e+00 -5.819072246551513672e+00 2.347426652908325195e+00 6.422974109649658203e+00 1.307821154594421387e+00 2.686215639114379883e+00 -2.498648881912231445e+00 -4.280242443084716797e+00
