-7.277589797973632812e+00 -2.024160385131835938e+00 8.877451419830322266e-01 -3.939580321311950684e-01 -1.106072783470153809e+00 -1.112353444099426270e+00 -8.839445710182189941e-01 6.196516752243041992e-01 2.134356737136840820e+00 -2.949192285537719727e+00 -1.170415878295898438e+00 -2.375194787979125977e+00 7.753806710243225098e-01 3.910341501235961914e+00 -1.413092613220214844e+00
-1.850184679031372070e+00 -3.176345109939575195e+00 -2.274184226989746094e+00 -1.438158005475997925e-01 -3.389208078384399414e+00 1.142982006072998047e+00 -7.029727458953857422e+00 -3.166778087615966797e+00 2.490359067916870117e+00 -2.559112071990966797e+00 -4.313506126403808594e+00 6.794818639755249023e-01 -2.362859696149826050e-01 1.477007269859313965e+00 9.605805277824401855e-01
-1.700934767723083496e+00 -2.616818666458129883e+00 -2.162350177764892578e+00 4.100592434406280518e-01 -3.586702346801757812e-01 -9.151962995529174805e-01 -3.928591489791870117e+00 -6.203049421310424805e-01 -1.779968619346618652e+00 -1.134858965873718262e+00 -1.470243811607360840e+00 -8.715152740478515625e-01 -1.521532654762268066e+00 1.303263306617736816e+00 -3.525035977363586426e-01
-3.438844919204711914e+00 -1.983702778816223145e+00 -1.656781435012817383e+00 -1.708240270614624023e+00 -3.759867429733276367e+00 8.446121215820312500e-01 -2.584555149078369141e+00 -1.109518408775329590e+00 3.435684442520141602e+00 1.128467321395874023e+00 1.075129508972167969e+00 -9.774656295776367188e-01 2.303626775741577148e+00 1.082070469856262207e+00 1.334496021270751953e+00
-5.158580780029296875e+00 -1.523263216018676758e+00 -3.406821727752685547e+00 -1.772850751876831055e+00 -3.507870435714721680e+00 5.443993806838989258e-01 -4.143573284149169922e+00 1.951743602752685547e+00 5.913847088813781738e-01 -3.515269041061401367e+00 -2.937321662902832031e+00 1.077662315219640732e-02 8.554292321205139160e-01 1.095092415809631348e+00 -5.412328839302062988e-01
-8.459487915039062500e+00 -3.237299442291259766e+00 -5.001261234283447266e+00 -6.156261563301086426e-01 -1.066072940826416016e+00 -3.609386682510375977e-01 -3.207996606826782227e+00 2.985315322875976562e+00 1.419182896614074707e+00 2.843138933181762695e+00 9.605788588523864746e-01 -4.024750709533691406e+00 -1.321152687072753906e+00 -1.692029595375061035e+00 -2.641409635543823242e+00
-2.513682365417480469e+00 -3.453464806079864502e-01 -6.642787456512451172e-01 2.097254991531372070e+00 -4.799363613128662109e-01 -1.794417381286621094e+00 -1.145472049713134766e+00 1.990239500999450684e+00 7.298298478126525879e-01 -7.184255123138427734e-01 -1.610955953598022461e+00 1.219971776008605957e+00 2.698532104492187500e+00 -8.400277495384216309e-01 -9.427976608276367188e-01
-2.720547676086425781e+00 -1.269622325897216797e+00 -1.895963191986083984e+00 3.141571879386901855e-01 -1.510420799255371094e+00 -4.337605834007263184e-01 -3.308696269989013672e+00 1.217921137809753418e+00 1.357379674911499023e+00 -6.022567749023437500e-01 -2.041705131530761719e+00 -1.769517064094543457e+00 1.349843502044677734e+00 1.010786175727844238e+00 5.741045475006103516e-01
-1.290001630783081055e+00 3.053888320922851562e+00 1.368038296699523926e+00 1.660291910171508789e+00 7.956869602203369141e-01 -1.031752973794937134e-01 -3.558612108230590820e+00 1.349044442176818848e+00 -1.444245100021362305e+00 1.660966873168945312e+00 -6.982618808746337891e+00 3.367278814315795898e+00 2.585175275802612305e+00 2.954435586929321289e+00 1.937130451202392578e+00
-5.289937496185302734e+00 1.210511103272438049e-01 -2.904934883117675781e+00 1.132815122604370117e+00 1.934649944305419922e-01 -1.969189286231994629e+00 -2.431859731674194336e+00 4.042156219482421875e+00 1.000725150108337402e+00 3.104897260665893555e+00 -8.130708932876586914e-01 -1.508006930351257324e+00 8.361896872520446777e-01 2.334818363189697266e+00 -2.331095933914184570e+00
-2.532521009445190430e+00 -4.754207432270050049e-01 -1.720676012337207794e-02 6.869321465492248535e-01 2.375032186508178711e+00 -1.646807909011840820e+00 -2.421181350946426392e-01 5.208560824394226074e-01 8.513151407241821289e-01 -6.229888200759887695e-01 -2.008166350424289703e-02 -2.180326938629150391e+00 -3.499174594879150391e+00 2.621725499629974365e-01 -1.568985104560852051e+00
-3.605623722076416016e+00 -2.340077906847000122e-01 -4.886868953704833984e+00 7.681397795677185059e-01 -1.196595072746276855e+00 -3.574406862258911133e+00 -3.364145159721374512e-01 -1.351512551307678223e+00 2.656170129776000977e+00 -5.337252467870712280e-02 -1.044547915458679199e+00 4.867249429225921631e-01 -1.672892451286315918e+00 1.948170065879821777e+00 -4.723487198352813721e-01
-3.497719287872314453e+00 -2.302433013916015625e+00 -3.855603635311126709e-01 7.557581067085266113e-01 -1.735086202621459961e+00 1.280861020088195801e+00 -3.653839588165283203e+00 1.516088843345642090e+00 -8.842073082923889160e-01 1.656072586774826050e-01 -1.602115988731384277e+00 5.226078629493713379e-01 2.673826217651367188e+00 -4.731629490852355957e-01 2.700635492801666260e-01
-3.686019420623779297e+00 7.452159523963928223e-01 1.260402679443359375e+00 1.224005579948425293e+00 -3.376591682434082031e+00 -2.083971649408340454e-01 -2.042733907699584961e+00 1.025292038917541504e+00 3.650446176528930664e+00 -8.427792787551879883e-01 -5.629061222076416016e+00 -7.995293140411376953e-01 2.268166542053222656e+00 1.080972552299499512e+00 6.512407064437866211e-01
-4.614426612854003906e+00 -6.267121434211730957e-01 -1.950601577758789062e+00 2.825607061386108398e+00 -2.859304904937744141e+00 -3.273509740829467773e-01 -2.357310771942138672e+00 2.730188846588134766e+00 1.059867143630981445e+00 2.315382719039916992e+00 -2.761258840560913086e+00 9.656745195388793945e-01 1.596925377845764160e+00 3.720784902572631836e+00 -2.083044767379760742e+00
-7.164060115814208984e+00 -5.074732780456542969e+00 -2.655970573425292969e+00 -6.956007480621337891e-01 -4.608481407165527344e+00 1.418672680854797363e+00 -4.089137554168701172e+00 -2.683231830596923828e-01 -1.594229221343994141e+00 -2.576705515384674072e-01 -3.678961515426635742e+00 -2.049494743347167969e+00 6.734139323234558105e-01 -7.973742671310901642e-03 3.279232263565063477e+00
-2.065292358398437500e+00 -1.695281624794006348e+00 6.389397382736206055e-02 -2.284485816955566406e+00 -3.951653242111206055e-01 -2.587105751037597656e+00 -5.067981243133544922e+00 7.706065177917480469e-01 1.831560581922531128e-01 -2.943987131118774414e+00 -1.873925566673278809e+00 -2.934871435165405273e+00 1.926022320985794067e-01 2.018049716949462891e+00 1.892424106597900391e+00
-2.633745670318603516e+00 2.525366783142089844e+00 -6.105207800865173340e-01 -1.022166728973388672e+00 2.450271844863891602e-01 1.323931217193603516e+00 -7.731735110282897949e-01 1.059698700904846191e+00 2.960595369338989258e+00 -1.956892371177673340e+00 -1.443353176116943359e+00 -1.320447921752929688e+00 2.281810760498046875e+00 2.453271389007568359e+00 4.196287155151367188e+00
2.970401942729949951e-01 -3.760639905929565430e+00 7.458947300910949707e-01 1.337299585342407227e+00 -7.705501317977905273e-01 2.901849746704101562e-01 -1.060100078582763672e+00 -3.024479866027832031e+00 -2.552893400192260742e+00 1.488479018211364746e+00 -2.472343206405639648e+00 -8.753589391708374023e-01 -1.719379067420959473e+00 1.900947570800781250e+00 3.340440273284912109e+00
-2.682655334472656250e+00 -4.429854393005371094e+00 -3.981675386428833008e+00 1.331445425748825073e-01 -2.978429794311523438e+00 9.895908646285533905e-03 -1.472588658332824707e+00 -1.767246872186660767e-01 4.604981839656829834e-01 1.744898408651351929e-01 -1.745593547821044922e+00 -1.456179022789001465e+00 1.202041387557983398e+00 3.428675174713134766e+00 -3.726042807102203369e-01
-3.783947467803955078e+00 9.367152452468872070e-01 -1.478444576263427734e+00 -1.190018415451049805e+00 -1.439523696899414062e+00 -7.981215715408325195e-01 -8.164301514625549316e-01 -1.186815142631530762e+00 1.280779957771301270e+00 -2.430676221847534180e+00 -4.108694076538085938e+00 -6.605573296546936035e-01 2.185726881027221680e+00 5.535549640655517578e+00 4.418177127838134766e+00
-1.515401959419250488e+00 -2.809875488281250000e+00 -6.779084205627441406e-01 3.264994144439697266e+00 -2.666581869125366211e+00 1.079104781150817871e+00 -2.781010389328002930e+00 1.776525497436523438e+00 8.804141879081726074e-01 2.643520832061767578e+00 -4.133554935455322266e+00 1.112781524658203125e+00 1.974465727806091309e+00 -3.761809587478637695e+00 1.620956897735595703e+00
-3.594998836517333984e+00 -2.787864685058593750e+00 1.056860685348510742e+00 1.906415462493896484e+00 -4.058786392211914062e+00 -1.790302991867065430e+00 -2.499556541442871094e+00 -2.027239084243774414e+00 -1.324368238449096680e+00 -2.594341516494750977e+00 -6.203454136848449707e-01 -9.064561128616333008e-01 -3.983010649681091309e-01 -5.116761848330497742e-02 -1.317706584930419922e+00
-2.617435693740844727e+00 -4.888776779174804688e+00 -3.238304138183593750e+00 5.599524974822998047e+00 -1.697083115577697754e+00 1.411724567413330078e+00 -1.110669255256652832e+00 1.103729963302612305e+00 -3.155034482479095459e-01 -2.365842014551162720e-01 -4.191427707672119141e+00 -3.556784152984619141e+00 3.653699398040771484e+00 -8.895494043827056885e-02 3.626523733139038086e+00
-1.793575048446655273e+00 7.788830995559692383e-01 -2.447607040405273438e+00 -2.167750597000122070e+00 2.467730283737182617e+00 -2.769156932830810547e+00 -2.787102460861206055e+00 1.339919924736022949e+00 2.676202058792114258e+00 -1.694066643714904785e+00 -6.015587449073791504e-01 -1.002523183822631836e+00 -4.520953297615051270e-01 1.296029686927795410e+00 -1.858939230442047119e-01
-7.162722587585449219e+00 -6.958950161933898926e-01 -3.913172721862792969e+00 -2.982277154922485352e+00 -2.355669498443603516e+00 1.597745060920715332e+00 -2.696520566940307617e+00 4.961846351623535156e+00 3.164734125137329102e+00 3.642806768417358398e+00 -4.919542074203491211e-01 -2.991092443466186523e+00 3.148832798004150391e+00 1.071494340896606445e+00 -2.888889551162719727e+00
-1.866949677467346191e+00 -4.882380068302154541e-01 -1.785576939582824707e+00 2.999081909656524658e-01 -1.888014912605285645e+00 2.978346347808837891e-01 -2.651111125946044922e+00 1.587499380111694336e+00 3.072966337203979492e+00 -2.323098331689834595e-01 -3.791525602340698242e+00 3.081629574298858643e-01 1.161438941955566406e+00 6.970368623733520508e-01 5.274024486541748047e+00
-1.967775583267211914e+00 -4.430632591247558594e+00 -3.850936412811279297e+00 -2.976885080337524414e+00 1.108610391616821289e+00 4.792689159512519836e-02 -2.701528549194335938e+00 -2.559739589691162109e+00 -5.099619030952453613e-01 -1.293611288070678711e+00 -3.678332090377807617e+00 2.130268514156341553e-02 4.124607145786285400e-02 2.120750665664672852e+00 4.473097324371337891e+00
-3.932236909866333008e+00 -2.175583600997924805e+00 2.870179116725921631e-01 -1.440615415573120117e+00 8.717237710952758789e-01 5.311843156814575195e-01 -4.137470245361328125e+00 2.019068449735641479e-01 -2.174496203660964966e-01 1.375353574752807617e+00 -1.571857929229736328e+00 -2.621681690216064453e-01 8.016836047172546387e-01 3.023977279663085938e+00 -1.607395291328430176e+00
-1.728601902723312378e-01 -5.051612257957458496e-01 -4.920738697052001953e+00 1.844380617141723633e+00 -4.036158561706542969e+00 -1.791253209114074707e+00 -3.095255613327026367e+00 5.276044607162475586e-01 -5.668143033981323242e-01 5.005197525024414062e-01 -9.443865418434143066e-01 3.789642751216888428e-01 -3.848082423210144043e-01 4.738571166992187500e+00 -3.469240367412567139e-01
-1.194891333580017090e+00 -5.199734210968017578e+00 2.360000848770141602e+00 -1.436576604843139648e+00 -3.670470476150512695e+00 2.689698934555053711e+00 9.926548004150390625e-01 2.097018718719482422e+00 3.395905494689941406e+00 3.011399269104003906e+00 -5.829715251922607422e+00 5.635519027709960938e-01 1.906882643699645996e+00 3.169766664505004883e-01 3.549348354339599609e+00
-6.024733781814575195e-01 -3.232463836669921875e+00 -3.351069927215576172e+00 3.579470515251159668e-01 4.356653094291687012e-01 6.667073965072631836e-01 1.664682865142822266e+00 -2.316700369119644165e-01 1.681817531585693359e+00 4.326275348663330078e+00 -3.064629554748535156e+00 -5.206915140151977539e-01 1.198991179466247559e+00 4.760107994079589844e+00 6.959444522857666016e+00
-3.088471412658691406e+00 -6.469070911407470703e+00 -1.282640218734741211e+00 -7.350946664810180664e-01 -1.630163311958312988e+00 -3.083194494247436523e-01 -3.249915122985839844e+00 -1.760656118392944336e+00 8.956058025360107422e-01 -1.887750476598739624e-01 -6.747209072113037109e+00 2.163945198059082031e+00 1.144492864608764648e+00 9.652470052242279053e-02 1.622275829315185547e+00
-4.563347816467285156e+00 -1.700730562210083008e+00 -1.047975420951843262e-01 -2.435716867446899414e+00 -2.592992544174194336e+00 1.933257818222045898e+00 -3.812839388847351074e-01 -2.058474302291870117e+00 4.359412491321563721e-01 2.479387372732162476e-01 -1.177153348922729492e+00 -1.020866274833679199e+00 1.518526077270507812e+00 2.233491897583007812e+00 1.824092864990234375e+00
-3.590573787689208984e+00 -3.671592175960540771e-01 -2.050662994384765625e+00 -1.566566109657287598e+00 -2.560180902481079102e+00 -2.086307287216186523e+00 -3.629538297653198242e+00 -9.204122424125671387e-01 2.617359638214111328e+00 -2.046469449996948242e+00 1.021644249558448792e-01 -1.367427229881286621e+00 6.323932409286499023e-01 1.804045915603637695e+00 -1.849259436130523682e-01
-1.293335199356079102e+00 -3.904677391052246094e+00 -1.077419757843017578e+00 -1.372670531272888184e+00 -6.250116825103759766e-01 -1.025238275527954102e+00 -6.583897471427917480e-01 -2.874387800693511963e-01 3.515096902847290039e-01 1.764401316642761230e+00 -1.607139348983764648e+00 1.086266636848449707e+00 -1.401673350483179092e-02 2.234966754913330078e+00 -6.476979255676269531e-01
-3.583133220672607422e+00 -2.451641798019409180e+00 5.578323602676391602e-01 1.895065546035766602e+00 8.757776021957397461e-02 1.418062686920166016e+00 -2.262968778610229492e+00 -6.318475306034088135e-02 -1.587034106254577637e+00 -1.298524498939514160e+00 3.329857289791107178e-01 -6.003136038780212402e-01 -1.424193978309631348e+00 1.146026849746704102e+00 1.172392725944519043e+00
-9.460859298706054688e-01 1.763160467147827148e+00 -2.014590740203857422e+00 -2.146323919296264648e+00 -1.279246807098388672e-01 -4.601880550384521484e+00 -2.761242151260375977e+00 1.109318614006042480e+00 2.362200736999511719e+00 -3.167935609817504883e+00 2.286696195602416992e+00 5.007066130638122559e-01 -7.633380591869354248e-02 1.710715174674987793e+00 -1.289356470108032227e+00
-4.295494556427001953e+00 -1.082957267761230469e+00 -2.413453578948974609e+00 1.075484305620193481e-01 1.279216527938842773e+00 -5.046122550964355469e+00 -1.837422966957092285e+00 -3.883033990859985352e-01 1.830354332923889160e+00 1.927836984395980835e-01 -1.762856006622314453e+00 -5.494930148124694824e-01 1.193021416664123535e+00 -6.471377611160278320e-01 1.375588774681091309e-01
-3.448372840881347656e+00 -8.559831976890563965e-01 6.957712769508361816e-01 -1.502578854560852051e+00 3.143793344497680664e-01 -4.962877333164215088e-01 -3.320760011672973633e+00 -2.288247108459472656e+00 3.829099655151367188e+00 -3.176509141921997070e+00 1.226486206054687500e+00 -2.462227493524551392e-01 5.060687661170959473e-01 8.707418441772460938e-01 2.417233228683471680e+00
-2.487207651138305664e+00 -1.673093676567077637e+00 -5.721548199653625488e-01 1.080065011978149414e+00 -1.921206593513488770e+00 1.852029085159301758e+00 -2.773843765258789062e+00 8.354805409908294678e-02 1.484365940093994141e+00 2.116573899984359741e-01 -4.113887310028076172e+00 -2.403691768646240234e+00 3.212697267532348633e+00 1.536794066429138184e+00 2.189294338226318359e+00
-2.519372940063476562e+00 -4.400692939758300781e+00 -2.500171363353729248e-01 -5.802862048149108887e-01 -2.344250440597534180e+00 9.249259233474731445e-01 -1.504712224006652832e+00 -1.490657687187194824e+00 5.293878912925720215e-01 -1.231236457824707031e+00 -1.809304475784301758e+00 -1.864967942237854004e+00 2.209786325693130493e-01 5.043462753295898438e+00 2.082047224044799805e+00
-2.735740184783935547e+00 -2.110666036605834961e+00 1.089362859725952148e+00 -4.333548247814178467e-01 -4.575548648834228516e+00 3.009966611862182617e-01 -2.295609712600708008e+00 -1.287326455116271973e+00 5.403421401977539062e+00 4.752369225025177002e-01 -4.041374683380126953e+00 -1.422656029462814331e-01 1.506752252578735352e+00 3.018445014953613281e+00 2.307471752166748047e+00
-1.232844233512878418e+00 -2.224053621292114258e+00 -1.153839588165283203e+00 9.539085030555725098e-01 -8.024928569793701172e-01 -1.835684657096862793e+00 -1.920550942420959473e+00 -3.434815108776092529e-01 -2.337183713912963867e+00 -1.458261251449584961e+00 1.507756948471069336e+00 -2.417524605989456177e-01 6.524968743324279785e-01 1.267177700996398926e+00 3.267060279846191406e+00
-1.169176578521728516e+00 -3.195577383041381836e+00 -3.483486652374267578e+00 7.721192240715026855e-01 -4.218415737152099609e+00 -3.126025438308715820e+00 -7.627656459808349609e-01 2.569276988506317139e-01 8.692985177040100098e-01 8.379552364349365234e-01 -4.150656223297119141e+00 3.850033581256866455e-01 -7.575996518135070801e-01 6.175338104367256165e-02 1.259436309337615967e-01
4.388934075832366943e-01 3.069944977760314941e-01 -3.897133111953735352e+00 -1.690115213394165039e+00 -3.282520473003387451e-01 7.461267113685607910e-01 -3.774780750274658203e+00 -1.402510643005371094e+00 3.799146711826324463e-01 -1.036997199058532715e+00 2.534136056900024414e+00 1.384878754615783691e+00 -3.239244818687438965e-01 1.479754924774169922e+00 -2.850037813186645508e+00
-5.510105133056640625e+00 -2.906309366226196289e+00 8.112621307373046875e-01 2.182903051376342773e+00 -2.904436588287353516e+00 4.270546436309814453e+00 -2.632164239883422852e+00 2.156597137451171875e+00 -1.048106670379638672e+00 1.718586087226867676e+00 -3.346974611282348633e+00 -1.078041076660156250e+00 8.907261490821838379e-01 2.724031925201416016e+00 1.635423898696899414e-01
-4.094268798828125000e+00 -2.406620264053344727e+00 -2.020428657531738281e+00 -1.878493905067443848e+00 -2.389805078506469727e+00 -1.054721593856811523e+00 -8.282693028450012207e-01 -1.689095735549926758e+00 2.195526838302612305e+00 -1.560377955436706543e+00 9.145091772079467773e-01 2.926185429096221924e-01 -1.218514323234558105e+00 2.061127662658691406e+00 1.741724252700805664e+00
-2.306227922439575195e+00 -2.399349689483642578e+00 1.633295774459838867e+00 2.687124490737915039e+00 -1.680142760276794434e+00 -1.840309262275695801e+00 3.523194044828414917e-02 1.133708357810974121e+00 -1.979044675827026367e+00 1.118810772895812988e+00 -1.648424625396728516e+00 -1.472495943307876587e-01 -1.341424975544214249e-02 1.106808781623840332e+00 1.966332197189331055e+00
-4.572263240814208984e+00 -1.285873174667358398e+00 -5.759951472282409668e-02 3.150133848190307617e+00 -8.063004016876220703e-01 8.543820381164550781e-01 -2.689797639846801758e+00 9.131745696067810059e-01 9.621409326791763306e-02 -3.660717308521270752e-01 -1.814334630966186523e+00 1.523101478815078735e-01 1.672191977500915527e+00 1.203105926513671875e+00 8.590953946113586426e-01
-1.570122718811035156e+00 -2.430295228958129883e+00 -5.511768341064453125e+00 -6.065403819084167480e-01 -3.092551469802856445e+00 -1.958193063735961914e+00 -2.517530679702758789e+00 2.570875167846679688e+00 1.498809814453125000e+00 3.949418962001800537e-01 -9.749614596366882324e-01 2.410581827163696289e+00 -2.220141172409057617e+00 1.371114253997802734e+00 1.988002657890319824e+00
-5.763895034790039062e+00 -2.096265554428100586e+00 5.488430857658386230e-01 -1.225311756134033203e+00 -1.916873693466186523e+00 -1.878279566764831543e+00 -1.271433830261230469e+00 2.468261241912841797e+00 5.952560424804687500e+00 2.310308218002319336e+00 -2.319731712341308594e+00 -1.874454855918884277e+00 6.260302543640136719e+00 -5.107058286666870117e-01 1.227713465690612793e+00
-3.744580984115600586e+00 -1.244525536894798279e-01 -1.897777318954467773e+00 2.528218984603881836e+00 1.875541329383850098e+00 1.218493938446044922e+00 -3.751959562301635742e+00 1.317533373832702637e+00 2.349108219146728516e+00 -6.538327932357788086e-01 -1.899729371070861816e+00 -2.554530858993530273e+00 2.739828586578369141e+00 3.383316993713378906e+00 -8.811375498771667480e-01
-3.087230920791625977e+00 -1.255358010530471802e-01 -6.525483727455139160e-01 1.032599449157714844e+00 -6.708798885345458984e+00 -1.081806182861328125e+00 -1.098546981811523438e+00 2.648471355438232422e+00 2.486654043197631836e+00 3.943303525447845459e-01 -3.537433624267578125e+00 4.178423285484313965e-01 -1.080601096153259277e+00 1.299100160598754883e+00 9.780213981866836548e-02
-2.926593065261840820e+00 -5.945084691047668457e-01 -9.076257348060607910e-01 -6.326460838317871094e-01 -3.546218946576118469e-02 2.366579771041870117e+00 -7.705178856849670410e-01 2.029021978378295898e+00 1.003848671913146973e+00 2.615226745605468750e+00 -3.029682397842407227e+00 -2.733017206192016602e+00 9.162611365318298340e-01 1.447624564170837402e+00 1.272201657295227051e+00
-1.332930326461791992e+00 -1.038591146469116211e+00 -1.842285275459289551e+00 -3.442353248596191406e+00 2.449274063110351562e-01 1.608939290046691895e+00 -3.494921684265136719e+00 5.552576109766960144e-02 1.990598201751708984e+00 -1.160522341728210449e+00 -1.541208505630493164e+00 3.504413664340972900e-01 3.167309284210205078e+00 3.655646800994873047e+00 -6.505600810050964355e-01
7.079930901527404785e-01 -8.926882594823837280e-02 1.080660343170166016e+00 1.561077386140823364e-01 -1.646912455558776855e+00 1.288694977760314941e+00 -1.346436262130737305e+00 1.283066123723983765e-01 -3.649885058403015137e-01 -7.230799794197082520e-01 -1.867857217788696289e+00 1.804256558418273926e+00 6.277268528938293457e-01 3.547348976135253906e+00 9.633966684341430664e-01
1.866234540939331055e-01 -2.218912601470947266e+00 -3.459137678146362305e+00 -1.344995141029357910e+00 -6.246548891067504883e-01 7.299053668975830078e-01 -3.940528154373168945e+00 6.572501659393310547e-01 1.358567953109741211e+00 -9.641246199607849121e-01 -3.301904201507568359e+00 1.078240871429443359e+00 2.381066083908081055e+00 1.874551892280578613e+00 7.220044136047363281e-01
1.420921564102172852e+00 -2.496840476989746094e+00 -1.291607260704040527e+00 -1.706558346748352051e+00 9.141527116298675537e-02 1.866172701120376587e-01 -2.478874206542968750e+00 2.881948351860046387e-01 -1.844566464424133301e+00 -5.764490365982055664e-01 -3.442572832107543945e+00 5.995074510574340820e-01 3.087695240974426270e-01 -3.571559116244316101e-02 9.475673437118530273e-01
-4.958867073059082031e+00 -2.927158117294311523e+00 -3.219614028930664062e+00 -1.264762282371520996e+00 -2.173483371734619141e+00 1.264015674591064453e+00 -4.321175575256347656e+00 1.881126016378402710e-01 8.716811537742614746e-01 2.264051914215087891e+00 -3.115090847015380859e+00 8.989507555961608887e-01 -5.080525279045104980e-01 -1.947774529457092285e+00 -1.811658859252929688e+00
-2.859642505645751953e+00 -9.810678362846374512e-01 -2.384697914123535156e+00 -2.188902139663696289e+00 -1.579433083534240723e-01 6.078842282295227051e-01 -3.629000425338745117e+00 -5.005857348442077637e-01 2.401720136404037476e-01 -5.399264097213745117e-01 -1.410840392112731934e+00 6.162407398223876953e-01 8.665862679481506348e-01 1.019406318664550781e-01 -1.648308038711547852e+00
-8.277831077575683594e-01 -3.838094949722290039e+00 2.168566465377807617e+00 7.372669577598571777e-01 -2.739213705062866211e+00 9.224547743797302246e-01 -4.167273640632629395e-01 -2.588068135082721710e-02 3.241356134414672852e+00 2.375818490982055664e+00 -3.944029092788696289e+00 -3.224521577358245850e-01 6.017698645591735840e-01 1.973941087722778320e+00 8.600717782974243164e-01
-3.351410388946533203e+00 -8.279766440391540527e-01 -2.317321062088012695e+00 -3.020376563072204590e-01 -4.248811006546020508e-01 4.142256975173950195e-01 -6.744464039802551270e-01 -1.398028619587421417e-02 6.433042883872985840e-01 8.610809445381164551e-01 -4.085660457611083984e+00 -5.532846450805664062e-01 5.969001650810241699e-01 4.861733913421630859e+00 2.742292642593383789e+00
-6.481315135955810547e+00 -5.179201602935791016e+00 1.711176335811614990e-01 -5.012060403823852539e-01 -1.042872786521911621e+00 3.585318565368652344e+00 -3.588619709014892578e+00 -8.929349780082702637e-01 6.799865365028381348e-01 9.327510371804237366e-03 2.818125009536743164e+00 -7.482512593269348145e-01 4.734721183776855469e-01 -2.043166637420654297e+00 -2.324965476989746094e+00
-4.587976455688476562e+00 3.341346681118011475e-01 1.853114366531372070e+00 -2.899687767028808594e+00 -5.424116849899291992e-01 4.788259267807006836e-01 -5.187631130218505859e+00 2.268842935562133789e+00 1.827654957771301270e+00 2.058146953582763672e+00 -5.437217235565185547e+00 4.132649421691894531e+00 1.277791142463684082e+00 7.683682255446910858e-03 4.493606090545654297e+00
-3.268205404281616211e+00 -1.642082333564758301e+00 1.628099083900451660e+00 3.780626356601715088e-01 -5.127727985382080078e-01 6.545608639717102051e-01 -2.634963035583496094e+00 1.535894274711608887e+00 2.901464223861694336e+00 2.741853713989257812e+00 3.066164553165435791e-01 -6.300003826618194580e-02 1.512864381074905396e-01 -2.242347240447998047e+00 -2.410264730453491211e+00
-2.682528495788574219e+00 -8.881112933158874512e-01 2.151386260986328125e+00 3.203690350055694580e-01 -1.544082164764404297e-01 -5.701817274093627930e-01 -7.853048443794250488e-01 5.504317283630371094e-01 1.105452656745910645e+00 3.671241760253906250e+00 -5.019903659820556641e+00 7.667652964591979980e-01 2.019212245941162109e+00 8.281191587448120117e-01 9.540972858667373657e-02
-4.802297592163085938e+00 -1.245297431945800781e+00 -1.122278213500976562e+00 -1.911269664764404297e+00 -3.722115755081176758e-01 -1.835793614387512207e+00 -3.424288511276245117e+00 2.185183018445968628e-01 3.417268037796020508e+00 6.709162145853042603e-02 -2.991101980209350586e+00 -1.259733080863952637e+00 9.461939930915832520e-01 2.796622514724731445e+00 -1.102390050888061523e+00
-8.636961877346038818e-02 1.260745972394943237e-01 1.561404943466186523e+00 -1.499043941497802734e+00 2.150763034820556641e+00 8.417072892189025879e-01 -3.142678976058959961e+00 1.768610835075378418e+00 -2.074863433837890625e+00 2.121333926916122437e-01 -5.161292552947998047e+00 7.696544528007507324e-01 -3.603028655052185059e-01 -8.384783267974853516e-01 1.875377655029296875e+00
-6.757884025573730469e-01 -5.494181156158447266e+00 -1.200019955635070801e+00 -4.172088623046875000e+00 1.992239713668823242e+00 -2.128338366746902466e-01 1.317227363586425781e+00 -2.757700920104980469e+00 9.376921057701110840e-01 -9.239059686660766602e-01 -4.859372675418853760e-01 3.807334601879119873e-01 -2.121162414550781250e+00 2.711610317230224609e+00 2.574358940124511719e+00
-2.881247043609619141e+00 -8.742899298667907715e-01 -4.695339500904083252e-01 -5.254223942756652832e-01 -3.109378814697265625e-01 2.433909177780151367e+00 -1.277047514915466309e+00 2.324047803878784180e+00 -1.232306584715843201e-01 -1.088105201721191406e+00 -3.502852439880371094e+00 6.358317136764526367e-01 6.422627568244934082e-01 1.128701686859130859e+00 3.094699621200561523e+00
-3.755850315093994141e+00 -1.710831999778747559e+00 -9.528578259050846100e-03 6.018631458282470703e-01 -5.046967267990112305e-01 -2.379480600357055664e+00 -1.200353622436523438e+00 9.683876037597656250e-01 -7.600356936454772949e-01 1.520231127738952637e+00 -1.284895896911621094e+00 1.383789300918579102e+00 -2.612644195556640625e+00 1.695835113525390625e+00 -3.957212865352630615e-01
-3.532343387603759766e+00 -9.227971434593200684e-01 -1.552674412727355957e+00 -1.609412074089050293e+00 -5.246997252106666565e-02 2.729973554611206055e+00 -2.300446271896362305e+00 3.462763726711273193e-01 -1.407769471406936646e-01 -1.212598443031311035e+00 -2.225289821624755859e+00 -1.584189534187316895e+00 -2.726571559906005859e-01 -1.246283054351806641e+00 1.376019358634948730e+00
-2.133630990982055664e+00 2.459870427846908569e-01 1.447615027427673340e+00 -4.774575233459472656e+00 4.605073928833007812e-01 -8.880342543125152588e-02 -3.558367013931274414e+00 2.647740602493286133e+00 1.523484438657760620e-01 -2.773613214492797852e+00 -3.895843267440795898e+00 9.601487517356872559e-01 1.272726416587829590e+00 3.369828224182128906e+00 3.445685625076293945e+00
-8.956789970397949219e-01 -1.074457883834838867e+00 -3.620050907135009766e+00 1.654183626174926758e+00 -3.921267747879028320e+00 -3.975146532058715820e+00 -6.088790893554687500e+00 -2.609256744384765625e+00 -1.236269116401672363e+00 -1.548040032386779785e+00 -2.072974681854248047e+00 4.765440464019775391e+00 -8.888952136039733887e-01 1.269568353891372681e-01 -1.323206067085266113e+00
-4.382351875305175781e+00 -1.723924994468688965e+00 1.717024803161621094e+00 8.769193291664123535e-01 -2.222572565078735352e+00 -1.558411240577697754e+00 -5.098160266876220703e+00 9.106655120849609375e-01 1.059762954711914062e+00 1.058735251426696777e+00 -1.196163892745971680e+00 9.517368674278259277e-01 7.555128931999206543e-01 -8.099589943885803223e-01 -3.445247888565063477e+00
-8.066661834716796875e+00 -1.432532548904418945e+00 1.690627932548522949e-01 2.715539693832397461e+00 -4.127293586730957031e+00 -1.771737813949584961e+00 -3.870272874832153320e+00 -2.406392812728881836e+00 9.450711607933044434e-01 -2.917321681976318359e+00 -5.225552916526794434e-01 -3.092917203903198242e+00 1.892714142799377441e+00 2.627495765686035156e+00 2.824866056442260742e+00
-1.105221629142761230e+00 -3.394932746887207031e+00 -1.373830556869506836e+00 1.285943388938903809e+00 -9.608251452445983887e-01 -1.436113715171813965e+00 -2.578375935554504395e-01 -1.390855193138122559e+00 4.150510728359222412e-01 1.370435595512390137e+00 -4.792568385601043701e-01 -1.108880519866943359e+00 -8.397079110145568848e-01 -1.394730687141418457e+00 1.123697638511657715e+00
-3.251861095428466797e+00 -3.937365293502807617e+00 2.994474411010742188e+00 -2.042799711227416992e+00 3.249116420745849609e+00 1.910435080528259277e+00 -5.577959060668945312e+00 -3.763812780380249023e+00 1.075134992599487305e+00 1.906889796257019043e+00 -2.870866060256958008e+00 -3.044674098491668701e-01 1.036474823951721191e+00 4.107509925961494446e-02 -1.871189355850219727e+00
-1.570981860160827637e+00 -1.744302511215209961e+00 -2.924493141472339630e-02 3.459363222122192383e+00 -1.772041559219360352e+00 -2.360147953033447266e+00 -7.325773835182189941e-01 3.300541341304779053e-01 -1.478798031806945801e+00 2.426659822463989258e+00 -9.581228494644165039e-01 -1.718070864677429199e+00 1.395161747932434082e+00 4.857261180877685547e-01 -2.828880548477172852e+00
-2.385806798934936523e+00 -1.576766371726989746e+00 -2.840450048446655273e+00 -1.218626737594604492e+00 2.477136850357055664e-01 -2.099334955215454102e+00 -3.776586771011352539e+00 -2.913734018802642822e-01 1.462963342666625977e+00 -4.402966976165771484e+00 -1.458216667175292969e+00 -1.610959410667419434e+00 2.012022733688354492e+00 3.805430531501770020e-01 4.287162780761718750e+00
-2.586104393005371094e+00 -2.129307985305786133e+00 -1.937291860580444336e+00 -6.544670462608337402e-01 1.556262969970703125e-01 -1.277971267700195312e+00 -1.912939667701721191e+00 -1.958100795745849609e+00 1.021402359008789062e+00 -7.939120531082153320e-01 -6.416800618171691895e-01 -1.370572447776794434e+00 3.103047013282775879e-01 2.702027320861816406e+00 1.608160018920898438e+00
-3.533298969268798828e+00 4.522524774074554443e-01 4.149598777294158936e-01 -9.966063499450683594e-01 4.131372570991516113e-01 -4.160736799240112305e-01 -3.967895746231079102e+00 -2.398569583892822266e+00 3.014340162277221680e+00 4.717896133661270142e-02 -3.298033475875854492e+00 5.549666285514831543e-01 2.083896636962890625e+00 4.724617481231689453e+00 2.735307931900024414e+00
-2.758700549602508545e-01 -6.106833457946777344e+00 -4.328021526336669922e+00 -1.241145253181457520e+00 8.918423652648925781e-01 9.932490587234497070e-01 -5.901607036590576172e+00 1.628263831138610840e+00 3.375463962554931641e+00 3.671155869960784912e-01 -3.354057312011718750e+00 -1.751946926116943359e+00 6.208649635314941406e+00 3.274008989334106445e+00 2.697388648986816406e+00
-3.175011396408081055e+00 -1.076815962791442871e+00 -1.042515993118286133e+00 -2.506449520587921143e-01 -1.526430010795593262e+00 -3.901716470718383789e+00 -6.460866928100585938e+00 -1.948051810264587402e+00 5.191637277603149414e-01 -1.438194870948791504e+00 7.003349661827087402e-01 4.080484807491302490e-01 -4.212452411651611328e+00 -1.367851614952087402e+00 -1.261580944061279297e+00
-2.150180578231811523e+00 -2.526435375213623047e+00 -1.854954361915588379e+00 -4.262392520904541016e-01 -1.356032133102416992e+00 -6.120571494102478027e-01 -4.466137886047363281e+00 -1.839361071586608887e+00 -1.208029508590698242e+00 -2.532393217086791992e+00 -1.669779062271118164e+00 7.484872937202453613e-01 1.497323065996170044e-01 -1.183390259742736816e+00 -4.682331383228302002e-01
-2.147845983505249023e+00 -3.534265279769897461e+00 6.808711886405944824e-01 3.246949672698974609e+00 -5.074073076248168945e-01 5.163003206253051758e-01 -8.882637023925781250e-01 -2.264380693435668945e+00 -1.587530493736267090e+00 6.482567787170410156e-01 -6.117768883705139160e-01 -1.691945433616638184e+00 -1.435536980628967285e+00 5.255036354064941406e+00 6.170394420623779297e+00
-1.696640968322753906e+00 -1.403529882431030273e+00 -2.951686382293701172e+00 4.102103114128112793e-01 -3.401855945587158203e+00 -2.108743906021118164e+00 -1.716556191444396973e+00 1.781345248222351074e+00 -7.048426270484924316e-01 -3.570751428604125977e+00 1.543932259082794189e-01 2.767099380493164062e+00 -1.705715060234069824e+00 3.982280567288398743e-02 -3.529521465301513672e+00
-2.570129871368408203e+00 -6.279031634330749512e-01 -2.405196726322174072e-01 4.974274039268493652e-01 -1.090669989585876465e+00 -1.272256016731262207e+00 5.965762734413146973e-01 -1.169673442840576172e+00 2.831732332706451416e-01 -2.241693884134292603e-01 5.916299223899841309e-01 4.217008650302886963e-01 2.152909278869628906e+00 6.842920780181884766e-01 -2.642916738986968994e-01
-2.911061048507690430e+00 1.420868396759033203e+00 -3.478685855865478516e+00 -1.203664779663085938e+00 -2.621139287948608398e+00 1.246512055397033691e+00 -5.074584960937500000e+00 2.212802171707153320e+00 4.718833863735198975e-01 -1.675960302352905273e+00 -4.007038593292236328e+00 -2.055138349533081055e+00 4.108648300170898438e-01 1.940698027610778809e+00 1.163213729858398438e+00
-4.881801605224609375e+00 -5.110475063323974609e+00 3.250608682632446289e+00 -1.071523904800415039e+00 -5.902369022369384766e-01 3.119690418243408203e+00 -2.331470012664794922e+00 -8.237361311912536621e-01 -3.267866134643554688e+00 -2.072437047958374023e+00 -4.346975326538085938e+00 -3.143277883529663086e+00 1.282138705253601074e+00 4.551800251007080078e+00 4.775200843811035156e+00
-2.545992851257324219e+00 1.920385211706161499e-01 -1.986301302909851074e+00 -2.145830392837524414e+00 -2.928333044052124023e+00 -9.418196082115173340e-01 1.664073228836059570e+00 3.684104681015014648e+00 2.168994665145874023e+00 1.375165343284606934e+00 -2.479248285293579102e+00 3.040150701999664307e-01 -1.278804987668991089e-01 4.187939643859863281e+00 -1.694130420684814453e+00
-4.186569213867187500e+00 -1.193363666534423828e+00 -2.803085744380950928e-01 -1.553352326154708862e-01 3.522247076034545898e-01 1.373954772949218750e+00 -3.633786916732788086e+00 3.092654466629028320e+00 -4.362486898899078369e-01 3.258759260177612305e+00 -3.643517732620239258e+00 4.635864794254302979e-01 -1.784153431653976440e-01 1.074161291122436523e+00 -1.210810661315917969e+00
-1.253475785255432129e+00 4.964093118906021118e-02 -3.101709671318531036e-02 9.844275116920471191e-01 -1.066753983497619629e+00 -9.115100502967834473e-01 -1.651468753814697266e+00 1.028055191040039062e+00 2.146863192319869995e-01 7.138898968696594238e-01 -2.494064331054687500e+00 5.094806551933288574e-01 1.817197948694229126e-01 -2.317100316286087036e-01 3.222405612468719482e-01
-1.871657133102416992e+00 -9.408321976661682129e-01 -6.338457465171813965e-01 5.537769198417663574e-01 -2.051433086395263672e+00 3.638848781585693359e+00 -2.372775793075561523e+00 1.641078948974609375e+00 -3.627377748489379883e+00 -3.090245485305786133e+00 -1.009440898895263672e+00 -1.902966380119323730e+00 8.861744999885559082e-01 1.184588909149169922e+00 4.569665431976318359e+00
-1.328123807907104492e+00 -2.100805044174194336e+00 -3.508196445181965828e-03 3.117603063583374023e+00 -2.355263471603393555e+00 -9.065210819244384766e-01 -1.904567837715148926e+00 -3.428023755550384521e-01 -1.086059436202049255e-01 2.395904302597045898e+00 -4.846404075622558594e+00 2.110384702682495117e+00 1.025252223014831543e+00 6.187291145324707031e-01 3.984612524509429932e-01
-3.551174640655517578e+00 2.402558773756027222e-01 9.007585048675537109e-01 4.846129417419433594e-01 -2.863051176071166992e+00 -2.878481149673461914e-01 -4.831807136535644531e+00 -1.536373496055603027e+00 2.671476602554321289e+00 7.000238448381423950e-02 -2.389140427112579346e-01 1.243507742881774902e+00 2.212758779525756836e+00 1.605098366737365723e+00 1.470187902450561523e+00
-1.262240529060363770e+00 -2.108844041824340820e+00 -2.762372016906738281e+00 -2.895713567733764648e+00 2.125779390335083008e+00 -2.933270215988159180e+00 -3.325809001922607422e+00 1.606663465499877930e+00 -9.158869385719299316e-01 -3.954791784286499023e+00 1.722530841827392578e+00 -1.617196559906005859e+00 -1.550629973411560059e+00 1.259470939636230469e+00 -1.027796149253845215e+00
-6.532899856567382812e+00 -5.771160125732421875e+00 -1.452823162078857422e+00 2.385787487030029297e+00 -1.697543859481811523e+00 -1.904969573020935059e+00 -2.294921875000000000e+00 -3.538389921188354492e+00 9.927934408187866211e-01 1.687789320945739746e+00 -4.522122442722320557e-01 -4.121965765953063965e-01 -1.394521594047546387e+00 1.331694483757019043e+00 -2.623333692550659180e+00
-4.428380489349365234e+00 -1.236645460128784180e+00 1.235788941383361816e+00 -1.240947246551513672e+00 -5.704267024993896484e-01 -4.947617530822753906e+00 -3.642934799194335938e+00 -1.687278032302856445e+00 4.830656051635742188e+00 1.792213201522827148e+00 -3.757805585861206055e+00 -4.756592214107513428e-01 2.364487648010253906e+00 1.682036399841308594e+00 3.777819633483886719e+00
